4.4968e-06 4.74755e-06 5.51927e-06 6.87108e-06 8.90396e-06 1.17643e-05 1.56487e-05 2.08101e-05 2.75643e-05 3.62979e-05 4.74757e-05 6.16483e-05 7.94588e-05 0.000101648 0.00012906 0.000162638 0.000203427 0.000252563 0.000311264 0.000380811 0.000462525 0.000557738 0.000667761 0.000793839 0.000937112 0.00109856 0.00127896 0.00147882 0.00169835 0.0019374 0.00219544 0.00247147 0.00276408 0.00307138 0.00339101 0.00372019 0.0040557 0.00439395 0.00473105 0.00506287 0.00538511 0.00569339 0.00598338 0.00625084 0.00649178 0.00670249 0.00687969 0.00702057 0.00712286 0.0071849 0.0072057 0.0071849 0.00712286 0.00702057 0.00687969 0.00670249 0.00649178 0.00625084 0.00598338 0.00569339 0.00538511 0.00506287 0.00473105 0.00439395 0.0040557 0.00372019 0.00339101 0.00307138 0.00276408 0.00247147 0.00219544 0.0019374 0.00169835 0.00147882 0.00127896 0.00109856 0.000937112 0.000793839 0.000667761 0.000557738 0.000462525 0.000380811 0.000311264 0.000252563 0.000203427 0.000162638 0.00012906 0.000101648 7.94588e-05 6.16483e-05 4.74757e-05 3.62979e-05 2.75643e-05 2.08101e-05 1.56487e-05 1.17643e-05 8.90396e-06 6.87108e-06 5.51927e-06 4.74755e-06 
4.74755e-06 5.0116e-06 5.82417e-06 7.24728e-06 9.38682e-06 1.23963e-05 1.64816e-05 2.19078e-05 2.90056e-05 3.81794e-05 4.99152e-05 6.47884e-05 8.34707e-05 0.000106736 0.000135462 0.000170634 0.00021334 0.000264761 0.000326163 0.000398876 0.00048427 0.000583727 0.000698602 0.000830182 0.000979641 0.00114799 0.00133601 0.00154424 0.00177287 0.00202173 0.00229024 0.00257738 0.00288166 0.0032011 0.00353325 0.00387521 0.00422364 0.00457482 0.00492472 0.00526905 0.00560335 0.00592311 0.00622384 0.00650115 0.00675093 0.00696935 0.007153 0.007299 0.007405 0.0074693 0.00749085 0.0074693 0.007405 0.007299 0.007153 0.00696935 0.00675093 0.00650115 0.00622384 0.00592311 0.00560335 0.00526905 0.00492472 0.00457482 0.00422364 0.00387521 0.00353325 0.0032011 0.00288166 0.00257738 0.00229024 0.00202173 0.00177287 0.00154424 0.00133601 0.00114799 0.000979641 0.000830182 0.000698602 0.000583727 0.00048427 0.000398876 0.000326163 0.000264761 0.00021334 0.000170634 0.000135462 0.000106736 8.34707e-05 6.47884e-05 4.99152e-05 3.81794e-05 2.90056e-05 2.19078e-05 1.64816e-05 1.23963e-05 9.38682e-06 7.24728e-06 5.82417e-06 5.0116e-06 
5.51927e-06 5.82417e-06 6.76223e-06 8.40431e-06 1.08714e-05 1.43385e-05 1.90407e-05 2.52794e-05 3.34309e-05 4.39542e-05 5.74003e-05 7.44203e-05 9.57729e-05 0.00012233 0.000155081 0.000195131 0.000243698 0.000302104 0.000371761 0.000454147 0.000550783 0.000663196 0.000792879 0.000941243 0.00110957 0.00129895 0.00151022 0.00174393 0.00200027 0.00227898 0.0025794 0.00290033 0.00324009 0.00359644 0.00396664 0.00434745 0.00473514 0.0051256 0.00551434 0.00589664 0.00626757 0.00662216 0.00695547 0.00726269 0.00753928 0.00778106 0.0079843 0.00814583 0.00826308 0.00833419 0.00835803 0.00833419 0.00826308 0.00814583 0.0079843 0.00778106 0.00753928 0.00726269 0.00695547 0.00662216 0.00626757 0.00589664 0.00551434 0.0051256 0.00473514 0.00434745 0.00396664 0.00359644 0.00324009 0.00290033 0.0025794 0.00227898 0.00200027 0.00174393 0.00151022 0.00129895 0.00110957 0.000941243 0.000792879 0.000663196 0.000550783 0.000454147 0.000371761 0.000302104 0.000243698 0.000195131 0.000155081 0.00012233 9.57729e-05 7.44203e-05 5.74003e-05 4.39542e-05 3.34309e-05 2.52794e-05 1.90407e-05 1.43385e-05 1.08714e-05 8.40431e-06 6.76223e-06 5.82417e-06 
6.87108e-06 7.24728e-06 8.40431e-06 1.04284e-05 1.34666e-05 1.77316e-05 2.35083e-05 3.11618e-05 4.11469e-05 5.40171e-05 7.04355e-05 9.11838e-05 0.000117171 0.000149438 0.000189164 0.000237661 0.000296372 0.000366859 0.000450782 0.000549875 0.000665912 0.000800669 0.000955871 0.00113314 0.00133393 0.00155948 0.00181071 0.0020882 0.00239207 0.002722 0.00307711 0.00345593 0.00385643 0.00427594 0.00471121 0.00515841 0.00561318 0.00607069 0.00652573 0.0069728 0.00740619 0.00782015 0.00820898 0.00856713 0.00888939 0.00917095 0.00940753 0.00959548 0.00973189 0.0098146 0.00984232 0.0098146 0.00973189 0.00959548 0.00940753 0.00917095 0.00888939 0.00856713 0.00820898 0.00782015 0.00740619 0.0069728 0.00652573 0.00607069 0.00561318 0.00515841 0.00471121 0.00427594 0.00385643 0.00345593 0.00307711 0.002722 0.00239207 0.0020882 0.00181071 0.00155948 0.00133393 0.00113314 0.000955871 0.000800669 0.000665912 0.000549875 0.000450782 0.000366859 0.000296372 0.000237661 0.000189164 0.000149438 0.000117171 9.11838e-05 7.04355e-05 5.40171e-05 4.11469e-05 3.11618e-05 2.35083e-05 1.77316e-05 1.34666e-05 1.04284e-05 8.40431e-06 7.24728e-06 
8.90396e-06 9.38682e-06 1.08714e-05 1.34666e-05 1.73582e-05 2.28147e-05 3.01949e-05 3.9958e-05 5.26745e-05 6.90378e-05 8.9876e-05 0.000116163 0.000149028 0.000189761 0.000239818 0.000300815 0.000374522 0.000462849 0.000567817 0.000691529 0.000836129 0.00100375 0.00119644 0.00141614 0.00166454 0.00194307 0.00225278 0.00259425 0.00296757 0.00337223 0.00380706 0.00427021 0.0047591 0.00527045 0.00580026 0.00634385 0.00689592 0.00745063 0.00800171 0.00854253 0.00906629 0.00956611 0.0100352 0.0104669 0.0108551 0.0111941 0.0114788 0.0117049 0.0118689 0.0119683 0.0120017 0.0119683 0.0118689 0.0117049 0.0114788 0.0111941 0.0108551 0.0104669 0.0100352 0.00956611 0.00906629 0.00854253 0.00800171 0.00745063 0.00689592 0.00634385 0.00580026 0.00527045 0.0047591 0.00427021 0.00380706 0.00337223 0.00296757 0.00259425 0.00225278 0.00194307 0.00166454 0.00141614 0.00119644 0.00100375 0.000836129 0.000691529 0.000567817 0.000462849 0.000374522 0.000300815 0.000239818 0.000189761 0.000149028 0.000116163 8.9876e-05 6.90378e-05 5.26745e-05 3.9958e-05 3.01949e-05 2.28147e-05 1.73582e-05 1.34666e-05 1.08714e-05 9.38682e-06 
1.17643e-05 1.23963e-05 1.43385e-05 1.77316e-05 2.28147e-05 2.99332e-05 3.9548e-05 5.2248e-05 6.87632e-05 8.99787e-05 0.000116949 0.000150912 0.000193296 0.000245733 0.000310054 0.000388287 0.000482647 0.000595512 0.00072939 0.00088688 0.00107062 0.0012832 0.00152714 0.00180475 0.00211805 0.00246872 0.00285793 0.00328631 0.00375384 0.00425974 0.00480245 0.00537958 0.00598782 0.00662304 0.00728022 0.00795353 0.00863643 0.00932173 0.0100017 0.0106683 0.0113131 0.0119279 0.0125044 0.0130345 0.0135109 0.0139266 0.0142755 0.0145525 0.0147534 0.0148752 0.014916 0.0148752 0.0147534 0.0145525 0.0142755 0.0139266 0.0135109 0.0130345 0.0125044 0.0119279 0.0113131 0.0106683 0.0100017 0.00932173 0.00863643 0.00795353 0.00728022 0.00662304 0.00598782 0.00537958 0.00480245 0.00425974 0.00375384 0.00328631 0.00285793 0.00246872 0.00211805 0.00180475 0.00152714 0.0012832 0.00107062 0.00088688 0.00072939 0.000595512 0.000482647 0.000388287 0.000310054 0.000245733 0.000193296 0.000150912 0.000116949 8.99787e-05 6.87632e-05 5.2248e-05 3.9548e-05 2.99332e-05 2.28147e-05 1.77316e-05 1.43385e-05 1.23963e-05 
1.56487e-05 1.64816e-05 1.90407e-05 2.35083e-05 3.01949e-05 3.9548e-05 5.21642e-05 6.88042e-05 9.0409e-05 0.000118117 0.000153282 0.000197487 0.000252558 0.000320567 0.00040384 0.000504942 0.000626662 0.000771986 0.00094405 0.00114609 0.00138136 0.00165308 0.00196429 0.00231781 0.00271607 0.00316102 0.003654 0.00419564 0.00478575 0.00542322 0.00610594 0.00683076 0.00759347 0.00838878 0.00921037 0.0100509 0.0109023 0.0117556 0.0126012 0.0134292 0.0142294 0.0149915 0.0157055 0.0163616 0.0169507 0.0174644 0.0178955 0.0182375 0.0184855 0.0186358 0.0186861 0.0186358 0.0184855 0.0182375 0.0178955 0.0174644 0.0169507 0.0163616 0.0157055 0.0149915 0.0142294 0.0134292 0.0126012 0.0117556 0.0109023 0.0100509 0.00921037 0.00838878 0.00759347 0.00683076 0.00610594 0.00542322 0.00478575 0.00419564 0.003654 0.00316102 0.00271607 0.00231781 0.00196429 0.00165308 0.00138136 0.00114609 0.00094405 0.000771986 0.000626662 0.000504942 0.00040384 0.000320567 0.000252558 0.000197487 0.000153282 0.000118117 9.0409e-05 6.88042e-05 5.21642e-05 3.9548e-05 3.01949e-05 2.35083e-05 1.90407e-05 1.64816e-05 
2.08101e-05 2.19078e-05 2.52794e-05 3.11618e-05 3.9958e-05 5.2248e-05 6.88042e-05 9.06096e-05 0.000118878 0.000155074 0.000200935 0.00025849 0.000330067 0.000418309 0.000526165 0.000656881 0.000813975 0.00100119 0.00122246 0.0014818 0.00178326 0.00213079 0.00252811 0.00297863 0.00348525 0.00405026 0.00467517 0.00536056 0.006106 0.00690991 0.00776946 0.00868055 0.00963776 0.0106344 0.0116624 0.0127127 0.013775 0.0148384 0.0158909 0.0169203 0.0179141 0.0188596 0.0197446 0.0205572 0.0212863 0.0219218 0.0224547 0.0228774 0.0231838 0.0233694 0.0234316 0.0233694 0.0231838 0.0228774 0.0224547 0.0219218 0.0212863 0.0205572 0.0197446 0.0188596 0.0179141 0.0169203 0.0158909 0.0148384 0.013775 0.0127127 0.0116624 0.0106344 0.00963776 0.00868055 0.00776946 0.00690991 0.006106 0.00536056 0.00467517 0.00405026 0.00348525 0.00297863 0.00252811 0.00213079 0.00178326 0.0014818 0.00122246 0.00100119 0.000813975 0.000656881 0.000526165 0.000418309 0.000330067 0.00025849 0.000200935 0.000155074 0.000118878 9.06096e-05 6.88042e-05 5.2248e-05 3.9958e-05 3.11618e-05 2.52794e-05 2.19078e-05 
2.75643e-05 2.90056e-05 3.34309e-05 4.11469e-05 5.26745e-05 6.87632e-05 9.0409e-05 0.000118878 0.000155729 0.000202841 0.000262437 0.000337103 0.000429806 0.000543895 0.000683102 0.00085152 0.00105356 0.00129393 0.0015775 0.00190927 0.00229423 0.00273722 0.00324277 0.00381499 0.00445732 0.00517241 0.00596192 0.00682635 0.00776491 0.00877537 0.009854 0.0109955 0.0121928 0.0134375 0.0147196 0.0160276 0.0173488 0.0186695 0.0199751 0.0212507 0.0224807 0.0236499 0.0247432 0.0257463 0.0266457 0.0274291 0.0280856 0.0286062 0.0289834 0.0292119 0.0292884 0.0292119 0.0289834 0.0286062 0.0280856 0.0274291 0.0266457 0.0257463 0.0247432 0.0236499 0.0224807 0.0212507 0.0199751 0.0186695 0.0173488 0.0160276 0.0147196 0.0134375 0.0121928 0.0109955 0.009854 0.00877537 0.00776491 0.00682635 0.00596192 0.00517241 0.00445732 0.00381499 0.00324277 0.00273722 0.00229423 0.00190927 0.0015775 0.00129393 0.00105356 0.00085152 0.000683102 0.000543895 0.000429806 0.000337103 0.000262437 0.000202841 0.000155729 0.000118878 9.0409e-05 6.87632e-05 5.26745e-05 4.11469e-05 3.34309e-05 2.90056e-05 
3.62979e-05 3.81794e-05 4.39542e-05 5.40171e-05 6.90378e-05 8.99787e-05 0.000118117 0.000155074 0.000202841 0.000263814 0.00034082 0.00043714 0.000556527 0.000703207 0.000881871 0.00109765 0.00135606 0.00166293 0.00202432 0.00244638 0.00293523 0.00349675 0.00413644 0.00485918 0.00566903 0.00656902 0.00756091 0.00864504 0.00982012 0.0110831 0.012429 0.013851 0.0153402 0.016886 0.0184758 0.0200954 0.0217291 0.0233601 0.0249705 0.0265418 0.0280555 0.0294928 0.0308357 0.0320667 0.0331696 0.0341296 0.0349338 0.0355711 0.0360328 0.0363124 0.036406 0.0363124 0.0360328 0.0355711 0.0349338 0.0341296 0.0331696 0.0320667 0.0308357 0.0294928 0.0280555 0.0265418 0.0249705 0.0233601 0.0217291 0.0200954 0.0184758 0.016886 0.0153402 0.013851 0.012429 0.0110831 0.00982012 0.00864504 0.00756091 0.00656902 0.00566903 0.00485918 0.00413644 0.00349675 0.00293523 0.00244638 0.00202432 0.00166293 0.00135606 0.00109765 0.000881871 0.000703207 0.000556527 0.00043714 0.00034082 0.000263814 0.000202841 0.000155074 0.000118117 8.99787e-05 6.90378e-05 5.40171e-05 4.39542e-05 3.81794e-05 
4.74757e-05 4.99152e-05 5.74003e-05 7.04355e-05 8.9876e-05 0.000116949 0.000153282 0.000200935 0.000262437 0.00034082 0.000439655 0.000563077 0.000715799 0.000903115 0.00113088 0.00140549 0.00173376 0.00212291 0.00258038 0.0031137 0.00373029 0.00443727 0.00524121 0.00614789 0.00716201 0.00828699 0.00952464 0.010875 0.0123361 0.0139038 0.0155716 0.0173308 0.0191702 0.0210765 0.023034 0.0250254 0.0270312 0.029031 0.031003 0.032925 0.0347743 0.0365286 0.038166 0.0396657 0.0410083 0.0421763 0.0431541 0.0439287 0.0444896 0.0448293 0.044943 0.0448293 0.0444896 0.0439287 0.0431541 0.0421763 0.0410083 0.0396657 0.038166 0.0365286 0.0347743 0.032925 0.031003 0.029031 0.0270312 0.0250254 0.023034 0.0210765 0.0191702 0.0173308 0.0155716 0.0139038 0.0123361 0.010875 0.00952464 0.00828699 0.00716201 0.00614789 0.00524121 0.00443727 0.00373029 0.0031137 0.00258038 0.00212291 0.00173376 0.00140549 0.00113088 0.000903115 0.000715799 0.000563077 0.000439655 0.00034082 0.000262437 0.000200935 0.000153282 0.000116949 8.9876e-05 7.04355e-05 5.74003e-05 4.99152e-05 
6.16483e-05 6.47884e-05 7.44203e-05 9.11838e-05 0.000116163 0.000150912 0.000197487 0.00025849 0.000337103 0.00043714 0.000563077 0.000720083 0.000914034 0.00115151 0.00143978 0.0017867 0.00220071 0.0026906 0.00326547 0.00393444 0.00470645 0.00559002 0.00659293 0.00772193 0.00898243 0.0103782 0.0119109 0.0135803 0.0153833 0.0173145 0.0193655 0.0215252 0.0237798 0.0261125 0.0285042 0.0309335 0.033377 0.0358098 0.0382057 0.0405379 0.0427794 0.0449033 0.0468839 0.0486963 0.0503177 0.0517272 0.0529065 0.0538403 0.0545163 0.0549254 0.0550625 0.0549254 0.0545163 0.0538403 0.0529065 0.0517272 0.0503177 0.0486963 0.0468839 0.0449033 0.0427794 0.0405379 0.0382057 0.0358098 0.033377 0.0309335 0.0285042 0.0261125 0.0237798 0.0215252 0.0193655 0.0173145 0.0153833 0.0135803 0.0119109 0.0103782 0.00898243 0.00772193 0.00659293 0.00559002 0.00470645 0.00393444 0.00326547 0.0026906 0.00220071 0.0017867 0.00143978 0.00115151 0.000914034 0.000720083 0.000563077 0.00043714 0.000337103 0.00025849 0.000197487 0.000150912 0.000116163 9.11838e-05 7.44203e-05 6.47884e-05 
7.94588e-05 8.34707e-05 9.57729e-05 0.000117171 0.000149028 0.000193296 0.000252558 0.000330067 0.000429806 0.000556527 0.000715799 0.000914034 0.0011585 0.00145732 0.00181941 0.00225441 0.00277259 0.00338466 0.00410157 0.00493431 0.00589354 0.00698936 0.00823088 0.0096259 0.0111805 0.0128987 0.0147822 0.0168297 0.0190372 0.0213973 0.0238995 0.0265298 0.0292709 0.0321024 0.0350008 0.0379403 0.0408926 0.0438278 0.0467145 0.0495209 0.052215 0.054765 0.0571404 0.0593123 0.0612536 0.06294 0.0643503 0.0654664 0.066274 0.0667628 0.0669264 0.0667628 0.066274 0.0654664 0.0643503 0.06294 0.0612536 0.0593123 0.0571404 0.054765 0.052215 0.0495209 0.0467145 0.0438278 0.0408926 0.0379403 0.0350008 0.0321024 0.0292709 0.0265298 0.0238995 0.0213973 0.0190372 0.0168297 0.0147822 0.0128987 0.0111805 0.0096259 0.00823088 0.00698936 0.00589354 0.00493431 0.00410157 0.00338466 0.00277259 0.00225441 0.00181941 0.00145732 0.0011585 0.000914034 0.000715799 0.000556527 0.000429806 0.000330067 0.000252558 0.000193296 0.000149028 0.000117171 9.57729e-05 8.34707e-05 
0.000101648 0.000106736 0.00012233 0.000149438 0.000189761 0.000245733 0.000320567 0.000418309 0.000543895 0.000703207 0.000903115 0.00115151 0.00145732 0.00183047 0.00228182 0.0028231 0.00346671 0.00422554 0.00511273 0.00614132 0.00732396 0.00867246 0.0101974 0.0119076 0.0138098 0.0159083 0.0182043 0.0206956 0.0233766 0.0262377 0.0292656 0.0324428 0.0357481 0.0391566 0.0426401 0.0461672 0.0497043 0.0532156 0.0566643 0.0600126 0.0632229 0.0662581 0.0690825 0.0716624 0.0739666 0.0759668 0.0776384 0.0789607 0.0799171 0.0804958 0.0806896 0.0804958 0.0799171 0.0789607 0.0776384 0.0759668 0.0739666 0.0716624 0.0690825 0.0662581 0.0632229 0.0600126 0.0566643 0.0532156 0.0497043 0.0461672 0.0426401 0.0391566 0.0357481 0.0324428 0.0292656 0.0262377 0.0233766 0.0206956 0.0182043 0.0159083 0.0138098 0.0119076 0.0101974 0.00867246 0.00732396 0.00614132 0.00511273 0.00422554 0.00346671 0.0028231 0.00228182 0.00183047 0.00145732 0.00115151 0.000903115 0.000703207 0.000543895 0.000418309 0.000320567 0.000245733 0.000189761 0.000149438 0.00012233 0.000106736 
0.00012906 0.000135462 0.000155081 0.000189164 0.000239818 0.000310054 0.00040384 0.000526165 0.000683102 0.000881871 0.00113088 0.00143978 0.00181941 0.00228182 0.00284016 0.00350852 0.00430179 0.00523534 0.00632477 0.00758546 0.0090322 0.0106787 0.012537 0.0146171 0.0169263 0.0194689 0.0222454 0.0252523 0.0284821 0.0319224 0.0355565 0.0393629 0.0433157 0.0473847 0.0515362 0.0557328 0.0599346 0.0640996 0.0681842 0.0721446 0.0759369 0.0795181 0.0828471 0.0858848 0.0885955 0.0909469 0.0929107 0.0944633 0.095586 0.096265 0.0964923 0.096265 0.095586 0.0944633 0.0929107 0.0909469 0.0885955 0.0858848 0.0828471 0.0795181 0.0759369 0.0721446 0.0681842 0.0640996 0.0599346 0.0557328 0.0515362 0.0473847 0.0433157 0.0393629 0.0355565 0.0319224 0.0284821 0.0252523 0.0222454 0.0194689 0.0169263 0.0146171 0.012537 0.0106787 0.0090322 0.00758546 0.00632477 0.00523534 0.00430179 0.00350852 0.00284016 0.00228182 0.00181941 0.00143978 0.00113088 0.000881871 0.000683102 0.000526165 0.00040384 0.000310054 0.000239818 0.000189164 0.000155081 0.000135462 
0.000162638 0.000170634 0.000195131 0.000237661 0.000300815 0.000388287 0.000504942 0.000656881 0.00085152 0.00109765 0.00140549 0.0017867 0.00225441 0.0028231 0.00350852 0.00432752 0.00529777 0.00643747 0.00776495 0.00929818 0.0110543 0.013049 0.0152959 0.0178061 0.0205873 0.0236435 0.0269743 0.0305745 0.0344341 0.0385373 0.0428634 0.0473861 0.0520741 0.0568914 0.0617976 0.0667487 0.0716979 0.0765959 0.0813924 0.0860363 0.0904772 0.0946659 0.098555 0.1021 0.105261 0.108001 0.110287 0.112094 0.1134 0.11419 0.114454 0.11419 0.1134 0.112094 0.110287 0.108001 0.105261 0.1021 0.098555 0.0946659 0.0904772 0.0860363 0.0813924 0.0765959 0.0716979 0.0667487 0.0617976 0.0568914 0.0520741 0.0473861 0.0428634 0.0385373 0.0344341 0.0305745 0.0269743 0.0236435 0.0205873 0.0178061 0.0152959 0.013049 0.0110543 0.00929818 0.00776495 0.00643747 0.00529777 0.00432752 0.00350852 0.0028231 0.00225441 0.0017867 0.00140549 0.00109765 0.00085152 0.000656881 0.000504942 0.000388287 0.000300815 0.000237661 0.000195131 0.000170634 
0.000203427 0.00021334 0.000243698 0.000296372 0.000374522 0.000482647 0.000626662 0.000813975 0.00105356 0.00135606 0.00173376 0.00220071 0.00277259 0.00346671 0.00430179 0.00529777 0.00647549 0.00785627 0.00946147 0.0113119 0.0134271 0.015825 0.0185207 0.0215262 0.0248496 0.0284943 0.0324585 0.0367348 0.04131 0.0461645 0.0512726 0.0566026 0.0621169 0.0677728 0.0735227 0.079315 0.0850952 0.0908064 0.0963905 0.101789 0.106945 0.111801 0.116305 0.120406 0.124059 0.127223 0.129861 0.131945 0.13345 0.134361 0.134665 0.134361 0.13345 0.131945 0.129861 0.127223 0.124059 0.120406 0.116305 0.111801 0.106945 0.101789 0.0963905 0.0908064 0.0850952 0.079315 0.0735227 0.0677728 0.0621169 0.0566026 0.0512726 0.0461645 0.04131 0.0367348 0.0324585 0.0284943 0.0248496 0.0215262 0.0185207 0.015825 0.0134271 0.0113119 0.00946147 0.00785627 0.00647549 0.00529777 0.00430179 0.00346671 0.00277259 0.00220071 0.00173376 0.00135606 0.00105356 0.000813975 0.000626662 0.000482647 0.000374522 0.000296372 0.000243698 0.00021334 
0.000252563 0.000264761 0.000302104 0.000366859 0.000462849 0.000595512 0.000771986 0.00100119 0.00129393 0.00166293 0.00212291 0.0026906 0.00338466 0.00422554 0.00523534 0.00643747 0.00785627 0.00951652 0.0114428 0.0136591 0.0161875 0.019048 0.0222573 0.0258282 0.0297687 0.0340813 0.0387623 0.0438017 0.0491821 0.0548795 0.0608625 0.0670931 0.0735265 0.0801125 0.0867954 0.0935155 0.10021 0.106813 0.113259 0.119481 0.125414 0.130996 0.136166 0.140869 0.145054 0.148675 0.151692 0.154074 0.155794 0.156834 0.157182 0.156834 0.155794 0.154074 0.151692 0.148675 0.145054 0.140869 0.136166 0.130996 0.125414 0.119481 0.113259 0.106813 0.10021 0.0935155 0.0867954 0.0801125 0.0735265 0.0670931 0.0608625 0.0548795 0.0491821 0.0438017 0.0387623 0.0340813 0.0297687 0.0258282 0.0222573 0.019048 0.0161875 0.0136591 0.0114428 0.00951652 0.00785627 0.00643747 0.00523534 0.00422554 0.00338466 0.0026906 0.00212291 0.00166293 0.00129393 0.00100119 0.000771986 0.000595512 0.000462849 0.000366859 0.000302104 0.000264761 
0.000311264 0.000326163 0.000371761 0.000450782 0.000567817 0.00072939 0.00094405 0.00122246 0.0015775 0.00202432 0.00258038 0.00326547 0.00410157 0.00511273 0.00632477 0.00776495 0.00946147 0.0114428 0.0137373 0.0163717 0.0193712 0.0227578 0.0265496 0.0307599 0.0353962 0.0404598 0.0459445 0.0518366 0.0581145 0.0647484 0.0717005 0.0789254 0.0863707 0.0939774 0.101681 0.109413 0.117102 0.124672 0.13205 0.13916 0.145931 0.152291 0.158175 0.16352 0.168272 0.17238 0.175801 0.1785 0.180448 0.181624 0.182018 0.181624 0.180448 0.1785 0.175801 0.17238 0.168272 0.16352 0.158175 0.152291 0.145931 0.13916 0.13205 0.124672 0.117102 0.109413 0.101681 0.0939774 0.0863707 0.0789254 0.0717005 0.0647484 0.0581145 0.0518366 0.0459445 0.0404598 0.0353962 0.0307599 0.0265496 0.0227578 0.0193712 0.0163717 0.0137373 0.0114428 0.00946147 0.00776495 0.00632477 0.00511273 0.00410157 0.00326547 0.00258038 0.00202432 0.0015775 0.00122246 0.00094405 0.00072939 0.000567817 0.000450782 0.000371761 0.000326163 
0.000380811 0.000398876 0.000454147 0.000549875 0.000691529 0.00088688 0.00114609 0.0014818 0.00190927 0.00244638 0.0031137 0.00393444 0.00493431 0.00614132 0.00758546 0.00929818 0.0113119 0.0136591 0.0163717 0.0194802 0.0230121 0.0269916 0.0314379 0.0363647 0.0417785 0.0476786 0.0540558 0.0608921 0.0681603 0.0758244 0.0838391 0.092151 0.100699 0.109414 0.118223 0.127047 0.135804 0.144412 0.152786 0.160843 0.168503 0.175688 0.182327 0.188351 0.1937 0.198319 0.202164 0.205194 0.20738 0.208701 0.209143 0.208701 0.20738 0.205194 0.202164 0.198319 0.1937 0.188351 0.182327 0.175688 0.168503 0.160843 0.152786 0.144412 0.135804 0.127047 0.118223 0.109414 0.100699 0.092151 0.0838391 0.0758244 0.0681603 0.0608921 0.0540558 0.0476786 0.0417785 0.0363647 0.0314379 0.0269916 0.0230121 0.0194802 0.0163717 0.0136591 0.0113119 0.00929818 0.00758546 0.00614132 0.00493431 0.00393444 0.0031137 0.00244638 0.00190927 0.0014818 0.00114609 0.00088688 0.000691529 0.000549875 0.000454147 0.000398876 
0.000462525 0.00048427 0.000550783 0.000665912 0.000836129 0.00107062 0.00138136 0.00178326 0.00229423 0.00293523 0.00373029 0.00470645 0.00589354 0.00732396 0.0090322 0.0110543 0.0134271 0.0161875 0.0193712 0.0230121 0.0271405 0.0317823 0.0369577 0.04268 0.0489546 0.0557779 0.0631369 0.0710085 0.0793592 0.0881454 0.0973137 0.106801 0.116537 0.126444 0.136435 0.146425 0.156319 0.166026 0.175452 0.184507 0.193101 0.20115 0.208576 0.215306 0.221275 0.226426 0.230708 0.234082 0.236514 0.237983 0.238474 0.237983 0.236514 0.234082 0.230708 0.226426 0.221275 0.215306 0.208576 0.20115 0.193101 0.184507 0.175452 0.166026 0.156319 0.146425 0.136435 0.126444 0.116537 0.106801 0.0973137 0.0881454 0.0793592 0.0710085 0.0631369 0.0557779 0.0489546 0.04268 0.0369577 0.0317823 0.0271405 0.0230121 0.0193712 0.0161875 0.0134271 0.0110543 0.0090322 0.00732396 0.00589354 0.00470645 0.00373029 0.00293523 0.00229423 0.00178326 0.00138136 0.00107062 0.000836129 0.000665912 0.000550783 0.00048427 
0.000557738 0.000583727 0.000663196 0.000800669 0.00100375 0.0012832 0.00165308 0.00213079 0.00273722 0.00349675 0.00443727 0.00559002 0.00698936 0.00867246 0.0106787 0.013049 0.015825 0.019048 0.0227578 0.0269916 0.0317823 0.0371574 0.0431376 0.0497354 0.0569542 0.064787 0.073216 0.082212 0.0917342 0.101731 0.112139 0.122886 0.13389 0.145062 0.156307 0.167525 0.178615 0.189473 0.199998 0.210089 0.219651 0.228593 0.23683 0.244286 0.250891 0.256584 0.261313 0.265036 0.267719 0.269338 0.26988 0.269338 0.267719 0.265036 0.261313 0.256584 0.250891 0.244286 0.23683 0.228593 0.219651 0.210089 0.199998 0.189473 0.178615 0.167525 0.156307 0.145062 0.13389 0.122886 0.112139 0.101731 0.0917342 0.082212 0.073216 0.064787 0.0569542 0.0497354 0.0431376 0.0371574 0.0317823 0.0269916 0.0227578 0.019048 0.015825 0.013049 0.0106787 0.00867246 0.00698936 0.00559002 0.00443727 0.00349675 0.00273722 0.00213079 0.00165308 0.0012832 0.00100375 0.000800669 0.000663196 0.000583727 
0.000667761 0.000698602 0.000792879 0.000955871 0.00119644 0.00152714 0.00196429 0.00252811 0.00324277 0.00413644 0.00524121 0.00659293 0.00823088 0.0101974 0.012537 0.0152959 0.0185207 0.0222573 0.0265496 0.0314379 0.0369577 0.0431376 0.0499983 0.0575509 0.0657961 0.0747226 0.0843068 0.0945125 0.105291 0.11658 0.128307 0.140388 0.152731 0.165234 0.177791 0.190292 0.202623 0.214673 0.22633 0.237486 0.248038 0.25789 0.266951 0.275142 0.282389 0.288628 0.293807 0.29788 0.300814 0.302584 0.303176 0.302584 0.300814 0.29788 0.293807 0.288628 0.282389 0.275142 0.266951 0.25789 0.248038 0.237486 0.22633 0.214673 0.202623 0.190292 0.177791 0.165234 0.152731 0.140388 0.128307 0.11658 0.105291 0.0945125 0.0843068 0.0747226 0.0657961 0.0575509 0.0499983 0.0431376 0.0369577 0.0314379 0.0265496 0.0222573 0.0185207 0.0152959 0.012537 0.0101974 0.00823088 0.00659293 0.00524121 0.00413644 0.00324277 0.00252811 0.00196429 0.00152714 0.00119644 0.000955871 0.000792879 0.000698602 
0.000793839 0.000830182 0.000941243 0.00113314 0.00141614 0.00180475 0.00231781 0.00297863 0.00381499 0.00485918 0.00614789 0.00772193 0.0096259 0.0119076 0.0146171 0.0178061 0.0215262 0.0258282 0.0307599 0.0363647 0.04268 0.0497354 0.0575509 0.0661357 0.0754865 0.0855869 0.0964068 0.107902 0.120013 0.132669 0.145785 0.159266 0.173007 0.186894 0.200811 0.214634 0.22824 0.241508 0.254317 0.266552 0.278103 0.288869 0.298757 0.30768 0.315566 0.322347 0.32797 0.33239 0.335571 0.33749 0.338131 0.33749 0.335571 0.33239 0.32797 0.322347 0.315566 0.30768 0.298757 0.288869 0.278103 0.266552 0.254317 0.241508 0.22824 0.214634 0.200811 0.186894 0.173007 0.159266 0.145785 0.132669 0.120013 0.107902 0.0964068 0.0855869 0.0754865 0.0661357 0.0575509 0.0497354 0.04268 0.0363647 0.0307599 0.0258282 0.0215262 0.0178061 0.0146171 0.0119076 0.0096259 0.00772193 0.00614789 0.00485918 0.00381499 0.00297863 0.00231781 0.00180475 0.00141614 0.00113314 0.000941243 0.000830182 
0.000937112 0.000979641 0.00110957 0.00133393 0.00166454 0.00211805 0.00271607 0.00348525 0.00445732 0.00566903 0.00716201 0.00898243 0.0111805 0.0138098 0.0169263 0.0205873 0.0248496 0.0297687 0.0353962 0.0417785 0.0489546 0.0569542 0.0657961 0.0754865 0.0860176 0.0973668 0.109496 0.122351 0.135864 0.149951 0.164516 0.17945 0.194636 0.209948 0.225255 0.240426 0.255325 0.269822 0.283788 0.297102 0.309648 0.32132 0.332021 0.341665 0.350175 0.357485 0.36354 0.368295 0.371716 0.373779 0.374468 0.373779 0.371716 0.368295 0.36354 0.357485 0.350175 0.341665 0.332021 0.32132 0.309648 0.297102 0.283788 0.269822 0.255325 0.240426 0.225255 0.209948 0.194636 0.17945 0.164516 0.149951 0.135864 0.122351 0.109496 0.0973668 0.0860176 0.0754865 0.0657961 0.0569542 0.0489546 0.0417785 0.0353962 0.0297687 0.0248496 0.0205873 0.0169263 0.0138098 0.0111805 0.00898243 0.00716201 0.00566903 0.00445732 0.00348525 0.00271607 0.00211805 0.00166454 0.00133393 0.00110957 0.000979641 
0.00109856 0.00114799 0.00129895 0.00155948 0.00194307 0.00246872 0.00316102 0.00405026 0.00517241 0.00656902 0.00828699 0.0103782 0.0128987 0.0159083 0.0194689 0.0236435 0.0284943 0.0340813 0.0404598 0.0476786 0.0557779 0.064787 0.0747226 0.0855869 0.0973668 0.110032 0.123536 0.137814 0.152787 0.168357 0.184417 0.200843 0.217506 0.234267 0.250983 0.26751 0.283704 0.299426 0.314539 0.328915 0.342436 0.354992 0.366483 0.376822 0.385933 0.393749 0.400216 0.405291 0.408939 0.411138 0.411872 0.411138 0.408939 0.405291 0.400216 0.393749 0.385933 0.376822 0.366483 0.354992 0.342436 0.328915 0.314539 0.299426 0.283704 0.26751 0.250983 0.234267 0.217506 0.200843 0.184417 0.168357 0.152787 0.137814 0.123536 0.110032 0.0973668 0.0855869 0.0747226 0.064787 0.0557779 0.0476786 0.0404598 0.0340813 0.0284943 0.0236435 0.0194689 0.0159083 0.0128987 0.0103782 0.00828699 0.00656902 0.00517241 0.00405026 0.00316102 0.00246872 0.00194307 0.00155948 0.00129895 0.00114799 
0.00127896 0.00133601 0.00151022 0.00181071 0.00225278 0.00285793 0.003654 0.00467517 0.00596192 0.00756091 0.00952464 0.0119109 0.0147822 0.0182043 0.0222454 0.0269743 0.0324585 0.0387623 0.0459445 0.0540558 0.0631369 0.073216 0.0843068 0.0964068 0.109496 0.123536 0.13847 0.154222 0.170699 0.187793 0.205379 0.223323 0.241479 0.259697 0.277822 0.295698 0.313173 0.330097 0.346331 0.361739 0.376201 0.389604 0.401849 0.412847 0.422524 0.430815 0.437668 0.44304 0.4469 0.449224 0.450001 0.449224 0.4469 0.44304 0.437668 0.430815 0.422524 0.412847 0.401849 0.389604 0.376201 0.361739 0.346331 0.330097 0.313173 0.295698 0.277822 0.259697 0.241479 0.223323 0.205379 0.187793 0.170699 0.154222 0.13847 0.123536 0.109496 0.0964068 0.0843068 0.073216 0.0631369 0.0540558 0.0459445 0.0387623 0.0324585 0.0269743 0.0222454 0.0182043 0.0147822 0.0119109 0.00952464 0.00756091 0.00596192 0.00467517 0.003654 0.00285793 0.00225278 0.00181071 0.00151022 0.00133601 
0.00147882 0.00154424 0.00174393 0.0020882 0.00259425 0.00328631 0.00419564 0.00536056 0.00682635 0.00864504 0.010875 0.0135803 0.0168297 0.0206956 0.0252523 0.0305745 0.0367348 0.0438017 0.0518366 0.0608921 0.0710085 0.082212 0.0945125 0.107902 0.122351 0.137814 0.154222 0.171486 0.1895 0.208142 0.227272 0.246741 0.266392 0.286058 0.305575 0.324776 0.3435 0.361591 0.378902 0.395297 0.410651 0.424852 0.437801 0.449412 0.459612 0.468339 0.475544 0.481186 0.485237 0.487676 0.48849 0.487676 0.485237 0.481186 0.475544 0.468339 0.459612 0.449412 0.437801 0.424852 0.410651 0.395297 0.378902 0.361591 0.3435 0.324776 0.305575 0.286058 0.266392 0.246741 0.227272 0.208142 0.1895 0.171486 0.154222 0.137814 0.122351 0.107902 0.0945125 0.082212 0.0710085 0.0608921 0.0518366 0.0438017 0.0367348 0.0305745 0.0252523 0.0206956 0.0168297 0.0135803 0.010875 0.00864504 0.00682635 0.00536056 0.00419564 0.00328631 0.00259425 0.0020882 0.00174393 0.00154424 
0.00169835 0.00177287 0.00200027 0.00239207 0.00296757 0.00375384 0.00478575 0.006106 0.00776491 0.00982012 0.0123361 0.0153833 0.0190372 0.0233766 0.0284821 0.0344341 0.04131 0.0491821 0.0581145 0.0681603 0.0793592 0.0917342 0.105291 0.120013 0.135864 0.152787 0.170699 0.1895 0.20907 0.229268 0.249944 0.270931 0.292059 0.313149 0.334024 0.35451 0.374435 0.393639 0.411971 0.429292 0.445477 0.460415 0.474009 0.486176 0.496847 0.505964 0.513481 0.519362 0.523581 0.52612 0.526967 0.52612 0.523581 0.519362 0.513481 0.505964 0.496847 0.486176 0.474009 0.460415 0.445477 0.429292 0.411971 0.393639 0.374435 0.35451 0.334024 0.313149 0.292059 0.270931 0.249944 0.229268 0.20907 0.1895 0.170699 0.152787 0.135864 0.120013 0.105291 0.0917342 0.0793592 0.0681603 0.0581145 0.0491821 0.04131 0.0344341 0.0284821 0.0233766 0.0190372 0.0153833 0.0123361 0.00982012 0.00776491 0.006106 0.00478575 0.00375384 0.00296757 0.00239207 0.00200027 0.00177287 
0.0019374 0.00202173 0.00227898 0.002722 0.00337223 0.00425974 0.00542322 0.00690991 0.00877537 0.0110831 0.0139038 0.0173145 0.0213973 0.0262377 0.0319224 0.0385373 0.0461645 0.0548795 0.0647484 0.0758244 0.0881454 0.101731 0.11658 0.132669 0.149951 0.168357 0.187793 0.208142 0.229268 0.251018 0.273224 0.295706 0.318278 0.340751 0.362936 0.384649 0.405713 0.425963 0.445245 0.463419 0.480363 0.495966 0.510136 0.522795 0.533878 0.543332 0.551117 0.557201 0.561563 0.564185 0.56506 0.564185 0.561563 0.557201 0.551117 0.543332 0.533878 0.522795 0.510136 0.495966 0.480363 0.463419 0.445245 0.425963 0.405713 0.384649 0.362936 0.340751 0.318278 0.295706 0.273224 0.251018 0.229268 0.208142 0.187793 0.168357 0.149951 0.132669 0.11658 0.101731 0.0881454 0.0758244 0.0647484 0.0548795 0.0461645 0.0385373 0.0319224 0.0262377 0.0213973 0.0173145 0.0139038 0.0110831 0.00877537 0.00690991 0.00542322 0.00425974 0.00337223 0.002722 0.00227898 0.00202173 
0.00219544 0.00229024 0.0025794 0.00307711 0.00380706 0.00480245 0.00610594 0.00776946 0.009854 0.012429 0.0155716 0.0193655 0.0238995 0.0292656 0.0355565 0.0428634 0.0512726 0.0608625 0.0717005 0.0838391 0.0973137 0.112139 0.128307 0.145785 0.164516 0.184417 0.205379 0.227272 0.249944 0.273224 0.29693 0.320866 0.344835 0.368633 0.392063 0.414934 0.437061 0.458277 0.478427 0.497372 0.514991 0.53118 0.54585 0.558929 0.570359 0.580094 0.588099 0.594348 0.598824 0.601514 0.602411 0.601514 0.598824 0.594348 0.588099 0.580094 0.570359 0.558929 0.54585 0.53118 0.514991 0.497372 0.478427 0.458277 0.437061 0.414934 0.392063 0.368633 0.344835 0.320866 0.29693 0.273224 0.249944 0.227272 0.205379 0.184417 0.164516 0.145785 0.128307 0.112139 0.0973137 0.0838391 0.0717005 0.0608625 0.0512726 0.0428634 0.0355565 0.0292656 0.0238995 0.0193655 0.0155716 0.012429 0.009854 0.00776946 0.00610594 0.00480245 0.00380706 0.00307711 0.0025794 0.00229024 
0.00247147 0.00257738 0.00290033 0.00345593 0.00427021 0.00537958 0.00683076 0.00868055 0.0109955 0.013851 0.0173308 0.0215252 0.0265298 0.0324428 0.0393629 0.0473861 0.0566026 0.0670931 0.0789254 0.092151 0.106801 0.122886 0.140388 0.159266 0.17945 0.200843 0.223323 0.246741 0.270931 0.295706 0.320866 0.346204 0.371506 0.39656 0.421159 0.445103 0.468207 0.4903 0.511226 0.53085 0.549055 0.565742 0.58083 0.594254 0.605963 0.615918 0.624093 0.630468 0.635029 0.637769 0.638683 0.637769 0.635029 0.630468 0.624093 0.615918 0.605963 0.594254 0.58083 0.565742 0.549055 0.53085 0.511226 0.4903 0.468207 0.445103 0.421159 0.39656 0.371506 0.346204 0.320866 0.295706 0.270931 0.246741 0.223323 0.200843 0.17945 0.159266 0.140388 0.122886 0.106801 0.092151 0.0789254 0.0670931 0.0566026 0.0473861 0.0393629 0.0324428 0.0265298 0.0215252 0.0173308 0.013851 0.0109955 0.00868055 0.00683076 0.00537958 0.00427021 0.00345593 0.00290033 0.00257738 
0.00276408 0.00288166 0.00324009 0.00385643 0.0047591 0.00598782 0.00759347 0.00963776 0.0121928 0.0153402 0.0191702 0.0237798 0.0292709 0.0357481 0.0433157 0.0520741 0.0621169 0.0735265 0.0863707 0.100699 0.116537 0.13389 0.152731 0.173007 0.194636 0.217506 0.241479 0.266392 0.292059 0.318278 0.344835 0.371506 0.398067 0.424295 0.449974 0.4749 0.498885 0.521755 0.543359 0.563566 0.582262 0.599357 0.614778 0.628469 0.640387 0.650503 0.658796 0.665256 0.669873 0.672645 0.673569 0.672645 0.669873 0.665256 0.658796 0.650503 0.640387 0.628469 0.614778 0.599357 0.582262 0.563566 0.543359 0.521755 0.498885 0.4749 0.449974 0.424295 0.398067 0.371506 0.344835 0.318278 0.292059 0.266392 0.241479 0.217506 0.194636 0.173007 0.152731 0.13389 0.116537 0.100699 0.0863707 0.0735265 0.0621169 0.0520741 0.0433157 0.0357481 0.0292709 0.0237798 0.0191702 0.0153402 0.0121928 0.00963776 0.00759347 0.00598782 0.0047591 0.00385643 0.00324009 0.00288166 
0.00307138 0.0032011 0.00359644 0.00427594 0.00527045 0.00662304 0.00838878 0.0106344 0.0134375 0.016886 0.0210765 0.0261125 0.0321024 0.0391566 0.0473847 0.0568914 0.0677728 0.0801125 0.0939774 0.109414 0.126444 0.145062 0.165234 0.186894 0.209948 0.234267 0.259697 0.286058 0.313149 0.340751 0.368633 0.39656 0.424295 0.451605 0.478269 0.504077 0.528839 0.552385 0.574565 0.595253 0.614345 0.631757 0.647425 0.661304 0.673361 0.683577 0.691939 0.698443 0.703088 0.705874 0.706802 0.705874 0.703088 0.698443 0.691939 0.683577 0.673361 0.661304 0.647425 0.631757 0.614345 0.595253 0.574565 0.552385 0.528839 0.504077 0.478269 0.451605 0.424295 0.39656 0.368633 0.340751 0.313149 0.286058 0.259697 0.234267 0.209948 0.186894 0.165234 0.145062 0.126444 0.109414 0.0939774 0.0801125 0.0677728 0.0568914 0.0473847 0.0391566 0.0321024 0.0261125 0.0210765 0.016886 0.0134375 0.0106344 0.00838878 0.00662304 0.00527045 0.00427594 0.00359644 0.0032011 
0.00339101 0.00353325 0.00396664 0.00471121 0.00580026 0.00728022 0.00921037 0.0116624 0.0147196 0.0184758 0.023034 0.0285042 0.0350008 0.0426401 0.0515362 0.0617976 0.0735227 0.0867954 0.101681 0.118223 0.136435 0.156307 0.177791 0.200811 0.225255 0.250983 0.277822 0.305575 0.334024 0.362936 0.392063 0.421159 0.449974 0.478269 0.505815 0.532401 0.557836 0.581952 0.604604 0.625674 0.645064 0.662702 0.678535 0.692526 0.704655 0.714911 0.723293 0.729804 0.734448 0.737232 0.73816 0.737232 0.734448 0.729804 0.723293 0.714911 0.704655 0.692526 0.678535 0.662702 0.645064 0.625674 0.604604 0.581952 0.557836 0.532401 0.505815 0.478269 0.449974 0.421159 0.392063 0.362936 0.334024 0.305575 0.277822 0.250983 0.225255 0.200811 0.177791 0.156307 0.136435 0.118223 0.101681 0.0867954 0.0735227 0.0617976 0.0515362 0.0426401 0.0350008 0.0285042 0.023034 0.0184758 0.0147196 0.0116624 0.00921037 0.00728022 0.00580026 0.00471121 0.00396664 0.00353325 
0.00372019 0.00387521 0.00434745 0.00515841 0.00634385 0.00795353 0.0100509 0.0127127 0.0160276 0.0200954 0.0250254 0.0309335 0.0379403 0.0461672 0.0557328 0.0667487 0.079315 0.0935155 0.109413 0.127047 0.146425 0.167525 0.190292 0.214634 0.240426 0.26751 0.295698 0.324776 0.35451 0.384649 0.414934 0.445103 0.4749 0.504077 0.532401 0.559659 0.58566 0.610242 0.633265 0.654618 0.674215 0.691992 0.707909 0.72194 0.734077 0.74432 0.752676 0.759158 0.763777 0.766543 0.767465 0.766543 0.763777 0.759158 0.752676 0.74432 0.734077 0.72194 0.707909 0.691992 0.674215 0.654618 0.633265 0.610242 0.58566 0.559659 0.532401 0.504077 0.4749 0.445103 0.414934 0.384649 0.35451 0.324776 0.295698 0.26751 0.240426 0.214634 0.190292 0.167525 0.146425 0.127047 0.109413 0.0935155 0.079315 0.0667487 0.0557328 0.0461672 0.0379403 0.0309335 0.0250254 0.0200954 0.0160276 0.0127127 0.0100509 0.00795353 0.00634385 0.00515841 0.00434745 0.00387521 
0.0040557 0.00422364 0.00473514 0.00561318 0.00689592 0.00863643 0.0109023 0.013775 0.0173488 0.0217291 0.0270312 0.033377 0.0408926 0.0497043 0.0599346 0.0716979 0.0850952 0.10021 0.117102 0.135804 0.156319 0.178615 0.202623 0.22824 0.255325 0.283704 0.313173 0.3435 0.374435 0.405713 0.437061 0.468207 0.498885 0.528839 0.557836 0.58566 0.612126 0.637072 0.660368 0.681912 0.701628 0.719464 0.735391 0.749396 0.761483 0.771663 0.779953 0.786373 0.790943 0.793679 0.794589 0.793679 0.790943 0.786373 0.779953 0.771663 0.761483 0.749396 0.735391 0.719464 0.701628 0.681912 0.660368 0.637072 0.612126 0.58566 0.557836 0.528839 0.498885 0.468207 0.437061 0.405713 0.374435 0.3435 0.313173 0.283704 0.255325 0.22824 0.202623 0.178615 0.156319 0.135804 0.117102 0.10021 0.0850952 0.0716979 0.0599346 0.0497043 0.0408926 0.033377 0.0270312 0.0217291 0.0173488 0.013775 0.0109023 0.00863643 0.00689592 0.00561318 0.00473514 0.00422364 
0.00439395 0.00457482 0.0051256 0.00607069 0.00745063 0.00932173 0.0117556 0.0148384 0.0186695 0.0233601 0.029031 0.0358098 0.0438278 0.0532156 0.0640996 0.0765959 0.0908064 0.106813 0.124672 0.144412 0.166026 0.189473 0.214673 0.241508 0.269822 0.299426 0.330097 0.361591 0.393639 0.425963 0.458277 0.4903 0.521755 0.552385 0.581952 0.610242 0.637072 0.662288 0.685767 0.707416 0.727171 0.744992 0.760864 0.774785 0.786771 0.796844 0.805032 0.811364 0.815866 0.818558 0.819454 0.818558 0.815866 0.811364 0.805032 0.796844 0.786771 0.774785 0.760864 0.744992 0.727171 0.707416 0.685767 0.662288 0.637072 0.610242 0.581952 0.552385 0.521755 0.4903 0.458277 0.425963 0.393639 0.361591 0.330097 0.299426 0.269822 0.241508 0.214673 0.189473 0.166026 0.144412 0.124672 0.106813 0.0908064 0.0765959 0.0640996 0.0532156 0.0438278 0.0358098 0.029031 0.0233601 0.0186695 0.0148384 0.0117556 0.00932173 0.00745063 0.00607069 0.0051256 0.00457482 
0.00473105 0.00492472 0.00551434 0.00652573 0.00800171 0.0100017 0.0126012 0.0158909 0.0199751 0.0249705 0.031003 0.0382057 0.0467145 0.0566643 0.0681842 0.0813924 0.0963905 0.113259 0.13205 0.152786 0.175452 0.199998 0.22633 0.254317 0.283788 0.314539 0.346331 0.378902 0.411971 0.445245 0.478427 0.511226 0.543359 0.574565 0.604604 0.633265 0.660368 0.685767 0.709346 0.731025 0.750749 0.768493 0.784252 0.798039 0.80988 0.819811 0.827868 0.834088 0.838505 0.841145 0.842023 0.841145 0.838505 0.834088 0.827868 0.819811 0.80988 0.798039 0.784252 0.768493 0.750749 0.731025 0.709346 0.685767 0.660368 0.633265 0.604604 0.574565 0.543359 0.511226 0.478427 0.445245 0.411971 0.378902 0.346331 0.314539 0.283788 0.254317 0.22633 0.199998 0.175452 0.152786 0.13205 0.113259 0.0963905 0.0813924 0.0681842 0.0566643 0.0467145 0.0382057 0.031003 0.0249705 0.0199751 0.0158909 0.0126012 0.0100017 0.00800171 0.00652573 0.00551434 0.00492472 
