2.93653e-05 3.05062e-05 3.39849e-05 3.99712e-05 4.87506e-05 6.07279e-05 7.64323e-05 9.65223e-05 0.000121792 0.000153174 0.000191746 0.000238731 0.000295495 0.000363544 0.000444513 0.00054015 0.000652301 0.000782874 0.000933815 0.00110706 0.00130448 0.00152787 0.00177882 0.00205873 0.00236868 0.00270941 0.00308126 0.00348406 0.00391716 0.00437929 0.00486864 0.00538272 0.00591845 0.00647214 0.00703948 0.00761566 0.00819533 0.00877278 0.00934196 0.00989658 0.0104303 0.0109367 0.0114095 0.0118428 0.0122309 0.0125687 0.0128516 0.0130758 0.0132382 0.0133366 0.0133696 0.0133366 0.0132382 0.0130758 0.0128516 0.0125687 0.0122309 0.0118428 0.0114095 0.0109367 0.0104303 0.00989658 0.00934196 0.00877278 0.00819533 0.00761566 0.00703948 0.00647214 0.00591845 0.00538272 0.00486864 0.00437929 0.00391716 0.00348406 0.00308126 0.00270941 0.00236868 0.00205873 0.00177882 0.00152787 0.00130448 0.00110706 0.000933815 0.000782874 0.000652301 0.00054015 0.000444513 0.000363544 0.000295495 0.000238731 0.000191746 0.000153174 0.000121792 9.65223e-05 7.64323e-05 6.07279e-05 4.87506e-05 3.99712e-05 3.39849e-05 3.05062e-05 
3.05062e-05 3.16888e-05 3.52947e-05 4.14993e-05 5.05975e-05 6.30071e-05 7.92746e-05 0.00010008 0.000126241 0.000158722 0.000198633 0.000247233 0.00030593 0.000376273 0.000459945 0.000558745 0.000674567 0.000809372 0.000965154 0.0011439 0.00134753 0.00157787 0.00183655 0.00212499 0.0024443 0.00279521 0.00317806 0.00359266 0.00403832 0.00451374 0.00501701 0.00554559 0.00609631 0.00666534 0.00724828 0.00784016 0.00843552 0.00902847 0.00961283 0.0101821 0.0107299 0.0112495 0.0117347 0.0121792 0.0125773 0.0129238 0.013214 0.0134439 0.0136105 0.0137114 0.0137452 0.0137114 0.0136105 0.0134439 0.013214 0.0129238 0.0125773 0.0121792 0.0117347 0.0112495 0.0107299 0.0101821 0.00961283 0.00902847 0.00843552 0.00784016 0.00724828 0.00666534 0.00609631 0.00554559 0.00501701 0.00451374 0.00403832 0.00359266 0.00317806 0.00279521 0.0024443 0.00212499 0.00183655 0.00157787 0.00134753 0.0011439 0.000965154 0.000809372 0.000674567 0.000558745 0.000459945 0.000376273 0.00030593 0.000247233 0.000198633 0.000158722 0.000126241 0.00010008 7.92746e-05 6.30071e-05 5.05975e-05 4.14993e-05 3.52947e-05 3.16888e-05 
3.39849e-05 3.52947e-05 3.92881e-05 4.61572e-05 5.62254e-05 6.99509e-05 8.7932e-05 0.000110912 0.000139788 0.000175609 0.000219588 0.000273097 0.000337668 0.000414983 0.000506868 0.00061527 0.000742237 0.000889886 0.00106036 0.00125579 0.00147825 0.00172966 0.00201177 0.00232608 0.00267372 0.00305548 0.00347164 0.00392197 0.00440567 0.00492127 0.00546669 0.00603914 0.00663515 0.00725058 0.00788066 0.00852001 0.00916276 0.00980257 0.0104328 0.0110465 0.0116366 0.0121963 0.0127186 0.0131971 0.0136254 0.0139981 0.0143102 0.0145575 0.0147366 0.0148451 0.0148814 0.0148451 0.0147366 0.0145575 0.0143102 0.0139981 0.0136254 0.0131971 0.0127186 0.0121963 0.0116366 0.0110465 0.0104328 0.00980257 0.00916276 0.00852001 0.00788066 0.00725058 0.00663515 0.00603914 0.00546669 0.00492127 0.00440567 0.00392197 0.00347164 0.00305548 0.00267372 0.00232608 0.00201177 0.00172966 0.00147825 0.00125579 0.00106036 0.000889886 0.000742237 0.00061527 0.000506868 0.000414983 0.000337668 0.000273097 0.000219588 0.000175609 0.000139788 0.000110912 8.7932e-05 6.99509e-05 5.62254e-05 4.61572e-05 3.92881e-05 3.52947e-05 
3.99712e-05 4.14993e-05 4.61572e-05 5.4166e-05 6.58977e-05 8.18789e-05 0.000102796 0.000129504 0.000163026 0.000204565 0.000255505 0.000317409 0.000392019 0.000481246 0.000587155 0.000711947 0.000857929 0.00102748 0.00122299 0.00144686 0.00170136 0.00198864 0.0023106 0.00266888 0.00306469 0.00349883 0.00397155 0.00448251 0.00503071 0.00561445 0.00623129 0.00687804 0.00755074 0.0082447 0.00895453 0.00967417 0.010397 0.011116 0.0118237 0.0125123 0.0131741 0.0138014 0.0143864 0.0149221 0.0154014 0.0158184 0.0161674 0.0164439 0.0166441 0.0167653 0.0168059 0.0167653 0.0166441 0.0164439 0.0161674 0.0158184 0.0154014 0.0149221 0.0143864 0.0138014 0.0131741 0.0125123 0.0118237 0.011116 0.010397 0.00967417 0.00895453 0.0082447 0.00755074 0.00687804 0.00623129 0.00561445 0.00503071 0.00448251 0.00397155 0.00349883 0.00306469 0.00266888 0.0023106 0.00198864 0.00170136 0.00144686 0.00122299 0.00102748 0.000857929 0.000711947 0.000587155 0.000481246 0.000392019 0.000317409 0.000255505 0.000204565 0.000163026 0.000129504 0.000102796 8.18789e-05 6.58977e-05 5.4166e-05 4.61572e-05 4.14993e-05 
4.87506e-05 5.05975e-05 5.62254e-05 6.58977e-05 8.00565e-05 9.93276e-05 0.000124526 0.000156663 0.000196951 0.000246812 0.000307875 0.000381981 0.000471172 0.000577687 0.000703937 0.000852483 0.001026 0.00122725 0.00145898 0.00172393 0.00202471 0.00236375 0.00274319 0.00316483 0.00363 0.00413953 0.00469358 0.00529166 0.0059325 0.00661402 0.0073333 0.00808655 0.0088691 0.00967548 0.0104994 0.0113338 0.0121712 0.0130033 0.0138215 0.0146171 0.0153811 0.0161047 0.0167792 0.0173963 0.0179484 0.0184283 0.0188299 0.019148 0.0193782 0.0195176 0.0195643 0.0195176 0.0193782 0.019148 0.0188299 0.0184283 0.0179484 0.0173963 0.0167792 0.0161047 0.0153811 0.0146171 0.0138215 0.0130033 0.0121712 0.0113338 0.0104994 0.00967548 0.0088691 0.00808655 0.0073333 0.00661402 0.0059325 0.00529166 0.00469358 0.00413953 0.00363 0.00316483 0.00274319 0.00236375 0.00202471 0.00172393 0.00145898 0.00122725 0.001026 0.000852483 0.000703937 0.000577687 0.000471172 0.000381981 0.000307875 0.000246812 0.000196951 0.000156663 0.000124526 9.93276e-05 8.00565e-05 6.58977e-05 5.62254e-05 5.05975e-05 
6.07279e-05 6.30071e-05 6.99509e-05 8.18789e-05 9.93276e-05 0.000123056 0.00015405 0.000193533 0.00024297 0.000304073 0.000378801 0.000469362 0.000578203 0.000707993 0.000861604 0.00104208 0.00125257 0.00149633 0.00177661 0.00209658 0.00245927 0.00286749 0.00332368 0.00382985 0.00438748 0.00499738 0.00565965 0.00637355 0.00713743 0.00794871 0.00880381 0.00969814 0.0106261 0.0115812 0.0125559 0.013542 0.0145304 0.0155116 0.0164756 0.0174121 0.0183107 0.019161 0.0199532 0.0206775 0.021325 0.0218877 0.0223584 0.022731 0.0230007 0.023164 0.0232186 0.023164 0.0230007 0.022731 0.0223584 0.0218877 0.021325 0.0206775 0.0199532 0.019161 0.0183107 0.0174121 0.0164756 0.0155116 0.0145304 0.013542 0.0125559 0.0115812 0.0106261 0.00969814 0.00880381 0.00794871 0.00713743 0.00637355 0.00565965 0.00499738 0.00438748 0.00382985 0.00332368 0.00286749 0.00245927 0.00209658 0.00177661 0.00149633 0.00125257 0.00104208 0.000861604 0.000707993 0.000578203 0.000469362 0.000378801 0.000304073 0.00024297 0.000193533 0.00015405 0.000123056 9.93276e-05 8.18789e-05 6.99509e-05 6.30071e-05 
7.64323e-05 7.92746e-05 8.7932e-05 0.000102796 0.000124526 0.00015405 0.000192576 0.000241598 0.000302904 0.000378577 0.000471 0.000582848 0.000717081 0.000876918 0.00106581 0.00128741 0.00154549 0.0018439 0.0021865 0.00257703 0.00301905 0.0035158 0.0040701 0.00468422 0.00535977 0.00609758 0.00689759 0.00775873 0.00867888 0.00965479 0.010682 0.011755 0.0128669 0.0140099 0.015175 0.0163524 0.0175313 0.0187003 0.0198478 0.0209614 0.0220291 0.0230386 0.0239784 0.0248372 0.0256045 0.0262709 0.0268282 0.0272691 0.0275882 0.0277813 0.027846 0.0277813 0.0275882 0.0272691 0.0268282 0.0262709 0.0256045 0.0248372 0.0239784 0.0230386 0.0220291 0.0209614 0.0198478 0.0187003 0.0175313 0.0163524 0.015175 0.0140099 0.0128669 0.011755 0.010682 0.00965479 0.00867888 0.00775873 0.00689759 0.00609758 0.00535977 0.00468422 0.0040701 0.0035158 0.00301905 0.00257703 0.0021865 0.0018439 0.00154549 0.00128741 0.00106581 0.000876918 0.000717081 0.000582848 0.000471 0.000378577 0.000302904 0.000241598 0.000192576 0.00015405 0.000124526 0.000102796 8.7932e-05 7.92746e-05 
9.65223e-05 0.00010008 0.000110912 0.000129504 0.000156663 0.000193533 0.000241598 0.000302692 0.000379001 0.000473074 0.000587817 0.000726488 0.000892678 0.00109029 0.00132348 0.00159665 0.00191432 0.00228111 0.00270157 0.00318016 0.00372103 0.00432798 0.00500424 0.00575239 0.00657417 0.00747039 0.00844077 0.00948382 0.0105968 0.0117756 0.0130148 0.0143074 0.0156453 0.0170188 0.0184172 0.0198288 0.0212406 0.0226392 0.0240105 0.0253403 0.026614 0.0278175 0.028937 0.0299593 0.0308722 0.0316648 0.0323271 0.0328511 0.0332302 0.0334595 0.0335363 0.0334595 0.0332302 0.0328511 0.0323271 0.0316648 0.0308722 0.0299593 0.028937 0.0278175 0.026614 0.0253403 0.0240105 0.0226392 0.0212406 0.0198288 0.0184172 0.0170188 0.0156453 0.0143074 0.0130148 0.0117756 0.0105968 0.00948382 0.00844077 0.00747039 0.00657417 0.00575239 0.00500424 0.00432798 0.00372103 0.00318016 0.00270157 0.00228111 0.00191432 0.00159665 0.00132348 0.00109029 0.000892678 0.000726488 0.000587817 0.000473074 0.000379001 0.000302692 0.000241598 0.000193533 0.000156663 0.000129504 0.000110912 0.00010008 
0.000121792 0.000126241 0.000139788 0.000163026 0.000196951 0.00024297 0.000302904 0.000379001 0.000473939 0.000590833 0.000733226 0.000905083 0.00111076 0.00135498 0.00164278 0.00197942 0.00237035 0.00282105 0.00333697 0.00392334 0.00458506 0.00532652 0.00615146 0.00706276 0.00806231 0.00915083 0.0103277 0.011591 0.0129371 0.0143609 0.0158556 0.0174128 0.0190223 0.0206728 0.0223512 0.0240433 0.025734 0.0274071 0.0290459 0.0306336 0.032153 0.0335876 0.0349209 0.0361378 0.0372238 0.0381661 0.0389534 0.0395759 0.0400262 0.0402986 0.0403897 0.0402986 0.0400262 0.0395759 0.0389534 0.0381661 0.0372238 0.0361378 0.0349209 0.0335876 0.032153 0.0306336 0.0290459 0.0274071 0.025734 0.0240433 0.0223512 0.0206728 0.0190223 0.0174128 0.0158556 0.0143609 0.0129371 0.011591 0.0103277 0.00915083 0.00806231 0.00706276 0.00615146 0.00532652 0.00458506 0.00392334 0.00333697 0.00282105 0.00237035 0.00197942 0.00164278 0.00135498 0.00111076 0.000905083 0.000733226 0.000590833 0.000473939 0.000379001 0.000302904 0.00024297 0.000196951 0.000163026 0.000139788 0.000126241 
0.000153174 0.000158722 0.000175609 0.000204565 0.000246812 0.000304073 0.000378577 0.000473074 0.000590833 0.000735648 0.000911829 0.00112418 0.00137799 0.00167894 0.00203309 0.00244676 0.00292646 0.00347871 0.00410995 0.00482636 0.00563365 0.00653692 0.00754041 0.00864736 0.00985976 0.0111782 0.0126017 0.0141274 0.015751 0.017466 0.0192639 0.0211345 0.0230656 0.0250434 0.0270522 0.0290751 0.031094 0.0330898 0.0350429 0.0369332 0.0387407 0.0404457 0.0420294 0.0434737 0.0447621 0.0458793 0.0468122 0.0475498 0.0480831 0.0484056 0.0485136 0.0484056 0.0480831 0.0475498 0.0468122 0.0458793 0.0447621 0.0434737 0.0420294 0.0404457 0.0387407 0.0369332 0.0350429 0.0330898 0.031094 0.0290751 0.0270522 0.0250434 0.0230656 0.0211345 0.0192639 0.017466 0.015751 0.0141274 0.0126017 0.0111782 0.00985976 0.00864736 0.00754041 0.00653692 0.00563365 0.00482636 0.00410995 0.00347871 0.00292646 0.00244676 0.00203309 0.00167894 0.00137799 0.00112418 0.000911829 0.000735648 0.000590833 0.000473074 0.000378577 0.000304073 0.000246812 0.000204565 0.000175609 0.000158722 
0.000191746 0.000198633 0.000219588 0.000255505 0.000307875 0.000378801 0.000471 0.000587817 0.000733226 0.000911829 0.00112884 0.00139007 0.00170187 0.00207108 0.00250496 0.00301105 0.00359708 0.00427078 0.00503974 0.00591118 0.00689175 0.00798731 0.00920267 0.0105414 0.0120055 0.0135954 0.0153095 0.0171443 0.019094 0.0211505 0.0233036 0.0255409 0.0278475 0.0302069 0.0326005 0.0350081 0.0374082 0.0397783 0.0420953 0.0443357 0.0464761 0.0484935 0.0503659 0.0520724 0.0535937 0.0549122 0.0560128 0.0568826 0.0575113 0.0578916 0.0580188 0.0578916 0.0575113 0.0568826 0.0560128 0.0549122 0.0535937 0.0520724 0.0503659 0.0484935 0.0464761 0.0443357 0.0420953 0.0397783 0.0374082 0.0350081 0.0326005 0.0302069 0.0278475 0.0255409 0.0233036 0.0211505 0.019094 0.0171443 0.0153095 0.0135954 0.0120055 0.0105414 0.00920267 0.00798731 0.00689175 0.00591118 0.00503974 0.00427078 0.00359708 0.00301105 0.00250496 0.00207108 0.00170187 0.00139007 0.00112884 0.000911829 0.000733226 0.000587817 0.000471 0.000378801 0.000307875 0.000255505 0.000219588 0.000198633 
0.000238731 0.000247233 0.000273097 0.000317409 0.000381981 0.000469362 0.000582848 0.000726488 0.000905083 0.00112418 0.00139007 0.00170971 0.00209072 0.00254128 0.00307002 0.00368589 0.00439803 0.00521554 0.0061473 0.00720171 0.00838645 0.00970818 0.0111723 0.0127827 0.0145414 0.0164484 0.0185015 0.020696 0.0230246 0.0254774 0.028042 0.0307032 0.0334435 0.0362428 0.0390792 0.0419288 0.0447663 0.0475654 0.0502989 0.0529394 0.0554598 0.0578335 0.0600348 0.0620397 0.0638259 0.0653732 0.0666642 0.0676841 0.0684211 0.0688667 0.0690159 0.0688667 0.0684211 0.0676841 0.0666642 0.0653732 0.0638259 0.0620397 0.0600348 0.0578335 0.0554598 0.0529394 0.0502989 0.0475654 0.0447663 0.0419288 0.0390792 0.0362428 0.0334435 0.0307032 0.028042 0.0254774 0.0230246 0.020696 0.0185015 0.0164484 0.0145414 0.0127827 0.0111723 0.00970818 0.00838645 0.00720171 0.0061473 0.00521554 0.00439803 0.00368589 0.00307002 0.00254128 0.00209072 0.00170971 0.00139007 0.00112418 0.000905083 0.000726488 0.000582848 0.000469362 0.000381981 0.000317409 0.000273097 0.000247233 
0.000295495 0.00030593 0.000337668 0.000392019 0.000471172 0.000578203 0.000717081 0.000892678 0.00111076 0.00137799 0.00170187 0.00209072 0.00255362 0.00310027 0.00374087 0.004486 0.00534637 0.00633263 0.00745509 0.00872346 0.0101465 0.0117318 0.0134853 0.0154111 0.0175113 0.0197852 0.0222297 0.0248388 0.0276034 0.0305115 0.0335479 0.0366944 0.03993 0.0432311 0.0465718 0.0499239 0.053258 0.0565433 0.0597482 0.0628411 0.0657905 0.0685658 0.0711376 0.0734782 0.0755622 0.0773666 0.0788713 0.0800596 0.080918 0.081437 0.0816107 0.081437 0.080918 0.0800596 0.0788713 0.0773666 0.0755622 0.0734782 0.0711376 0.0685658 0.0657905 0.0628411 0.0597482 0.0565433 0.053258 0.0499239 0.0465718 0.0432311 0.03993 0.0366944 0.0335479 0.0305115 0.0276034 0.0248388 0.0222297 0.0197852 0.0175113 0.0154111 0.0134853 0.0117318 0.0101465 0.00872346 0.00745509 0.00633263 0.00534637 0.004486 0.00374087 0.00310027 0.00255362 0.00209072 0.00170187 0.00137799 0.00111076 0.000892678 0.000717081 0.000578203 0.000471172 0.000392019 0.000337668 0.00030593 
0.000363544 0.000376273 0.000414983 0.000481246 0.000577687 0.000707993 0.000876918 0.00109029 0.00135498 0.00167894 0.00207108 0.00254128 0.00310027 0.00375947 0.00453092 0.00542696 0.00646011 0.00764272 0.00898668 0.0105031 0.012202 0.0140917 0.0161788 0.0184677 0.02096 0.0236546 0.026547 0.0296297 0.0328915 0.0363176 0.0398897 0.0435864 0.0473826 0.0512505 0.0551597 0.0590776 0.0629697 0.0668005 0.0705335 0.0741323 0.077561 0.0807843 0.0837689 0.0864833 0.0888984 0.0909884 0.0927304 0.0941056 0.0950988 0.0956991 0.0959 0.0956991 0.0950988 0.0941056 0.0927304 0.0909884 0.0888984 0.0864833 0.0837689 0.0807843 0.077561 0.0741323 0.0705335 0.0668005 0.0629697 0.0590776 0.0551597 0.0512505 0.0473826 0.0435864 0.0398897 0.0363176 0.0328915 0.0296297 0.026547 0.0236546 0.02096 0.0184677 0.0161788 0.0140917 0.012202 0.0105031 0.00898668 0.00764272 0.00646011 0.00542696 0.00453092 0.00375947 0.00310027 0.00254128 0.00207108 0.00167894 0.00135498 0.00109029 0.000876918 0.000707993 0.000577687 0.000481246 0.000414983 0.000376273 
0.000444513 0.000459945 0.000506868 0.000587155 0.000703937 0.000861604 0.00106581 0.00132348 0.00164278 0.00203309 0.00250496 0.00307002 0.00374087 0.00453092 0.00545417 0.00652503 0.00775796 0.0091672 0.0107664 0.012568 0.0145835 0.016822 0.0192906 0.0219938 0.0249328 0.0281055 0.0315061 0.035125 0.0389485 0.0429587 0.0471339 0.0514485 0.0558732 0.0603754 0.0649196 0.0694682 0.0739813 0.0784181 0.0827368 0.086896 0.0908546 0.0945728 0.0980126 0.101139 0.103918 0.106322 0.108325 0.109905 0.111046 0.111736 0.111967 0.111736 0.111046 0.109905 0.108325 0.106322 0.103918 0.101139 0.0980126 0.0945728 0.0908546 0.086896 0.0827368 0.0784181 0.0739813 0.0694682 0.0649196 0.0603754 0.0558732 0.0514485 0.0471339 0.0429587 0.0389485 0.035125 0.0315061 0.0281055 0.0249328 0.0219938 0.0192906 0.016822 0.0145835 0.012568 0.0107664 0.0091672 0.00775796 0.00652503 0.00545417 0.00453092 0.00374087 0.00307002 0.00250496 0.00203309 0.00164278 0.00132348 0.00106581 0.000861604 0.000703937 0.000587155 0.000506868 0.000459945 
0.00054015 0.000558745 0.00061527 0.000711947 0.000852483 0.00104208 0.00128741 0.00159665 0.00197942 0.00244676 0.00301105 0.00368589 0.004486 0.00542696 0.00652503 0.00779683 0.00925898 0.0109277 0.0128186 0.0149458 0.0173217 0.0199565 0.0228578 0.0260299 0.0294735 0.0331852 0.0371575 0.0413783 0.0458311 0.0504943 0.0553423 0.0603449 0.0654678 0.0706733 0.0759204 0.0811655 0.0863632 0.0914668 0.096429 0.101203 0.105741 0.11 0.113937 0.117512 0.120689 0.123434 0.125721 0.127524 0.128826 0.129612 0.129875 0.129612 0.128826 0.127524 0.125721 0.123434 0.120689 0.117512 0.113937 0.11 0.105741 0.101203 0.096429 0.0914668 0.0863632 0.0811655 0.0759204 0.0706733 0.0654678 0.0603449 0.0553423 0.0504943 0.0458311 0.0413783 0.0371575 0.0331852 0.0294735 0.0260299 0.0228578 0.0199565 0.0173217 0.0149458 0.0128186 0.0109277 0.00925898 0.00779683 0.00652503 0.00542696 0.004486 0.00368589 0.00301105 0.00244676 0.00197942 0.00159665 0.00128741 0.00104208 0.000852483 0.000711947 0.00061527 0.000558745 
0.000652301 0.000674567 0.000742237 0.000857929 0.001026 0.00125257 0.00154549 0.00191432 0.00237035 0.00292646 0.00359708 0.00439803 0.00534637 0.00646011 0.00775796 0.00925898 0.0109821 0.0129459 0.0151676 0.0176632 0.0204463 0.0235281 0.0269163 0.0306149 0.0346238 0.0389382 0.0435483 0.0484393 0.053591 0.0589782 0.0645703 0.0703321 0.076224 0.0822023 0.08822 0.0942274 0.100173 0.106003 0.111666 0.117106 0.122274 0.127119 0.131593 0.135653 0.139257 0.142371 0.144962 0.147005 0.148479 0.14937 0.149667 0.14937 0.148479 0.147005 0.144962 0.142371 0.139257 0.135653 0.131593 0.127119 0.122274 0.117106 0.111666 0.106003 0.100173 0.0942274 0.08822 0.0822023 0.076224 0.0703321 0.0645703 0.0589782 0.053591 0.0484393 0.0435483 0.0389382 0.0346238 0.0306149 0.0269163 0.0235281 0.0204463 0.0176632 0.0151676 0.0129459 0.0109821 0.00925898 0.00775796 0.00646011 0.00534637 0.00439803 0.00359708 0.00292646 0.00237035 0.00191432 0.00154549 0.00125257 0.001026 0.000857929 0.000742237 0.000674567 
0.000782874 0.000809372 0.000889886 0.00102748 0.00122725 0.00149633 0.0018439 0.00228111 0.00282105 0.00347871 0.00427078 0.00521554 0.00633263 0.00764272 0.0091672 0.0109277 0.0129459 0.0152423 0.0178365 0.020746 0.0239858 0.0275675 0.0314992 0.0357844 0.0404218 0.0454046 0.0507205 0.0563514 0.0622732 0.068456 0.0748641 0.0814567 0.0881881 0.0950081 0.101863 0.108697 0.115452 0.122067 0.128484 0.134642 0.140485 0.145958 0.151007 0.155584 0.159645 0.163151 0.166067 0.168365 0.170023 0.171024 0.171359 0.171024 0.170023 0.168365 0.166067 0.163151 0.159645 0.155584 0.151007 0.145958 0.140485 0.134642 0.128484 0.122067 0.115452 0.108697 0.101863 0.0950081 0.0881881 0.0814567 0.0748641 0.068456 0.0622732 0.0563514 0.0507205 0.0454046 0.0404218 0.0357844 0.0314992 0.0275675 0.0239858 0.020746 0.0178365 0.0152423 0.0129459 0.0109277 0.0091672 0.00764272 0.00633263 0.00521554 0.00427078 0.00347871 0.00282105 0.00228111 0.0018439 0.00149633 0.00122725 0.00102748 0.000889886 0.000809372 
0.000933815 0.000965154 0.00106036 0.00122299 0.00145898 0.00177661 0.0021865 0.00270157 0.00333697 0.00410995 0.00503974 0.0061473 0.00745509 0.00898668 0.0107664 0.0128186 0.0151676 0.0178365 0.0208469 0.0242179 0.0279657 0.0321026 0.0366364 0.04157 0.0469004 0.0526186 0.0587094 0.0651507 0.0719138 0.0789638 0.0862592 0.093753 0.101393 0.109122 0.116879 0.124601 0.132223 0.139678 0.146899 0.153822 0.160384 0.166522 0.17218 0.177304 0.181848 0.185767 0.189025 0.191592 0.193443 0.19456 0.194934 0.19456 0.193443 0.191592 0.189025 0.185767 0.181848 0.177304 0.17218 0.166522 0.160384 0.153822 0.146899 0.139678 0.132223 0.124601 0.116879 0.109122 0.101393 0.093753 0.0862592 0.0789638 0.0719138 0.0651507 0.0587094 0.0526186 0.0469004 0.04157 0.0366364 0.0321026 0.0279657 0.0242179 0.0208469 0.0178365 0.0151676 0.0128186 0.0107664 0.00898668 0.00745509 0.0061473 0.00503974 0.00410995 0.00333697 0.00270157 0.0021865 0.00177661 0.00145898 0.00122299 0.00106036 0.000965154 
0.00110706 0.0011439 0.00125579 0.00144686 0.00172393 0.00209658 0.00257703 0.00318016 0.00392334 0.00482636 0.00591118 0.00720171 0.00872346 0.0105031 0.012568 0.0149458 0.0176632 0.020746 0.0242179 0.0280996 0.0324084 0.0371569 0.0423527 0.0479974 0.0540862 0.0606073 0.0675418 0.0748634 0.0825383 0.0905257 0.0987778 0.107241 0.115855 0.124556 0.133276 0.141944 0.150487 0.158832 0.166904 0.174634 0.181951 0.188788 0.195085 0.200783 0.20583 0.210181 0.213796 0.216642 0.218694 0.219932 0.220346 0.219932 0.218694 0.216642 0.213796 0.210181 0.20583 0.200783 0.195085 0.188788 0.181951 0.174634 0.166904 0.158832 0.150487 0.141944 0.133276 0.124556 0.115855 0.107241 0.0987778 0.0905257 0.0825383 0.0748634 0.0675418 0.0606073 0.0540862 0.0479974 0.0423527 0.0371569 0.0324084 0.0280996 0.0242179 0.020746 0.0176632 0.0149458 0.012568 0.0105031 0.00872346 0.00720171 0.00591118 0.00482636 0.00392334 0.00318016 0.00257703 0.00209658 0.00172393 0.00144686 0.00125579 0.0011439 
0.00130448 0.00134753 0.00147825 0.00170136 0.00202471 0.00245927 0.00301905 0.00372103 0.00458506 0.00563365 0.00689175 0.00838645 0.0101465 0.012202 0.0145835 0.0173217 0.0204463 0.0239858 0.0279657 0.0324084 0.037332 0.0427493 0.0486672 0.0550859 0.0619981 0.0693888 0.0772349 0.0855051 0.09416 0.103152 0.112427 0.121924 0.131574 0.141307 0.151045 0.160711 0.170223 0.179501 0.188465 0.197037 0.205141 0.212705 0.219664 0.225956 0.231524 0.236321 0.240303 0.243438 0.245696 0.247059 0.247514 0.247059 0.245696 0.243438 0.240303 0.236321 0.231524 0.225956 0.219664 0.212705 0.205141 0.197037 0.188465 0.179501 0.170223 0.160711 0.151045 0.141307 0.131574 0.121924 0.112427 0.103152 0.09416 0.0855051 0.0772349 0.0693888 0.0619981 0.0550859 0.0486672 0.0427493 0.037332 0.0324084 0.0279657 0.0239858 0.0204463 0.0173217 0.0145835 0.012202 0.0101465 0.00838645 0.00689175 0.00563365 0.00458506 0.00372103 0.00301905 0.00245927 0.00202471 0.00170136 0.00147825 0.00134753 
0.00152787 0.00157787 0.00172966 0.00198864 0.00236375 0.00286749 0.0035158 0.00432798 0.00532652 0.00653692 0.00798731 0.00970818 0.0117318 0.0140917 0.016822 0.0199565 0.0235281 0.0275675 0.0321026 0.0371569 0.0427493 0.0488925 0.0555923 0.0628469 0.0706462 0.0789713 0.0877945 0.0970787 0.106778 0.116839 0.127198 0.137787 0.14853 0.159347 0.170153 0.180861 0.191384 0.201632 0.21152 0.220962 0.229878 0.238191 0.24583 0.252729 0.25883 0.264082 0.268439 0.271867 0.274335 0.275825 0.276322 0.275825 0.274335 0.271867 0.268439 0.264082 0.25883 0.252729 0.24583 0.238191 0.229878 0.220962 0.21152 0.201632 0.191384 0.180861 0.170153 0.159347 0.14853 0.137787 0.127198 0.116839 0.106778 0.0970787 0.0877945 0.0789713 0.0706462 0.0628469 0.0555923 0.0488925 0.0427493 0.0371569 0.0321026 0.0275675 0.0235281 0.0199565 0.016822 0.0140917 0.0117318 0.00970818 0.00798731 0.00653692 0.00532652 0.00432798 0.0035158 0.00286749 0.00236375 0.00198864 0.00172966 0.00157787 
0.00177882 0.00183655 0.00201177 0.0023106 0.00274319 0.00332368 0.0040701 0.00500424 0.00615146 0.00754041 0.00920267 0.0111723 0.0134853 0.0161788 0.0192906 0.0228578 0.0269163 0.0314992 0.0366364 0.0423527 0.0486672 0.0555923 0.0631322 0.0712828 0.0800304 0.0893519 0.099214 0.109574 0.120378 0.131565 0.143064 0.154798 0.166683 0.178629 0.190544 0.202332 0.213897 0.225145 0.23598 0.246314 0.256058 0.265133 0.273462 0.280977 0.287617 0.293327 0.298063 0.301785 0.304465 0.306081 0.306621 0.306081 0.304465 0.301785 0.298063 0.293327 0.287617 0.280977 0.273462 0.265133 0.256058 0.246314 0.23598 0.225145 0.213897 0.202332 0.190544 0.178629 0.166683 0.154798 0.143064 0.131565 0.120378 0.109574 0.099214 0.0893519 0.0800304 0.0712828 0.0631322 0.0555923 0.0486672 0.0423527 0.0366364 0.0314992 0.0269163 0.0228578 0.0192906 0.0161788 0.0134853 0.0111723 0.00920267 0.00754041 0.00615146 0.00500424 0.0040701 0.00332368 0.00274319 0.0023106 0.00201177 0.00183655 
0.00205873 0.00212499 0.00232608 0.00266888 0.00316483 0.00382985 0.00468422 0.00575239 0.00706276 0.00864736 0.0105414 0.0127827 0.0154111 0.0184677 0.0219938 0.0260299 0.0306149 0.0357844 0.04157 0.0479974 0.0550859 0.0628469 0.0712828 0.0803864 0.0901401 0.100516 0.111474 0.122964 0.134927 0.147292 0.15998 0.172904 0.185971 0.199083 0.212139 0.225035 0.237667 0.249932 0.261731 0.272967 0.283548 0.293389 0.302411 0.310543 0.317721 0.323889 0.329 0.333015 0.335905 0.337647 0.33823 0.337647 0.335905 0.333015 0.329 0.323889 0.317721 0.310543 0.302411 0.293389 0.283548 0.272967 0.261731 0.249932 0.237667 0.225035 0.212139 0.199083 0.185971 0.172904 0.15998 0.147292 0.134927 0.122964 0.111474 0.100516 0.0901401 0.0803864 0.0712828 0.0628469 0.0550859 0.0479974 0.04157 0.0357844 0.0306149 0.0260299 0.0219938 0.0184677 0.0154111 0.0127827 0.0105414 0.00864736 0.00706276 0.00575239 0.00468422 0.00382985 0.00316483 0.00266888 0.00232608 0.00212499 
0.00236868 0.0024443 0.00267372 0.00306469 0.00363 0.00438748 0.00535977 0.00657417 0.00806231 0.00985976 0.0120055 0.0145414 0.0175113 0.02096 0.0249328 0.0294735 0.0346238 0.0404218 0.0469004 0.0540862 0.0619981 0.0706462 0.0800304 0.0901401 0.100953 0.112435 0.12454 0.137212 0.15038 0.163966 0.177882 0.192032 0.206313 0.220619 0.234838 0.248859 0.262571 0.275863 0.28863 0.30077 0.312186 0.32279 0.3325 0.341242 0.348951 0.355569 0.361049 0.365352 0.368447 0.370313 0.370937 0.370313 0.368447 0.365352 0.361049 0.355569 0.348951 0.341242 0.3325 0.32279 0.312186 0.30077 0.28863 0.275863 0.262571 0.248859 0.234838 0.220619 0.206313 0.192032 0.177882 0.163966 0.15038 0.137212 0.12454 0.112435 0.100953 0.0901401 0.0800304 0.0706462 0.0619981 0.0540862 0.0469004 0.0404218 0.0346238 0.0294735 0.0249328 0.02096 0.0175113 0.0145414 0.0120055 0.00985976 0.00806231 0.00657417 0.00535977 0.00438748 0.00363 0.00306469 0.00267372 0.0024443 
0.00270941 0.00279521 0.00305548 0.00349883 0.00413953 0.00499738 0.00609758 0.00747039 0.00915083 0.0111782 0.0135954 0.0164484 0.0197852 0.0236546 0.0281055 0.0331852 0.0389382 0.0454046 0.0526186 0.0606073 0.0693888 0.0789713 0.0893519 0.100516 0.112435 0.12507 0.138367 0.15226 0.166672 0.181514 0.196689 0.212091 0.227608 0.243124 0.258518 0.273671 0.288465 0.302783 0.316513 0.329548 0.341789 0.353143 0.363527 0.372865 0.381091 0.388147 0.393985 0.398566 0.40186 0.403844 0.404507 0.403844 0.40186 0.398566 0.393985 0.388147 0.381091 0.372865 0.363527 0.353143 0.341789 0.329548 0.316513 0.302783 0.288465 0.273671 0.258518 0.243124 0.227608 0.212091 0.196689 0.181514 0.166672 0.15226 0.138367 0.12507 0.112435 0.100516 0.0893519 0.0789713 0.0693888 0.0606073 0.0526186 0.0454046 0.0389382 0.0331852 0.0281055 0.0236546 0.0197852 0.0164484 0.0135954 0.0111782 0.00915083 0.00747039 0.00609758 0.00499738 0.00413953 0.00349883 0.00305548 0.00279521 
0.00308126 0.00317806 0.00347164 0.00397155 0.00469358 0.00565965 0.00689759 0.00844077 0.0103277 0.0126017 0.0153095 0.0185015 0.0222297 0.026547 0.0315061 0.0371575 0.0435483 0.0507205 0.0587094 0.0675418 0.0772349 0.0877945 0.099214 0.111474 0.12454 0.138367 0.152891 0.168039 0.183724 0.199848 0.216302 0.232972 0.249735 0.266466 0.283036 0.299318 0.315185 0.330516 0.345193 0.359105 0.37215 0.384234 0.39527 0.405183 0.413905 0.42138 0.42756 0.432406 0.435889 0.437986 0.438687 0.437986 0.435889 0.432406 0.42756 0.42138 0.413905 0.405183 0.39527 0.384234 0.37215 0.359105 0.345193 0.330516 0.315185 0.299318 0.283036 0.266466 0.249735 0.232972 0.216302 0.199848 0.183724 0.168039 0.152891 0.138367 0.12454 0.111474 0.099214 0.0877945 0.0772349 0.0675418 0.0587094 0.0507205 0.0435483 0.0371575 0.0315061 0.026547 0.0222297 0.0185015 0.0153095 0.0126017 0.0103277 0.00844077 0.00689759 0.00565965 0.00469358 0.00397155 0.00347164 0.00317806 
0.00348406 0.00359266 0.00392197 0.00448251 0.00529166 0.00637355 0.00775873 0.00948382 0.011591 0.0141274 0.0171443 0.020696 0.0248388 0.0296297 0.035125 0.0413783 0.0484393 0.0563514 0.0651507 0.0748634 0.0855051 0.0970787 0.109574 0.122964 0.137212 0.15226 0.168039 0.184466 0.201443 0.218863 0.236607 0.254549 0.272558 0.290498 0.308233 0.325627 0.342549 0.358869 0.374467 0.389229 0.403049 0.415832 0.42749 0.437949 0.447142 0.455012 0.461514 0.466608 0.470267 0.472471 0.473207 0.472471 0.470267 0.466608 0.461514 0.455012 0.447142 0.437949 0.42749 0.415832 0.403049 0.389229 0.374467 0.358869 0.342549 0.325627 0.308233 0.290498 0.272558 0.254549 0.236607 0.218863 0.201443 0.184466 0.168039 0.15226 0.137212 0.122964 0.109574 0.0970787 0.0855051 0.0748634 0.0651507 0.0563514 0.0484393 0.0413783 0.035125 0.0296297 0.0248388 0.020696 0.0171443 0.0141274 0.011591 0.00948382 0.00775873 0.00637355 0.00529166 0.00448251 0.00392197 0.00359266 
0.00391716 0.00403832 0.00440567 0.00503071 0.0059325 0.00713743 0.00867888 0.0105968 0.0129371 0.015751 0.019094 0.0230246 0.0276034 0.0328915 0.0389485 0.0458311 0.053591 0.0622732 0.0719138 0.0825383 0.09416 0.106778 0.120378 0.134927 0.15038 0.166672 0.183724 0.201443 0.219722 0.238442 0.257474 0.276682 0.295924 0.315056 0.333934 0.352415 0.370361 0.387638 0.404122 0.419695 0.434252 0.447696 0.45994 0.47091 0.480541 0.488778 0.495576 0.5009 0.504721 0.507022 0.50779 0.507022 0.504721 0.5009 0.495576 0.488778 0.480541 0.47091 0.45994 0.447696 0.434252 0.419695 0.404122 0.387638 0.370361 0.352415 0.333934 0.315056 0.295924 0.276682 0.257474 0.238442 0.219722 0.201443 0.183724 0.166672 0.15038 0.134927 0.120378 0.106778 0.09416 0.0825383 0.0719138 0.0622732 0.053591 0.0458311 0.0389485 0.0328915 0.0276034 0.0230246 0.019094 0.015751 0.0129371 0.0105968 0.00867888 0.00713743 0.0059325 0.00503071 0.00440567 0.00403832 
0.00437929 0.00451374 0.00492127 0.00561445 0.00661402 0.00794871 0.00965479 0.0117756 0.0143609 0.017466 0.0211505 0.0254774 0.0305115 0.0363176 0.0429587 0.0504943 0.0589782 0.068456 0.0789638 0.0905257 0.103152 0.116839 0.131565 0.147292 0.163966 0.181514 0.199848 0.218863 0.238442 0.258455 0.278763 0.299219 0.319671 0.339968 0.359957 0.379488 0.398417 0.416608 0.433932 0.450271 0.465519 0.479578 0.492365 0.503806 0.513838 0.522409 0.529476 0.535006 0.538974 0.541362 0.542159 0.541362 0.538974 0.535006 0.529476 0.522409 0.513838 0.503806 0.492365 0.479578 0.465519 0.450271 0.433932 0.416608 0.398417 0.379488 0.359957 0.339968 0.319671 0.299219 0.278763 0.258455 0.238442 0.218863 0.199848 0.181514 0.163966 0.147292 0.131565 0.116839 0.103152 0.0905257 0.0789638 0.068456 0.0589782 0.0504943 0.0429587 0.0363176 0.0305115 0.0254774 0.0211505 0.017466 0.0143609 0.0117756 0.00965479 0.00794871 0.00661402 0.00561445 0.00492127 0.00451374 
0.00486864 0.00501701 0.00546669 0.00623129 0.0073333 0.00880381 0.010682 0.0130148 0.0158556 0.0192639 0.0233036 0.028042 0.0335479 0.0398897 0.0471339 0.0553423 0.0645703 0.0748641 0.0862592 0.0987778 0.112427 0.127198 0.143064 0.15998 0.177882 0.196689 0.216302 0.236607 0.257474 0.278763 0.300323 0.321999 0.343629 0.365052 0.386108 0.406642 0.426506 0.445559 0.463671 0.480723 0.496609 0.511233 0.524514 0.53638 0.546771 0.55564 0.562946 0.568659 0.572755 0.575219 0.576041 0.575219 0.572755 0.568659 0.562946 0.55564 0.546771 0.53638 0.524514 0.511233 0.496609 0.480723 0.463671 0.445559 0.426506 0.406642 0.386108 0.365052 0.343629 0.321999 0.300323 0.278763 0.257474 0.236607 0.216302 0.196689 0.177882 0.15998 0.143064 0.127198 0.112427 0.0987778 0.0862592 0.0748641 0.0645703 0.0553423 0.0471339 0.0398897 0.0335479 0.028042 0.0233036 0.0192639 0.0158556 0.0130148 0.010682 0.00880381 0.0073333 0.00623129 0.00546669 0.00501701 
0.00538272 0.00554559 0.00603914 0.00687804 0.00808655 0.00969814 0.011755 0.0143074 0.0174128 0.0211345 0.0255409 0.0307032 0.0366944 0.0435864 0.0514485 0.0603449 0.0703321 0.0814567 0.093753 0.107241 0.121924 0.137787 0.154798 0.172904 0.192032 0.212091 0.232972 0.254549 0.276682 0.299219 0.321999 0.344856 0.367619 0.390121 0.412193 0.433676 0.454417 0.474273 0.493113 0.510819 0.527285 0.542418 0.556139 0.568382 0.579089 0.588217 0.595729 0.601598 0.605804 0.608332 0.609176 0.608332 0.605804 0.601598 0.595729 0.588217 0.579089 0.568382 0.556139 0.542418 0.527285 0.510819 0.493113 0.474273 0.454417 0.433676 0.412193 0.390121 0.367619 0.344856 0.321999 0.299219 0.276682 0.254549 0.232972 0.212091 0.192032 0.172904 0.154798 0.137787 0.121924 0.107241 0.093753 0.0814567 0.0703321 0.0603449 0.0514485 0.0435864 0.0366944 0.0307032 0.0255409 0.0211345 0.0174128 0.0143074 0.011755 0.00969814 0.00808655 0.00687804 0.00603914 0.00554559 
0.00591845 0.00609631 0.00663515 0.00755074 0.0088691 0.0106261 0.0128669 0.0156453 0.0190223 0.0230656 0.0278475 0.0334435 0.03993 0.0473826 0.0558732 0.0654678 0.076224 0.0881881 0.101393 0.115855 0.131574 0.14853 0.166683 0.185971 0.206313 0.227608 0.249735 0.272558 0.295924 0.319671 0.343629 0.367619 0.391465 0.414989 0.438018 0.460388 0.481942 0.502537 0.52204 0.540336 0.557319 0.572902 0.587008 0.599575 0.610552 0.619899 0.627583 0.633582 0.637877 0.640459 0.641321 0.640459 0.637877 0.633582 0.627583 0.619899 0.610552 0.599575 0.587008 0.572902 0.557319 0.540336 0.52204 0.502537 0.481942 0.460388 0.438018 0.414989 0.391465 0.367619 0.343629 0.319671 0.295924 0.272558 0.249735 0.227608 0.206313 0.185971 0.166683 0.14853 0.131574 0.115855 0.101393 0.0881881 0.076224 0.0654678 0.0558732 0.0473826 0.03993 0.0334435 0.0278475 0.0230656 0.0190223 0.0156453 0.0128669 0.0106261 0.0088691 0.00755074 0.00663515 0.00609631 
0.00647214 0.00666534 0.00725058 0.0082447 0.00967548 0.0115812 0.0140099 0.0170188 0.0206728 0.0250434 0.0302069 0.0362428 0.0432311 0.0512505 0.0603754 0.0706733 0.0822023 0.0950081 0.109122 0.124556 0.141307 0.159347 0.178629 0.199083 0.220619 0.243124 0.266466 0.290498 0.315056 0.339968 0.365052 0.390121 0.414989 0.439472 0.463393 0.486582 0.50888 0.530144 0.550243 0.569061 0.586497 0.602468 0.616902 0.629742 0.640941 0.650465 0.658288 0.664389 0.668755 0.671378 0.672253 0.671378 0.668755 0.664389 0.658288 0.650465 0.640941 0.629742 0.616902 0.602468 0.586497 0.569061 0.550243 0.530144 0.50888 0.486582 0.463393 0.439472 0.414989 0.390121 0.365052 0.339968 0.315056 0.290498 0.266466 0.243124 0.220619 0.199083 0.178629 0.159347 0.141307 0.124556 0.109122 0.0950081 0.0822023 0.0706733 0.0603754 0.0512505 0.0432311 0.0362428 0.0302069 0.0250434 0.0206728 0.0170188 0.0140099 0.0115812 0.00967548 0.0082447 0.00725058 0.00666534 
0.00703948 0.00724828 0.00788066 0.00895453 0.0104994 0.0125559 0.015175 0.0184172 0.0223512 0.0270522 0.0326005 0.0390792 0.0465718 0.0551597 0.0649196 0.0759204 0.08822 0.101863 0.116879 0.133276 0.151045 0.170153 0.190544 0.212139 0.234838 0.258518 0.283036 0.308233 0.333934 0.359957 0.386108 0.412193 0.438018 0.463393 0.488134 0.512071 0.535042 0.556903 0.577526 0.596798 0.614622 0.630919 0.645623 0.658683 0.670058 0.67972 0.687646 0.693823 0.698241 0.700894 0.701778 0.700894 0.698241 0.693823 0.687646 0.67972 0.670058 0.658683 0.645623 0.630919 0.614622 0.596798 0.577526 0.556903 0.535042 0.512071 0.488134 0.463393 0.438018 0.412193 0.386108 0.359957 0.333934 0.308233 0.283036 0.258518 0.234838 0.212139 0.190544 0.170153 0.151045 0.133276 0.116879 0.101863 0.08822 0.0759204 0.0649196 0.0551597 0.0465718 0.0390792 0.0326005 0.0270522 0.0223512 0.0184172 0.015175 0.0125559 0.0104994 0.00895453 0.00788066 0.00724828 
0.00761566 0.00784016 0.00852001 0.00967417 0.0113338 0.013542 0.0163524 0.0198288 0.0240433 0.0290751 0.0350081 0.0419288 0.0499239 0.0590776 0.0694682 0.0811655 0.0942274 0.108697 0.124601 0.141944 0.160711 0.180861 0.202332 0.225035 0.248859 0.273671 0.299318 0.325627 0.352415 0.379488 0.406642 0.433676 0.460388 0.486582 0.512071 0.53668 0.56025 0.582637 0.603713 0.62337 0.641517 0.65808 0.672997 0.686226 0.697732 0.707492 0.71549 0.721717 0.726168 0.728839 0.72973 0.728839 0.726168 0.721717 0.71549 0.707492 0.697732 0.686226 0.672997 0.65808 0.641517 0.62337 0.603713 0.582637 0.56025 0.53668 0.512071 0.486582 0.460388 0.433676 0.406642 0.379488 0.352415 0.325627 0.299318 0.273671 0.248859 0.225035 0.202332 0.180861 0.160711 0.141944 0.124601 0.108697 0.0942274 0.0811655 0.0694682 0.0590776 0.0499239 0.0419288 0.0350081 0.0290751 0.0240433 0.0198288 0.0163524 0.013542 0.0113338 0.00967417 0.00852001 0.00784016 
0.00819533 0.00843552 0.00916276 0.010397 0.0121712 0.0145304 0.0175313 0.0212406 0.025734 0.031094 0.0374082 0.0447663 0.053258 0.0629697 0.0739813 0.0863632 0.100173 0.115452 0.132223 0.150487 0.170223 0.191384 0.213897 0.237667 0.262571 0.288465 0.315185 0.342549 0.370361 0.398417 0.426506 0.454417 0.481942 0.50888 0.535042 0.56025 0.584345 0.607184 0.628645 0.648621 0.667028 0.683797 0.698875 0.712224 0.723818 0.73364 0.741679 0.747933 0.752399 0.755078 0.755971 0.755078 0.752399 0.747933 0.741679 0.73364 0.723818 0.712224 0.698875 0.683797 0.667028 0.648621 0.628645 0.607184 0.584345 0.56025 0.535042 0.50888 0.481942 0.454417 0.426506 0.398417 0.370361 0.342549 0.315185 0.288465 0.262571 0.237667 0.213897 0.191384 0.170223 0.150487 0.132223 0.115452 0.100173 0.0863632 0.0739813 0.0629697 0.053258 0.0447663 0.0374082 0.031094 0.025734 0.0212406 0.0175313 0.0145304 0.0121712 0.010397 0.00916276 0.00843552 
0.00877278 0.00902847 0.00980257 0.011116 0.0130033 0.0155116 0.0187003 0.0226392 0.0274071 0.0330898 0.0397783 0.0475654 0.0565433 0.0668005 0.0784181 0.0914668 0.106003 0.122067 0.139678 0.158832 0.179501 0.201632 0.225145 0.249932 0.275863 0.302783 0.330516 0.358869 0.387638 0.416608 0.445559 0.474273 0.502537 0.530144 0.556903 0.582637 0.607184 0.630407 0.652184 0.672417 0.691024 0.707945 0.723134 0.736558 0.748201 0.75805 0.766104 0.772362 0.776828 0.779506 0.780399 0.779506 0.776828 0.772362 0.766104 0.75805 0.748201 0.736558 0.723134 0.707945 0.691024 0.672417 0.652184 0.630407 0.607184 0.582637 0.556903 0.530144 0.502537 0.474273 0.445559 0.416608 0.387638 0.358869 0.330516 0.302783 0.275863 0.249932 0.225145 0.201632 0.179501 0.158832 0.139678 0.122067 0.106003 0.0914668 0.0784181 0.0668005 0.0565433 0.0475654 0.0397783 0.0330898 0.0274071 0.0226392 0.0187003 0.0155116 0.0130033 0.011116 0.00980257 0.00902847 
0.00934196 0.00961283 0.0104328 0.0118237 0.0138215 0.0164756 0.0198478 0.0240105 0.0290459 0.0350429 0.0420953 0.0502989 0.0597482 0.0705335 0.0827368 0.096429 0.111666 0.128484 0.146899 0.166904 0.188465 0.21152 0.23598 0.261731 0.28863 0.316513 0.345193 0.374467 0.404122 0.433932 0.463671 0.493113 0.52204 0.550243 0.577526 0.603713 0.628645 0.652184 0.674216 0.694646 0.7134 0.730422 0.745675 0.759136 0.770792 0.78064 0.788682 0.794926 0.799379 0.802048 0.802937 0.802048 0.799379 0.794926 0.788682 0.78064 0.770792 0.759136 0.745675 0.730422 0.7134 0.694646 0.674216 0.652184 0.628645 0.603713 0.577526 0.550243 0.52204 0.493113 0.463671 0.433932 0.404122 0.374467 0.345193 0.316513 0.28863 0.261731 0.23598 0.21152 0.188465 0.166904 0.146899 0.128484 0.111666 0.096429 0.0827368 0.0705335 0.0597482 0.0502989 0.0420953 0.0350429 0.0290459 0.0240105 0.0198478 0.0164756 0.0138215 0.0118237 0.0104328 0.00961283 
0.00989658 0.0101821 0.0110465 0.0125123 0.0146171 0.0174121 0.0209614 0.0253403 0.0306336 0.0369332 0.0443357 0.0529394 0.0628411 0.0741323 0.086896 0.101203 0.117106 0.134642 0.153822 0.174634 0.197037 0.220962 0.246314 0.272967 0.30077 0.329548 0.359105 0.389229 0.419695 0.450271 0.480723 0.510819 0.540336 0.569061 0.596798 0.62337 0.648621 0.672417 0.694646 0.71522 0.73407 0.751151 0.766429 0.779891 0.79153 0.801351 0.809362 0.815576 0.820004 0.822656 0.823539 0.822656 0.820004 0.815576 0.809362 0.801351 0.79153 0.779891 0.766429 0.751151 0.73407 0.71522 0.694646 0.672417 0.648621 0.62337 0.596798 0.569061 0.540336 0.510819 0.480723 0.450271 0.419695 0.389229 0.359105 0.329548 0.30077 0.272967 0.246314 0.220962 0.197037 0.174634 0.153822 0.134642 0.117106 0.101203 0.086896 0.0741323 0.0628411 0.0529394 0.0443357 0.0369332 0.0306336 0.0253403 0.0209614 0.0174121 0.0146171 0.0125123 0.0110465 0.0101821 
