0 0 0 1.26638e-48 1.6492e-46 1.1084e-44 5.06691e-43 1.75883e-41 4.91653e-40 1.14754e-38 2.2915e-37 3.98317e-36 6.10485e-35 8.33167e-34 1.02037e-32 1.12837e-31 1.13249e-30 1.03603e-29 8.67132e-29 6.66194e-28 4.71226e-27 3.07749e-26 1.86063e-25 1.04404e-24 5.44983e-24 2.65186e-23 1.20492e-22 5.11853e-22 2.03454e-21 7.57015e-21 2.63724e-20 8.60324e-20 2.6286e-19 7.52428e-19 2.01851e-18 5.07659e-18 1.19734e-17 2.64884e-17 5.49578e-17 1.0682e-16 1.9394e-16 3.27292e-16 5.10308e-16 7.316e-16 9.6372e-16 1.17283e-15 1.33409e-15 1.44072e-15 1.50121e-15 1.52981e-15 1.53794e-15 1.52981e-15 1.50121e-15 1.44072e-15 1.33409e-15 1.17283e-15 9.6372e-16 7.316e-16 5.10308e-16 3.27292e-16 1.9394e-16 1.0682e-16 5.49578e-17 2.64884e-17 1.19734e-17 5.07659e-18 2.01851e-18 7.52428e-19 2.6286e-19 8.60324e-20 2.63724e-20 7.57015e-21 2.03454e-21 5.11853e-22 1.20492e-22 2.65186e-23 5.44983e-24 1.04404e-24 1.86063e-25 3.07749e-26 4.71226e-27 6.66194e-28 8.67132e-29 1.03603e-29 1.13249e-30 1.12837e-31 1.02037e-32 8.33167e-34 6.10485e-35 3.98317e-36 2.2915e-37 1.14754e-38 4.91653e-40 1.75883e-41 5.06691e-43 1.1084e-44 1.6492e-46 1.26638e-48 0 0 
0 0 6.71455e-49 9.0132e-47 6.24886e-45 2.94913e-43 1.05774e-41 3.05759e-40 7.38637e-39 1.52792e-37 2.75366e-36 4.37963e-35 6.2079e-34 7.90271e-33 9.09086e-32 9.49759e-31 9.04936e-30 7.89159e-29 6.31838e-28 4.65757e-27 3.16923e-26 1.99556e-25 1.16555e-24 6.32927e-24 3.20241e-23 1.51268e-22 6.68157e-22 2.76312e-21 1.07066e-20 3.88879e-20 1.3242e-19 4.22774e-19 1.26571e-18 3.55419e-18 9.36408e-18 2.31553e-17 5.37554e-17 1.17184e-16 2.39839e-16 4.60386e-16 8.26582e-16 1.38157e-15 2.13735e-15 3.04636e-15 3.99735e-15 4.85415e-15 5.51658e-15 5.9567e-15 6.20802e-15 6.32768e-15 6.36189e-15 6.32768e-15 6.20802e-15 5.9567e-15 5.51658e-15 4.85415e-15 3.99735e-15 3.04636e-15 2.13735e-15 1.38157e-15 8.26582e-16 4.60386e-16 2.39839e-16 1.17184e-16 5.37554e-17 2.31553e-17 9.36408e-18 3.55419e-18 1.26571e-18 4.22774e-19 1.3242e-19 3.88879e-20 1.07066e-20 2.76312e-21 6.68157e-22 1.51268e-22 3.20241e-23 6.32927e-24 1.16555e-24 1.99556e-25 3.16923e-26 4.65757e-27 6.31838e-28 7.89159e-29 9.04936e-30 9.49759e-31 9.09086e-32 7.90271e-33 6.2079e-34 4.37963e-35 2.75366e-36 1.52792e-37 7.38637e-39 3.05759e-40 1.05774e-41 2.94913e-43 6.24886e-45 9.0132e-47 6.71455e-49 0 
0 6.71455e-49 9.28429e-47 6.63412e-45 3.22897e-43 1.19518e-41 3.56813e-40 8.90906e-39 1.90629e-37 3.55667e-36 5.8611e-35 8.61514e-34 1.13823e-32 1.36002e-31 1.47695e-30 1.46376e-29 1.32848e-28 1.10741e-27 8.50099e-27 6.02381e-26 3.94904e-25 2.40037e-24 1.35569e-23 7.12955e-23 3.49837e-22 1.60466e-21 6.89148e-21 2.77446e-20 1.04792e-19 3.71482e-19 1.23613e-18 3.86123e-18 1.1323e-17 3.11788e-17 8.06404e-17 1.95966e-16 4.47582e-16 9.60972e-16 1.93927e-15 3.67472e-15 6.52166e-15 1.07922e-14 1.65612e-14 2.34616e-14 3.06605e-14 3.7146e-14 4.21726e-14 4.55279e-14 4.74562e-14 4.83806e-14 4.86462e-14 4.83806e-14 4.74562e-14 4.55279e-14 4.21726e-14 3.7146e-14 3.06605e-14 2.34616e-14 1.65612e-14 1.07922e-14 6.52166e-15 3.67472e-15 1.93927e-15 9.60972e-16 4.47582e-16 1.95966e-16 8.06404e-17 3.11788e-17 1.1323e-17 3.86123e-18 1.23613e-18 3.71482e-19 1.04792e-19 2.77446e-20 6.89148e-21 1.60466e-21 3.49837e-22 7.12955e-23 1.35569e-23 2.40037e-24 3.94904e-25 6.02381e-26 8.50099e-27 1.10741e-27 1.32848e-28 1.46376e-29 1.47695e-30 1.36002e-31 1.13823e-32 8.61514e-34 5.8611e-35 3.55667e-36 1.90629e-37 8.90906e-39 3.56813e-40 1.19518e-41 3.22897e-43 6.63412e-45 9.28429e-47 6.71455e-49 
1.26638e-48 9.0132e-47 6.63412e-45 3.32824e-43 1.27067e-41 3.91566e-40 1.00993e-38 2.23402e-37 4.31259e-36 7.3593e-35 1.12112e-33 1.53648e-32 1.90597e-31 2.15063e-30 2.21633e-29 2.09307e-28 1.81657e-27 1.45249e-26 1.07231e-25 7.3242e-25 4.63738e-24 2.72706e-23 1.49233e-22 7.6143e-22 3.62932e-21 1.61895e-20 6.76928e-20 2.65634e-19 9.79069e-19 3.39088e-18 1.10366e-17 3.37587e-17 9.70473e-17 2.62242e-16 6.66293e-16 1.59226e-15 3.57997e-15 7.57433e-15 1.50787e-14 2.82187e-14 4.95254e-14 8.11731e-14 1.23596e-13 1.74071e-13 2.26586e-13 2.73885e-13 3.10622e-13 3.35246e-13 3.49478e-13 3.56343e-13 3.58324e-13 3.56343e-13 3.49478e-13 3.35246e-13 3.10622e-13 2.73885e-13 2.26586e-13 1.74071e-13 1.23596e-13 8.11731e-14 4.95254e-14 2.82187e-14 1.50787e-14 7.57433e-15 3.57997e-15 1.59226e-15 6.66293e-16 2.62242e-16 9.70473e-17 3.37587e-17 1.10366e-17 3.39088e-18 9.79069e-19 2.65634e-19 6.76928e-20 1.61895e-20 3.62932e-21 7.6143e-22 1.49233e-22 2.72706e-23 4.63738e-24 7.3242e-25 1.07231e-25 1.45249e-26 1.81657e-27 2.09307e-28 2.21633e-29 2.15063e-30 1.90597e-31 1.53648e-32 1.12112e-33 7.3593e-35 4.31259e-36 2.23402e-37 1.00993e-38 3.91566e-40 1.27067e-41 3.32824e-43 6.63412e-45 9.0132e-47 
1.6492e-46 6.24886e-45 3.22897e-43 1.27067e-41 4.03879e-40 1.07522e-38 2.45687e-37 4.90303e-36 8.65661e-35 1.36558e-33 1.9396e-32 2.49573e-31 2.92357e-30 3.13047e-29 3.07414e-28 2.77629e-27 2.31131e-26 1.77744e-25 1.26497e-24 8.34567e-24 5.11288e-23 2.9136e-22 1.54706e-21 7.66801e-21 3.55422e-20 1.54331e-19 6.28773e-19 2.40663e-18 8.66112e-18 2.93213e-17 9.33885e-17 2.79834e-16 7.8887e-16 2.09252e-15 5.22407e-15 1.22791e-14 2.71817e-14 5.66801e-14 1.11325e-13 2.0578e-13 3.57186e-13 5.79896e-13 8.76166e-13 1.22682e-12 1.59062e-12 1.91817e-12 2.17304e-12 2.34452e-12 2.44414e-12 2.49247e-12 2.50647e-12 2.49247e-12 2.44414e-12 2.34452e-12 2.17304e-12 1.91817e-12 1.59062e-12 1.22682e-12 8.76166e-13 5.79896e-13 3.57186e-13 2.0578e-13 1.11325e-13 5.66801e-14 2.71817e-14 1.22791e-14 5.22407e-15 2.09252e-15 7.8887e-16 2.79834e-16 9.33885e-17 2.93213e-17 8.66112e-18 2.40663e-18 6.28773e-19 1.54331e-19 3.55422e-20 7.66801e-21 1.54706e-21 2.9136e-22 5.11288e-23 8.34567e-24 1.26497e-24 1.77744e-25 2.31131e-26 2.77629e-27 3.07414e-28 3.13047e-29 2.92357e-30 2.49573e-31 1.9396e-32 1.36558e-33 8.65661e-35 4.90303e-36 2.45687e-37 1.07522e-38 4.03879e-40 1.27067e-41 3.22897e-43 6.24886e-45 
1.1084e-44 2.94913e-43 1.19518e-41 3.91566e-40 1.07522e-38 2.53594e-37 5.22764e-36 9.54144e-35 1.55725e-33 2.29033e-32 3.05421e-31 3.71111e-30 4.12535e-29 4.20923e-28 3.95289e-27 3.42448e-26 2.74212e-25 2.03299e-24 1.39768e-23 8.92355e-23 5.29845e-22 2.93013e-21 1.51158e-20 7.28622e-20 3.28739e-19 1.39067e-18 5.52456e-18 2.06368e-17 7.25526e-17 2.40186e-16 7.4885e-16 2.19879e-15 6.08003e-15 1.58345e-14 3.88502e-14 8.98289e-14 1.95801e-13 4.02429e-13 7.79867e-13 1.42393e-12 2.44456e-12 3.93136e-12 5.89429e-12 8.20534e-12 1.05963e-11 1.27477e-11 1.44244e-11 1.55563e-11 1.62171e-11 1.65392e-11 1.66329e-11 1.65392e-11 1.62171e-11 1.55563e-11 1.44244e-11 1.27477e-11 1.05963e-11 8.20534e-12 5.89429e-12 3.93136e-12 2.44456e-12 1.42393e-12 7.79867e-13 4.02429e-13 1.95801e-13 8.98289e-14 3.88502e-14 1.58345e-14 6.08003e-15 2.19879e-15 7.4885e-16 2.40186e-16 7.25526e-17 2.06368e-17 5.52456e-18 1.39067e-18 3.28739e-19 7.28622e-20 1.51158e-20 2.93013e-21 5.29845e-22 8.92355e-23 1.39768e-23 2.03299e-24 2.74212e-25 3.42448e-26 3.95289e-27 4.20923e-28 4.12535e-29 3.71111e-30 3.05421e-31 2.29033e-32 1.55725e-33 9.54144e-35 5.22764e-36 2.53594e-37 1.07522e-38 3.91566e-40 1.19518e-41 2.94913e-43 
5.06691e-43 1.05774e-41 3.56813e-40 1.00993e-38 2.45687e-37 5.22764e-36 9.85588e-35 1.66288e-33 2.53031e-32 3.4939e-31 4.39972e-30 5.07303e-29 5.37366e-28 5.2434e-27 4.72359e-26 3.93613e-25 3.03879e-24 2.1766e-23 1.44828e-22 8.96306e-22 5.16557e-21 2.77587e-20 1.39287e-19 6.53609e-19 2.87298e-18 1.1849e-17 4.59259e-17 1.67511e-16 5.75536e-16 1.86377e-15 5.68967e-15 1.63738e-14 4.44184e-14 1.13594e-13 2.73927e-13 6.2309e-13 1.33737e-12 2.70929e-12 5.18031e-12 9.34282e-12 1.58638e-11 2.52715e-11 3.7598e-11 5.20341e-11 6.69251e-11 8.03152e-11 9.07642e-11 9.78392e-11 1.01987e-10 1.04019e-10 1.04612e-10 1.04019e-10 1.01987e-10 9.78392e-11 9.07642e-11 8.03152e-11 6.69251e-11 5.20341e-11 3.7598e-11 2.52715e-11 1.58638e-11 9.34282e-12 5.18031e-12 2.70929e-12 1.33737e-12 6.2309e-13 2.73927e-13 1.13594e-13 4.44184e-14 1.63738e-14 5.68967e-15 1.86377e-15 5.75536e-16 1.67511e-16 4.59259e-17 1.1849e-17 2.87298e-18 6.53609e-19 1.39287e-19 2.77587e-20 5.16557e-21 8.96306e-22 1.44828e-22 2.1766e-23 3.03879e-24 3.93613e-25 4.72359e-26 5.2434e-27 5.37366e-28 5.07303e-29 4.39972e-30 3.4939e-31 2.53031e-32 1.66288e-33 9.85588e-35 5.22764e-36 2.45687e-37 1.00993e-38 3.56813e-40 1.05774e-41 
1.75883e-41 3.05759e-40 8.90906e-39 2.23402e-37 4.90303e-36 9.54144e-35 1.66288e-33 2.61573e-32 3.7368e-31 4.87245e-30 5.82232e-29 6.3971e-28 6.4802e-27 6.06575e-26 5.25624e-25 4.22312e-24 3.15012e-23 2.184e-22 1.40884e-21 8.46427e-21 4.74113e-20 2.4787e-19 1.21104e-18 5.53726e-18 2.37308e-17 9.54825e-17 3.61264e-16 1.28715e-15 4.32326e-15 1.36979e-14 4.09516e-14 1.15522e-13 3.07473e-13 7.72183e-13 1.83022e-12 4.09552e-12 8.65572e-12 1.72827e-11 3.2603e-11 5.80772e-11 9.75266e-11 1.53887e-10 2.27171e-10 3.1254e-10 4.00329e-10 4.792e-10 5.40809e-10 5.82636e-10 6.07252e-10 6.19363e-10 6.22908e-10 6.19363e-10 6.07252e-10 5.82636e-10 5.40809e-10 4.792e-10 4.00329e-10 3.1254e-10 2.27171e-10 1.53887e-10 9.75266e-11 5.80772e-11 3.2603e-11 1.72827e-11 8.65572e-12 4.09552e-12 1.83022e-12 7.72183e-13 3.07473e-13 1.15522e-13 4.09516e-14 1.36979e-14 4.32326e-15 1.28715e-15 3.61264e-16 9.54825e-17 2.37308e-17 5.53726e-18 1.21104e-18 2.4787e-19 4.74113e-20 8.46427e-21 1.40884e-21 2.184e-22 3.15012e-23 4.22312e-24 5.25624e-25 6.06575e-26 6.4802e-27 6.3971e-28 5.82232e-29 4.87245e-30 3.7368e-31 2.61573e-32 1.66288e-33 9.54144e-35 4.90303e-36 2.23402e-37 8.90906e-39 3.05759e-40 
4.91653e-40 7.38637e-39 1.90629e-37 4.31259e-36 8.65661e-35 1.55725e-33 2.53031e-32 3.7368e-31 5.04099e-30 6.2373e-29 7.10213e-28 7.46242e-27 7.25175e-26 6.52948e-25 5.45565e-24 4.23537e-23 3.05823e-22 2.0558e-21 1.2876e-20 7.5201e-20 4.09896e-19 2.0871e-18 9.93827e-18 4.43135e-17 1.85293e-16 7.27745e-16 2.68905e-15 9.36197e-15 3.07467e-14 9.53297e-14 2.79129e-13 7.71873e-13 2.01569e-12 4.97106e-12 1.15802e-11 2.54907e-11 5.30426e-11 1.04374e-10 1.94235e-10 3.41704e-10 5.67416e-10 8.86714e-10 1.29869e-09 1.77598e-09 2.26524e-09 2.70432e-09 3.04755e-09 3.28112e-09 3.41905e-09 3.48718e-09 3.50718e-09 3.48718e-09 3.41905e-09 3.28112e-09 3.04755e-09 2.70432e-09 2.26524e-09 1.77598e-09 1.29869e-09 8.86714e-10 5.67416e-10 3.41704e-10 1.94235e-10 1.04374e-10 5.30426e-11 2.54907e-11 1.15802e-11 4.97106e-12 2.01569e-12 7.71873e-13 2.79129e-13 9.53297e-14 3.07467e-14 9.36197e-15 2.68905e-15 7.27745e-16 1.85293e-16 4.43135e-17 9.93827e-18 2.0871e-18 4.09896e-19 7.5201e-20 1.2876e-20 2.0558e-21 3.05823e-22 4.23537e-23 5.45565e-24 6.52948e-25 7.25175e-26 7.46242e-27 7.10213e-28 6.2373e-29 5.04099e-30 3.7368e-31 2.53031e-32 1.55725e-33 8.65661e-35 4.31259e-36 1.90629e-37 7.38637e-39 
1.14754e-38 1.52792e-37 3.55667e-36 7.3593e-35 1.36558e-33 2.29033e-32 3.4939e-31 4.87245e-30 6.2373e-29 7.35394e-28 8.00786e-27 8.07173e-26 7.54528e-25 6.55086e-24 5.28897e-23 3.97492e-22 2.78313e-21 1.81673e-20 1.10631e-19 6.28879e-19 3.33928e-18 1.65758e-17 7.6993e-17 3.35034e-16 1.36769e-15 5.24605e-15 1.8938e-14 6.4443e-14 2.06977e-13 6.28008e-13 1.80095e-12 4.88169e-12 1.2507e-11 3.02864e-11 6.93337e-11 1.50109e-10 3.07486e-10 5.96167e-10 1.09424e-09 1.90076e-09 3.12056e-09 4.82881e-09 7.01549e-09 9.53471e-09 1.21085e-08 1.44152e-08 1.62192e-08 1.74493e-08 1.81779e-08 1.8539e-08 1.86453e-08 1.8539e-08 1.81779e-08 1.74493e-08 1.62192e-08 1.44152e-08 1.21085e-08 9.53471e-09 7.01549e-09 4.82881e-09 3.12056e-09 1.90076e-09 1.09424e-09 5.96167e-10 3.07486e-10 1.50109e-10 6.93337e-11 3.02864e-11 1.2507e-11 4.88169e-12 1.80095e-12 6.28008e-13 2.06977e-13 6.4443e-14 1.8938e-14 5.24605e-15 1.36769e-15 3.35034e-16 7.6993e-17 1.65758e-17 3.33928e-18 6.28879e-19 1.10631e-19 1.81673e-20 2.78313e-21 3.97492e-22 5.28897e-23 6.55086e-24 7.54528e-25 8.07173e-26 8.00786e-27 7.35394e-28 6.2373e-29 4.87245e-30 3.4939e-31 2.29033e-32 1.36558e-33 7.3593e-35 3.55667e-36 1.52792e-37 
2.2915e-37 2.75366e-36 5.8611e-35 1.12112e-33 1.9396e-32 3.05421e-31 4.39972e-30 5.82232e-29 7.10213e-28 8.00786e-27 8.36513e-26 8.11093e-25 7.31093e-24 6.13355e-23 4.7942e-22 3.49404e-21 2.37586e-20 1.50807e-19 8.93992e-19 4.95171e-18 2.56396e-17 1.24186e-16 5.63118e-16 2.39299e-15 9.54244e-15 3.57617e-14 1.26165e-13 4.19694e-13 1.31833e-12 3.91447e-12 1.09933e-11 2.92057e-11 7.33976e-11 1.74489e-10 3.9247e-10 8.35536e-10 1.68443e-09 3.21708e-09 5.82241e-09 9.98369e-09 1.62009e-08 2.48181e-08 3.57591e-08 4.82909e-08 6.10484e-08 7.24645e-08 8.13946e-08 8.74931e-08 9.11154e-08 9.29162e-08 9.34471e-08 9.29162e-08 9.11154e-08 8.74931e-08 8.13946e-08 7.24645e-08 6.10484e-08 4.82909e-08 3.57591e-08 2.48181e-08 1.62009e-08 9.98369e-09 5.82241e-09 3.21708e-09 1.68443e-09 8.35536e-10 3.9247e-10 1.74489e-10 7.33976e-11 2.92057e-11 1.09933e-11 3.91447e-12 1.31833e-12 4.19694e-13 1.26165e-13 3.57617e-14 9.54244e-15 2.39299e-15 5.63118e-16 1.24186e-16 2.56396e-17 4.95171e-18 8.93992e-19 1.50807e-19 2.37586e-20 3.49404e-21 4.7942e-22 6.13355e-23 7.31093e-24 8.11093e-25 8.36513e-26 8.00786e-27 7.10213e-28 5.82232e-29 4.39972e-30 3.05421e-31 1.9396e-32 1.12112e-33 5.8611e-35 2.75366e-36 
3.98317e-36 4.37963e-35 8.61514e-34 1.53648e-32 2.49573e-31 3.71111e-30 5.07303e-29 6.3971e-28 7.46242e-27 8.07173e-26 8.11093e-25 7.58341e-24 6.60522e-23 5.365e-22 4.06674e-21 2.87856e-20 1.90351e-19 1.17636e-18 6.79615e-18 3.67161e-17 1.85557e-16 8.77674e-16 3.88792e-15 1.61446e-14 6.29192e-14 2.30474e-13 7.94819e-13 2.58506e-12 7.94162e-12 2.30736e-11 6.3447e-11 1.65167e-10 4.07061e-10 9.49765e-10 2.09831e-09 4.39126e-09 8.7097e-09 1.63806e-08 2.92224e-08 4.9446e-08 7.92827e-08 1.20196e-07 1.71705e-07 2.30346e-07 2.89817e-07 3.42937e-07 3.84486e-07 4.12895e-07 4.29808e-07 4.38238e-07 4.40729e-07 4.38238e-07 4.29808e-07 4.12895e-07 3.84486e-07 3.42937e-07 2.89817e-07 2.30346e-07 1.71705e-07 1.20196e-07 7.92827e-08 4.9446e-08 2.92224e-08 1.63806e-08 8.7097e-09 4.39126e-09 2.09831e-09 9.49765e-10 4.07061e-10 1.65167e-10 6.3447e-11 2.30736e-11 7.94162e-12 2.58506e-12 7.94819e-13 2.30474e-13 6.29192e-14 1.61446e-14 3.88792e-15 8.77674e-16 1.85557e-16 3.67161e-17 6.79615e-18 1.17636e-18 1.90351e-19 2.87856e-20 4.06674e-21 5.365e-22 6.60522e-23 7.58341e-24 8.11093e-25 8.07173e-26 7.46242e-27 6.3971e-28 5.07303e-29 3.71111e-30 2.49573e-31 1.53648e-32 8.61514e-34 4.37963e-35 
6.10485e-35 6.2079e-34 1.13823e-32 1.90597e-31 2.92357e-30 4.12535e-29 5.37366e-28 6.4802e-27 7.25175e-26 7.54528e-25 7.31093e-24 6.60522e-23 5.57002e-22 4.38753e-21 3.23021e-20 2.22369e-19 1.43179e-18 8.62455e-18 4.86085e-17 2.56375e-16 1.26567e-15 5.85044e-15 2.53346e-14 1.02857e-13 3.91939e-13 1.40372e-12 4.73305e-12 1.50514e-11 4.52202e-11 1.28534e-10 3.45968e-10 8.82221e-10 2.13147e-09 4.87917e-09 1.05839e-08 2.17646e-08 4.24529e-08 7.85894e-08 1.38136e-07 2.3055e-07 3.65114e-07 5.47585e-07 7.75288e-07 1.03286e-06 1.29301e-06 1.52489e-06 1.70617e-06 1.83024e-06 1.90424e-06 1.94121e-06 1.95215e-06 1.94121e-06 1.90424e-06 1.83024e-06 1.70617e-06 1.52489e-06 1.29301e-06 1.03286e-06 7.75288e-07 5.47585e-07 3.65114e-07 2.3055e-07 1.38136e-07 7.85894e-08 4.24529e-08 2.17646e-08 1.05839e-08 4.87917e-09 2.13147e-09 8.82221e-10 3.45968e-10 1.28534e-10 4.52202e-11 1.50514e-11 4.73305e-12 1.40372e-12 3.91939e-13 1.02857e-13 2.53346e-14 5.85044e-15 1.26567e-15 2.56375e-16 4.86085e-17 8.62455e-18 1.43179e-18 2.22369e-19 3.23021e-20 4.38753e-21 5.57002e-22 6.60522e-23 7.31093e-24 7.54528e-25 7.25175e-26 6.4802e-27 5.37366e-28 4.12535e-29 2.92357e-30 1.90597e-31 1.13823e-32 6.2079e-34 
8.33167e-34 7.90271e-33 1.36002e-31 2.15063e-30 3.13047e-29 4.20923e-28 5.2434e-27 6.06575e-26 6.52948e-25 6.55086e-24 6.13355e-23 5.365e-22 4.38753e-21 3.35679e-20 2.4036e-19 1.61123e-18 1.01128e-17 5.94343e-17 3.27087e-16 1.68561e-15 8.13482e-15 3.67723e-14 1.55754e-13 6.18564e-13 2.30555e-12 8.07578e-12 2.66272e-11 8.27943e-11 2.43228e-10 6.76178e-10 1.78092e-09 4.44659e-09 1.05267e-08 2.36298e-08 5.03026e-08 1.01592e-07 1.94775e-07 3.54724e-07 6.13989e-07 1.01026e-06 1.57939e-06 2.34214e-06 3.2851e-06 4.3445e-06 5.40972e-06 6.3569e-06 7.09683e-06 7.60348e-06 7.90611e-06 8.0576e-06 8.10249e-06 8.0576e-06 7.90611e-06 7.60348e-06 7.09683e-06 6.3569e-06 5.40972e-06 4.3445e-06 3.2851e-06 2.34214e-06 1.57939e-06 1.01026e-06 6.13989e-07 3.54724e-07 1.94775e-07 1.01592e-07 5.03026e-08 2.36298e-08 1.05267e-08 4.44659e-09 1.78092e-09 6.76178e-10 2.43228e-10 8.27943e-11 2.66272e-11 8.07578e-12 2.30555e-12 6.18564e-13 1.55754e-13 3.67723e-14 8.13482e-15 1.68561e-15 3.27087e-16 5.94343e-17 1.01128e-17 1.61123e-18 2.4036e-19 3.35679e-20 4.38753e-21 5.365e-22 6.13355e-23 6.55086e-24 6.52948e-25 6.06575e-26 5.2434e-27 4.20923e-28 3.13047e-29 2.15063e-30 1.36002e-31 7.90271e-33 
1.02037e-32 9.09086e-32 1.47695e-30 2.21633e-29 3.07414e-28 3.95289e-27 4.72359e-26 5.25624e-25 5.45565e-24 5.28897e-23 4.7942e-22 4.06674e-21 3.23021e-20 2.4036e-19 1.67595e-18 1.09517e-17 6.70721e-17 3.84956e-16 2.07035e-15 1.04325e-14 4.92517e-14 2.1785e-13 9.03026e-13 3.50965e-12 1.28001e-11 4.38605e-11 1.41431e-10 4.29973e-10 1.23488e-09 3.35652e-09 8.6464e-09 2.11264e-08 4.89784e-08 1.07748e-07 2.24961e-07 4.45936e-07 8.39822e-07 1.50372e-06 2.56144e-06 4.15236e-06 6.40442e-06 9.38527e-06 1.30338e-05 1.71029e-05 2.11744e-05 2.47846e-05 2.76015e-05 2.95306e-05 3.06841e-05 3.12624e-05 3.1434e-05 3.12624e-05 3.06841e-05 2.95306e-05 2.76015e-05 2.47846e-05 2.11744e-05 1.71029e-05 1.30338e-05 9.38527e-06 6.40442e-06 4.15236e-06 2.56144e-06 1.50372e-06 8.39822e-07 4.45936e-07 2.24961e-07 1.07748e-07 4.89784e-08 2.11264e-08 8.6464e-09 3.35652e-09 1.23488e-09 4.29973e-10 1.41431e-10 4.38605e-11 1.28001e-11 3.50965e-12 9.03026e-13 2.1785e-13 4.92517e-14 1.04325e-14 2.07035e-15 3.84956e-16 6.70721e-17 1.09517e-17 1.67595e-18 2.4036e-19 3.23021e-20 4.06674e-21 4.7942e-22 5.28897e-23 5.45565e-24 5.25624e-25 4.72359e-26 3.95289e-27 3.07414e-28 2.21633e-29 1.47695e-30 9.09086e-32 
1.12837e-31 9.49759e-31 1.46376e-29 2.09307e-28 2.77629e-27 3.42448e-26 3.93613e-25 4.22312e-24 4.23537e-23 3.97492e-22 3.49404e-21 2.87856e-20 2.22369e-19 1.61123e-18 1.09517e-17 6.9833e-17 4.17685e-16 2.34299e-15 1.23233e-14 6.07594e-14 2.80765e-13 1.21584e-12 4.93451e-12 1.87758e-11 6.70252e-11 2.24719e-10 7.08715e-10 2.10648e-09 5.91298e-09 1.57074e-08 3.95523e-08 9.45115e-08 2.14421e-07 4.61951e-07 9.45236e-07 1.83771e-06 3.39708e-06 5.9755e-06 1.00095e-05 1.59747e-05 2.42899e-05 3.51504e-05 4.83017e-05 6.28525e-05 7.73334e-05 9.01317e-05 0.000100102 0.000106928 0.000111012 0.000113062 0.000113671 0.000113062 0.000111012 0.000106928 0.000100102 9.01317e-05 7.73334e-05 6.28525e-05 4.83017e-05 3.51504e-05 2.42899e-05 1.59747e-05 1.00095e-05 5.9755e-06 3.39708e-06 1.83771e-06 9.45236e-07 4.61951e-07 2.14421e-07 9.45115e-08 3.95523e-08 1.57074e-08 5.91298e-09 2.10648e-09 7.08715e-10 2.24719e-10 6.70252e-11 1.87758e-11 4.93451e-12 1.21584e-12 2.80765e-13 6.07594e-14 1.23233e-14 2.34299e-15 4.17685e-16 6.9833e-17 1.09517e-17 1.61123e-18 2.22369e-19 2.87856e-20 3.49404e-21 3.97492e-22 4.23537e-23 4.22312e-24 3.93613e-25 3.42448e-26 2.77629e-27 2.09307e-28 1.46376e-29 9.49759e-31 
1.13249e-30 9.04936e-30 1.32848e-28 1.81657e-27 2.31131e-26 2.74212e-25 3.03879e-24 3.15012e-23 3.05823e-22 2.78313e-21 2.37586e-20 1.90351e-19 1.43179e-18 1.01128e-17 6.70721e-17 4.17685e-16 2.44177e-15 1.33963e-14 6.89513e-14 3.32828e-13 1.50617e-12 6.38855e-12 2.53965e-11 9.46385e-11 3.3076e-10 1.08525e-09 3.34763e-09 9.72657e-09 2.66776e-08 6.9226e-08 1.70285e-07 3.97628e-07 8.82059e-07 1.85939e-06 3.72547e-06 7.09752e-06 1.28665e-05 2.22141e-05 3.65589e-05 5.73911e-05 8.59542e-05 0.000122729 0.000166744 0.000215019 0.000262773 0.000304819 0.000337507 0.00035987 0.000373254 0.000379978 0.000381975 0.000379978 0.000373254 0.00035987 0.000337507 0.000304819 0.000262773 0.000215019 0.000166744 0.000122729 8.59542e-05 5.73911e-05 3.65589e-05 2.22141e-05 1.28665e-05 7.09752e-06 3.72547e-06 1.85939e-06 8.82059e-07 3.97628e-07 1.70285e-07 6.9226e-08 2.66776e-08 9.72657e-09 3.34763e-09 1.08525e-09 3.3076e-10 9.46385e-11 2.53965e-11 6.38855e-12 1.50617e-12 3.32828e-13 6.89513e-14 1.33963e-14 2.44177e-15 4.17685e-16 6.70721e-17 1.01128e-17 1.43179e-18 1.90351e-19 2.37586e-20 2.78313e-21 3.05823e-22 3.15012e-23 3.03879e-24 2.74212e-25 2.31131e-26 1.81657e-27 1.32848e-28 9.04936e-30 
1.03603e-29 7.89159e-29 1.10741e-27 1.45249e-26 1.77744e-25 2.03299e-24 2.1766e-23 2.184e-22 2.0558e-21 1.81673e-20 1.50807e-19 1.17636e-18 8.62455e-18 5.94343e-17 3.84956e-16 2.34299e-15 1.33963e-14 7.19262e-14 3.62477e-13 1.7138e-12 7.59853e-12 3.15809e-11 1.23012e-10 4.49059e-10 1.53692e-09 4.93552e-09 1.4891e-08 4.22881e-08 1.13291e-07 2.87017e-07 6.89185e-07 1.57122e-06 3.40461e-06 7.0152e-06 1.37489e-05 2.56408e-05 4.55362e-05 7.7085e-05 0.000124511 0.000192061 0.000283043 0.000398365 0.000534638 0.000682655 0.000828086 0.000955572 0.00105443 0.00112198 0.0011624 0.00118271 0.00118875 0.00118271 0.0011624 0.00112198 0.00105443 0.000955572 0.000828086 0.000682655 0.000534638 0.000398365 0.000283043 0.000192061 0.000124511 7.7085e-05 4.55362e-05 2.56408e-05 1.37489e-05 7.0152e-06 3.40461e-06 1.57122e-06 6.89185e-07 2.87017e-07 1.13291e-07 4.22881e-08 1.4891e-08 4.93552e-09 1.53692e-09 4.49059e-10 1.23012e-10 3.15809e-11 7.59853e-12 1.7138e-12 3.62477e-13 7.19262e-14 1.33963e-14 2.34299e-15 3.84956e-16 5.94343e-17 8.62455e-18 1.17636e-18 1.50807e-19 1.81673e-20 2.0558e-21 2.184e-22 2.1766e-23 2.03299e-24 1.77744e-25 1.45249e-26 1.10741e-27 7.89159e-29 
8.67132e-29 6.31838e-28 8.50099e-27 1.07231e-25 1.26497e-24 1.39768e-23 1.44828e-22 1.40884e-21 1.2876e-20 1.10631e-19 8.93992e-19 6.79615e-18 4.86085e-17 3.27087e-16 2.07035e-15 1.23233e-14 6.89513e-14 3.62477e-13 1.78938e-12 8.29007e-12 3.60242e-11 1.46754e-10 5.60247e-10 2.00399e-09 6.71759e-09 2.11155e-08 6.23106e-08 1.72923e-07 4.52336e-07 1.11817e-06 2.61879e-06 5.82325e-06 1.23116e-05 2.47669e-05 4.74235e-05 8.64714e-05 0.000150261 0.000249101 0.000394424 0.000597108 0.000864861 0.00119848 0.00158716 0.00200477 0.00241193 0.00276702 0.00304151 0.00322874 0.00334069 0.00339694 0.00341367 0.00339694 0.00334069 0.00322874 0.00304151 0.00276702 0.00241193 0.00200477 0.00158716 0.00119848 0.000864861 0.000597108 0.000394424 0.000249101 0.000150261 8.64714e-05 4.74235e-05 2.47669e-05 1.23116e-05 5.82325e-06 2.61879e-06 1.11817e-06 4.52336e-07 1.72923e-07 6.23106e-08 2.11155e-08 6.71759e-09 2.00399e-09 5.60247e-10 1.46754e-10 3.60242e-11 8.29007e-12 1.78938e-12 3.62477e-13 6.89513e-14 1.23233e-14 2.07035e-15 3.27087e-16 4.86085e-17 6.79615e-18 8.93992e-19 1.10631e-19 1.2876e-20 1.40884e-21 1.44828e-22 1.39768e-23 1.26497e-24 1.07231e-25 8.50099e-27 6.31838e-28 
6.66194e-28 4.65757e-27 6.02381e-26 7.3242e-25 8.34567e-24 8.92355e-23 8.96306e-22 8.46427e-21 7.5201e-20 6.28879e-19 4.95171e-18 3.67161e-17 2.56375e-16 1.68561e-15 1.04325e-14 6.07594e-14 3.32828e-13 1.7138e-12 8.29007e-12 3.76456e-11 1.60372e-10 6.40501e-10 2.39694e-09 8.40225e-09 2.75885e-08 8.4886e-08 2.44986e-07 6.64266e-07 1.69594e-06 4.08806e-06 9.33028e-06 2.02135e-05 4.16444e-05 8.16777e-05 0.000152587 0.000271649 0.000461238 0.000747772 0.00115905 0.00171972 0.00244482 0.00333135 0.00434792 0.00542681 0.00646943 0.00737328 0.00806925 0.00854286 0.00882571 0.00896776 0.00901 0.00896776 0.00882571 0.00854286 0.00806925 0.00737328 0.00646943 0.00542681 0.00434792 0.00333135 0.00244482 0.00171972 0.00115905 0.000747772 0.000461238 0.000271649 0.000152587 8.16777e-05 4.16444e-05 2.02135e-05 9.33028e-06 4.08806e-06 1.69594e-06 6.64266e-07 2.44986e-07 8.4886e-08 2.75885e-08 8.40225e-09 2.39694e-09 6.40501e-10 1.60372e-10 3.76456e-11 8.29007e-12 1.7138e-12 3.32828e-13 6.07594e-14 1.04325e-14 1.68561e-15 2.56375e-16 3.67161e-17 4.95171e-18 6.28879e-19 7.5201e-20 8.46427e-21 8.96306e-22 8.92355e-23 8.34567e-24 7.3242e-25 6.02381e-26 4.65757e-27 
4.71226e-27 3.16923e-26 3.94904e-25 4.63738e-24 5.11288e-23 5.29845e-22 5.16557e-21 4.74113e-20 4.09896e-19 3.33928e-18 2.56396e-17 1.85557e-16 1.26567e-15 8.13482e-15 4.92517e-14 2.80765e-13 1.50617e-12 7.59853e-12 3.60242e-11 1.60372e-10 6.69857e-10 2.62312e-09 9.62367e-09 3.30619e-08 1.06338e-07 3.2026e-07 9.03868e-07 2.39395e-06 5.963e-06 1.40072e-05 3.1125e-05 6.56172e-05 0.000131548 0.000251163 0.000457059 0.000793211 0.00131391 0.00207989 0.00315095 0.00457497 0.00637401 0.00852764 0.0109534 0.0134919 0.0159201 0.0180102 0.019612 0.0206988 0.0213467 0.0216718 0.0217685 0.0216718 0.0213467 0.0206988 0.019612 0.0180102 0.0159201 0.0134919 0.0109534 0.00852764 0.00637401 0.00457497 0.00315095 0.00207989 0.00131391 0.000793211 0.000457059 0.000251163 0.000131548 6.56172e-05 3.1125e-05 1.40072e-05 5.963e-06 2.39395e-06 9.03868e-07 3.2026e-07 1.06338e-07 3.30619e-08 9.62367e-09 2.62312e-09 6.69857e-10 1.60372e-10 3.60242e-11 7.59853e-12 1.50617e-12 2.80765e-13 4.92517e-14 8.13482e-15 1.26567e-15 1.85557e-16 2.56396e-17 3.33928e-18 4.09896e-19 4.74113e-20 5.16557e-21 5.29845e-22 5.11288e-23 4.63738e-24 3.94904e-25 3.16923e-26 
3.07749e-26 1.99556e-25 2.40037e-24 2.72706e-23 2.9136e-22 2.93013e-21 2.77587e-20 2.4787e-19 2.0871e-18 1.65758e-17 1.24186e-16 8.77674e-16 5.85044e-15 3.67723e-14 2.1785e-13 1.21584e-12 6.38855e-12 3.15809e-11 1.46754e-10 6.40501e-10 2.62312e-09 1.00715e-08 3.62234e-08 1.21956e-07 3.842e-07 1.13249e-06 3.1251e-06 8.08292e-06 1.96342e-05 4.4915e-05 9.70775e-05 0.000198903 0.000387433 0.000718871 0.00127204 0.00214817 0.00346528 0.00534661 0.00790291 0.0112093 0.0152794 0.0200378 0.0252896 0.0306973 0.0358082 0.0401707 0.0434952 0.0457423 0.0470788 0.0477484 0.0479474 0.0477484 0.0470788 0.0457423 0.0434952 0.0401707 0.0358082 0.0306973 0.0252896 0.0200378 0.0152794 0.0112093 0.00790291 0.00534661 0.00346528 0.00214817 0.00127204 0.000718871 0.000387433 0.000198903 9.70775e-05 4.4915e-05 1.96342e-05 8.08292e-06 3.1251e-06 1.13249e-06 3.842e-07 1.21956e-07 3.62234e-08 1.00715e-08 2.62312e-09 6.40501e-10 1.46754e-10 3.15809e-11 6.38855e-12 1.21584e-12 2.1785e-13 3.67723e-14 5.85044e-15 8.77674e-16 1.24186e-16 1.65758e-17 2.0871e-18 2.4787e-19 2.77587e-20 2.93013e-21 2.9136e-22 2.72706e-23 2.40037e-24 1.99556e-25 
1.86063e-25 1.16555e-24 1.35569e-23 1.49233e-22 1.54706e-21 1.51158e-20 1.39287e-19 1.21104e-18 9.93827e-18 7.6993e-17 5.63118e-16 3.88792e-15 2.53346e-14 1.55754e-13 9.03026e-13 4.93451e-12 2.53965e-11 1.23012e-10 5.60247e-10 2.39694e-09 9.62367e-09 3.62234e-08 1.27697e-07 4.21255e-07 1.2996e-06 3.74851e-06 1.01113e-05 2.55309e-05 6.04522e-05 0.000134585 0.000282669 0.000562153 0.00106219 0.00191179 0.00328304 0.0053844 0.00844212 0.0126713 0.0182394 0.0252253 0.0335796 0.0430901 0.0533457 0.063709 0.0733662 0.0815273 0.087704 0.0918596 0.0943236 0.095556 0.0959217 0.095556 0.0943236 0.0918596 0.087704 0.0815273 0.0733662 0.063709 0.0533457 0.0430901 0.0335796 0.0252253 0.0182394 0.0126713 0.00844212 0.0053844 0.00328304 0.00191179 0.00106219 0.000562153 0.000282669 0.000134585 6.04522e-05 2.55309e-05 1.01113e-05 3.74851e-06 1.2996e-06 4.21255e-07 1.27697e-07 3.62234e-08 9.62367e-09 2.39694e-09 5.60247e-10 1.23012e-10 2.53965e-11 4.93451e-12 9.03026e-13 1.55754e-13 2.53346e-14 3.88792e-15 5.63118e-16 7.6993e-17 9.93827e-18 1.21104e-18 1.39287e-19 1.51158e-20 1.54706e-21 1.49233e-22 1.35569e-23 1.16555e-24 
1.04404e-24 6.32927e-24 7.12955e-23 7.6143e-22 7.66801e-21 7.28622e-20 6.53609e-19 5.53726e-18 4.43135e-17 3.35034e-16 2.39299e-15 1.61446e-14 1.02857e-13 6.18564e-13 3.50965e-12 1.87758e-11 9.46385e-11 4.49059e-10 2.00399e-09 8.40225e-09 3.30619e-08 1.21956e-07 4.21255e-07 1.36115e-06 4.11088e-06 1.15987e-05 3.05719e-05 7.53296e-05 0.00017378 0.000376272 0.00076725 0.00147917 0.00270674 0.00471666 0.00784416 0.0124674 0.0189593 0.0276266 0.038648 0.0520162 0.0674947 0.0845936 0.102548 0.120298 0.136564 0.150146 0.160341 0.167161 0.17119 0.1732 0.173796 0.1732 0.17119 0.167161 0.160341 0.150146 0.136564 0.120298 0.102548 0.0845936 0.0674947 0.0520162 0.038648 0.0276266 0.0189593 0.0124674 0.00784416 0.00471666 0.00270674 0.00147917 0.00076725 0.000376272 0.00017378 7.53296e-05 3.05719e-05 1.15987e-05 4.11088e-06 1.36115e-06 4.21255e-07 1.21956e-07 3.30619e-08 8.40225e-09 2.00399e-09 4.49059e-10 9.46385e-11 1.87758e-11 3.50965e-12 6.18564e-13 1.02857e-13 1.61446e-14 2.39299e-15 3.35034e-16 4.43135e-17 5.53726e-18 6.53609e-19 7.28622e-20 7.66801e-21 7.6143e-22 7.12955e-23 6.32927e-24 
5.44983e-24 3.20241e-23 3.49837e-22 3.62932e-21 3.55422e-20 3.28739e-19 2.87298e-18 2.37308e-17 1.85293e-16 1.36769e-15 9.54244e-15 6.29192e-14 3.91939e-13 2.30555e-12 1.28001e-11 6.70252e-11 3.3076e-10 1.53692e-09 6.71759e-09 2.75885e-08 1.06338e-07 3.842e-07 1.2996e-06 4.11088e-06 1.21477e-05 3.35094e-05 8.6264e-05 0.000207319 0.000465717 0.000980061 0.00193846 0.00361842 0.0064024 0.0107806 0.0173259 0.0266272 0.039188 0.0553198 0.0750604 0.0981231 0.12388 0.151385 0.179399 0.206395 0.23065 0.250613 0.265449 0.275306 0.281102 0.283986 0.28484 0.283986 0.281102 0.275306 0.265449 0.250613 0.23065 0.206395 0.179399 0.151385 0.12388 0.0981231 0.0750604 0.0553198 0.039188 0.0266272 0.0173259 0.0107806 0.0064024 0.00361842 0.00193846 0.000980061 0.000465717 0.000207319 8.6264e-05 3.35094e-05 1.21477e-05 4.11088e-06 1.2996e-06 3.842e-07 1.06338e-07 2.75885e-08 6.71759e-09 1.53692e-09 3.3076e-10 6.70252e-11 1.28001e-11 2.30555e-12 3.91939e-13 6.29192e-14 9.54244e-15 1.36769e-15 1.85293e-16 2.37308e-17 2.87298e-18 3.28739e-19 3.55422e-20 3.62932e-21 3.49837e-22 3.20241e-23 
2.65186e-23 1.51268e-22 1.60466e-21 1.61895e-20 1.54331e-19 1.39067e-18 1.1849e-17 9.54825e-17 7.27745e-16 5.24605e-15 3.57617e-14 2.30474e-13 1.40372e-12 8.07578e-12 4.38605e-11 2.24719e-10 1.08525e-09 4.93552e-09 2.11155e-08 8.4886e-08 3.2026e-07 1.13249e-06 3.74851e-06 1.15987e-05 3.35094e-05 9.03069e-05 0.000226899 0.000531521 0.00116191 0.00237481 0.00455238 0.00821876 0.0140409 0.0228043 0.0353427 0.0524053 0.0744816 0.101652 0.133524 0.169245 0.207568 0.246964 0.285723 0.321981 0.353805 0.379553 0.398459 0.410918 0.418204 0.421816 0.422884 0.421816 0.418204 0.410918 0.398459 0.379553 0.353805 0.321981 0.285723 0.246964 0.207568 0.169245 0.133524 0.101652 0.0744816 0.0524053 0.0353427 0.0228043 0.0140409 0.00821876 0.00455238 0.00237481 0.00116191 0.000531521 0.000226899 9.03069e-05 3.35094e-05 1.15987e-05 3.74851e-06 1.13249e-06 3.2026e-07 8.4886e-08 2.11155e-08 4.93552e-09 1.08525e-09 2.24719e-10 4.38605e-11 8.07578e-12 1.40372e-12 2.30474e-13 3.57617e-14 5.24605e-15 7.27745e-16 9.54825e-17 1.1849e-17 1.39067e-18 1.54331e-19 1.61895e-20 1.60466e-21 1.51268e-22 
1.20492e-22 6.68157e-22 6.89148e-21 6.76928e-20 6.28773e-19 5.52456e-18 4.59259e-17 3.61264e-16 2.68905e-15 1.8938e-14 1.26165e-13 7.94819e-13 4.73305e-12 2.66272e-11 1.41431e-10 7.08715e-10 3.34763e-09 1.4891e-08 6.23106e-08 2.44986e-07 9.03868e-07 3.1251e-06 1.01113e-05 3.05719e-05 8.6264e-05 0.000226899 0.000555881 0.00126815 0.00269552 0.00534679 0.00992566 0.0173148 0.0285261 0.0446174 0.0665594 0.0950306 0.130178 0.171467 0.217708 0.267218 0.318028 0.368098 0.415473 0.458315 0.494904 0.523913 0.544911 0.558616 0.566578 0.570509 0.571668 0.570509 0.566578 0.558616 0.544911 0.523913 0.494904 0.458315 0.415473 0.368098 0.318028 0.267218 0.217708 0.171467 0.130178 0.0950306 0.0665594 0.0446174 0.0285261 0.0173148 0.00992566 0.00534679 0.00269552 0.00126815 0.000555881 0.000226899 8.6264e-05 3.05719e-05 1.01113e-05 3.1251e-06 9.03868e-07 2.44986e-07 6.23106e-08 1.4891e-08 3.34763e-09 7.08715e-10 1.41431e-10 2.66272e-11 4.73305e-12 7.94819e-13 1.26165e-13 1.8938e-14 2.68905e-15 3.61264e-16 4.59259e-17 5.52456e-18 6.28773e-19 6.76928e-20 6.89148e-21 6.68157e-22 
5.11853e-22 2.76312e-21 2.77446e-20 2.65634e-19 2.40663e-18 2.06368e-17 1.67511e-16 1.28715e-15 9.36197e-15 6.4443e-14 4.19694e-13 2.58506e-12 1.50514e-11 8.27943e-11 4.29973e-10 2.10648e-09 9.72657e-09 4.22881e-08 1.72923e-07 6.64266e-07 2.39395e-06 8.08292e-06 2.55309e-05 7.53296e-05 0.000207319 0.000531521 0.00126815 0.00281431 0.00581063 0.0111758 0.0200748 0.0338105 0.0536668 0.0807427 0.115776 0.15892 0.209514 0.266009 0.326172 0.387463 0.447388 0.503763 0.554855 0.599333 0.636153 0.664665 0.68496 0.698055 0.705607 0.709317 0.710409 0.709317 0.705607 0.698055 0.68496 0.664665 0.636153 0.599333 0.554855 0.503763 0.447388 0.387463 0.326172 0.266009 0.209514 0.15892 0.115776 0.0807427 0.0536668 0.0338105 0.0200748 0.0111758 0.00581063 0.00281431 0.00126815 0.000531521 0.000207319 7.53296e-05 2.55309e-05 8.08292e-06 2.39395e-06 6.64266e-07 1.72923e-07 4.22881e-08 9.72657e-09 2.10648e-09 4.29973e-10 8.27943e-11 1.50514e-11 2.58506e-12 4.19694e-13 6.4443e-14 9.36197e-15 1.28715e-15 1.67511e-16 2.06368e-17 2.40663e-18 2.65634e-19 2.77446e-20 2.76312e-21 
2.03454e-21 1.07066e-20 1.04792e-19 9.79069e-19 8.66112e-18 7.25526e-17 5.75536e-16 4.32326e-15 3.07467e-14 2.06977e-13 1.31833e-12 7.94162e-12 4.52202e-11 2.43228e-10 1.23488e-09 5.91298e-09 2.66776e-08 1.13291e-07 4.52336e-07 1.69594e-06 5.963e-06 1.96342e-05 6.04522e-05 0.00017378 0.000465717 0.00116191 0.00269552 0.00581063 0.0116386 0.0216819 0.0376534 0.0611853 0.093513 0.135248 0.186265 0.245611 0.311414 0.380966 0.451131 0.518894 0.581785 0.63807 0.686754 0.727404 0.759905 0.784408 0.801518 0.812414 0.818642 0.821686 0.822579 0.821686 0.818642 0.812414 0.801518 0.784408 0.759905 0.727404 0.686754 0.63807 0.581785 0.518894 0.451131 0.380966 0.311414 0.245611 0.186265 0.135248 0.093513 0.0611853 0.0376534 0.0216819 0.0116386 0.00581063 0.00269552 0.00116191 0.000465717 0.00017378 6.04522e-05 1.96342e-05 5.963e-06 1.69594e-06 4.52336e-07 1.13291e-07 2.66776e-08 5.91298e-09 1.23488e-09 2.43228e-10 4.52202e-11 7.94162e-12 1.31833e-12 2.06977e-13 3.07467e-14 4.32326e-15 5.75536e-16 7.25526e-17 8.66112e-18 9.79069e-19 1.04792e-19 1.07066e-20 
7.57015e-21 3.88879e-20 3.71482e-19 3.39088e-18 2.93213e-17 2.40186e-16 1.86377e-15 1.36979e-14 9.53297e-14 6.28008e-13 3.91447e-12 2.30736e-11 1.28534e-10 6.76178e-10 3.35652e-09 1.57074e-08 6.9226e-08 2.87017e-07 1.11817e-06 4.08806e-06 1.40072e-05 4.4915e-05 0.000134585 0.000376272 0.000980061 0.00237481 0.00534679 0.0111758 0.0216819 0.0390729 0.0655388 0.10269 0.15108 0.210046 0.277873 0.35205 0.429451 0.506572 0.580015 0.647052 0.705939 0.755932 0.797083 0.829941 0.855236 0.873749 0.886399 0.894336 0.898828 0.901009 0.901647 0.901009 0.898828 0.894336 0.886399 0.873749 0.855236 0.829941 0.797083 0.755932 0.705939 0.647052 0.580015 0.506572 0.429451 0.35205 0.277873 0.210046 0.15108 0.10269 0.0655388 0.0390729 0.0216819 0.0111758 0.00534679 0.00237481 0.000980061 0.000376272 0.000134585 4.4915e-05 1.40072e-05 4.08806e-06 1.11817e-06 2.87017e-07 6.9226e-08 1.57074e-08 3.35652e-09 6.76178e-10 1.28534e-10 2.30736e-11 3.91447e-12 6.28008e-13 9.53297e-14 1.36979e-14 1.86377e-15 2.40186e-16 2.93213e-17 3.39088e-18 3.71482e-19 3.88879e-20 
2.63724e-20 1.3242e-19 1.23613e-18 1.10366e-17 9.33885e-17 7.4885e-16 5.68967e-15 4.09516e-14 2.79129e-13 1.80095e-12 1.09933e-11 6.3447e-11 3.45968e-10 1.78092e-09 8.6464e-09 3.95523e-08 1.70285e-07 6.89185e-07 2.61879e-06 9.33028e-06 3.1125e-05 9.70775e-05 0.000282669 0.00076725 0.00193846 0.00455238 0.00992566 0.0200748 0.0376534 0.0655388 0.106066 0.16016 0.226832 0.303328 0.38585 0.470334 0.552918 0.630167 0.699389 0.758952 0.808365 0.848073 0.879111 0.902754 0.920233 0.932618 0.940882 0.94598 0.948833 0.950209 0.95061 0.950209 0.948833 0.94598 0.940882 0.932618 0.920233 0.902754 0.879111 0.848073 0.808365 0.758952 0.699389 0.630167 0.552918 0.470334 0.38585 0.303328 0.226832 0.16016 0.106066 0.0655388 0.0376534 0.0200748 0.00992566 0.00455238 0.00193846 0.00076725 0.000282669 9.70775e-05 3.1125e-05 9.33028e-06 2.61879e-06 6.89185e-07 1.70285e-07 3.95523e-08 8.6464e-09 1.78092e-09 3.45968e-10 6.3447e-11 1.09933e-11 1.80095e-12 2.79129e-13 4.09516e-14 5.68967e-15 7.4885e-16 9.33885e-17 1.10366e-17 1.23613e-18 1.3242e-19 
8.60324e-20 4.22774e-19 3.86123e-18 3.37587e-17 2.79834e-16 2.19879e-15 1.63738e-14 1.15522e-13 7.71873e-13 4.88169e-12 2.92057e-11 1.65167e-10 8.82221e-10 4.44659e-09 2.11264e-08 9.45115e-08 3.97628e-07 1.57122e-06 5.82325e-06 2.02135e-05 6.56172e-05 0.000198903 0.000562153 0.00147917 0.00361842 0.00821876 0.0173148 0.0338105 0.0611853 0.10269 0.16016 0.232962 0.317717 0.409111 0.501352 0.589455 0.669794 0.740058 0.799108 0.846896 0.88427 0.912654 0.933688 0.948944 0.95975 0.967147 0.971954 0.974866 0.976475 0.977245 0.977468 0.977245 0.976475 0.974866 0.971954 0.967147 0.95975 0.948944 0.933688 0.912654 0.88427 0.846896 0.799108 0.740058 0.669794 0.589455 0.501352 0.409111 0.317717 0.232962 0.16016 0.10269 0.0611853 0.0338105 0.0173148 0.00821876 0.00361842 0.00147917 0.000562153 0.000198903 6.56172e-05 2.02135e-05 5.82325e-06 1.57122e-06 3.97628e-07 9.45115e-08 2.11264e-08 4.44659e-09 8.82221e-10 1.65167e-10 2.92057e-11 4.88169e-12 7.71873e-13 1.15522e-13 1.63738e-14 2.19879e-15 2.79834e-16 3.37587e-17 3.86123e-18 4.22774e-19 
2.6286e-19 1.26571e-18 1.1323e-17 9.70473e-17 7.8887e-16 6.08003e-15 4.44184e-14 3.07473e-13 2.01569e-12 1.2507e-11 7.33976e-11 4.07061e-10 2.13147e-09 1.05267e-08 4.89784e-08 2.14421e-07 8.82059e-07 3.40461e-06 1.23116e-05 4.16444e-05 0.000131548 0.000387433 0.00106219 0.00270674 0.0064024 0.0140409 0.0285261 0.0536668 0.093513 0.15108 0.226832 0.317717 0.417516 0.518535 0.61378 0.698454 0.770237 0.828703 0.874622 0.909479 0.935134 0.953522 0.966422 0.975317 0.981342 0.985317 0.987829 0.989319 0.990132 0.990517 0.990628 0.990517 0.990132 0.989319 0.987829 0.985317 0.981342 0.975317 0.966422 0.953522 0.935134 0.909479 0.874622 0.828703 0.770237 0.698454 0.61378 0.518535 0.417516 0.317717 0.226832 0.15108 0.093513 0.0536668 0.0285261 0.0140409 0.0064024 0.00270674 0.00106219 0.000387433 0.000131548 4.16444e-05 1.23116e-05 3.40461e-06 8.82059e-07 2.14421e-07 4.89784e-08 1.05267e-08 2.13147e-09 4.07061e-10 7.33976e-11 1.2507e-11 2.01569e-12 3.07473e-13 4.44184e-14 6.08003e-15 7.8887e-16 9.70473e-17 1.1323e-17 1.26571e-18 
7.52428e-19 3.55419e-18 3.11788e-17 2.62242e-16 2.09252e-15 1.58345e-14 1.13594e-13 7.72183e-13 4.97106e-12 3.02864e-11 1.74489e-10 9.49765e-10 4.87917e-09 2.36298e-08 1.07748e-07 4.61951e-07 1.85939e-06 7.0152e-06 2.47669e-05 8.16777e-05 0.000251163 0.000718871 0.00191179 0.00471666 0.0107806 0.0228043 0.0446174 0.0807427 0.135248 0.210046 0.303328 0.409111 0.518535 0.622441 0.713917 0.789526 0.848972 0.893899 0.926745 0.950055 0.966161 0.977037 0.98425 0.988972 0.992025 0.993962 0.995149 0.995838 0.996208 0.996381 0.996431 0.996381 0.996208 0.995838 0.995149 0.993962 0.992025 0.988972 0.98425 0.977037 0.966161 0.950055 0.926745 0.893899 0.848972 0.789526 0.713917 0.622441 0.518535 0.409111 0.303328 0.210046 0.135248 0.0807427 0.0446174 0.0228043 0.0107806 0.00471666 0.00191179 0.000718871 0.000251163 8.16777e-05 2.47669e-05 7.0152e-06 1.85939e-06 4.61951e-07 1.07748e-07 2.36298e-08 4.87917e-09 9.49765e-10 1.74489e-10 3.02864e-11 4.97106e-12 7.72183e-13 1.13594e-13 1.58345e-14 2.09252e-15 2.62242e-16 3.11788e-17 3.55419e-18 
2.01851e-18 9.36408e-18 8.06404e-17 6.66293e-16 5.22407e-15 3.88502e-14 2.73927e-13 1.83022e-12 1.15802e-11 6.93337e-11 3.9247e-10 2.09831e-09 1.05839e-08 5.03026e-08 2.24961e-07 9.45236e-07 3.72547e-06 1.37489e-05 4.74235e-05 0.000152587 0.000457059 0.00127204 0.00328304 0.00784416 0.0173259 0.0353427 0.0665594 0.115776 0.186265 0.277873 0.38585 0.501352 0.61378 0.713917 0.796266 0.859556 0.905655 0.93789 0.959739 0.974174 0.983504 0.989424 0.99313 0.995428 0.996844 0.997706 0.998217 0.998507 0.99866 0.998731 0.998751 0.998731 0.99866 0.998507 0.998217 0.997706 0.996844 0.995428 0.99313 0.989424 0.983504 0.974174 0.959739 0.93789 0.905655 0.859556 0.796266 0.713917 0.61378 0.501352 0.38585 0.277873 0.186265 0.115776 0.0665594 0.0353427 0.0173259 0.00784416 0.00328304 0.00127204 0.000457059 0.000152587 4.74235e-05 1.37489e-05 3.72547e-06 9.45236e-07 2.24961e-07 5.03026e-08 1.05839e-08 2.09831e-09 3.9247e-10 6.93337e-11 1.15802e-11 1.83022e-12 2.73927e-13 3.88502e-14 5.22407e-15 6.66293e-16 8.06404e-17 9.36408e-18 
