4.47292e-10 5.29203e-10 7.99909e-10 1.34029e-09 2.30601e-09 3.96226e-09 6.73968e-09 1.13191e-08 1.87556e-08 3.06562e-08 4.94269e-08 7.86107e-08 1.23338e-07 1.90916e-07 2.91573e-07 4.39387e-07 6.53401e-07 9.58925e-07 1.389e-06 1.98596e-06 2.80307e-06 3.90603e-06 5.37423e-06 7.3016e-06 9.79676e-06 1.29823e-05 1.69926e-05 2.19712e-05 2.80653e-05 3.54196e-05 4.41689e-05 5.44285e-05 6.62847e-05 7.97845e-05 9.49258e-05 0.000111649 0.000129832 0.000149284 0.000169748 0.000190902 0.000212369 0.000233727 0.000254523 0.000274287 0.000292554 0.000308879 0.000322851 0.000334114 0.000342376 0.000347423 0.000349119 0.000347423 0.000342376 0.000334114 0.000322851 0.000308879 0.000292554 0.000274287 0.000254523 0.000233727 0.000212369 0.000190902 0.000169748 0.000149284 0.000129832 0.000111649 9.49258e-05 7.97845e-05 6.62847e-05 5.44285e-05 4.41689e-05 3.54196e-05 2.80653e-05 2.19712e-05 1.69926e-05 1.29823e-05 9.79676e-06 7.3016e-06 5.37423e-06 3.90603e-06 2.80307e-06 1.98596e-06 1.389e-06 9.58925e-07 6.53401e-07 4.39387e-07 2.91573e-07 1.90916e-07 1.23338e-07 7.86107e-08 4.94269e-08 3.06562e-08 1.87556e-08 1.13191e-08 6.73968e-09 3.96226e-09 2.30601e-09 1.34029e-09 7.99909e-10 5.29203e-10 
5.29203e-10 6.25708e-10 9.44496e-10 1.58032e-09 2.71536e-09 4.65963e-09 7.91582e-09 1.32775e-08 2.19725e-08 3.58678e-08 5.7754e-08 9.17334e-08 1.43736e-07 2.22192e-07 3.38882e-07 5.09987e-07 7.57358e-07 1.10997e-06 1.6056e-06 2.29252e-06 3.23138e-06 4.49679e-06 6.17876e-06 8.38354e-06 1.12337e-05 1.48673e-05 1.94355e-05 2.50989e-05 3.20221e-05 4.03662e-05 5.02808e-05 6.18931e-05 7.5297e-05 9.05422e-05 0.000107623 0.000126471 0.000146944 0.000168826 0.000191828 0.000215587 0.000239682 0.000263638 0.000286949 0.000309093 0.000329551 0.000347825 0.00036346 0.000376061 0.000385303 0.000390946 0.000392844 0.000390946 0.000385303 0.000376061 0.00036346 0.000347825 0.000329551 0.000309093 0.000286949 0.000263638 0.000239682 0.000215587 0.000191828 0.000168826 0.000146944 0.000126471 0.000107623 9.05422e-05 7.5297e-05 6.18931e-05 5.02808e-05 4.03662e-05 3.20221e-05 2.50989e-05 1.94355e-05 1.48673e-05 1.12337e-05 8.38354e-06 6.17876e-06 4.49679e-06 3.23138e-06 2.29252e-06 1.6056e-06 1.10997e-06 7.57358e-07 5.09987e-07 3.38882e-07 2.22192e-07 1.43736e-07 9.17334e-08 5.7754e-08 3.58678e-08 2.19725e-08 1.32775e-08 7.91582e-09 4.65963e-09 2.71536e-09 1.58032e-09 9.44496e-10 6.25708e-10 
7.99909e-10 9.44496e-10 1.42163e-09 2.37158e-09 4.06347e-09 6.95407e-09 1.17818e-08 1.97087e-08 3.25264e-08 5.29494e-08 8.50207e-08 1.34661e-07 2.10398e-07 3.24302e-07 4.93179e-07 7.40016e-07 1.09572e-06 1.60112e-06 2.30915e-06 3.28727e-06 4.61972e-06 6.40974e-06 8.78125e-06 1.18799e-05 1.58727e-05 2.09469e-05 2.73064e-05 3.51665e-05 4.47463e-05 5.62591e-05 6.99002e-05 8.58337e-05 0.000104177 0.000124989 0.000148251 0.00017386 0.000201618 0.000231227 0.00026229 0.000294321 0.00032675 0.000358945 0.00039023 0.000419913 0.000447305 0.000471752 0.000492652 0.000509485 0.000521825 0.000529358 0.000531891 0.000529358 0.000521825 0.000509485 0.000492652 0.000471752 0.000447305 0.000419913 0.00039023 0.000358945 0.00032675 0.000294321 0.00026229 0.000231227 0.000201618 0.00017386 0.000148251 0.000124989 0.000104177 8.58337e-05 6.99002e-05 5.62591e-05 4.47463e-05 3.51665e-05 2.73064e-05 2.09469e-05 1.58727e-05 1.18799e-05 8.78125e-06 6.40974e-06 4.61972e-06 3.28727e-06 2.30915e-06 1.60112e-06 1.09572e-06 7.40016e-07 4.93179e-07 3.24302e-07 2.10398e-07 1.34661e-07 8.50207e-08 5.29494e-08 3.25264e-08 1.97087e-08 1.17818e-08 6.95407e-09 4.06347e-09 2.37158e-09 1.42163e-09 9.44496e-10 
1.34029e-09 1.58032e-09 2.37158e-09 3.94395e-09 6.73764e-09 1.14977e-08 1.94246e-08 3.2401e-08 5.33194e-08 8.65451e-08 1.38555e-07 2.18795e-07 3.40812e-07 5.23708e-07 7.9395e-07 1.18759e-06 1.75287e-06 2.5532e-06 3.67046e-06 5.20839e-06 7.29594e-06 1.00903e-05 1.37792e-05 1.85818e-05 2.47486e-05 3.25579e-05 4.23116e-05 5.43257e-05 6.89197e-05 8.64013e-05 0.000107049 0.000131093 0.000158692 0.000189915 0.000224719 0.000262936 0.000304258 0.000348232 0.000394268 0.000441639 0.00048951 0.000536953 0.000582984 0.000626595 0.000666791 0.000702625 0.000733234 0.000757868 0.000775918 0.000786932 0.000790634 0.000786932 0.000775918 0.000757868 0.000733234 0.000702625 0.000666791 0.000626595 0.000582984 0.000536953 0.00048951 0.000441639 0.000394268 0.000348232 0.000304258 0.000262936 0.000224719 0.000189915 0.000158692 0.000131093 0.000107049 8.64013e-05 6.89197e-05 5.43257e-05 4.23116e-05 3.25579e-05 2.47486e-05 1.85818e-05 1.37792e-05 1.00903e-05 7.29594e-06 5.20839e-06 3.67046e-06 2.5532e-06 1.75287e-06 1.18759e-06 7.9395e-07 5.23708e-07 3.40812e-07 2.18795e-07 1.38555e-07 8.65451e-08 5.33194e-08 3.2401e-08 1.94246e-08 1.14977e-08 6.73764e-09 3.94395e-09 2.37158e-09 1.58032e-09 
2.30601e-09 2.71536e-09 4.06347e-09 6.73764e-09 1.1478e-08 1.95341e-08 3.29133e-08 5.47526e-08 8.98556e-08 1.45445e-07 2.32198e-07 3.65627e-07 5.6789e-07 8.70098e-07 1.31519e-06 1.96138e-06 2.88623e-06 4.19126e-06 6.00686e-06 8.49749e-06 1.18666e-05 1.63608e-05 2.2273e-05 2.99437e-05 3.97592e-05 5.21469e-05 6.75666e-05 8.64967e-05 0.000109417 0.000136785 0.000169009 0.000206419 0.000249237 0.00029754 0.00035124 0.000410053 0.000473489 0.000540842 0.000611199 0.000683453 0.00075633 0.000828433 0.00089828 0.000964362 0.00102519 0.00107937 0.0011256 0.00116278 0.00119 0.00120661 0.00121219 0.00120661 0.00119 0.00116278 0.0011256 0.00107937 0.00102519 0.000964362 0.00089828 0.000828433 0.00075633 0.000683453 0.000611199 0.000540842 0.000473489 0.000410053 0.00035124 0.00029754 0.000249237 0.000206419 0.000169009 0.000136785 0.000109417 8.64967e-05 6.75666e-05 5.21469e-05 3.97592e-05 2.99437e-05 2.2273e-05 1.63608e-05 1.18666e-05 8.49749e-06 6.00686e-06 4.19126e-06 2.88623e-06 1.96138e-06 1.31519e-06 8.70098e-07 5.6789e-07 3.65627e-07 2.32198e-07 1.45445e-07 8.98556e-08 5.47526e-08 3.29133e-08 1.95341e-08 1.1478e-08 6.73764e-09 4.06347e-09 2.71536e-09 
3.96226e-09 4.65963e-09 6.95407e-09 1.14977e-08 1.95341e-08 3.31578e-08 5.57232e-08 9.24565e-08 1.51333e-07 2.44302e-07 3.88964e-07 6.10796e-07 9.46046e-07 1.44541e-06 2.17856e-06 3.23959e-06 4.75328e-06 6.8822e-06 9.83427e-06 1.38704e-05 1.93118e-05 2.65459e-05 3.60306e-05 4.82947e-05 6.39353e-05 8.36088e-05 0.000108017 0.000137884 0.00017393 0.000216837 0.000267202 0.000325501 0.000392033 0.000466883 0.000549872 0.000640534 0.000738086 0.000841427 0.000949144 0.00105954 0.00117069 0.00128046 0.00138664 0.00148696 0.00157918 0.00166123 0.00173119 0.00178741 0.00182855 0.00185364 0.00186208 0.00185364 0.00182855 0.00178741 0.00173119 0.00166123 0.00157918 0.00148696 0.00138664 0.00128046 0.00117069 0.00105954 0.000949144 0.000841427 0.000738086 0.000640534 0.000549872 0.000466883 0.000392033 0.000325501 0.000267202 0.000216837 0.00017393 0.000137884 0.000108017 8.36088e-05 6.39353e-05 4.82947e-05 3.60306e-05 2.65459e-05 1.93118e-05 1.38704e-05 9.83427e-06 6.8822e-06 4.75328e-06 3.23959e-06 2.17856e-06 1.44541e-06 9.46046e-07 6.10796e-07 3.88964e-07 2.44302e-07 1.51333e-07 9.24565e-08 5.57232e-08 3.31578e-08 1.95341e-08 1.14977e-08 6.95407e-09 4.65963e-09 
6.73968e-09 7.91582e-09 1.17818e-08 1.94246e-08 3.29133e-08 5.57232e-08 9.34051e-08 1.54579e-07 2.52355e-07 4.0631e-07 6.45172e-07 1.01037e-06 1.56063e-06 2.37775e-06 3.5737e-06 5.29902e-06 7.75253e-06 1.11921e-05 1.59459e-05 2.2424e-05 3.11283e-05 4.26616e-05 5.7732e-05 7.71533e-05 0.000101838 0.000132785 0.000171051 0.000217724 0.000273873 0.000340496 0.000418461 0.000508437 0.000610823 0.000725685 0.000852699 0.000991097 0.00113965 0.00129666 0.00145996 0.00162698 0.00179482 0.00196031 0.00212012 0.00227088 0.00240933 0.00253235 0.00263716 0.00272132 0.00278288 0.00282041 0.00283301 0.00282041 0.00278288 0.00272132 0.00263716 0.00253235 0.00240933 0.00227088 0.00212012 0.00196031 0.00179482 0.00162698 0.00145996 0.00129666 0.00113965 0.000991097 0.000852699 0.000725685 0.000610823 0.000508437 0.000418461 0.000340496 0.000273873 0.000217724 0.000171051 0.000132785 0.000101838 7.71533e-05 5.7732e-05 4.26616e-05 3.11283e-05 2.2424e-05 1.59459e-05 1.11921e-05 7.75253e-06 5.29902e-06 3.5737e-06 2.37775e-06 1.56063e-06 1.01037e-06 6.45172e-07 4.0631e-07 2.52355e-07 1.54579e-07 9.34051e-08 5.57232e-08 3.29133e-08 1.94246e-08 1.17818e-08 7.91582e-09 
1.13191e-08 1.32775e-08 1.97087e-08 3.2401e-08 5.47526e-08 9.24565e-08 1.54579e-07 2.55154e-07 4.15456e-07 6.6714e-07 1.05649e-06 1.65e-06 2.54157e-06 3.86146e-06 5.78721e-06 8.55656e-06 1.24821e-05 1.79672e-05 2.55232e-05 3.57853e-05 4.95278e-05 6.76749e-05 9.13068e-05 0.000121657 0.000160103 0.000208136 0.000267332 0.000339292 0.000425578 0.000527632 0.000646684 0.000783654 0.000939055 0.00111289 0.00130459 0.00151292 0.00173598 0.00197117 0.00221524 0.00246436 0.00271421 0.00296011 0.00319719 0.00342053 0.00362536 0.00380717 0.0039619 0.00408607 0.00417684 0.00423215 0.00425073 0.00423215 0.00417684 0.00408607 0.0039619 0.00380717 0.00362536 0.00342053 0.00319719 0.00296011 0.00271421 0.00246436 0.00221524 0.00197117 0.00173598 0.00151292 0.00130459 0.00111289 0.000939055 0.000783654 0.000646684 0.000527632 0.000425578 0.000339292 0.000267332 0.000208136 0.000160103 0.000121657 9.13068e-05 6.76749e-05 4.95278e-05 3.57853e-05 2.55232e-05 1.79672e-05 1.24821e-05 8.55656e-06 5.78721e-06 3.86146e-06 2.54157e-06 1.65e-06 1.05649e-06 6.6714e-07 4.15456e-07 2.55154e-07 1.54579e-07 9.24565e-08 5.47526e-08 3.2401e-08 1.97087e-08 1.32775e-08 
1.87556e-08 2.19725e-08 3.25264e-08 5.33194e-08 8.98556e-08 1.51333e-07 2.52355e-07 4.15456e-07 6.74677e-07 1.08049e-06 1.70643e-06 2.65772e-06 4.08237e-06 6.18486e-06 9.24276e-06 1.3626e-05 1.9819e-05 2.84438e-05 4.02848e-05 5.63122e-05 7.77015e-05 0.000105849 0.000142376 0.000189125 0.000248137 0.00032161 0.000411846 0.000521164 0.000651804 0.000805806 0.000984877 0.00119025 0.00142254 0.00168163 0.00196651 0.00227528 0.002605 0.00295181 0.00331087 0.00367657 0.00404259 0.00440217 0.00474826 0.00507381 0.00537196 0.0056363 0.00586105 0.00604126 0.00617293 0.00625313 0.00628006 0.00625313 0.00617293 0.00604126 0.00586105 0.0056363 0.00537196 0.00507381 0.00474826 0.00440217 0.00404259 0.00367657 0.00331087 0.00295181 0.002605 0.00227528 0.00196651 0.00168163 0.00142254 0.00119025 0.000984877 0.000805806 0.000651804 0.000521164 0.000411846 0.00032161 0.000248137 0.000189125 0.000142376 0.000105849 7.77015e-05 5.63122e-05 4.02848e-05 2.84438e-05 1.9819e-05 1.3626e-05 9.24276e-06 6.18486e-06 4.08237e-06 2.65772e-06 1.70643e-06 1.08049e-06 6.74677e-07 4.15456e-07 2.52355e-07 1.51333e-07 8.98556e-08 5.33194e-08 3.25264e-08 2.19725e-08 
3.06562e-08 3.58678e-08 5.29494e-08 8.65451e-08 1.45445e-07 2.44302e-07 4.0631e-07 6.6714e-07 1.08049e-06 1.72571e-06 2.71792e-06 4.22127e-06 6.46568e-06 9.76754e-06 1.45544e-05 2.13935e-05 3.10242e-05 4.43914e-05 6.26807e-05 8.73503e-05 0.000120158 0.000163179 0.000218811 0.000289757 0.000378993 0.000489702 0.000625187 0.000788747 0.00098353 0.00121236 0.00147755 0.0017807 0.00212249 0.00250254 0.00291919 0.00336948 0.00384904 0.00435215 0.00487178 0.00539981 0.0059272 0.0064443 0.00694112 0.00740771 0.00783443 0.0082123 0.00853326 0.0087904 0.00897815 0.00909246 0.00913084 0.00909246 0.00897815 0.0087904 0.00853326 0.0082123 0.00783443 0.00740771 0.00694112 0.0064443 0.0059272 0.00539981 0.00487178 0.00435215 0.00384904 0.00336948 0.00291919 0.00250254 0.00212249 0.0017807 0.00147755 0.00121236 0.00098353 0.000788747 0.000625187 0.000489702 0.000378993 0.000289757 0.000218811 0.000163179 0.000120158 8.73503e-05 6.26807e-05 4.43914e-05 3.10242e-05 2.13935e-05 1.45544e-05 9.76754e-06 6.46568e-06 4.22127e-06 2.71792e-06 1.72571e-06 1.08049e-06 6.6714e-07 4.0631e-07 2.44302e-07 1.45445e-07 8.65451e-08 5.29494e-08 3.58678e-08 
4.94269e-08 5.7754e-08 8.50207e-08 1.38555e-07 2.32198e-07 3.88964e-07 6.45172e-07 1.05649e-06 1.70643e-06 2.71792e-06 4.26865e-06 6.61099e-06 1.00969e-05 1.52088e-05 2.25955e-05 3.31141e-05 4.78759e-05 6.82949e-05 9.61353e-05 0.000133555 0.000183143 0.000247933 0.000331409 0.000437477 0.000570401 0.000734709 0.000935054 0.00117604 0.001462 0.00179676 0.00218337 0.00262381 0.00311877 0.00366735 0.00426693 0.00491299 0.00559911 0.00631698 0.00705656 0.00780631 0.0085535 0.00928462 0.00998578 0.0106432 0.0112435 0.0117744 0.0122249 0.0125855 0.0128486 0.0130087 0.0130625 0.0130087 0.0128486 0.0125855 0.0122249 0.0117744 0.0112435 0.0106432 0.00998578 0.00928462 0.0085535 0.00780631 0.00705656 0.00631698 0.00559911 0.00491299 0.00426693 0.00366735 0.00311877 0.00262381 0.00218337 0.00179676 0.001462 0.00117604 0.000935054 0.000734709 0.000570401 0.000437477 0.000331409 0.000247933 0.000183143 0.000133555 9.61353e-05 6.82949e-05 4.78759e-05 3.31141e-05 2.25955e-05 1.52088e-05 1.00969e-05 6.61099e-06 4.26865e-06 2.71792e-06 1.70643e-06 1.05649e-06 6.45172e-07 3.88964e-07 2.32198e-07 1.38555e-07 8.50207e-08 5.7754e-08 
7.86107e-08 9.17334e-08 1.34661e-07 2.18795e-07 3.65627e-07 6.10796e-07 1.01037e-06 1.65e-06 2.65772e-06 4.22127e-06 6.61099e-06 1.02092e-05 1.55472e-05 2.33492e-05 3.45858e-05 5.05327e-05 7.28356e-05 0.000103578 0.000145345 0.000201281 0.000275136 0.000371278 0.000494688 0.000650912 0.000845955 0.00108614 0.00137791 0.00172756 0.00214092 0.00262306 0.00317788 0.00380773 0.00451311 0.00529231 0.00614122 0.00705311 0.00801869 0.00902612 0.0100613 0.011108 0.0121488 0.0131651 0.0141378 0.0150482 0.0158782 0.0166114 0.0172327 0.0177296 0.018092 0.0183124 0.0183863 0.0183124 0.018092 0.0177296 0.0172327 0.0166114 0.0158782 0.0150482 0.0141378 0.0131651 0.0121488 0.011108 0.0100613 0.00902612 0.00801869 0.00705311 0.00614122 0.00529231 0.00451311 0.00380773 0.00317788 0.00262306 0.00214092 0.00172756 0.00137791 0.00108614 0.000845955 0.000650912 0.000494688 0.000371278 0.000275136 0.000201281 0.000145345 0.000103578 7.28356e-05 5.05327e-05 3.45858e-05 2.33492e-05 1.55472e-05 1.02092e-05 6.61099e-06 4.22127e-06 2.65772e-06 1.65e-06 1.01037e-06 6.10796e-07 3.65627e-07 2.18795e-07 1.34661e-07 9.17334e-08 
1.23338e-07 1.43736e-07 2.10398e-07 3.40812e-07 5.6789e-07 9.46046e-07 1.56063e-06 2.54157e-06 4.08237e-06 6.46568e-06 1.00969e-05 1.55472e-05 2.36061e-05 3.53463e-05 5.21976e-05 7.60304e-05 0.000109246 0.000154867 0.000216625 0.000299031 0.000407429 0.000548007 0.000727773 0.000954462 0.00123639 0.00158224 0.00200073 0.00250031 0.00308868 0.00377235 0.00455614 0.0054427 0.00643204 0.00752113 0.00870367 0.00996986 0.0113065 0.0126969 0.0141216 0.0155586 0.016984 0.0183726 0.0196989 0.0209381 0.022066 0.0230609 0.023903 0.0245758 0.0250661 0.0253642 0.0254642 0.0253642 0.0250661 0.0245758 0.023903 0.0230609 0.022066 0.0209381 0.0196989 0.0183726 0.016984 0.0155586 0.0141216 0.0126969 0.0113065 0.00996986 0.00870367 0.00752113 0.00643204 0.0054427 0.00455614 0.00377235 0.00308868 0.00250031 0.00200073 0.00158224 0.00123639 0.000954462 0.000727773 0.000548007 0.000407429 0.000299031 0.000216625 0.000154867 0.000109246 7.60304e-05 5.21976e-05 3.53463e-05 2.36061e-05 1.55472e-05 1.00969e-05 6.46568e-06 4.08237e-06 2.54157e-06 1.56063e-06 9.46046e-07 5.6789e-07 3.40812e-07 2.10398e-07 1.43736e-07 
1.90916e-07 2.22192e-07 3.24302e-07 5.23708e-07 8.70098e-07 1.44541e-06 2.37775e-06 3.86146e-06 6.18486e-06 9.76754e-06 1.52088e-05 2.33492e-05 3.53463e-05 5.27648e-05 7.76804e-05 0.000112796 0.000161561 0.000228297 0.000318306 0.000437959 0.000594755 0.000797317 0.00105534 0.00137943 0.00178091 0.00227146 0.00286269 0.00356568 0.00439035 0.00534486 0.00643494 0.00766328 0.00902894 0.0105269 0.0121477 0.0138773 0.0156973 0.0175847 0.019513 0.0214527 0.0233717 0.0252368 0.0270145 0.0286721 0.0301785 0.031505 0.0326265 0.0335217 0.0341735 0.0345695 0.0347024 0.0345695 0.0341735 0.0335217 0.0326265 0.031505 0.0301785 0.0286721 0.0270145 0.0252368 0.0233717 0.0214527 0.019513 0.0175847 0.0156973 0.0138773 0.0121477 0.0105269 0.00902894 0.00766328 0.00643494 0.00534486 0.00439035 0.00356568 0.00286269 0.00227146 0.00178091 0.00137943 0.00105534 0.000797317 0.000594755 0.000437959 0.000318306 0.000228297 0.000161561 0.000112796 7.76804e-05 5.27648e-05 3.53463e-05 2.33492e-05 1.52088e-05 9.76754e-06 6.18486e-06 3.86146e-06 2.37775e-06 1.44541e-06 8.70098e-07 5.23708e-07 3.24302e-07 2.22192e-07 
2.91573e-07 3.38882e-07 4.93179e-07 7.9395e-07 1.31519e-06 2.17856e-06 3.5737e-06 5.78721e-06 9.24276e-06 1.45544e-05 2.25955e-05 3.45858e-05 5.21976e-05 7.76804e-05 0.000114004 0.000165016 0.000235602 0.000331842 0.000461157 0.000632408 0.000855947 0.0011436 0.00150856 0.00196513 0.00252842 0.00321388 0.00403666 0.00501097 0.00614929 0.0074615 0.00895413 0.0106295 0.0124849 0.0145125 0.0166984 0.0190228 0.0214604 0.0239802 0.0265469 0.0291212 0.0316613 0.0341239 0.0364659 0.0386452 0.040622 0.0423601 0.0438277 0.0449978 0.0458491 0.0463661 0.0465394 0.0463661 0.0458491 0.0449978 0.0438277 0.0423601 0.040622 0.0386452 0.0364659 0.0341239 0.0316613 0.0291212 0.0265469 0.0239802 0.0214604 0.0190228 0.0166984 0.0145125 0.0124849 0.0106295 0.00895413 0.0074615 0.00614929 0.00501097 0.00403666 0.00321388 0.00252842 0.00196513 0.00150856 0.0011436 0.000855947 0.000632408 0.000461157 0.000331842 0.000235602 0.000165016 0.000114004 7.76804e-05 5.21976e-05 3.45858e-05 2.25955e-05 1.45544e-05 9.24276e-06 5.78721e-06 3.5737e-06 2.17856e-06 1.31519e-06 7.9395e-07 4.93179e-07 3.38882e-07 
4.39387e-07 5.09987e-07 7.40016e-07 1.18759e-06 1.96138e-06 3.23959e-06 5.29902e-06 8.55656e-06 1.3626e-05 2.13935e-05 3.31141e-05 5.05327e-05 7.60304e-05 0.000112796 0.000165016 0.000238088 0.000338825 0.000475662 0.000658823 0.000900438 0.00121458 0.00161721 0.00212596 0.0027598 0.00353856 0.00448225 0.00561025 0.00694039 0.00848791 0.0102644 0.0122768 0.0145263 0.0170078 0.0197089 0.0226098 0.0256833 0.028895 0.0322039 0.0355636 0.0389231 0.0422286 0.0454251 0.0484577 0.0512735 0.0538229 0.0560607 0.0579476 0.0594503 0.0605426 0.0612056 0.0614279 0.0612056 0.0605426 0.0594503 0.0579476 0.0560607 0.0538229 0.0512735 0.0484577 0.0454251 0.0422286 0.0389231 0.0355636 0.0322039 0.028895 0.0256833 0.0226098 0.0197089 0.0170078 0.0145263 0.0122768 0.0102644 0.00848791 0.00694039 0.00561025 0.00448225 0.00353856 0.0027598 0.00212596 0.00161721 0.00121458 0.000900438 0.000658823 0.000475662 0.000338825 0.000238088 0.000165016 0.000112796 7.60304e-05 5.05327e-05 3.31141e-05 2.13935e-05 1.3626e-05 8.55656e-06 5.29902e-06 3.23959e-06 1.96138e-06 1.18759e-06 7.40016e-07 5.09987e-07 
6.53401e-07 7.57358e-07 1.09572e-06 1.75287e-06 2.88623e-06 4.75328e-06 7.75253e-06 1.24821e-05 1.9819e-05 3.10242e-05 4.78759e-05 7.28356e-05 0.000109246 0.000161561 0.000235602 0.000338825 0.000480598 0.000672442 0.000928233 0.00126432 0.00169954 0.00225507 0.0029541 0.00382135 0.00488237 0.00616258 0.00768623 0.00947516 0.0115474 0.0139161 0.0165879 0.0195619 0.0228289 0.0263706 0.0301593 0.0341581 0.0383212 0.0425953 0.0469204 0.0512316 0.0554609 0.0595396 0.0633995 0.0669752 0.0702062 0.0730374 0.075421 0.077317 0.078694 0.0795294 0.0798093 0.0795294 0.078694 0.077317 0.075421 0.0730374 0.0702062 0.0669752 0.0633995 0.0595396 0.0554609 0.0512316 0.0469204 0.0425953 0.0383212 0.0341581 0.0301593 0.0263706 0.0228289 0.0195619 0.0165879 0.0139161 0.0115474 0.00947516 0.00768623 0.00616258 0.00488237 0.00382135 0.0029541 0.00225507 0.00169954 0.00126432 0.000928233 0.000672442 0.000480598 0.000338825 0.000235602 0.000161561 0.000109246 7.28356e-05 4.78759e-05 3.10242e-05 1.9819e-05 1.24821e-05 7.75253e-06 4.75328e-06 2.88623e-06 1.75287e-06 1.09572e-06 7.57358e-07 
9.58925e-07 1.10997e-06 1.60112e-06 2.5532e-06 4.19126e-06 6.8822e-06 1.11921e-05 1.79672e-05 2.84438e-05 4.43914e-05 6.82949e-05 0.000103578 0.000154867 0.000228297 0.000331842 0.000475662 0.000672442 0.000937687 0.00128995 0.00175093 0.00234543 0.0031011 0.00404795 0.00521762 0.00664239 0.00835396 0.010382 0.0127525 0.0154863 0.0185972 0.0220907 0.0259624 0.0301972 0.0347687 0.0396388 0.0447585 0.050068 0.055499 0.0609753 0.0664159 0.0717368 0.0768532 0.0816823 0.0861453 0.0901693 0.0936889 0.0966475 0.0989979 0.100703 0.101737 0.102084 0.101737 0.100703 0.0989979 0.0966475 0.0936889 0.0901693 0.0861453 0.0816823 0.0768532 0.0717368 0.0664159 0.0609753 0.055499 0.050068 0.0447585 0.0396388 0.0347687 0.0301972 0.0259624 0.0220907 0.0185972 0.0154863 0.0127525 0.010382 0.00835396 0.00664239 0.00521762 0.00404795 0.0031011 0.00234543 0.00175093 0.00128995 0.000937687 0.000672442 0.000475662 0.000331842 0.000228297 0.000154867 0.000103578 6.82949e-05 4.43914e-05 2.84438e-05 1.79672e-05 1.11921e-05 6.8822e-06 4.19126e-06 2.5532e-06 1.60112e-06 1.10997e-06 
1.389e-06 1.6056e-06 2.30915e-06 3.67046e-06 6.00686e-06 9.83427e-06 1.59459e-05 2.55232e-05 4.02848e-05 6.26807e-05 9.61353e-05 0.000145345 0.000216625 0.000318306 0.000461157 0.000658823 0.000928233 0.00128995 0.0017684 0.00239195 0.00319275 0.00420632 0.00547083 0.00702606 0.00891207 0.0111675 0.0138278 0.0169232 0.0204767 0.0245017 0.0290012 0.0339651 0.0393704 0.0451798 0.0513422 0.0577932 0.0644566 0.0712458 0.0780666 0.0848192 0.0914015 0.0977117 0.103651 0.109126 0.114051 0.118351 0.121959 0.124822 0.126897 0.128154 0.128575 0.128154 0.126897 0.124822 0.121959 0.118351 0.114051 0.109126 0.103651 0.0977117 0.0914015 0.0848192 0.0780666 0.0712458 0.0644566 0.0577932 0.0513422 0.0451798 0.0393704 0.0339651 0.0290012 0.0245017 0.0204767 0.0169232 0.0138278 0.0111675 0.00891207 0.00702606 0.00547083 0.00420632 0.00319275 0.00239195 0.0017684 0.00128995 0.000928233 0.000658823 0.000461157 0.000318306 0.000216625 0.000145345 9.61353e-05 6.26807e-05 4.02848e-05 2.55232e-05 1.59459e-05 9.83427e-06 6.00686e-06 3.67046e-06 2.30915e-06 1.6056e-06 
1.98596e-06 2.29252e-06 3.28727e-06 5.20839e-06 8.49749e-06 1.38704e-05 2.2424e-05 3.57853e-05 5.63122e-05 8.73503e-05 0.000133555 0.000201281 0.000299031 0.000437959 0.000632408 0.000900438 0.00126432 0.00175093 0.00239195 0.00322389 0.00428779 0.00562852 0.00729383 0.00933284 0.0117943 0.0147243 0.0181642 0.022148 0.0266996 0.031831 0.0375401 0.0438092 0.0506039 0.0578733 0.0655499 0.0735511 0.0817808 0.0901319 0.0984892 0.106733 0.114741 0.122393 0.129574 0.136176 0.142101 0.147262 0.151586 0.155012 0.157493 0.158994 0.159497 0.158994 0.157493 0.155012 0.151586 0.147262 0.142101 0.136176 0.129574 0.122393 0.114741 0.106733 0.0984892 0.0901319 0.0817808 0.0735511 0.0655499 0.0578733 0.0506039 0.0438092 0.0375401 0.031831 0.0266996 0.022148 0.0181642 0.0147243 0.0117943 0.00933284 0.00729383 0.00562852 0.00428779 0.00322389 0.00239195 0.00175093 0.00126432 0.000900438 0.000632408 0.000437959 0.000299031 0.000201281 0.000133555 8.73503e-05 5.63122e-05 3.57853e-05 2.2424e-05 1.38704e-05 8.49749e-06 5.20839e-06 3.28727e-06 2.29252e-06 
2.80307e-06 3.23138e-06 4.61972e-06 7.29594e-06 1.18666e-05 1.93118e-05 3.11283e-05 4.95278e-05 7.77015e-05 0.000120158 0.000183143 0.000275136 0.000407429 0.000594755 0.000855947 0.00121458 0.00169954 0.00234543 0.00319275 0.00428779 0.00568208 0.00743144 0.00959455 0.012231 0.0153988 0.019152 0.0235373 0.0285913 0.0343379 0.040785 0.047923 0.0557231 0.0641366 0.0730952 0.0825115 0.0922813 0.102286 0.112395 0.12247 0.13237 0.141951 0.151076 0.159612 0.167439 0.174444 0.180534 0.185626 0.189654 0.192567 0.19433 0.19492 0.19433 0.192567 0.189654 0.185626 0.180534 0.174444 0.167439 0.159612 0.151076 0.141951 0.13237 0.12247 0.112395 0.102286 0.0922813 0.0825115 0.0730952 0.0641366 0.0557231 0.047923 0.040785 0.0343379 0.0285913 0.0235373 0.019152 0.0153988 0.012231 0.00959455 0.00743144 0.00568208 0.00428779 0.00319275 0.00234543 0.00169954 0.00121458 0.000855947 0.000594755 0.000407429 0.000275136 0.000183143 0.000120158 7.77015e-05 4.95278e-05 3.11283e-05 1.93118e-05 1.18666e-05 7.29594e-06 4.61972e-06 3.23138e-06 
3.90603e-06 4.49679e-06 6.40974e-06 1.00903e-05 1.63608e-05 2.65459e-05 4.26616e-05 6.76749e-05 0.000105849 0.000163179 0.000247933 0.000371278 0.000548007 0.000797317 0.0011436 0.00161721 0.00225507 0.0031011 0.00420632 0.00562852 0.00743144 0.00968338 0.0124552 0.0158178 0.019839 0.0245803 0.0300931 0.0364154 0.0435681 0.0515525 0.0603482 0.0699116 0.0801758 0.091051 0.102426 0.114173 0.126146 0.13819 0.150143 0.161839 0.173117 0.183818 0.193796 0.202917 0.21106 0.218121 0.224014 0.228668 0.23203 0.234062 0.234742 0.234062 0.23203 0.228668 0.224014 0.218121 0.21106 0.202917 0.193796 0.183818 0.173117 0.161839 0.150143 0.13819 0.126146 0.114173 0.102426 0.091051 0.0801758 0.0699116 0.0603482 0.0515525 0.0435681 0.0364154 0.0300931 0.0245803 0.019839 0.0158178 0.0124552 0.00968338 0.00743144 0.00562852 0.00420632 0.0031011 0.00225507 0.00161721 0.0011436 0.000797317 0.000548007 0.000371278 0.000247933 0.000163179 0.000105849 6.76749e-05 4.26616e-05 2.65459e-05 1.63608e-05 1.00903e-05 6.40974e-06 4.49679e-06 
5.37423e-06 6.17876e-06 8.78125e-06 1.37792e-05 2.2273e-05 3.60306e-05 5.7732e-05 9.13068e-05 0.000142376 0.000218811 0.000331409 0.000494688 0.000727773 0.00105534 0.00150856 0.00212596 0.0029541 0.00404795 0.00547083 0.00729383 0.00959455 0.0124552 0.0159599 0.0201914 0.0252273 0.0311358 0.0379715 0.0457711 0.0545502 0.0642997 0.0749842 0.0865412 0.098881 0.111889 0.125426 0.139335 0.153445 0.167572 0.181529 0.195128 0.208186 0.220531 0.232001 0.242452 0.251756 0.259804 0.266507 0.271791 0.275604 0.277906 0.278676 0.277906 0.275604 0.271791 0.266507 0.259804 0.251756 0.242452 0.232001 0.220531 0.208186 0.195128 0.181529 0.167572 0.153445 0.139335 0.125426 0.111889 0.098881 0.0865412 0.0749842 0.0642997 0.0545502 0.0457711 0.0379715 0.0311358 0.0252273 0.0201914 0.0159599 0.0124552 0.00959455 0.00729383 0.00547083 0.00404795 0.0029541 0.00212596 0.00150856 0.00105534 0.000727773 0.000494688 0.000331409 0.000218811 0.000142376 9.13068e-05 5.7732e-05 3.60306e-05 2.2273e-05 1.37792e-05 8.78125e-06 6.17876e-06 
7.3016e-06 8.38354e-06 1.18799e-05 1.85818e-05 2.99437e-05 4.82947e-05 7.71533e-05 0.000121657 0.000189125 0.000289757 0.000437477 0.000650912 0.000954462 0.00137943 0.00196513 0.0027598 0.00382135 0.00521762 0.00702606 0.00933284 0.012231 0.0158178 0.0201914 0.0254465 0.0316699 0.0389351 0.0472975 0.0567898 0.0674181 0.0791587 0.0919568 0.105726 0.120349 0.135682 0.151556 0.167782 0.184158 0.200474 0.216518 0.232079 0.246959 0.260968 0.273938 0.285714 0.296167 0.305185 0.312678 0.318575 0.322823 0.325386 0.326243 0.325386 0.322823 0.318575 0.312678 0.305185 0.296167 0.285714 0.273938 0.260968 0.246959 0.232079 0.216518 0.200474 0.184158 0.167782 0.151556 0.135682 0.120349 0.105726 0.0919568 0.0791587 0.0674181 0.0567898 0.0472975 0.0389351 0.0316699 0.0254465 0.0201914 0.0158178 0.012231 0.00933284 0.00702606 0.00521762 0.00382135 0.0027598 0.00196513 0.00137943 0.000954462 0.000650912 0.000437477 0.000289757 0.000189125 0.000121657 7.71533e-05 4.82947e-05 2.99437e-05 1.85818e-05 1.18799e-05 8.38354e-06 
9.79676e-06 1.12337e-05 1.58727e-05 2.47486e-05 3.97592e-05 6.39353e-05 0.000101838 0.000160103 0.000248137 0.000378993 0.000570401 0.000845955 0.00123639 0.00178091 0.00252842 0.00353856 0.00488237 0.00664239 0.00891207 0.0117943 0.0153988 0.019839 0.0252273 0.0316699 0.0392614 0.0480785 0.0581744 0.0695738 0.0822688 0.0962164 0.111337 0.127515 0.144602 0.16242 0.180765 0.199417 0.218142 0.236703 0.254863 0.272394 0.289081 0.304726 0.319152 0.332204 0.343752 0.353687 0.361921 0.36839 0.373043 0.375847 0.376784 0.375847 0.373043 0.36839 0.361921 0.353687 0.343752 0.332204 0.319152 0.304726 0.289081 0.272394 0.254863 0.236703 0.218142 0.199417 0.180765 0.16242 0.144602 0.127515 0.111337 0.0962164 0.0822688 0.0695738 0.0581744 0.0480785 0.0392614 0.0316699 0.0252273 0.019839 0.0153988 0.0117943 0.00891207 0.00664239 0.00488237 0.00353856 0.00252842 0.00178091 0.00123639 0.000845955 0.000570401 0.000378993 0.000248137 0.000160103 0.000101838 6.39353e-05 3.97592e-05 2.47486e-05 1.58727e-05 1.12337e-05 
1.29823e-05 1.48673e-05 2.09469e-05 3.25579e-05 5.21469e-05 8.36088e-05 0.000132785 0.000208136 0.00032161 0.000489702 0.000734709 0.00108614 0.00158224 0.00227146 0.00321388 0.00448225 0.00616258 0.00835396 0.0111675 0.0147243 0.019152 0.0245803 0.0311358 0.0389351 0.0480785 0.0586428 0.0706753 0.084188 0.0991539 0.115505 0.133131 0.151883 0.171576 0.191994 0.212898 0.234031 0.255132 0.275934 0.296181 0.315629 0.334052 0.351248 0.367038 0.38127 0.393818 0.40458 0.413479 0.420453 0.425463 0.428479 0.429486 0.428479 0.425463 0.420453 0.413479 0.40458 0.393818 0.38127 0.367038 0.351248 0.334052 0.315629 0.296181 0.275934 0.255132 0.234031 0.212898 0.191994 0.171576 0.151883 0.133131 0.115505 0.0991539 0.084188 0.0706753 0.0586428 0.0480785 0.0389351 0.0311358 0.0245803 0.019152 0.0147243 0.0111675 0.00835396 0.00616258 0.00448225 0.00321388 0.00227146 0.00158224 0.00108614 0.000734709 0.000489702 0.00032161 0.000208136 0.000132785 8.36088e-05 5.21469e-05 3.25579e-05 2.09469e-05 1.48673e-05 
1.69926e-05 1.94355e-05 2.73064e-05 4.23116e-05 6.75666e-05 0.000108017 0.000171051 0.000267332 0.000411846 0.000625187 0.000935054 0.00137791 0.00200073 0.00286269 0.00403666 0.00561025 0.00768623 0.010382 0.0138278 0.0181642 0.0235373 0.0300931 0.0379715 0.0472975 0.0581744 0.0706753 0.0848367 0.100653 0.118071 0.136994 0.157274 0.178724 0.201117 0.224199 0.24769 0.271302 0.294741 0.317719 0.339961 0.361213 0.381244 0.399851 0.416862 0.432131 0.445545 0.457013 0.466469 0.473864 0.479167 0.482355 0.483419 0.482355 0.479167 0.473864 0.466469 0.457013 0.445545 0.432131 0.416862 0.399851 0.381244 0.361213 0.339961 0.317719 0.294741 0.271302 0.24769 0.224199 0.201117 0.178724 0.157274 0.136994 0.118071 0.100653 0.0848367 0.0706753 0.0581744 0.0472975 0.0379715 0.0300931 0.0235373 0.0181642 0.0138278 0.010382 0.00768623 0.00561025 0.00403666 0.00286269 0.00200073 0.00137791 0.000935054 0.000625187 0.000411846 0.000267332 0.000171051 0.000108017 6.75666e-05 4.23116e-05 2.73064e-05 1.94355e-05 
2.19712e-05 2.50989e-05 3.51665e-05 5.43257e-05 8.64967e-05 0.000137884 0.000217724 0.000339292 0.000521164 0.000788747 0.00117604 0.00172756 0.00250031 0.00356568 0.00501097 0.00694039 0.00947516 0.0127525 0.0169232 0.022148 0.0285913 0.0364154 0.0457711 0.0567898 0.0695738 0.084188 0.100653 0.118938 0.138961 0.160586 0.183626 0.207848 0.232984 0.258733 0.284781 0.310803 0.33648 0.361504 0.385588 0.408472 0.429926 0.449755 0.467797 0.483923 0.498033 0.510056 0.519939 0.52765 0.533169 0.536484 0.537589 0.536484 0.533169 0.52765 0.519939 0.510056 0.498033 0.483923 0.467797 0.449755 0.429926 0.408472 0.385588 0.361504 0.33648 0.310803 0.284781 0.258733 0.232984 0.207848 0.183626 0.160586 0.138961 0.118938 0.100653 0.084188 0.0695738 0.0567898 0.0457711 0.0364154 0.0285913 0.022148 0.0169232 0.0127525 0.00947516 0.00694039 0.00501097 0.00356568 0.00250031 0.00172756 0.00117604 0.000788747 0.000521164 0.000339292 0.000217724 0.000137884 8.64967e-05 5.43257e-05 3.51665e-05 2.50989e-05 
2.80653e-05 3.20221e-05 4.47463e-05 6.89197e-05 0.000109417 0.00017393 0.000273873 0.000425578 0.000651804 0.00098353 0.001462 0.00214092 0.00308868 0.00439035 0.00614929 0.00848791 0.0115474 0.0154863 0.0204767 0.0266996 0.0343379 0.0435681 0.0545502 0.0674181 0.0822688 0.0991539 0.118071 0.138961 0.161704 0.186119 0.211974 0.23899 0.266849 0.29521 0.323719 0.352022 0.379774 0.406654 0.432368 0.456658 0.479303 0.500121 0.518968 0.535735 0.550346 0.562749 0.572913 0.580823 0.586472 0.589861 0.590991 0.589861 0.586472 0.580823 0.572913 0.562749 0.550346 0.535735 0.518968 0.500121 0.479303 0.456658 0.432368 0.406654 0.379774 0.352022 0.323719 0.29521 0.266849 0.23899 0.211974 0.186119 0.161704 0.138961 0.118071 0.0991539 0.0822688 0.0674181 0.0545502 0.0435681 0.0343379 0.0266996 0.0204767 0.0154863 0.0115474 0.00848791 0.00614929 0.00439035 0.00308868 0.00214092 0.001462 0.00098353 0.000651804 0.000425578 0.000273873 0.00017393 0.000109417 6.89197e-05 4.47463e-05 3.20221e-05 
3.54196e-05 4.03662e-05 5.62591e-05 8.64013e-05 0.000136785 0.000216837 0.000340496 0.000527632 0.000805806 0.00121236 0.00179676 0.00262306 0.00377235 0.00534486 0.0074615 0.0102644 0.0139161 0.0185972 0.0245017 0.031831 0.040785 0.0515525 0.0642997 0.0791587 0.0962164 0.115505 0.136994 0.160586 0.186119 0.213365 0.242039 0.271811 0.302317 0.333173 0.363987 0.394378 0.423986 0.452478 0.479563 0.50499 0.528555 0.550096 0.569494 0.586667 0.601564 0.61416 0.624447 0.63243 0.63812 0.641529 0.642664 0.641529 0.63812 0.63243 0.624447 0.61416 0.601564 0.586667 0.569494 0.550096 0.528555 0.50499 0.479563 0.452478 0.423986 0.394378 0.363987 0.333173 0.302317 0.271811 0.242039 0.213365 0.186119 0.160586 0.136994 0.115505 0.0962164 0.0791587 0.0642997 0.0515525 0.040785 0.031831 0.0245017 0.0185972 0.0139161 0.0102644 0.0074615 0.00534486 0.00377235 0.00262306 0.00179676 0.00121236 0.000805806 0.000527632 0.000340496 0.000216837 0.000136785 8.64013e-05 5.62591e-05 4.03662e-05 
4.41689e-05 5.02808e-05 6.99002e-05 0.000107049 0.000169009 0.000267202 0.000418461 0.000646684 0.000984877 0.00147755 0.00218337 0.00317788 0.00455614 0.00643494 0.00895413 0.0122768 0.0165879 0.0220907 0.0290012 0.0375401 0.047923 0.0603482 0.0749842 0.0919568 0.111337 0.133131 0.157274 0.183626 0.211974 0.242039 0.273481 0.305917 0.338936 0.372111 0.405019 0.437257 0.468452 0.49827 0.526428 0.552692 0.57688 0.598859 0.618539 0.63587 0.650832 0.66343 0.67368 0.681611 0.687251 0.690624 0.691747 0.690624 0.687251 0.681611 0.67368 0.66343 0.650832 0.63587 0.618539 0.598859 0.57688 0.552692 0.526428 0.49827 0.468452 0.437257 0.405019 0.372111 0.338936 0.305917 0.273481 0.242039 0.211974 0.183626 0.157274 0.133131 0.111337 0.0919568 0.0749842 0.0603482 0.047923 0.0375401 0.0290012 0.0220907 0.0165879 0.0122768 0.00895413 0.00643494 0.00455614 0.00317788 0.00218337 0.00147755 0.000984877 0.000646684 0.000418461 0.000267202 0.000169009 0.000107049 6.99002e-05 5.02808e-05 
5.44285e-05 6.18931e-05 8.58337e-05 0.000131093 0.000206419 0.000325501 0.000508437 0.000783654 0.00119025 0.0017807 0.00262381 0.00380773 0.0054427 0.00766328 0.0106295 0.0145263 0.0195619 0.0259624 0.0339651 0.0438092 0.0557231 0.0699116 0.0865412 0.105726 0.127515 0.151883 0.178724 0.207848 0.23899 0.271811 0.305917 0.340872 0.376216 0.411486 0.446232 0.480032 0.51251 0.543339 0.572249 0.599032 0.623536 0.645659 0.665351 0.682594 0.697405 0.709817 0.719877 0.727636 0.733139 0.736425 0.737518 0.736425 0.733139 0.727636 0.719877 0.709817 0.697405 0.682594 0.665351 0.645659 0.623536 0.599032 0.572249 0.543339 0.51251 0.480032 0.446232 0.411486 0.376216 0.340872 0.305917 0.271811 0.23899 0.207848 0.178724 0.151883 0.127515 0.105726 0.0865412 0.0699116 0.0557231 0.0438092 0.0339651 0.0259624 0.0195619 0.0145263 0.0106295 0.00766328 0.0054427 0.00380773 0.00262381 0.0017807 0.00119025 0.000783654 0.000508437 0.000325501 0.000206419 0.000131093 8.58337e-05 6.18931e-05 
6.62847e-05 7.5297e-05 0.000104177 0.000158692 0.000249237 0.000392033 0.000610823 0.000939055 0.00142254 0.00212249 0.00311877 0.00451311 0.00643204 0.00902894 0.0124849 0.0170078 0.0228289 0.0301972 0.0393704 0.0506039 0.0641366 0.0801758 0.098881 0.120349 0.144602 0.171576 0.201117 0.232984 0.266849 0.302317 0.338936 0.376216 0.413656 0.450756 0.487047 0.522097 0.555532 0.587039 0.616374 0.643356 0.667869 0.689854 0.709296 0.726219 0.740675 0.75273 0.76246 0.769936 0.775226 0.778378 0.779425 0.778378 0.775226 0.769936 0.76246 0.75273 0.740675 0.726219 0.709296 0.689854 0.667869 0.643356 0.616374 0.587039 0.555532 0.522097 0.487047 0.450756 0.413656 0.376216 0.338936 0.302317 0.266849 0.232984 0.201117 0.171576 0.144602 0.120349 0.098881 0.0801758 0.0641366 0.0506039 0.0393704 0.0301972 0.0228289 0.0170078 0.0124849 0.00902894 0.00643204 0.00451311 0.00311877 0.00212249 0.00142254 0.000939055 0.000610823 0.000392033 0.000249237 0.000158692 0.000104177 7.5297e-05 
7.97845e-05 9.05422e-05 0.000124989 0.000189915 0.00029754 0.000466883 0.000725685 0.00111289 0.00168163 0.00250254 0.00366735 0.00529231 0.00752113 0.0105269 0.0145125 0.0197089 0.0263706 0.0347687 0.0451798 0.0578733 0.0730952 0.091051 0.111889 0.135682 0.16242 0.191994 0.224199 0.258733 0.29521 0.333173 0.372111 0.411486 0.450756 0.489396 0.526918 0.562891 0.59695 0.628804 0.658238 0.685111 0.709346 0.730927 0.749883 0.766277 0.780199 0.791746 0.801024 0.808126 0.813135 0.816115 0.817103 0.816115 0.813135 0.808126 0.801024 0.791746 0.780199 0.766277 0.749883 0.730927 0.709346 0.685111 0.658238 0.628804 0.59695 0.562891 0.526918 0.489396 0.450756 0.411486 0.372111 0.333173 0.29521 0.258733 0.224199 0.191994 0.16242 0.135682 0.111889 0.091051 0.0730952 0.0578733 0.0451798 0.0347687 0.0263706 0.0197089 0.0145125 0.0105269 0.00752113 0.00529231 0.00366735 0.00250254 0.00168163 0.00111289 0.000725685 0.000466883 0.00029754 0.000189915 0.000124989 9.05422e-05 
9.49258e-05 0.000107623 0.000148251 0.000224719 0.00035124 0.000549872 0.000852699 0.00130459 0.00196651 0.00291919 0.00426693 0.00614122 0.00870367 0.0121477 0.0166984 0.0226098 0.0301593 0.0396388 0.0513422 0.0655499 0.0825115 0.102426 0.125426 0.151556 0.180765 0.212898 0.24769 0.284781 0.323719 0.363987 0.405019 0.446232 0.487047 0.526918 0.565351 0.601918 0.636275 0.668158 0.697389 0.723869 0.747567 0.768511 0.786775 0.802463 0.8157 0.826618 0.835345 0.841998 0.846676 0.849452 0.850373 0.849452 0.846676 0.841998 0.835345 0.826618 0.8157 0.802463 0.786775 0.768511 0.747567 0.723869 0.697389 0.668158 0.636275 0.601918 0.565351 0.526918 0.487047 0.446232 0.405019 0.363987 0.323719 0.284781 0.24769 0.212898 0.180765 0.151556 0.125426 0.102426 0.0825115 0.0655499 0.0513422 0.0396388 0.0301593 0.0226098 0.0166984 0.0121477 0.00870367 0.00614122 0.00426693 0.00291919 0.00196651 0.00130459 0.000852699 0.000549872 0.00035124 0.000224719 0.000148251 0.000107623 
0.000111649 0.000126471 0.00017386 0.000262936 0.000410053 0.000640534 0.000991097 0.00151292 0.00227528 0.00336948 0.00491299 0.00705311 0.00996986 0.0138773 0.0190228 0.0256833 0.0341581 0.0447585 0.0577932 0.0735511 0.0922813 0.114173 0.139335 0.167782 0.199417 0.234031 0.271302 0.310803 0.352022 0.394378 0.437257 0.480032 0.522097 0.562891 0.601918 0.638767 0.673115 0.704736 0.733493 0.759332 0.782271 0.802384 0.819789 0.834631 0.847069 0.857264 0.86537 0.871522 0.875832 0.878383 0.879228 0.878383 0.875832 0.871522 0.86537 0.857264 0.847069 0.834631 0.819789 0.802384 0.782271 0.759332 0.733493 0.704736 0.673115 0.638767 0.601918 0.562891 0.522097 0.480032 0.437257 0.394378 0.352022 0.310803 0.271302 0.234031 0.199417 0.167782 0.139335 0.114173 0.0922813 0.0735511 0.0577932 0.0447585 0.0341581 0.0256833 0.0190228 0.0138773 0.00996986 0.00705311 0.00491299 0.00336948 0.00227528 0.00151292 0.000991097 0.000640534 0.000410053 0.000262936 0.00017386 0.000126471 
0.000129832 0.000146944 0.000201618 0.000304258 0.000473489 0.000738086 0.00113965 0.00173598 0.002605 0.00384904 0.00559911 0.00801869 0.0113065 0.0156973 0.0214604 0.028895 0.0383212 0.050068 0.0644566 0.0817808 0.102286 0.126146 0.153445 0.184158 0.218142 0.255132 0.294741 0.33648 0.379774 0.423986 0.468452 0.51251 0.555532 0.59695 0.636275 0.673115 0.707181 0.738285 0.766337 0.79133 0.813333 0.832465 0.848887 0.862782 0.874342 0.883755 0.891195 0.896813 0.900735 0.90305 0.903816 0.90305 0.900735 0.896813 0.891195 0.883755 0.874342 0.862782 0.848887 0.832465 0.813333 0.79133 0.766337 0.738285 0.707181 0.673115 0.636275 0.59695 0.555532 0.51251 0.468452 0.423986 0.379774 0.33648 0.294741 0.255132 0.218142 0.184158 0.153445 0.126146 0.102286 0.0817808 0.0644566 0.050068 0.0383212 0.028895 0.0214604 0.0156973 0.0113065 0.00801869 0.00559911 0.00384904 0.002605 0.00173598 0.00113965 0.000738086 0.000473489 0.000304258 0.000201618 0.000146944 
