0.00071044 0.000722652 0.000759477 0.000821476 0.000909575 0.00102505 0.00116952 0.00134491 0.00155341 0.00179746 0.00207972 0.00240298 0.00277013 0.0031841 0.0036478 0.00416403 0.00473542 0.00536434 0.00605284 0.00680254 0.00761459 0.00848954 0.00942732 0.0104271 0.0114874 0.0126059 0.0137792 0.0150033 0.0162732 0.017583 0.0189261 0.0202948 0.0216809 0.0230754 0.0244687 0.0258507 0.0272109 0.0285387 0.0298232 0.0310535 0.032219 0.0333094 0.0343147 0.0352257 0.0360338 0.0367314 0.0373116 0.037769 0.0380989 0.0382981 0.0383648 0.0382981 0.0380989 0.037769 0.0373116 0.0367314 0.0360338 0.0352257 0.0343147 0.0333094 0.032219 0.0310535 0.0298232 0.0285387 0.0272109 0.0258507 0.0244687 0.0230754 0.0216809 0.0202948 0.0189261 0.017583 0.0162732 0.0150033 0.0137792 0.0126059 0.0114874 0.0104271 0.00942732 0.00848954 0.00761459 0.00680254 0.00605284 0.00536434 0.00473542 0.00416403 0.0036478 0.0031841 0.00277013 0.00240298 0.00207972 0.00179746 0.00155341 0.00134491 0.00116952 0.00102505 0.000909575 0.000821476 0.000759477 0.000722652 
0.000722652 0.000735058 0.000772467 0.000835447 0.000924936 0.00104223 0.00118896 0.00136708 0.0015788 0.00182662 0.00211319 0.00244135 0.00281403 0.00323418 0.00370475 0.00422857 0.00480828 0.00544629 0.00614464 0.00690499 0.00772846 0.00861562 0.00956637 0.0105799 0.0116546 0.0127881 0.0139771 0.0152174 0.016504 0.0178309 0.0191913 0.0205776 0.0219814 0.0233935 0.0248043 0.0262035 0.0275806 0.0289247 0.0302249 0.0314702 0.0326499 0.0337534 0.0347708 0.0356926 0.0365104 0.0372162 0.0378033 0.0382661 0.0385999 0.0388015 0.0388689 0.0388015 0.0385999 0.0382661 0.0378033 0.0372162 0.0365104 0.0356926 0.0347708 0.0337534 0.0326499 0.0314702 0.0302249 0.0289247 0.0275806 0.0262035 0.0248043 0.0233935 0.0219814 0.0205776 0.0191913 0.0178309 0.016504 0.0152174 0.0139771 0.0127881 0.0116546 0.0105799 0.00956637 0.00861562 0.00772846 0.00690499 0.00614464 0.00544629 0.00480828 0.00422857 0.00370475 0.00323418 0.00281403 0.00244135 0.00211319 0.00182662 0.0015788 0.00136708 0.00118896 0.00104223 0.000924936 0.000835447 0.000772467 0.000735058 
0.000759477 0.000772467 0.000811635 0.00087757 0.000971248 0.00109401 0.00124755 0.0014339 0.00165534 0.00191446 0.00221402 0.00255694 0.00294626 0.00338503 0.00387628 0.00442293 0.00502769 0.00569304 0.00642106 0.00721343 0.00807128 0.00899516 0.00998492 0.0110397 0.0121577 0.0133365 0.0145727 0.0158617 0.0171985 0.0185767 0.0199893 0.0214284 0.0228852 0.0243502 0.0258136 0.0272646 0.0286923 0.0300855 0.0314329 0.0327232 0.0339452 0.0350881 0.0361418 0.0370963 0.037943 0.0386737 0.0392814 0.0397604 0.0401059 0.0403146 0.0403844 0.0403146 0.0401059 0.0397604 0.0392814 0.0386737 0.037943 0.0370963 0.0361418 0.0350881 0.0339452 0.0327232 0.0314329 0.0300855 0.0286923 0.0272646 0.0258136 0.0243502 0.0228852 0.0214284 0.0199893 0.0185767 0.0171985 0.0158617 0.0145727 0.0133365 0.0121577 0.0110397 0.00998492 0.00899516 0.00807128 0.00721343 0.00642106 0.00569304 0.00502769 0.00442293 0.00387628 0.00338503 0.00294626 0.00255694 0.00221402 0.00191446 0.00165534 0.0014339 0.00124755 0.00109401 0.000971248 0.00087757 0.000811635 0.000772467 
0.000821476 0.000835447 0.00087757 0.000948472 0.00104919 0.00118114 0.00134612 0.00154628 0.00178405 0.00206216 0.00238352 0.00275123 0.00316847 0.00363848 0.00416442 0.00474936 0.00539615 0.00610733 0.00688509 0.00773114 0.0086466 0.00963199 0.0106871 0.0118109 0.0130015 0.0142562 0.0155712 0.0169419 0.0183625 0.0198266 0.0213265 0.0228538 0.0243992 0.0259529 0.027504 0.0290415 0.0305538 0.032029 0.0334552 0.0348206 0.0361134 0.0373222 0.0384363 0.0394455 0.0403404 0.0411126 0.0417548 0.0422608 0.0426259 0.0428463 0.04292 0.0428463 0.0426259 0.0422608 0.0417548 0.0411126 0.0403404 0.0394455 0.0384363 0.0373222 0.0361134 0.0348206 0.0334552 0.032029 0.0305538 0.0290415 0.027504 0.0259529 0.0243992 0.0228538 0.0213265 0.0198266 0.0183625 0.0169419 0.0155712 0.0142562 0.0130015 0.0118109 0.0106871 0.00963199 0.0086466 0.00773114 0.00688509 0.00610733 0.00539615 0.00474936 0.00416442 0.00363848 0.00316847 0.00275123 0.00238352 0.00206216 0.00178405 0.00154628 0.00134612 0.00118114 0.00104919 0.000948472 0.00087757 0.000835447 
0.000909575 0.000924936 0.000971248 0.00104919 0.00115987 0.00130484 0.00148603 0.00170575 0.00196664 0.00227162 0.00262383 0.0030266 0.00348335 0.00399753 0.00457252 0.00521158 0.00591773 0.00669366 0.00754166 0.00846346 0.00946024 0.0105324 0.0116797 0.0129008 0.0141937 0.0155553 0.0169814 0.018467 0.0200058 0.0215907 0.0232134 0.0248649 0.026535 0.0282131 0.0298877 0.0315467 0.0331778 0.0347682 0.0363052 0.037776 0.0391681 0.0404695 0.0416684 0.0427542 0.0437167 0.0445472 0.0452377 0.0457818 0.0461742 0.0464111 0.0464904 0.0464111 0.0461742 0.0457818 0.0452377 0.0445472 0.0437167 0.0427542 0.0416684 0.0404695 0.0391681 0.037776 0.0363052 0.0347682 0.0331778 0.0315467 0.0298877 0.0282131 0.026535 0.0248649 0.0232134 0.0215907 0.0200058 0.018467 0.0169814 0.0155553 0.0141937 0.0129008 0.0116797 0.0105324 0.00946024 0.00846346 0.00754166 0.00669366 0.00591773 0.00521158 0.00457252 0.00399753 0.00348335 0.0030266 0.00262383 0.00227162 0.00196664 0.00170575 0.00148603 0.00130484 0.00115987 0.00104919 0.000971248 0.000924936 
0.00102505 0.00104223 0.00109401 0.00118114 0.00130484 0.00146679 0.00166914 0.00191439 0.00220543 0.00254546 0.0029379 0.00338637 0.00389459 0.0044663 0.00510515 0.00581465 0.00659804 0.00745818 0.00839748 0.00941774 0.0105201 0.011705 0.0129719 0.0143193 0.0157449 0.017245 0.0188152 0.0204496 0.0221414 0.0238827 0.0256644 0.0274764 0.0293078 0.0311468 0.0329809 0.034797 0.0365815 0.0383206 0.0400006 0.0416075 0.0431278 0.0445484 0.0458568 0.0470413 0.0480911 0.0489966 0.0497494 0.0503424 0.0507701 0.0510283 0.0511147 0.0510283 0.0507701 0.0503424 0.0497494 0.0489966 0.0480911 0.0470413 0.0458568 0.0445484 0.0431278 0.0416075 0.0400006 0.0383206 0.0365815 0.034797 0.0329809 0.0311468 0.0293078 0.0274764 0.0256644 0.0238827 0.0221414 0.0204496 0.0188152 0.017245 0.0157449 0.0143193 0.0129719 0.011705 0.0105201 0.00941774 0.00839748 0.00745818 0.00659804 0.00581465 0.00510515 0.0044663 0.00389459 0.00338637 0.0029379 0.00254546 0.00220543 0.00191439 0.00166914 0.00146679 0.00130484 0.00118114 0.00109401 0.00104223 
0.00116952 0.00118896 0.00124755 0.00134612 0.00148603 0.00166914 0.0018978 0.00217482 0.00250337 0.00288698 0.00332942 0.00383468 0.00440682 0.00504994 0.00576803 0.0065649 0.00744405 0.00840854 0.00946092 0.0106031 0.0118362 0.0131604 0.0145752 0.0160787 0.017668 0.0193393 0.0210871 0.0229052 0.0247856 0.0267196 0.028697 0.0307067 0.0327366 0.0347735 0.0368037 0.0388127 0.0407857 0.0427075 0.044563 0.0463369 0.0480144 0.0495814 0.051024 0.0523295 0.0534863 0.0544839 0.055313 0.055966 0.0564369 0.0567212 0.0568162 0.0567212 0.0564369 0.055966 0.055313 0.0544839 0.0534863 0.0523295 0.051024 0.0495814 0.0480144 0.0463369 0.044563 0.0427075 0.0407857 0.0388127 0.0368037 0.0347735 0.0327366 0.0307067 0.028697 0.0267196 0.0247856 0.0229052 0.0210871 0.0193393 0.017668 0.0160787 0.0145752 0.0131604 0.0118362 0.0106031 0.00946092 0.00840854 0.00744405 0.0065649 0.00576803 0.00504994 0.00440682 0.00383468 0.00332942 0.00288698 0.00250337 0.00217482 0.0018978 0.00166914 0.00148603 0.00134612 0.00124755 0.00118896 
0.00134491 0.00136708 0.0014339 0.00154628 0.00170575 0.00191439 0.00217482 0.00249015 0.00286394 0.00330007 0.00380276 0.0043764 0.00502549 0.00575454 0.00656792 0.0074698 0.00846397 0.00955375 0.0107418 0.0120302 0.0134199 0.0149111 0.0165029 0.0181931 0.0199784 0.0218541 0.0238143 0.0258515 0.027957 0.0301208 0.0323315 0.0345767 0.0368429 0.0391154 0.0413788 0.0436173 0.0458144 0.0479532 0.050017 0.0519892 0.0538534 0.0555939 0.0571956 0.0586447 0.0599283 0.0610349 0.0619544 0.0626785 0.0632006 0.0635158 0.0636212 0.0635158 0.0632006 0.0626785 0.0619544 0.0610349 0.0599283 0.0586447 0.0571956 0.0555939 0.0538534 0.0519892 0.050017 0.0479532 0.0458144 0.0436173 0.0413788 0.0391154 0.0368429 0.0345767 0.0323315 0.0301208 0.027957 0.0258515 0.0238143 0.0218541 0.0199784 0.0181931 0.0165029 0.0149111 0.0134199 0.0120302 0.0107418 0.00955375 0.00846397 0.0074698 0.00656792 0.00575454 0.00502549 0.0043764 0.00380276 0.00330007 0.00286394 0.00249015 0.00217482 0.00191439 0.00170575 0.00154628 0.0014339 0.00136708 
0.00155341 0.0015788 0.00165534 0.00178405 0.00196664 0.00220543 0.00250337 0.00286394 0.00329108 0.00378917 0.00436288 0.00501708 0.00575678 0.00658695 0.00751242 0.00853774 0.00966704 0.0109039 0.0122512 0.013711 0.0152842 0.016971 0.01877 0.0206786 0.0226929 0.0248075 0.0270154 0.0293083 0.0316761 0.0341077 0.0365902 0.0391095 0.0416504 0.0441967 0.0467312 0.0492362 0.0516932 0.0540838 0.0563892 0.0585912 0.0606716 0.062613 0.0643991 0.0660143 0.0674446 0.0686773 0.0697014 0.0705077 0.0710889 0.0714398 0.0715571 0.0714398 0.0710889 0.0705077 0.0697014 0.0686773 0.0674446 0.0660143 0.0643991 0.062613 0.0606716 0.0585912 0.0563892 0.0540838 0.0516932 0.0492362 0.0467312 0.0441967 0.0416504 0.0391095 0.0365902 0.0341077 0.0316761 0.0293083 0.0270154 0.0248075 0.0226929 0.0206786 0.01877 0.016971 0.0152842 0.013711 0.0122512 0.0109039 0.00966704 0.00853774 0.00751242 0.00658695 0.00575678 0.00501708 0.00436288 0.00378917 0.00329108 0.00286394 0.00250337 0.00220543 0.00196664 0.00178405 0.00165534 0.0015788 
0.00179746 0.00182662 0.00191446 0.00206216 0.00227162 0.00254546 0.00288698 0.00330007 0.00378917 0.00435915 0.00501521 0.0057628 0.00660747 0.0075547 0.00860984 0.00977787 0.0110633 0.01247 0.014001 0.0156584 0.0174432 0.019355 0.0213924 0.0235521 0.0258295 0.0282183 0.0307105 0.0332965 0.035965 0.0387031 0.0414964 0.044329 0.047184 0.0500429 0.0528867 0.0556955 0.0584489 0.0611263 0.0637069 0.0661703 0.0684966 0.0706666 0.0726621 0.0744661 0.076063 0.0774389 0.0785817 0.0794813 0.0801297 0.0805211 0.0806519 0.0805211 0.0801297 0.0794813 0.0785817 0.0774389 0.076063 0.0744661 0.0726621 0.0706666 0.0684966 0.0661703 0.0637069 0.0611263 0.0584489 0.0556955 0.0528867 0.0500429 0.047184 0.044329 0.0414964 0.0387031 0.035965 0.0332965 0.0307105 0.0282183 0.0258295 0.0235521 0.0213924 0.019355 0.0174432 0.0156584 0.014001 0.01247 0.0110633 0.00977787 0.00860984 0.0075547 0.00660747 0.0057628 0.00501521 0.00435915 0.00378917 0.00330007 0.00288698 0.00254546 0.00227162 0.00206216 0.00191446 0.00182662 
0.00207972 0.00211319 0.00221402 0.00238352 0.00262383 0.0029379 0.00332942 0.00380276 0.00436288 0.00501521 0.00576558 0.00662004 0.00758473 0.00866576 0.00986899 0.0111999 0.0126634 0.0142636 0.0160038 0.017886 0.0199113 0.0220789 0.0243868 0.0268314 0.0294069 0.0321063 0.0349201 0.0378376 0.0408457 0.0439299 0.0470739 0.0502598 0.0534685 0.0566794 0.0598712 0.0630216 0.0661079 0.0691072 0.0719966 0.0747533 0.0773553 0.0797814 0.0820114 0.0840267 0.0858101 0.0873463 0.0886219 0.0896258 0.0903493 0.090786 0.0909319 0.090786 0.0903493 0.0896258 0.0886219 0.0873463 0.0858101 0.0840267 0.0820114 0.0797814 0.0773553 0.0747533 0.0719966 0.0691072 0.0661079 0.0630216 0.0598712 0.0566794 0.0534685 0.0502598 0.0470739 0.0439299 0.0408457 0.0378376 0.0349201 0.0321063 0.0294069 0.0268314 0.0243868 0.0220789 0.0199113 0.017886 0.0160038 0.0142636 0.0126634 0.0111999 0.00986899 0.00866576 0.00758473 0.00662004 0.00576558 0.00501521 0.00436288 0.00380276 0.00332942 0.0029379 0.00262383 0.00238352 0.00221402 0.00211319 
0.00240298 0.00244135 0.00255694 0.00275123 0.0030266 0.00338637 0.00383468 0.0043764 0.00501708 0.0057628 0.00662004 0.00759551 0.00869604 0.00992837 0.0112989 0.0128138 0.0144781 0.0162965 0.0182723 0.0204077 0.0227033 0.0251583 0.0277701 0.0305341 0.0334439 0.036491 0.0396648 0.0429528 0.0463403 0.0498108 0.0533459 0.0569254 0.0605279 0.0641304 0.067709 0.071239 0.074695 0.0780515 0.0812832 0.0843649 0.0872722 0.0899818 0.0924714 0.0947203 0.0967099 0.0984231 0.0998454 0.100965 0.101771 0.102258 0.10242 0.102258 0.101771 0.100965 0.0998454 0.0984231 0.0967099 0.0947203 0.0924714 0.0899818 0.0872722 0.0843649 0.0812832 0.0780515 0.074695 0.071239 0.067709 0.0641304 0.0605279 0.0569254 0.0533459 0.0498108 0.0463403 0.0429528 0.0396648 0.036491 0.0334439 0.0305341 0.0277701 0.0251583 0.0227033 0.0204077 0.0182723 0.0162965 0.0144781 0.0128138 0.0112989 0.00992837 0.00869604 0.00759551 0.00662004 0.0057628 0.00501708 0.0043764 0.00383468 0.00338637 0.0030266 0.00275123 0.00255694 0.00244135 
0.00277013 0.00281403 0.00294626 0.00316847 0.00348335 0.00389459 0.00440682 0.00502549 0.00575678 0.00660747 0.00758473 0.00869604 0.00994894 0.0113508 0.0129088 0.0146294 0.0165184 0.0185806 0.0208194 0.023237 0.0258339 0.0286089 0.0315585 0.0346775 0.0379584 0.0413912 0.0449639 0.0486622 0.0524694 0.0563668 0.0603338 0.0643477 0.0683843 0.0724182 0.0764226 0.0803699 0.0842321 0.0879809 0.0915883 0.0950264 0.0982683 0.101288 0.104062 0.106567 0.108782 0.110689 0.112271 0.113516 0.114414 0.114955 0.115136 0.114955 0.114414 0.113516 0.112271 0.110689 0.108782 0.106567 0.104062 0.101288 0.0982683 0.0950264 0.0915883 0.0879809 0.0842321 0.0803699 0.0764226 0.0724182 0.0683843 0.0643477 0.0603338 0.0563668 0.0524694 0.0486622 0.0449639 0.0413912 0.0379584 0.0346775 0.0315585 0.0286089 0.0258339 0.023237 0.0208194 0.0185806 0.0165184 0.0146294 0.0129088 0.0113508 0.00994894 0.00869604 0.00758473 0.00660747 0.00575678 0.00502549 0.00440682 0.00389459 0.00348335 0.00316847 0.00294626 0.00281403 
0.0031841 0.00323418 0.00338503 0.00363848 0.00399753 0.0044663 0.00504994 0.00575454 0.00658695 0.0075547 0.00866576 0.00992837 0.0113508 0.0129413 0.0147076 0.0166567 0.0187948 0.0211271 0.0236571 0.026387 0.0293169 0.0324451 0.0357675 0.0392778 0.0429671 0.0468243 0.0508354 0.054984 0.0592516 0.0636169 0.0680566 0.0725455 0.0770566 0.0815614 0.0860302 0.0904325 0.0947371 0.0989128 0.102929 0.106754 0.110359 0.113716 0.116798 0.11958 0.12204 0.124156 0.125912 0.127294 0.128289 0.12889 0.12909 0.12889 0.128289 0.127294 0.125912 0.124156 0.12204 0.11958 0.116798 0.113716 0.110359 0.106754 0.102929 0.0989128 0.0947371 0.0904325 0.0860302 0.0815614 0.0770566 0.0725455 0.0680566 0.0636169 0.0592516 0.054984 0.0508354 0.0468243 0.0429671 0.0392778 0.0357675 0.0324451 0.0293169 0.026387 0.0236571 0.0211271 0.0187948 0.0166567 0.0147076 0.0129413 0.0113508 0.00992837 0.00866576 0.0075547 0.00658695 0.00575454 0.00504994 0.0044663 0.00399753 0.00363848 0.00338503 0.00323418 
0.0036478 0.00370475 0.00387628 0.00416442 0.00457252 0.00510515 0.00576803 0.00656792 0.00751242 0.00860984 0.00986899 0.0112989 0.0129088 0.0147076 0.0167036 0.0189045 0.0213171 0.0239466 0.0267968 0.0298696 0.0331649 0.0366803 0.0404109 0.0443491 0.0484849 0.0528053 0.0572944 0.0619338 0.0667024 0.0715764 0.0765296 0.0815341 0.0865595 0.0915744 0.0965457 0.10144 0.106222 0.110859 0.115315 0.119558 0.123554 0.127274 0.130687 0.133767 0.136489 0.138831 0.140774 0.142302 0.143402 0.144066 0.144288 0.144066 0.143402 0.142302 0.140774 0.138831 0.136489 0.133767 0.130687 0.127274 0.123554 0.119558 0.115315 0.110859 0.106222 0.10144 0.0965457 0.0915744 0.0865595 0.0815341 0.0765296 0.0715764 0.0667024 0.0619338 0.0572944 0.0528053 0.0484849 0.0443491 0.0404109 0.0366803 0.0331649 0.0298696 0.0267968 0.0239466 0.0213171 0.0189045 0.0167036 0.0147076 0.0129088 0.0112989 0.00986899 0.00860984 0.00751242 0.00656792 0.00576803 0.00510515 0.00457252 0.00416442 0.00387628 0.00370475 
0.00416403 0.00422857 0.00442293 0.00474936 0.00521158 0.00581465 0.0065649 0.0074698 0.00853774 0.00977787 0.0111999 0.0128138 0.0146294 0.0166567 0.0189045 0.0213814 0.0240942 0.0270486 0.0302484 0.0336953 0.0373888 0.0413257 0.0455002 0.0499035 0.0545238 0.0593463 0.0643532 0.0695235 0.0748335 0.0802566 0.0857637 0.0913235 0.0969025 0.102466 0.107977 0.113399 0.118693 0.123823 0.128751 0.13344 0.137855 0.141962 0.145729 0.149127 0.152128 0.15471 0.156851 0.158535 0.159747 0.160479 0.160723 0.160479 0.159747 0.158535 0.156851 0.15471 0.152128 0.149127 0.145729 0.141962 0.137855 0.13344 0.128751 0.123823 0.118693 0.113399 0.107977 0.102466 0.0969025 0.0913235 0.0857637 0.0802566 0.0748335 0.0695235 0.0643532 0.0593463 0.0545238 0.0499035 0.0455002 0.0413257 0.0373888 0.0336953 0.0302484 0.0270486 0.0240942 0.0213814 0.0189045 0.0166567 0.0146294 0.0128138 0.0111999 0.00977787 0.00853774 0.0074698 0.0065649 0.00581465 0.00521158 0.00474936 0.00442293 0.00422857 
0.00473542 0.00480828 0.00502769 0.00539615 0.00591773 0.00659804 0.00744405 0.00846397 0.00966704 0.0110633 0.0126634 0.0144781 0.0165184 0.0187948 0.0213171 0.0240942 0.0271335 0.0304409 0.0340201 0.0378726 0.0419974 0.0463903 0.0510445 0.0559497 0.0610925 0.0664559 0.0720198 0.0777606 0.0836519 0.0896638 0.0957642 0.101918 0.108089 0.114237 0.120324 0.126308 0.132149 0.137803 0.143232 0.148395 0.153253 0.15777 0.161912 0.165646 0.168944 0.17178 0.174131 0.175979 0.17731 0.178112 0.178381 0.178112 0.17731 0.175979 0.174131 0.17178 0.168944 0.165646 0.161912 0.15777 0.153253 0.148395 0.143232 0.137803 0.132149 0.126308 0.120324 0.114237 0.108089 0.101918 0.0957642 0.0896638 0.0836519 0.0777606 0.0720198 0.0664559 0.0610925 0.0559497 0.0510445 0.0463903 0.0419974 0.0378726 0.0340201 0.0304409 0.0271335 0.0240942 0.0213171 0.0187948 0.0165184 0.0144781 0.0126634 0.0110633 0.00966704 0.00846397 0.00744405 0.00659804 0.00591773 0.00539615 0.00502769 0.00480828 
0.00536434 0.00544629 0.00569304 0.00610733 0.00669366 0.00745818 0.00840854 0.00955375 0.0109039 0.01247 0.0142636 0.0162965 0.0185806 0.0211271 0.0239466 0.0270486 0.0304409 0.0341294 0.038118 0.0424076 0.0469965 0.0518799 0.0570493 0.0624931 0.0681957 0.0741381 0.0802976 0.0866477 0.093159 0.0997983 0.10653 0.113316 0.120114 0.126884 0.133581 0.14016 0.146577 0.152786 0.158743 0.164405 0.169731 0.17468 0.179216 0.183304 0.186912 0.190014 0.192586 0.194607 0.196061 0.196939 0.197232 0.196939 0.196061 0.194607 0.192586 0.190014 0.186912 0.183304 0.179216 0.17468 0.169731 0.164405 0.158743 0.152786 0.146577 0.14016 0.133581 0.126884 0.120114 0.113316 0.10653 0.0997983 0.093159 0.0866477 0.0802976 0.0741381 0.0681957 0.0624931 0.0570493 0.0518799 0.0469965 0.0424076 0.038118 0.0341294 0.0304409 0.0270486 0.0239466 0.0211271 0.0185806 0.0162965 0.0142636 0.01247 0.0109039 0.00955375 0.00840854 0.00745818 0.00669366 0.00610733 0.00569304 0.00544629 
0.00605284 0.00614464 0.00642106 0.00688509 0.00754166 0.00839748 0.00946092 0.0107418 0.0122512 0.014001 0.0160038 0.0182723 0.0208194 0.0236571 0.0267968 0.0302484 0.0340201 0.038118 0.0425456 0.0473035 0.0523893 0.0577969 0.0635166 0.0695347 0.0758338 0.0823923 0.0891846 0.0961816 0.10335 0.110654 0.118053 0.125506 0.132968 0.140392 0.147731 0.154936 0.161958 0.168749 0.17526 0.181445 0.18726 0.19266 0.197607 0.202064 0.205997 0.209377 0.212178 0.214379 0.215963 0.216918 0.217237 0.216918 0.215963 0.214379 0.212178 0.209377 0.205997 0.202064 0.197607 0.19266 0.18726 0.181445 0.17526 0.168749 0.161958 0.154936 0.147731 0.140392 0.132968 0.125506 0.118053 0.110654 0.10335 0.0961816 0.0891846 0.0823923 0.0758338 0.0695347 0.0635166 0.0577969 0.0523893 0.0473035 0.0425456 0.038118 0.0340201 0.0302484 0.0267968 0.0236571 0.0208194 0.0182723 0.0160038 0.014001 0.0122512 0.0107418 0.00946092 0.00839748 0.00754166 0.00688509 0.00642106 0.00614464 
0.00680254 0.00690499 0.00721343 0.00773114 0.00846346 0.00941774 0.0106031 0.0120302 0.013711 0.0156584 0.017886 0.0204077 0.023237 0.026387 0.0298696 0.0336953 0.0378726 0.0424076 0.0473035 0.0525605 0.0581751 0.0641399 0.0704438 0.077071 0.0840019 0.0912121 0.0986732 0.106353 0.114214 0.122217 0.130318 0.138472 0.146629 0.154738 0.162749 0.170608 0.178262 0.185659 0.192747 0.199476 0.205799 0.211668 0.217042 0.221882 0.226151 0.229818 0.232856 0.235243 0.236961 0.237997 0.238343 0.237997 0.236961 0.235243 0.232856 0.229818 0.226151 0.221882 0.217042 0.211668 0.205799 0.199476 0.192747 0.185659 0.178262 0.170608 0.162749 0.154738 0.146629 0.138472 0.130318 0.122217 0.114214 0.106353 0.0986732 0.0912121 0.0840019 0.077071 0.0704438 0.0641399 0.0581751 0.0525605 0.0473035 0.0424076 0.0378726 0.0336953 0.0298696 0.026387 0.023237 0.0204077 0.017886 0.0156584 0.013711 0.0120302 0.0106031 0.00941774 0.00846346 0.00773114 0.00721343 0.00690499 
0.00761459 0.00772846 0.00807128 0.0086466 0.00946024 0.0105201 0.0118362 0.0134199 0.0152842 0.0174432 0.0199113 0.0227033 0.0258339 0.0293169 0.0331649 0.0373888 0.0419974 0.0469965 0.0523893 0.0581751 0.0643493 0.0709033 0.0778239 0.0850936 0.0926898 0.100586 0.108749 0.117145 0.125732 0.134467 0.143302 0.152186 0.161067 0.169891 0.1786 0.187137 0.195447 0.203472 0.211157 0.218449 0.225296 0.231649 0.237463 0.242696 0.247311 0.251274 0.254556 0.257134 0.258989 0.260108 0.260481 0.260108 0.258989 0.257134 0.254556 0.251274 0.247311 0.242696 0.237463 0.231649 0.225296 0.218449 0.211157 0.203472 0.195447 0.187137 0.1786 0.169891 0.161067 0.152186 0.143302 0.134467 0.125732 0.117145 0.108749 0.100586 0.0926898 0.0850936 0.0778239 0.0709033 0.0643493 0.0581751 0.0523893 0.0469965 0.0419974 0.0373888 0.0331649 0.0293169 0.0258339 0.0227033 0.0199113 0.0174432 0.0152842 0.0134199 0.0118362 0.0105201 0.00946024 0.0086466 0.00807128 0.00772846 
0.00848954 0.00861562 0.00899516 0.00963199 0.0105324 0.011705 0.0131604 0.0149111 0.016971 0.019355 0.0220789 0.0251583 0.0286089 0.0324451 0.0366803 0.0413257 0.0463903 0.0518799 0.0577969 0.0641399 0.0709033 0.0780767 0.085645 0.0935883 0.101881 0.110494 0.119392 0.128534 0.137878 0.147374 0.156971 0.166614 0.176246 0.185808 0.195238 0.204477 0.213462 0.222133 0.230432 0.238302 0.245686 0.252535 0.2588 0.264436 0.269404 0.273669 0.277201 0.279974 0.281969 0.283172 0.283573 0.283172 0.281969 0.279974 0.277201 0.273669 0.269404 0.264436 0.2588 0.252535 0.245686 0.238302 0.230432 0.222133 0.213462 0.204477 0.195238 0.185808 0.176246 0.166614 0.156971 0.147374 0.137878 0.128534 0.119392 0.110494 0.101881 0.0935883 0.085645 0.0780767 0.0709033 0.0641399 0.0577969 0.0518799 0.0463903 0.0413257 0.0366803 0.0324451 0.0286089 0.0251583 0.0220789 0.019355 0.016971 0.0149111 0.0131604 0.011705 0.0105324 0.00963199 0.00899516 0.00861562 
0.00942732 0.00956637 0.00998492 0.0106871 0.0116797 0.0129719 0.0145752 0.0165029 0.01877 0.0213924 0.0243868 0.0277701 0.0315585 0.0357675 0.0404109 0.0455002 0.0510445 0.0570493 0.0635166 0.0704438 0.0778239 0.085645 0.0938898 0.102536 0.111555 0.120914 0.130573 0.140491 0.150618 0.160901 0.171286 0.181711 0.192116 0.202437 0.212609 0.222566 0.232244 0.241577 0.250503 0.258961 0.266895 0.274248 0.280971 0.287017 0.292344 0.296916 0.3007 0.303671 0.305807 0.307095 0.307526 0.307095 0.305807 0.303671 0.3007 0.296916 0.292344 0.287017 0.280971 0.274248 0.266895 0.258961 0.250503 0.241577 0.232244 0.222566 0.212609 0.202437 0.192116 0.181711 0.171286 0.160901 0.150618 0.140491 0.130573 0.120914 0.111555 0.102536 0.0938898 0.085645 0.0778239 0.0704438 0.0635166 0.0570493 0.0510445 0.0455002 0.0404109 0.0357675 0.0315585 0.0277701 0.0243868 0.0213924 0.01877 0.0165029 0.0145752 0.0129719 0.0116797 0.0106871 0.00998492 0.00956637 
0.0104271 0.0105799 0.0110397 0.0118109 0.0129008 0.0143193 0.0160787 0.0181931 0.0206786 0.0235521 0.0268314 0.0305341 0.0346775 0.0392778 0.0443491 0.0499035 0.0559497 0.0624931 0.0695347 0.077071 0.0850936 0.0935883 0.102536 0.111911 0.121682 0.131812 0.142259 0.152976 0.16391 0.175003 0.186196 0.197425 0.208622 0.219719 0.230648 0.241338 0.25172 0.261725 0.271288 0.280344 0.288833 0.296697 0.303883 0.310343 0.316032 0.320912 0.324951 0.328121 0.3304 0.331774 0.332233 0.331774 0.3304 0.328121 0.324951 0.320912 0.316032 0.310343 0.303883 0.296697 0.288833 0.280344 0.271288 0.261725 0.25172 0.241338 0.230648 0.219719 0.208622 0.197425 0.186196 0.175003 0.16391 0.152976 0.142259 0.131812 0.121682 0.111911 0.102536 0.0935883 0.0850936 0.077071 0.0695347 0.0624931 0.0559497 0.0499035 0.0443491 0.0392778 0.0346775 0.0305341 0.0268314 0.0235521 0.0206786 0.0181931 0.0160787 0.0143193 0.0129008 0.0118109 0.0110397 0.0105799 
0.0114874 0.0116546 0.0121577 0.0130015 0.0141937 0.0157449 0.017668 0.0199784 0.0226929 0.0258295 0.0294069 0.0334439 0.0379584 0.0429671 0.0484849 0.0545238 0.0610925 0.0681957 0.0758338 0.0840019 0.0926898 0.101881 0.111555 0.121682 0.132227 0.143152 0.154408 0.165945 0.177705 0.189627 0.201646 0.213692 0.225696 0.237583 0.249279 0.260712 0.271807 0.282492 0.292697 0.302356 0.311404 0.319781 0.327432 0.334306 0.340358 0.345547 0.349841 0.353209 0.355631 0.357091 0.357579 0.357091 0.355631 0.353209 0.349841 0.345547 0.340358 0.334306 0.327432 0.319781 0.311404 0.302356 0.292697 0.282492 0.271807 0.260712 0.249279 0.237583 0.225696 0.213692 0.201646 0.189627 0.177705 0.165945 0.154408 0.143152 0.132227 0.121682 0.111555 0.101881 0.0926898 0.0840019 0.0758338 0.0681957 0.0610925 0.0545238 0.0484849 0.0429671 0.0379584 0.0334439 0.0294069 0.0258295 0.0226929 0.0199784 0.017668 0.0157449 0.0141937 0.0130015 0.0121577 0.0116546 
0.0126059 0.0127881 0.0133365 0.0142562 0.0155553 0.017245 0.0193393 0.0218541 0.0248075 0.0282183 0.0321063 0.036491 0.0413912 0.0468243 0.0528053 0.0593463 0.0664559 0.0741381 0.0823923 0.0912121 0.100586 0.110494 0.120914 0.131812 0.143152 0.154888 0.166971 0.179345 0.191947 0.204711 0.217569 0.230445 0.243264 0.255949 0.26842 0.280601 0.292413 0.303781 0.31463 0.324892 0.334499 0.343388 0.351503 0.35879 0.365203 0.3707 0.375246 0.378813 0.381376 0.382921 0.383437 0.382921 0.381376 0.378813 0.375246 0.3707 0.365203 0.35879 0.351503 0.343388 0.334499 0.324892 0.31463 0.303781 0.292413 0.280601 0.26842 0.255949 0.243264 0.230445 0.217569 0.204711 0.191947 0.179345 0.166971 0.154888 0.143152 0.131812 0.120914 0.110494 0.100586 0.0912121 0.0823923 0.0741381 0.0664559 0.0593463 0.0528053 0.0468243 0.0413912 0.036491 0.0321063 0.0282183 0.0248075 0.0218541 0.0193393 0.017245 0.0155553 0.0142562 0.0133365 0.0127881 
0.0137792 0.0139771 0.0145727 0.0155712 0.0169814 0.0188152 0.0210871 0.0238143 0.0270154 0.0307105 0.0349201 0.0396648 0.0449639 0.0508354 0.0572944 0.0643532 0.0720198 0.0802976 0.0891846 0.0986732 0.108749 0.119392 0.130573 0.142259 0.154408 0.166971 0.179894 0.193116 0.206571 0.220188 0.233892 0.247604 0.261244 0.27473 0.287979 0.300909 0.313438 0.325487 0.336979 0.34784 0.358002 0.3674 0.375974 0.38367 0.39044 0.396241 0.401037 0.404798 0.407501 0.40913 0.409674 0.40913 0.407501 0.404798 0.401037 0.396241 0.39044 0.38367 0.375974 0.3674 0.358002 0.34784 0.336979 0.325487 0.313438 0.300909 0.287979 0.27473 0.261244 0.247604 0.233892 0.220188 0.206571 0.193116 0.179894 0.166971 0.154408 0.142259 0.130573 0.119392 0.108749 0.0986732 0.0891846 0.0802976 0.0720198 0.0643532 0.0572944 0.0508354 0.0449639 0.0396648 0.0349201 0.0307105 0.0270154 0.0238143 0.0210871 0.0188152 0.0169814 0.0155712 0.0145727 0.0139771 
0.0150033 0.0152174 0.0158617 0.0169419 0.018467 0.0204496 0.0229052 0.0258515 0.0293083 0.0332965 0.0378376 0.0429528 0.0486622 0.054984 0.0619338 0.0695235 0.0777606 0.0866477 0.0961816 0.106353 0.117145 0.128534 0.140491 0.152976 0.165945 0.179345 0.193116 0.207194 0.221508 0.235982 0.250535 0.265086 0.279547 0.293834 0.307858 0.321533 0.334774 0.347499 0.359626 0.371081 0.381791 0.39169 0.400716 0.408814 0.415934 0.422033 0.427073 0.431025 0.433865 0.435576 0.436147 0.435576 0.433865 0.431025 0.427073 0.422033 0.415934 0.408814 0.400716 0.39169 0.381791 0.371081 0.359626 0.347499 0.334774 0.321533 0.307858 0.293834 0.279547 0.265086 0.250535 0.235982 0.221508 0.207194 0.193116 0.179345 0.165945 0.152976 0.140491 0.128534 0.117145 0.106353 0.0961816 0.0866477 0.0777606 0.0695235 0.0619338 0.054984 0.0486622 0.0429528 0.0378376 0.0332965 0.0293083 0.0258515 0.0229052 0.0204496 0.018467 0.0169419 0.0158617 0.0152174 
0.0162732 0.016504 0.0171985 0.0183625 0.0200058 0.0221414 0.0247856 0.027957 0.0316761 0.035965 0.0408457 0.0463403 0.0524694 0.0592516 0.0667024 0.0748335 0.0836519 0.093159 0.10335 0.114214 0.125732 0.137878 0.150618 0.16391 0.177705 0.191947 0.206571 0.221508 0.236682 0.252012 0.267414 0.282799 0.298078 0.313159 0.327951 0.342364 0.356309 0.369699 0.382452 0.394489 0.405737 0.416126 0.425595 0.434085 0.441546 0.447935 0.453214 0.457351 0.460324 0.462114 0.462712 0.462114 0.460324 0.457351 0.453214 0.447935 0.441546 0.434085 0.425595 0.416126 0.405737 0.394489 0.382452 0.369699 0.356309 0.342364 0.327951 0.313159 0.298078 0.282799 0.267414 0.252012 0.236682 0.221508 0.206571 0.191947 0.177705 0.16391 0.150618 0.137878 0.125732 0.114214 0.10335 0.093159 0.0836519 0.0748335 0.0667024 0.0592516 0.0524694 0.0463403 0.0408457 0.035965 0.0316761 0.027957 0.0247856 0.0221414 0.0200058 0.0183625 0.0171985 0.016504 
0.017583 0.0178309 0.0185767 0.0198266 0.0215907 0.0238827 0.0267196 0.0301208 0.0341077 0.0387031 0.0439299 0.0498108 0.0563668 0.0636169 0.0715764 0.0802566 0.0896638 0.0997983 0.110654 0.122217 0.134467 0.147374 0.160901 0.175003 0.189627 0.204711 0.220188 0.235982 0.252012 0.268194 0.284438 0.30065 0.316737 0.332602 0.348151 0.363288 0.377923 0.391965 0.40533 0.417935 0.429707 0.440573 0.450471 0.459342 0.467134 0.473803 0.479312 0.483628 0.486729 0.488596 0.48922 0.488596 0.486729 0.483628 0.479312 0.473803 0.467134 0.459342 0.450471 0.440573 0.429707 0.417935 0.40533 0.391965 0.377923 0.363288 0.348151 0.332602 0.316737 0.30065 0.284438 0.268194 0.252012 0.235982 0.220188 0.204711 0.189627 0.175003 0.160901 0.147374 0.134467 0.122217 0.110654 0.0997983 0.0896638 0.0802566 0.0715764 0.0636169 0.0563668 0.0498108 0.0439299 0.0387031 0.0341077 0.0301208 0.0267196 0.0238827 0.0215907 0.0198266 0.0185767 0.0178309 
0.0189261 0.0191913 0.0199893 0.0213265 0.0232134 0.0256644 0.028697 0.0323315 0.0365902 0.0414964 0.0470739 0.0533459 0.0603338 0.0680566 0.0765296 0.0857637 0.0957642 0.10653 0.118053 0.130318 0.143302 0.156971 0.171286 0.186196 0.201646 0.217569 0.233892 0.250535 0.267414 0.284438 0.301512 0.318538 0.335419 0.352054 0.368343 0.384189 0.399496 0.414173 0.428132 0.441289 0.453567 0.464894 0.475206 0.484443 0.492553 0.499492 0.505221 0.509709 0.512932 0.514873 0.515521 0.514873 0.512932 0.509709 0.505221 0.499492 0.492553 0.484443 0.475206 0.464894 0.453567 0.441289 0.428132 0.414173 0.399496 0.384189 0.368343 0.352054 0.335419 0.318538 0.301512 0.284438 0.267414 0.250535 0.233892 0.217569 0.201646 0.186196 0.171286 0.156971 0.143302 0.130318 0.118053 0.10653 0.0957642 0.0857637 0.0765296 0.0680566 0.0603338 0.0533459 0.0470739 0.0414964 0.0365902 0.0323315 0.028697 0.0256644 0.0232134 0.0213265 0.0199893 0.0191913 
0.0202948 0.0205776 0.0214284 0.0228538 0.0248649 0.0274764 0.0307067 0.0345767 0.0391095 0.044329 0.0502598 0.0569254 0.0643477 0.0725455 0.0815341 0.0913235 0.101918 0.113316 0.125506 0.138472 0.152186 0.166614 0.181711 0.197425 0.213692 0.230445 0.247604 0.265086 0.282799 0.30065 0.318538 0.336362 0.354019 0.371403 0.388413 0.404947 0.420907 0.436198 0.450729 0.464417 0.477182 0.488952 0.49966 0.509247 0.517661 0.524856 0.530795 0.535447 0.538786 0.540797 0.541468 0.540797 0.538786 0.535447 0.530795 0.524856 0.517661 0.509247 0.49966 0.488952 0.477182 0.464417 0.450729 0.436198 0.420907 0.404947 0.388413 0.371403 0.354019 0.336362 0.318538 0.30065 0.282799 0.265086 0.247604 0.230445 0.213692 0.197425 0.181711 0.166614 0.152186 0.138472 0.125506 0.113316 0.101918 0.0913235 0.0815341 0.0725455 0.0643477 0.0569254 0.0502598 0.044329 0.0391095 0.0345767 0.0307067 0.0274764 0.0248649 0.0228538 0.0214284 0.0205776 
0.0216809 0.0219814 0.0228852 0.0243992 0.026535 0.0293078 0.0327366 0.0368429 0.0416504 0.047184 0.0534685 0.0605279 0.0683843 0.0770566 0.0865595 0.0969025 0.108089 0.120114 0.132968 0.146629 0.161067 0.176246 0.192116 0.208622 0.225696 0.243264 0.261244 0.279547 0.298078 0.316737 0.335419 0.354019 0.372428 0.390539 0.408246 0.425444 0.442032 0.457912 0.472993 0.487189 0.500419 0.512609 0.523694 0.533614 0.542315 0.549754 0.555891 0.560697 0.564146 0.566222 0.566916 0.566222 0.564146 0.560697 0.555891 0.549754 0.542315 0.533614 0.523694 0.512609 0.500419 0.487189 0.472993 0.457912 0.442032 0.425444 0.408246 0.390539 0.372428 0.354019 0.335419 0.316737 0.298078 0.279547 0.261244 0.243264 0.225696 0.208622 0.192116 0.176246 0.161067 0.146629 0.132968 0.120114 0.108089 0.0969025 0.0865595 0.0770566 0.0683843 0.0605279 0.0534685 0.047184 0.0416504 0.0368429 0.0327366 0.0293078 0.026535 0.0243992 0.0228852 0.0219814 
0.0230754 0.0233935 0.0243502 0.0259529 0.0282131 0.0311468 0.0347735 0.0391154 0.0441967 0.0500429 0.0566794 0.0641304 0.0724182 0.0815614 0.0915744 0.102466 0.114237 0.126884 0.140392 0.154738 0.169891 0.185808 0.202437 0.219719 0.237583 0.255949 0.27473 0.293834 0.313159 0.332602 0.352054 0.371403 0.390539 0.409351 0.427727 0.445561 0.462749 0.479192 0.494797 0.509475 0.523146 0.535735 0.547175 0.557408 0.56638 0.574047 0.58037 0.58532 0.588872 0.59101 0.591724 0.59101 0.588872 0.58532 0.58037 0.574047 0.56638 0.557408 0.547175 0.535735 0.523146 0.509475 0.494797 0.479192 0.462749 0.445561 0.427727 0.409351 0.390539 0.371403 0.352054 0.332602 0.313159 0.293834 0.27473 0.255949 0.237583 0.219719 0.202437 0.185808 0.169891 0.154738 0.140392 0.126884 0.114237 0.102466 0.0915744 0.0815614 0.0724182 0.0641304 0.0566794 0.0500429 0.0441967 0.0391154 0.0347735 0.0311468 0.0282131 0.0259529 0.0243502 0.0233935 
0.0244687 0.0248043 0.0258136 0.027504 0.0298877 0.0329809 0.0368037 0.0413788 0.0467312 0.0528867 0.0598712 0.067709 0.0764226 0.0860302 0.0965457 0.107977 0.120324 0.133581 0.147731 0.162749 0.1786 0.195238 0.212609 0.230648 0.249279 0.26842 0.287979 0.307858 0.327951 0.348151 0.368343 0.388413 0.408246 0.427727 0.446743 0.465183 0.482941 0.499918 0.516017 0.531151 0.545236 0.5582 0.569974 0.580499 0.589723 0.597603 0.604099 0.609183 0.612831 0.615026 0.615759 0.615026 0.612831 0.609183 0.604099 0.597603 0.589723 0.580499 0.569974 0.5582 0.545236 0.531151 0.516017 0.499918 0.482941 0.465183 0.446743 0.427727 0.408246 0.388413 0.368343 0.348151 0.327951 0.307858 0.287979 0.26842 0.249279 0.230648 0.212609 0.195238 0.1786 0.162749 0.147731 0.133581 0.120324 0.107977 0.0965457 0.0860302 0.0764226 0.067709 0.0598712 0.0528867 0.0467312 0.0413788 0.0368037 0.0329809 0.0298877 0.027504 0.0258136 0.0248043 
0.0258507 0.0262035 0.0272646 0.0290415 0.0315467 0.034797 0.0388127 0.0436173 0.0492362 0.0556955 0.0630216 0.071239 0.0803699 0.0904325 0.10144 0.113399 0.126308 0.14016 0.154936 0.170608 0.187137 0.204477 0.222566 0.241338 0.260712 0.280601 0.300909 0.321533 0.342364 0.363288 0.384189 0.404947 0.425444 0.445561 0.465183 0.484196 0.502493 0.519972 0.536536 0.552096 0.566569 0.579881 0.591966 0.602763 0.612221 0.620297 0.626953 0.63216 0.635896 0.638144 0.638894 0.638144 0.635896 0.63216 0.626953 0.620297 0.612221 0.602763 0.591966 0.579881 0.566569 0.552096 0.536536 0.519972 0.502493 0.484196 0.465183 0.445561 0.425444 0.404947 0.384189 0.363288 0.342364 0.321533 0.300909 0.280601 0.260712 0.241338 0.222566 0.204477 0.187137 0.170608 0.154936 0.14016 0.126308 0.113399 0.10144 0.0904325 0.0803699 0.071239 0.0630216 0.0556955 0.0492362 0.0436173 0.0388127 0.034797 0.0315467 0.0290415 0.0272646 0.0262035 
0.0272109 0.0275806 0.0286923 0.0305538 0.0331778 0.0365815 0.0407857 0.0458144 0.0516932 0.0584489 0.0661079 0.074695 0.0842321 0.0947371 0.106222 0.118693 0.132149 0.146577 0.161958 0.178262 0.195447 0.213462 0.232244 0.25172 0.271807 0.292413 0.313438 0.334774 0.356309 0.377923 0.399496 0.420907 0.442032 0.462749 0.482941 0.502493 0.521295 0.539244 0.556241 0.572197 0.58703 0.600665 0.613035 0.624083 0.633756 0.642012 0.648814 0.654135 0.657951 0.660246 0.661013 0.660246 0.657951 0.654135 0.648814 0.642012 0.633756 0.624083 0.613035 0.600665 0.58703 0.572197 0.556241 0.539244 0.521295 0.502493 0.482941 0.462749 0.442032 0.420907 0.399496 0.377923 0.356309 0.334774 0.313438 0.292413 0.271807 0.25172 0.232244 0.213462 0.195447 0.178262 0.161958 0.146577 0.132149 0.118693 0.106222 0.0947371 0.0842321 0.074695 0.0661079 0.0584489 0.0516932 0.0458144 0.0407857 0.0365815 0.0331778 0.0305538 0.0286923 0.0275806 
0.0285387 0.0289247 0.0300855 0.032029 0.0347682 0.0383206 0.0427075 0.0479532 0.0540838 0.0611263 0.0691072 0.0780515 0.0879809 0.0989128 0.110859 0.123823 0.137803 0.152786 0.168749 0.185659 0.203472 0.222133 0.241577 0.261725 0.282492 0.303781 0.325487 0.347499 0.369699 0.391965 0.414173 0.436198 0.457912 0.479192 0.499918 0.519972 0.539244 0.557628 0.575026 0.591348 0.606512 0.620443 0.633075 0.644351 0.65422 0.66264 0.669575 0.674998 0.678886 0.681225 0.682006 0.681225 0.678886 0.674998 0.669575 0.66264 0.65422 0.644351 0.633075 0.620443 0.606512 0.591348 0.575026 0.557628 0.539244 0.519972 0.499918 0.479192 0.457912 0.436198 0.414173 0.391965 0.369699 0.347499 0.325487 0.303781 0.282492 0.261725 0.241577 0.222133 0.203472 0.185659 0.168749 0.152786 0.137803 0.123823 0.110859 0.0989128 0.0879809 0.0780515 0.0691072 0.0611263 0.0540838 0.0479532 0.0427075 0.0383206 0.0347682 0.032029 0.0300855 0.0289247 
0.0298232 0.0302249 0.0314329 0.0334552 0.0363052 0.0400006 0.044563 0.050017 0.0563892 0.0637069 0.0719966 0.0812832 0.0915883 0.102929 0.115315 0.128751 0.143232 0.158743 0.17526 0.192747 0.211157 0.230432 0.250503 0.271288 0.292697 0.31463 0.336979 0.359626 0.382452 0.40533 0.428132 0.450729 0.472993 0.494797 0.516017 0.536536 0.556241 0.575026 0.592792 0.609449 0.624915 0.639116 0.651986 0.663469 0.673515 0.682082 0.689137 0.694652 0.698605 0.700983 0.701777 0.700983 0.698605 0.694652 0.689137 0.682082 0.673515 0.663469 0.651986 0.639116 0.624915 0.609449 0.592792 0.575026 0.556241 0.536536 0.516017 0.494797 0.472993 0.450729 0.428132 0.40533 0.382452 0.359626 0.336979 0.31463 0.292697 0.271288 0.250503 0.230432 0.211157 0.192747 0.17526 0.158743 0.143232 0.128751 0.115315 0.102929 0.0915883 0.0812832 0.0719966 0.0637069 0.0563892 0.050017 0.044563 0.0400006 0.0363052 0.0334552 0.0314329 0.0302249 
0.0310535 0.0314702 0.0327232 0.0348206 0.037776 0.0416075 0.0463369 0.0519892 0.0585912 0.0661703 0.0747533 0.0843649 0.0950264 0.106754 0.119558 0.13344 0.148395 0.164405 0.181445 0.199476 0.218449 0.238302 0.258961 0.280344 0.302356 0.324892 0.34784 0.371081 0.394489 0.417935 0.441289 0.464417 0.487189 0.509475 0.531151 0.552096 0.572197 0.591348 0.609449 0.62641 0.64215 0.656594 0.669679 0.681347 0.691551 0.700251 0.707412 0.713008 0.71702 0.719432 0.720237 0.719432 0.71702 0.713008 0.707412 0.700251 0.691551 0.681347 0.669679 0.656594 0.64215 0.62641 0.609449 0.591348 0.572197 0.552096 0.531151 0.509475 0.487189 0.464417 0.441289 0.417935 0.394489 0.371081 0.34784 0.324892 0.302356 0.280344 0.258961 0.238302 0.218449 0.199476 0.181445 0.164405 0.148395 0.13344 0.119558 0.106754 0.0950264 0.0843649 0.0747533 0.0661703 0.0585912 0.0519892 0.0463369 0.0416075 0.037776 0.0348206 0.0327232 0.0314702 
0.032219 0.0326499 0.0339452 0.0361134 0.0391681 0.0431278 0.0480144 0.0538534 0.0606716 0.0684966 0.0773553 0.0872722 0.0982683 0.110359 0.123554 0.137855 0.153253 0.169731 0.18726 0.205799 0.225296 0.245686 0.266895 0.288833 0.311404 0.334499 0.358002 0.381791 0.405737 0.429707 0.453567 0.477182 0.500419 0.523146 0.545236 0.566569 0.58703 0.606512 0.624915 0.64215 0.658134 0.672796 0.686072 0.697906 0.70825 0.717066 0.724321 0.72999 0.734052 0.736495 0.73731 0.736495 0.734052 0.72999 0.724321 0.717066 0.70825 0.697906 0.686072 0.672796 0.658134 0.64215 0.624915 0.606512 0.58703 0.566569 0.545236 0.523146 0.500419 0.477182 0.453567 0.429707 0.405737 0.381791 0.358002 0.334499 0.311404 0.288833 0.266895 0.245686 0.225296 0.205799 0.18726 0.169731 0.153253 0.137855 0.123554 0.110359 0.0982683 0.0872722 0.0773553 0.0684966 0.0606716 0.0538534 0.0480144 0.0431278 0.0391681 0.0361134 0.0339452 0.0326499 
