1.99177e-05 2.07562e-05 2.33173e-05 2.77397e-05 3.42567e-05 4.3201e-05 5.50096e-05 7.02297e-05 8.95257e-05 0.000113685 0.000143624 0.000180391 0.00022517 0.000279277 0.000344153 0.00042136 0.000512557 0.000619483 0.000743928 0.000887698 0.00105257 0.00124026 0.00145233 0.0016902 0.001955 0.0022476 0.00256846 0.00291766 0.00329476 0.00369885 0.00412841 0.00458138 0.0050551 0.0055463 0.00605119 0.00656541 0.00708415 0.00760218 0.00811395 0.00861368 0.00909547 0.00955339 0.00998162 0.0103746 0.0107269 0.011034 0.0112913 0.0114954 0.0116433 0.011733 0.011763 0.011733 0.0116433 0.0114954 0.0112913 0.011034 0.0107269 0.0103746 0.00998162 0.00955339 0.00909547 0.00861368 0.00811395 0.00760218 0.00708415 0.00656541 0.00605119 0.0055463 0.0050551 0.00458138 0.00412841 0.00369885 0.00329476 0.00291766 0.00256846 0.0022476 0.001955 0.0016902 0.00145233 0.00124026 0.00105257 0.000887698 0.000743928 0.000619483 0.000512557 0.00042136 0.000344153 0.000279277 0.00022517 0.000180391 0.000143624 0.000113685 8.95257e-05 7.02297e-05 5.50096e-05 4.3201e-05 3.42567e-05 2.77397e-05 2.33173e-05 2.07562e-05 
2.07562e-05 2.16279e-05 2.42908e-05 2.88882e-05 3.5662e-05 4.49567e-05 5.72246e-05 7.30323e-05 9.30671e-05 0.000118143 0.000149208 0.000187346 0.000233777 0.000289861 0.000357086 0.000437058 0.000531489 0.000642169 0.000770938 0.000919653 0.00109014 0.00128415 0.0015033 0.00174901 0.00202247 0.00232453 0.00265567 0.00301593 0.00340488 0.00382153 0.00426432 0.00473111 0.00521915 0.00572509 0.00624498 0.00677436 0.00730827 0.00784134 0.00836787 0.00888191 0.00937741 0.00984829 0.0102886 0.0106925 0.0110547 0.0113703 0.0116348 0.0118445 0.0119965 0.0120886 0.0121195 0.0120886 0.0119965 0.0118445 0.0116348 0.0113703 0.0110547 0.0106925 0.0102886 0.00984829 0.00937741 0.00888191 0.00836787 0.00784134 0.00730827 0.00677436 0.00624498 0.00572509 0.00521915 0.00473111 0.00426432 0.00382153 0.00340488 0.00301593 0.00265567 0.00232453 0.00202247 0.00174901 0.0015033 0.00128415 0.00109014 0.000919653 0.000770938 0.000642169 0.000531489 0.000437058 0.000357086 0.000289861 0.000233777 0.000187346 0.000149208 0.000118143 9.30671e-05 7.30323e-05 5.72246e-05 4.49567e-05 3.5662e-05 2.88882e-05 2.42908e-05 2.16279e-05 
2.33173e-05 2.42908e-05 2.72638e-05 3.2395e-05 3.99516e-05 5.03143e-05 6.39822e-05 8.15804e-05 0.000103866 0.000131735 0.000166229 0.000208537 0.000259998 0.000322098 0.000396463 0.000484847 0.000589111 0.000711199 0.000853109 0.00101684 0.00120438 0.00141759 0.0016582 0.00192774 0.00222744 0.0025582 0.00292049 0.00331431 0.00373914 0.00419385 0.00467671 0.00518536 0.00571677 0.00626727 0.00683258 0.00740782 0.00798763 0.00856619 0.00913733 0.00969464 0.0102316 0.0107416 0.0112183 0.0116556 0.0120475 0.0123888 0.0126749 0.0129017 0.013066 0.0131655 0.0131989 0.0131655 0.013066 0.0129017 0.0126749 0.0123888 0.0120475 0.0116556 0.0112183 0.0107416 0.0102316 0.00969464 0.00913733 0.00856619 0.00798763 0.00740782 0.00683258 0.00626727 0.00571677 0.00518536 0.00467671 0.00419385 0.00373914 0.00331431 0.00292049 0.0025582 0.00222744 0.00192774 0.0016582 0.00141759 0.00120438 0.00101684 0.000853109 0.000711199 0.000589111 0.000484847 0.000396463 0.000322098 0.000259998 0.000208537 0.000166229 0.000131735 0.000103866 8.15804e-05 6.39822e-05 5.03143e-05 3.99516e-05 3.2395e-05 2.72638e-05 2.42908e-05 
2.77397e-05 2.88882e-05 3.2395e-05 3.84446e-05 4.73478e-05 5.95471e-05 7.56219e-05 9.62967e-05 0.000122448 0.000155112 0.000195489 0.00024495 0.000305033 0.000377441 0.000464035 0.000566815 0.000687899 0.000829494 0.000993857 0.00118325 0.00139987 0.00164584 0.00192306 0.0022332 0.00257761 0.00295723 0.00337253 0.00382342 0.00430923 0.00482861 0.00537953 0.00595923 0.00656423 0.00719031 0.0078326 0.00848556 0.00914311 0.00979869 0.0104453 0.0110759 0.0116829 0.0122592 0.0127975 0.0132909 0.013733 0.0141179 0.0144404 0.014696 0.0148811 0.0149933 0.0150308 0.0149933 0.0148811 0.014696 0.0144404 0.0141179 0.013733 0.0132909 0.0127975 0.0122592 0.0116829 0.0110759 0.0104453 0.00979869 0.00914311 0.00848556 0.0078326 0.00719031 0.00656423 0.00595923 0.00537953 0.00482861 0.00430923 0.00382342 0.00337253 0.00295723 0.00257761 0.0022332 0.00192306 0.00164584 0.00139987 0.00118325 0.000993857 0.000829494 0.000687899 0.000566815 0.000464035 0.000377441 0.000305033 0.00024495 0.000195489 0.000155112 0.000122448 9.62967e-05 7.56219e-05 5.95471e-05 4.73478e-05 3.84446e-05 3.2395e-05 2.88882e-05 
3.42567e-05 3.5662e-05 3.99516e-05 4.73478e-05 5.8225e-05 7.3115e-05 9.27142e-05 0.000117892 0.000149697 0.000189369 0.000238339 0.000298239 0.000370895 0.000458326 0.000562727 0.000686455 0.000831995 0.00100193 0.00119889 0.00142549 0.00168429 0.0019777 0.00230789 0.00267675 0.00308576 0.00353594 0.00402771 0.00456089 0.00513456 0.00574704 0.00639587 0.00707771 0.00778842 0.00852302 0.00927576 0.0100402 0.0108091 0.011575 0.0123298 0.013065 0.0137724 0.0144433 0.0150696 0.0156434 0.0161572 0.0166043 0.0169787 0.0172754 0.0174903 0.0176204 0.017664 0.0176204 0.0174903 0.0172754 0.0169787 0.0166043 0.0161572 0.0156434 0.0150696 0.0144433 0.0137724 0.013065 0.0123298 0.011575 0.0108091 0.0100402 0.00927576 0.00852302 0.00778842 0.00707771 0.00639587 0.00574704 0.00513456 0.00456089 0.00402771 0.00353594 0.00308576 0.00267675 0.00230789 0.0019777 0.00168429 0.00142549 0.00119889 0.00100193 0.000831995 0.000686455 0.000562727 0.000458326 0.000370895 0.000298239 0.000238339 0.000189369 0.000149697 0.000117892 9.27142e-05 7.3115e-05 5.8225e-05 4.73478e-05 3.99516e-05 3.5662e-05 
4.3201e-05 4.49567e-05 5.03143e-05 5.95471e-05 7.3115e-05 9.1671e-05 0.000116069 0.000147372 0.000186863 0.000236053 0.000296685 0.000370738 0.000460425 0.000568184 0.000696659 0.000848678 0.00102722 0.00123535 0.0014762 0.00175287 0.00206835 0.00242545 0.00282669 0.00327423 0.00376972 0.00431424 0.00490819 0.0055512 0.00624203 0.00697856 0.0077577 0.00857537 0.00942655 0.0103052 0.0112045 0.0121166 0.0130331 0.013945 0.0148427 0.0157165 0.0165562 0.0173522 0.0180946 0.0187743 0.0193827 0.0199117 0.0203546 0.0207054 0.0209594 0.0211132 0.0211647 0.0211132 0.0209594 0.0207054 0.0203546 0.0199117 0.0193827 0.0187743 0.0180946 0.0173522 0.0165562 0.0157165 0.0148427 0.013945 0.0130331 0.0121166 0.0112045 0.0103052 0.00942655 0.00857537 0.0077577 0.00697856 0.00624203 0.0055512 0.00490819 0.00431424 0.00376972 0.00327423 0.00282669 0.00242545 0.00206835 0.00175287 0.0014762 0.00123535 0.00102722 0.000848678 0.000696659 0.000568184 0.000460425 0.000370738 0.000296685 0.000236053 0.000186863 0.000147372 0.000116069 9.1671e-05 7.3115e-05 5.95471e-05 5.03143e-05 4.49567e-05 
5.50096e-05 5.72246e-05 6.39822e-05 7.56219e-05 9.27142e-05 0.000116069 0.000146742 0.00018605 0.000235575 0.000297179 0.000373003 0.000465476 0.000577304 0.000711459 0.000871159 0.00105983 0.00128107 0.00153858 0.0018361 0.00217732 0.0025658 0.00300484 0.00349738 0.00404589 0.00465224 0.00531757 0.0060422 0.0068255 0.00766584 0.00856047 0.00950552 0.010496 0.0115256 0.0125871 0.0136722 0.0147714 0.0158747 0.0169712 0.0180495 0.0190981 0.0201049 0.0210585 0.0219472 0.0227603 0.0234876 0.0241198 0.0246488 0.0250677 0.0253709 0.0255544 0.0256159 0.0255544 0.0253709 0.0250677 0.0246488 0.0241198 0.0234876 0.0227603 0.0219472 0.0210585 0.0201049 0.0190981 0.0180495 0.0169712 0.0158747 0.0147714 0.0136722 0.0125871 0.0115256 0.010496 0.00950552 0.00856047 0.00766584 0.0068255 0.0060422 0.00531757 0.00465224 0.00404589 0.00349738 0.00300484 0.0025658 0.00217732 0.0018361 0.00153858 0.00128107 0.00105983 0.000871159 0.000711459 0.000577304 0.000465476 0.000373003 0.000297179 0.000235575 0.00018605 0.000146742 0.000116069 9.27142e-05 7.56219e-05 6.39822e-05 5.72246e-05 
7.02297e-05 7.30323e-05 8.15804e-05 9.62967e-05 0.000117892 0.000147372 0.00018605 0.000235558 0.000297855 0.000375242 0.00047036 0.000586196 0.000726071 0.000893624 0.00109278 0.00132771 0.00160277 0.00192242 0.00229117 0.00271342 0.00319341 0.00373503 0.00434171 0.00501629 0.00576087 0.00657663 0.00746376 0.0084213 0.00944707 0.0105375 0.0116879 0.0128918 0.0141416 0.0154285 0.0167423 0.0180717 0.0194045 0.0207276 0.0220274 0.0232901 0.0245015 0.0256477 0.0267153 0.0276914 0.0285639 0.0293219 0.0299559 0.0304577 0.0308209 0.0310407 0.0311143 0.0310407 0.0308209 0.0304577 0.0299559 0.0293219 0.0285639 0.0276914 0.0267153 0.0256477 0.0245015 0.0232901 0.0220274 0.0207276 0.0194045 0.0180717 0.0167423 0.0154285 0.0141416 0.0128918 0.0116879 0.0105375 0.00944707 0.0084213 0.00746376 0.00657663 0.00576087 0.00501629 0.00434171 0.00373503 0.00319341 0.00271342 0.00229117 0.00192242 0.00160277 0.00132771 0.00109278 0.000893624 0.000726071 0.000586196 0.00047036 0.000375242 0.000297855 0.000235558 0.00018605 0.000147372 0.000117892 9.62967e-05 8.15804e-05 7.30323e-05 
8.95257e-05 9.30671e-05 0.000103866 0.000122448 0.000149697 0.000186863 0.000235575 0.000297855 0.000376128 0.00047323 0.00059242 0.000737366 0.000912141 0.00112119 0.00136931 0.00166155 0.00200319 0.00239962 0.00285624 0.00337832 0.00397087 0.00463847 0.00538513 0.0062141 0.00712768 0.00812711 0.00921235 0.010382 0.0116332 0.0129614 0.0143605 0.0158228 0.0173389 0.0188979 0.0204875 0.022094 0.0237027 0.025298 0.0268637 0.0283831 0.0298395 0.0312164 0.0324978 0.0336686 0.0347144 0.0356226 0.0363819 0.0369826 0.0374172 0.0376803 0.0377683 0.0376803 0.0374172 0.0369826 0.0363819 0.0356226 0.0347144 0.0336686 0.0324978 0.0312164 0.0298395 0.0283831 0.0268637 0.025298 0.0237027 0.022094 0.0204875 0.0188979 0.0173389 0.0158228 0.0143605 0.0129614 0.0116332 0.010382 0.00921235 0.00812711 0.00712768 0.0062141 0.00538513 0.00463847 0.00397087 0.00337832 0.00285624 0.00239962 0.00200319 0.00166155 0.00136931 0.00112119 0.000912141 0.000737366 0.00059242 0.00047323 0.000376128 0.000297855 0.000235575 0.000186863 0.000149697 0.000122448 0.000103866 9.30671e-05 
0.000113685 0.000118143 0.000131735 0.000155112 0.000189369 0.000236053 0.000297179 0.000375242 0.00047323 0.000594636 0.000743456 0.000924185 0.0011418 0.00140171 0.00170974 0.00207201 0.00249489 0.00298485 0.00354834 0.00419163 0.00492064 0.00574075 0.00665657 0.0076718 0.00878897 0.0100093 0.0113324 0.0127563 0.0142773 0.0158896 0.0175856 0.0193557 0.0211886 0.0230708 0.0249876 0.0269224 0.0288576 0.0307746 0.032654 0.034476 0.0362209 0.0378691 0.0394019 0.0408013 0.0420507 0.043135 0.044041 0.0447577 0.045276 0.0455897 0.0456946 0.0455897 0.045276 0.0447577 0.044041 0.043135 0.0420507 0.0408013 0.0394019 0.0378691 0.0362209 0.034476 0.032654 0.0307746 0.0288576 0.0269224 0.0249876 0.0230708 0.0211886 0.0193557 0.0175856 0.0158896 0.0142773 0.0127563 0.0113324 0.0100093 0.00878897 0.0076718 0.00665657 0.00574075 0.00492064 0.00419163 0.00354834 0.00298485 0.00249489 0.00207201 0.00170974 0.00140171 0.0011418 0.000924185 0.000743456 0.000594636 0.00047323 0.000375242 0.000297179 0.000236053 0.000189369 0.000155112 0.000131735 0.000118143 
0.000143624 0.000149208 0.000166229 0.000195489 0.000238339 0.000296685 0.000373003 0.00047036 0.00059242 0.000743456 0.00092835 0.00115258 0.00142219 0.00174374 0.00212427 0.00257115 0.00309201 0.00369459 0.00438655 0.00517532 0.00606782 0.00707032 0.00818813 0.00942538 0.0107848 0.0122675 0.0138727 0.0155977 0.0174375 0.0193849 0.0214306 0.0235628 0.0257675 0.0280287 0.0303283 0.0326468 0.0349631 0.0372549 0.0394994 0.0416732 0.0437531 0.0457161 0.0475401 0.0492041 0.0506889 0.0519768 0.0530525 0.053903 0.054518 0.05489 0.0550145 0.05489 0.054518 0.053903 0.0530525 0.0519768 0.0506889 0.0492041 0.0475401 0.0457161 0.0437531 0.0416732 0.0394994 0.0372549 0.0349631 0.0326468 0.0303283 0.0280287 0.0257675 0.0235628 0.0214306 0.0193849 0.0174375 0.0155977 0.0138727 0.0122675 0.0107848 0.00942538 0.00818813 0.00707032 0.00606782 0.00517532 0.00438655 0.00369459 0.00309201 0.00257115 0.00212427 0.00174374 0.00142219 0.00115258 0.00092835 0.000743456 0.00059242 0.00047036 0.000373003 0.000296685 0.000238339 0.000195489 0.000166229 0.000149208 
0.000180391 0.000187346 0.000208537 0.00024495 0.000298239 0.000370738 0.000465476 0.000586196 0.000737366 0.000924185 0.00115258 0.00142918 0.0017613 0.00215683 0.00262422 0.0031723 0.00381017 0.004547 0.00539186 0.00635343 0.00743981 0.00865821 0.0100147 0.0115138 0.0131584 0.0149494 0.0168855 0.0189629 0.0211754 0.0235139 0.0259669 0.0285199 0.0311562 0.0338564 0.036599 0.0393606 0.0421162 0.0448397 0.047504 0.0500818 0.0525458 0.0548692 0.0570264 0.0589931 0.0607467 0.0622669 0.0635361 0.0645391 0.0652643 0.0657028 0.0658496 0.0657028 0.0652643 0.0645391 0.0635361 0.0622669 0.0607467 0.0589931 0.0570264 0.0548692 0.0525458 0.0500818 0.047504 0.0448397 0.0421162 0.0393606 0.036599 0.0338564 0.0311562 0.0285199 0.0259669 0.0235139 0.0211754 0.0189629 0.0168855 0.0149494 0.0131584 0.0115138 0.0100147 0.00865821 0.00743981 0.00635343 0.00539186 0.004547 0.00381017 0.0031723 0.00262422 0.00215683 0.0017613 0.00142918 0.00115258 0.000924185 0.000737366 0.000586196 0.000465476 0.000370738 0.000298239 0.00024495 0.000208537 0.000187346 
0.00022517 0.000233777 0.000259998 0.000305033 0.000370895 0.000460425 0.000577304 0.000726071 0.000912141 0.0011418 0.00142219 0.0017613 0.00216789 0.00265142 0.00322197 0.00389002 0.00466635 0.00556176 0.00658689 0.00775185 0.00906599 0.0105375 0.0121733 0.0139783 0.0159554 0.0181053 0.0204257 0.0229117 0.0255553 0.0283455 0.0312679 0.0343051 0.0374371 0.0406405 0.04389 0.0471579 0.0504146 0.0536296 0.0567712 0.0598076 0.0627072 0.0654389 0.067973 0.0702815 0.0723386 0.0741209 0.0756081 0.0767831 0.0776322 0.0781457 0.0783175 0.0781457 0.0776322 0.0767831 0.0756081 0.0741209 0.0723386 0.0702815 0.067973 0.0654389 0.0627072 0.0598076 0.0567712 0.0536296 0.0504146 0.0471579 0.04389 0.0406405 0.0374371 0.0343051 0.0312679 0.0283455 0.0255553 0.0229117 0.0204257 0.0181053 0.0159554 0.0139783 0.0121733 0.0105375 0.00906599 0.00775185 0.00658689 0.00556176 0.00466635 0.00389002 0.00322197 0.00265142 0.00216789 0.0017613 0.00142219 0.0011418 0.000912141 0.000726071 0.000577304 0.000460425 0.000370895 0.000305033 0.000259998 0.000233777 
0.000279277 0.000289861 0.000322098 0.000377441 0.000458326 0.000568184 0.000711459 0.000893624 0.00112119 0.00140171 0.00174374 0.00215683 0.00265142 0.00323877 0.00393078 0.00473985 0.00567863 0.00675977 0.00799562 0.00939787 0.0109772 0.012743 0.0147028 0.0168619 0.0192232 0.0217868 0.0245494 0.0275047 0.0306425 0.0339492 0.0374075 0.0409965 0.044692 0.0484667 0.0522904 0.0561307 0.0599532 0.063722 0.0674007 0.0709523 0.0743403 0.0775293 0.0804851 0.0831757 0.0855716 0.0876462 0.0893764 0.0907428 0.09173 0.0923268 0.0925265 0.0923268 0.09173 0.0907428 0.0893764 0.0876462 0.0855716 0.0831757 0.0804851 0.0775293 0.0743403 0.0709523 0.0674007 0.063722 0.0599532 0.0561307 0.0522904 0.0484667 0.044692 0.0409965 0.0374075 0.0339492 0.0306425 0.0275047 0.0245494 0.0217868 0.0192232 0.0168619 0.0147028 0.012743 0.0109772 0.00939787 0.00799562 0.00675977 0.00567863 0.00473985 0.00393078 0.00323877 0.00265142 0.00215683 0.00174374 0.00140171 0.00112119 0.000893624 0.000711459 0.000568184 0.000458326 0.000377441 0.000322098 0.000289861 
0.000344153 0.000357086 0.000396463 0.000464035 0.000562727 0.000696659 0.000871159 0.00109278 0.00136931 0.00170974 0.00212427 0.00262422 0.00322197 0.00393078 0.00476466 0.00573814 0.00686597 0.00816284 0.00964297 0.0113198 0.0132054 0.0153102 0.0176426 0.0202081 0.0230094 0.0260458 0.0293129 0.0328022 0.0365013 0.0403935 0.0444579 0.0486696 0.053 0.0574168 0.0618847 0.066366 0.0708206 0.0752074 0.0794841 0.0836085 0.0875388 0.0912347 0.0946573 0.0977702 0.10054 0.102937 0.104936 0.106513 0.107652 0.108341 0.108571 0.108341 0.107652 0.106513 0.104936 0.102937 0.10054 0.0977702 0.0946573 0.0912347 0.0875388 0.0836085 0.0794841 0.0752074 0.0708206 0.066366 0.0618847 0.0574168 0.053 0.0486696 0.0444579 0.0403935 0.0365013 0.0328022 0.0293129 0.0260458 0.0230094 0.0202081 0.0176426 0.0153102 0.0132054 0.0113198 0.00964297 0.00816284 0.00686597 0.00573814 0.00476466 0.00393078 0.00322197 0.00262422 0.00212427 0.00170974 0.00136931 0.00109278 0.000871159 0.000696659 0.000562727 0.000464035 0.000396463 0.000357086 
0.00042136 0.000437058 0.000484847 0.000566815 0.000686455 0.000848678 0.00105983 0.00132771 0.00166155 0.00207201 0.00257115 0.0031723 0.00389002 0.00473985 0.00573814 0.00690179 0.00824787 0.00979329 0.0115543 0.0135462 0.0157826 0.0182749 0.0210322 0.0240603 0.0273613 0.0309335 0.0347709 0.0388628 0.0431937 0.0477435 0.0524872 0.0573954 0.0624342 0.067566 0.0727499 0.0779419 0.0830963 0.0881655 0.0931016 0.0978564 0.102383 0.106635 0.110568 0.114144 0.117322 0.120072 0.122362 0.124169 0.125474 0.126262 0.126526 0.126262 0.125474 0.124169 0.122362 0.120072 0.117322 0.114144 0.110568 0.106635 0.102383 0.0978564 0.0931016 0.0881655 0.0830963 0.0779419 0.0727499 0.067566 0.0624342 0.0573954 0.0524872 0.0477435 0.0431937 0.0388628 0.0347709 0.0309335 0.0273613 0.0240603 0.0210322 0.0182749 0.0157826 0.0135462 0.0115543 0.00979329 0.00824787 0.00690179 0.00573814 0.00473985 0.00389002 0.0031723 0.00257115 0.00207201 0.00166155 0.00132771 0.00105983 0.000848678 0.000686455 0.000566815 0.000484847 0.000437058 
0.000512557 0.000531489 0.000589111 0.000687899 0.000831995 0.00102722 0.00128107 0.00160277 0.00200319 0.00249489 0.00309201 0.00381017 0.00466635 0.00567863 0.00686597 0.00824787 0.00984394 0.0116735 0.013755 0.0161056 0.0187404 0.0216721 0.0249101 0.0284601 0.0323239 0.0364982 0.040975 0.0457408 0.0507769 0.0560589 0.0615573 0.0672373 0.0730595 0.0789802 0.0849521 0.090925 0.0968462 0.102662 0.108318 0.11376 0.118934 0.12379 0.128278 0.132353 0.135974 0.139103 0.141709 0.143764 0.145247 0.146143 0.146443 0.146143 0.145247 0.143764 0.141709 0.139103 0.135974 0.132353 0.128278 0.12379 0.118934 0.11376 0.108318 0.102662 0.0968462 0.090925 0.0849521 0.0789802 0.0730595 0.0672373 0.0615573 0.0560589 0.0507769 0.0457408 0.040975 0.0364982 0.0323239 0.0284601 0.0249101 0.0216721 0.0187404 0.0161056 0.013755 0.0116735 0.00984394 0.00824787 0.00686597 0.00567863 0.00466635 0.00381017 0.00309201 0.00249489 0.00200319 0.00160277 0.00128107 0.00102722 0.000831995 0.000687899 0.000589111 0.000531489 
0.000619483 0.000642169 0.000711199 0.000829494 0.00100193 0.00123535 0.00153858 0.00192242 0.00239962 0.00298485 0.00369459 0.004547 0.00556176 0.00675977 0.00816284 0.00979329 0.0116735 0.0138253 0.0162696 0.0190253 0.0221093 0.025535 0.0293123 0.0334468 0.0379391 0.0427843 0.0479719 0.0534853 0.0593015 0.0653917 0.071721 0.0782488 0.0849294 0.0917125 0.0985438 0.105366 0.11212 0.118745 0.125178 0.131361 0.137233 0.142738 0.14782 0.152432 0.156525 0.160061 0.163003 0.165322 0.166995 0.168006 0.168344 0.168006 0.166995 0.165322 0.163003 0.160061 0.156525 0.152432 0.14782 0.142738 0.137233 0.131361 0.125178 0.118745 0.11212 0.105366 0.0985438 0.0917125 0.0849294 0.0782488 0.071721 0.0653917 0.0593015 0.0534853 0.0479719 0.0427843 0.0379391 0.0334468 0.0293123 0.025535 0.0221093 0.0190253 0.0162696 0.0138253 0.0116735 0.00979329 0.00816284 0.00675977 0.00556176 0.004547 0.00369459 0.00298485 0.00239962 0.00192242 0.00153858 0.00123535 0.00100193 0.000829494 0.000711199 0.000642169 
0.000743928 0.000770938 0.000853109 0.000993857 0.00119889 0.0014762 0.0018361 0.00229117 0.00285624 0.00354834 0.00438655 0.00539186 0.00658689 0.00799562 0.00964297 0.0115543 0.013755 0.0162696 0.0191213 0.0223311 0.0259172 0.0298941 0.0342718 0.0390553 0.0442439 0.0498306 0.0558019 0.0621372 0.0688093 0.0757838 0.0830199 0.0904707 0.0980834 0.105801 0.113561 0.121299 0.128948 0.136439 0.143706 0.15068 0.157295 0.16349 0.169204 0.174383 0.178977 0.182941 0.186238 0.188836 0.19071 0.191842 0.19222 0.191842 0.19071 0.188836 0.186238 0.182941 0.178977 0.174383 0.169204 0.16349 0.157295 0.15068 0.143706 0.136439 0.128948 0.121299 0.113561 0.105801 0.0980834 0.0904707 0.0830199 0.0757838 0.0688093 0.0621372 0.0558019 0.0498306 0.0442439 0.0390553 0.0342718 0.0298941 0.0259172 0.0223311 0.0191213 0.0162696 0.013755 0.0115543 0.00964297 0.00799562 0.00658689 0.00539186 0.00438655 0.00354834 0.00285624 0.00229117 0.0018361 0.0014762 0.00119889 0.000993857 0.000853109 0.000770938 
0.000887698 0.000919653 0.00101684 0.00118325 0.00142549 0.00175287 0.00217732 0.00271342 0.00337832 0.00419163 0.00517532 0.00635343 0.00775185 0.00939787 0.0113198 0.0135462 0.0161056 0.0190253 0.0223311 0.0260458 0.0301891 0.0347761 0.0398168 0.0453153 0.0512691 0.0576685 0.0644966 0.0717283 0.0793312 0.087265 0.0954823 0.103929 0.112545 0.121264 0.130018 0.138734 0.147336 0.155749 0.163898 0.171708 0.179107 0.186027 0.192404 0.198179 0.203296 0.207709 0.211377 0.214266 0.216348 0.217605 0.218026 0.217605 0.216348 0.214266 0.211377 0.207709 0.203296 0.198179 0.192404 0.186027 0.179107 0.171708 0.163898 0.155749 0.147336 0.138734 0.130018 0.121264 0.112545 0.103929 0.0954823 0.087265 0.0793312 0.0717283 0.0644966 0.0576685 0.0512691 0.0453153 0.0398168 0.0347761 0.0301891 0.0260458 0.0223311 0.0190253 0.0161056 0.0135462 0.0113198 0.00939787 0.00775185 0.00635343 0.00517532 0.00419163 0.00337832 0.00271342 0.00217732 0.00175287 0.00142549 0.00118325 0.00101684 0.000919653 
0.00105257 0.00109014 0.00120438 0.00139987 0.00168429 0.00206835 0.0025658 0.00319341 0.00397087 0.00492064 0.00606782 0.00743981 0.00906599 0.0109772 0.0132054 0.0157826 0.0187404 0.0221093 0.0259172 0.0301891 0.0349458 0.0402028 0.0459698 0.0522497 0.0590376 0.0663207 0.0740778 0.0822789 0.0908856 0.0998511 0.109121 0.118632 0.128318 0.138103 0.147911 0.15766 0.167267 0.176649 0.185723 0.194407 0.202625 0.210301 0.217367 0.223758 0.229417 0.234294 0.238344 0.241532 0.243829 0.245216 0.245679 0.245216 0.243829 0.241532 0.238344 0.234294 0.229417 0.223758 0.217367 0.210301 0.202625 0.194407 0.185723 0.176649 0.167267 0.15766 0.147911 0.138103 0.128318 0.118632 0.109121 0.0998511 0.0908856 0.0822789 0.0740778 0.0663207 0.0590376 0.0522497 0.0459698 0.0402028 0.0349458 0.0301891 0.0259172 0.0221093 0.0187404 0.0157826 0.0132054 0.0109772 0.00906599 0.00743981 0.00606782 0.00492064 0.00397087 0.00319341 0.0025658 0.00206835 0.00168429 0.00139987 0.00120438 0.00109014 
0.00124026 0.00128415 0.00141759 0.00164584 0.0019777 0.00242545 0.00300484 0.00373503 0.00463847 0.00574075 0.00707032 0.00865821 0.0105375 0.012743 0.0153102 0.0182749 0.0216721 0.025535 0.0298941 0.0347761 0.0402028 0.04619 0.0527466 0.0598735 0.0675633 0.0757993 0.0845555 0.0937963 0.103476 0.113542 0.12393 0.13457 0.145386 0.156295 0.16721 0.178041 0.188697 0.199087 0.209121 0.218711 0.227773 0.236228 0.244001 0.251024 0.257237 0.262587 0.267027 0.27052 0.273036 0.274554 0.275061 0.274554 0.273036 0.27052 0.267027 0.262587 0.257237 0.251024 0.244001 0.236228 0.227773 0.218711 0.209121 0.199087 0.188697 0.178041 0.16721 0.156295 0.145386 0.13457 0.12393 0.113542 0.103476 0.0937963 0.0845555 0.0757993 0.0675633 0.0598735 0.0527466 0.04619 0.0402028 0.0347761 0.0298941 0.025535 0.0216721 0.0182749 0.0153102 0.012743 0.0105375 0.00865821 0.00707032 0.00574075 0.00463847 0.00373503 0.00300484 0.00242545 0.0019777 0.00164584 0.00141759 0.00128415 
0.00145233 0.0015033 0.0016582 0.00192306 0.00230789 0.00282669 0.00349738 0.00434171 0.00538513 0.00665657 0.00818813 0.0100147 0.0121733 0.0147028 0.0176426 0.0210322 0.0249101 0.0293123 0.0342718 0.0398168 0.0459698 0.0527466 0.0601546 0.0681927 0.07685 0.0861054 0.0959273 0.106274 0.117092 0.12832 0.139887 0.151713 0.163713 0.175793 0.18786 0.199813 0.211554 0.222983 0.234004 0.244521 0.254445 0.263692 0.272182 0.279846 0.28662 0.292446 0.297279 0.301078 0.303814 0.305464 0.306015 0.305464 0.303814 0.301078 0.297279 0.292446 0.28662 0.279846 0.272182 0.263692 0.254445 0.244521 0.234004 0.222983 0.211554 0.199813 0.18786 0.175793 0.163713 0.151713 0.139887 0.12832 0.117092 0.106274 0.0959273 0.0861054 0.07685 0.0681927 0.0601546 0.0527466 0.0459698 0.0398168 0.0342718 0.0293123 0.0249101 0.0210322 0.0176426 0.0147028 0.0121733 0.0100147 0.00818813 0.00665657 0.00538513 0.00434171 0.00349738 0.00282669 0.00230789 0.00192306 0.0016582 0.0015033 
0.0016902 0.00174901 0.00192774 0.0022332 0.00267675 0.00327423 0.00404589 0.00501629 0.0062141 0.0076718 0.00942538 0.0115138 0.0139783 0.0168619 0.0202081 0.0240603 0.0284601 0.0334468 0.0390553 0.0453153 0.0522497 0.0598735 0.0681927 0.0772032 0.08689 0.097227 0.108176 0.119689 0.131704 0.144151 0.156949 0.170009 0.183237 0.19653 0.209783 0.222888 0.235739 0.248227 0.26025 0.271706 0.2825 0.292544 0.301756 0.31006 0.317392 0.323694 0.328917 0.33302 0.335973 0.337754 0.338349 0.337754 0.335973 0.33302 0.328917 0.323694 0.317392 0.31006 0.301756 0.292544 0.2825 0.271706 0.26025 0.248227 0.235739 0.222888 0.209783 0.19653 0.183237 0.170009 0.156949 0.144151 0.131704 0.119689 0.108176 0.097227 0.08689 0.0772032 0.0681927 0.0598735 0.0522497 0.0453153 0.0390553 0.0334468 0.0284601 0.0240603 0.0202081 0.0168619 0.0139783 0.0115138 0.00942538 0.0076718 0.0062141 0.00501629 0.00404589 0.00327423 0.00267675 0.0022332 0.00192774 0.00174901 
0.001955 0.00202247 0.00222744 0.00257761 0.00308576 0.00376972 0.00465224 0.00576087 0.00712768 0.00878897 0.0107848 0.0131584 0.0159554 0.0192232 0.0230094 0.0273613 0.0323239 0.0379391 0.0442439 0.0512691 0.0590376 0.0675633 0.07685 0.08689 0.0976638 0.109139 0.121271 0.134003 0.147266 0.160979 0.175052 0.189387 0.203876 0.218411 0.232874 0.247151 0.261126 0.274683 0.287713 0.300109 0.311772 0.322608 0.332533 0.341471 0.349353 0.356122 0.361727 0.366128 0.369294 0.371202 0.37184 0.371202 0.369294 0.366128 0.361727 0.356122 0.349353 0.341471 0.332533 0.322608 0.311772 0.300109 0.287713 0.274683 0.261126 0.247151 0.232874 0.218411 0.203876 0.189387 0.175052 0.160979 0.147266 0.134003 0.121271 0.109139 0.0976638 0.08689 0.07685 0.0675633 0.0590376 0.0512691 0.0442439 0.0379391 0.0323239 0.0273613 0.0230094 0.0192232 0.0159554 0.0131584 0.0107848 0.00878897 0.00712768 0.00576087 0.00465224 0.00376972 0.00308576 0.00257761 0.00222744 0.00202247 
0.0022476 0.00232453 0.0025582 0.00295723 0.00353594 0.00431424 0.00531757 0.00657663 0.00812711 0.0100093 0.0122675 0.0149494 0.0181053 0.0217868 0.0260458 0.0309335 0.0364982 0.0427843 0.0498306 0.0576685 0.0663207 0.0757993 0.0861054 0.097227 0.109139 0.121803 0.135167 0.149164 0.163716 0.178733 0.194115 0.209752 0.225527 0.241321 0.257008 0.272464 0.287564 0.302188 0.316219 0.329545 0.342063 0.353678 0.364302 0.373856 0.382273 0.389494 0.395468 0.400156 0.403526 0.405558 0.406236 0.405558 0.403526 0.400156 0.395468 0.389494 0.382273 0.373856 0.364302 0.353678 0.342063 0.329545 0.316219 0.302188 0.287564 0.272464 0.257008 0.241321 0.225527 0.209752 0.194115 0.178733 0.163716 0.149164 0.135167 0.121803 0.109139 0.097227 0.0861054 0.0757993 0.0663207 0.0576685 0.0498306 0.0427843 0.0364982 0.0309335 0.0260458 0.0217868 0.0181053 0.0149494 0.0122675 0.0100093 0.00812711 0.00657663 0.00531757 0.00431424 0.00353594 0.00295723 0.0025582 0.00232453 
0.00256846 0.00265567 0.00292049 0.00337253 0.00402771 0.00490819 0.0060422 0.00746376 0.00921235 0.0113324 0.0138727 0.0168855 0.0204257 0.0245494 0.0293129 0.0347709 0.040975 0.0479719 0.0558019 0.0644966 0.0740778 0.0845555 0.0959273 0.108176 0.121271 0.135167 0.149801 0.1651 0.180974 0.197323 0.214036 0.230992 0.248065 0.265124 0.282035 0.298664 0.314881 0.330558 0.345571 0.359807 0.373158 0.385527 0.396824 0.406971 0.4159 0.423552 0.429877 0.434837 0.438402 0.440549 0.441266 0.440549 0.438402 0.434837 0.429877 0.423552 0.4159 0.406971 0.396824 0.385527 0.373158 0.359807 0.345571 0.330558 0.314881 0.298664 0.282035 0.265124 0.248065 0.230992 0.214036 0.197323 0.180974 0.1651 0.149801 0.135167 0.121271 0.108176 0.0959273 0.0845555 0.0740778 0.0644966 0.0558019 0.0479719 0.040975 0.0347709 0.0293129 0.0245494 0.0204257 0.0168855 0.0138727 0.0113324 0.00921235 0.00746376 0.0060422 0.00490819 0.00402771 0.00337253 0.00292049 0.00265567 
0.00291766 0.00301593 0.00331431 0.00382342 0.00456089 0.0055512 0.0068255 0.0084213 0.010382 0.0127563 0.0155977 0.0189629 0.0229117 0.0275047 0.0328022 0.0388628 0.0457408 0.0534853 0.0621372 0.0717283 0.0822789 0.0937963 0.106274 0.119689 0.134003 0.149164 0.1651 0.181727 0.198945 0.216642 0.234697 0.252978 0.271348 0.289665 0.307788 0.325574 0.342886 0.359588 0.375556 0.39067 0.404821 0.41791 0.429847 0.440555 0.449966 0.458022 0.464676 0.46989 0.473634 0.475889 0.476642 0.475889 0.473634 0.46989 0.464676 0.458022 0.449966 0.440555 0.429847 0.41791 0.404821 0.39067 0.375556 0.359588 0.342886 0.325574 0.307788 0.289665 0.271348 0.252978 0.234697 0.216642 0.198945 0.181727 0.1651 0.149164 0.134003 0.119689 0.106274 0.0937963 0.0822789 0.0717283 0.0621372 0.0534853 0.0457408 0.0388628 0.0328022 0.0275047 0.0229117 0.0189629 0.0155977 0.0127563 0.010382 0.0084213 0.0068255 0.0055512 0.00456089 0.00382342 0.00331431 0.00301593 
0.00329476 0.00340488 0.00373914 0.00430923 0.00513456 0.00624203 0.00766584 0.00944707 0.0116332 0.0142773 0.0174375 0.0211754 0.0255553 0.0306425 0.0365013 0.0431937 0.0507769 0.0593015 0.0688093 0.0793312 0.0908856 0.103476 0.117092 0.131704 0.147266 0.163716 0.180974 0.198945 0.217517 0.236568 0.255964 0.275562 0.295216 0.314774 0.334084 0.352998 0.371371 0.389063 0.405945 0.421895 0.436803 0.45057 0.463106 0.474336 0.484193 0.492622 0.499577 0.505022 0.508931 0.511283 0.512069 0.511283 0.508931 0.505022 0.499577 0.492622 0.484193 0.474336 0.463106 0.45057 0.436803 0.421895 0.405945 0.389063 0.371371 0.352998 0.334084 0.314774 0.295216 0.275562 0.255964 0.236568 0.217517 0.198945 0.180974 0.163716 0.147266 0.131704 0.117092 0.103476 0.0908856 0.0793312 0.0688093 0.0593015 0.0507769 0.0431937 0.0365013 0.0306425 0.0255553 0.0211754 0.0174375 0.0142773 0.0116332 0.00944707 0.00766584 0.00624203 0.00513456 0.00430923 0.00373914 0.00340488 
0.00369885 0.00382153 0.00419385 0.00482861 0.00574704 0.00697856 0.00856047 0.0105375 0.0129614 0.0158896 0.0193849 0.0235139 0.0283455 0.0339492 0.0403935 0.0477435 0.0560589 0.0653917 0.0757838 0.087265 0.0998511 0.113542 0.12832 0.144151 0.160979 0.178733 0.197323 0.216642 0.236568 0.256965 0.27769 0.298587 0.3195 0.340267 0.360729 0.38073 0.400119 0.418753 0.4365 0.453235 0.46885 0.483244 0.496332 0.508038 0.518299 0.527064 0.534289 0.539942 0.543996 0.546436 0.54725 0.546436 0.543996 0.539942 0.534289 0.527064 0.518299 0.508038 0.496332 0.483244 0.46885 0.453235 0.4365 0.418753 0.400119 0.38073 0.360729 0.340267 0.3195 0.298587 0.27769 0.256965 0.236568 0.216642 0.197323 0.178733 0.160979 0.144151 0.12832 0.113542 0.0998511 0.087265 0.0757838 0.0653917 0.0560589 0.0477435 0.0403935 0.0339492 0.0283455 0.0235139 0.0193849 0.0158896 0.0129614 0.0105375 0.00856047 0.00697856 0.00574704 0.00482861 0.00419385 0.00382153 
0.00412841 0.00426432 0.00467671 0.00537953 0.00639587 0.0077577 0.00950552 0.0116879 0.0143605 0.0175856 0.0214306 0.0259669 0.0312679 0.0374075 0.0444579 0.0524872 0.0615573 0.071721 0.0830199 0.0954823 0.109121 0.12393 0.139887 0.156949 0.175052 0.194115 0.214036 0.234697 0.255964 0.27769 0.299718 0.321883 0.344019 0.365954 0.387521 0.408558 0.428909 0.448428 0.46698 0.484443 0.500705 0.51567 0.529255 0.541387 0.552008 0.561068 0.56853 0.574362 0.578543 0.581057 0.581897 0.581057 0.578543 0.574362 0.56853 0.561068 0.552008 0.541387 0.529255 0.51567 0.500705 0.484443 0.46698 0.448428 0.428909 0.408558 0.387521 0.365954 0.344019 0.321883 0.299718 0.27769 0.255964 0.234697 0.214036 0.194115 0.175052 0.156949 0.139887 0.12393 0.109121 0.0954823 0.0830199 0.071721 0.0615573 0.0524872 0.0444579 0.0374075 0.0312679 0.0259669 0.0214306 0.0175856 0.0143605 0.0116879 0.00950552 0.0077577 0.00639587 0.00537953 0.00467671 0.00426432 
0.00458138 0.00473111 0.00518536 0.00595923 0.00707771 0.00857537 0.010496 0.0128918 0.0158228 0.0193557 0.0235628 0.0285199 0.0343051 0.0409965 0.0486696 0.0573954 0.0672373 0.0782488 0.0904707 0.103929 0.118632 0.13457 0.151713 0.170009 0.189387 0.209752 0.230992 0.252978 0.275562 0.298587 0.321883 0.345276 0.368587 0.391637 0.414253 0.436266 0.457517 0.477856 0.497148 0.515272 0.532117 0.547592 0.561615 0.574119 0.585051 0.594364 0.602026 0.608009 0.612296 0.614872 0.615732 0.614872 0.612296 0.608009 0.602026 0.594364 0.585051 0.574119 0.561615 0.547592 0.532117 0.515272 0.497148 0.477856 0.457517 0.436266 0.414253 0.391637 0.368587 0.345276 0.321883 0.298587 0.275562 0.252978 0.230992 0.209752 0.189387 0.170009 0.151713 0.13457 0.118632 0.103929 0.0904707 0.0782488 0.0672373 0.0573954 0.0486696 0.0409965 0.0343051 0.0285199 0.0235628 0.0193557 0.0158228 0.0128918 0.010496 0.00857537 0.00707771 0.00595923 0.00518536 0.00473111 
0.0050551 0.00521915 0.00571677 0.00656423 0.00778842 0.00942655 0.0115256 0.0141416 0.0173389 0.0211886 0.0257675 0.0311562 0.0374371 0.044692 0.053 0.0624342 0.0730595 0.0849294 0.0980834 0.112545 0.128318 0.145386 0.163713 0.183237 0.203876 0.225527 0.248065 0.271348 0.295216 0.3195 0.344019 0.368587 0.393017 0.417122 0.440722 0.463643 0.485722 0.50681 0.526772 0.545486 0.562847 0.578765 0.593165 0.605985 0.617176 0.626698 0.634522 0.640628 0.644998 0.647624 0.6485 0.647624 0.644998 0.640628 0.634522 0.626698 0.617176 0.605985 0.593165 0.578765 0.562847 0.545486 0.526772 0.50681 0.485722 0.463643 0.440722 0.417122 0.393017 0.368587 0.344019 0.3195 0.295216 0.271348 0.248065 0.225527 0.203876 0.183237 0.163713 0.145386 0.128318 0.112545 0.0980834 0.0849294 0.0730595 0.0624342 0.053 0.044692 0.0374371 0.0311562 0.0257675 0.0211886 0.0173389 0.0141416 0.0115256 0.00942655 0.00778842 0.00656423 0.00571677 0.00521915 
0.0055463 0.00572509 0.00626727 0.00719031 0.00852302 0.0103052 0.0125871 0.0154285 0.0188979 0.0230708 0.0280287 0.0338564 0.0406405 0.0484667 0.0574168 0.067566 0.0789802 0.0917125 0.105801 0.121264 0.138103 0.156295 0.175793 0.19653 0.218411 0.241321 0.265124 0.289665 0.314774 0.340267 0.365954 0.391637 0.417122 0.442214 0.466726 0.490481 0.513314 0.535076 0.555632 0.574863 0.592668 0.608963 0.623677 0.636755 0.648153 0.657839 0.665789 0.671987 0.67642 0.679082 0.67997 0.679082 0.67642 0.671987 0.665789 0.657839 0.648153 0.636755 0.623677 0.608963 0.592668 0.574863 0.555632 0.535076 0.513314 0.490481 0.466726 0.442214 0.417122 0.391637 0.365954 0.340267 0.314774 0.289665 0.265124 0.241321 0.218411 0.19653 0.175793 0.156295 0.138103 0.121264 0.105801 0.0917125 0.0789802 0.067566 0.0574168 0.0484667 0.0406405 0.0338564 0.0280287 0.0230708 0.0188979 0.0154285 0.0125871 0.0103052 0.00852302 0.00719031 0.00626727 0.00572509 
0.00605119 0.00624498 0.00683258 0.0078326 0.00927576 0.0112045 0.0136722 0.0167423 0.0204875 0.0249876 0.0303283 0.036599 0.04389 0.0522904 0.0618847 0.0727499 0.0849521 0.0985438 0.113561 0.130018 0.147911 0.16721 0.18786 0.209783 0.232874 0.257008 0.282035 0.307788 0.334084 0.360729 0.387521 0.414253 0.440722 0.466726 0.492073 0.516585 0.540094 0.562451 0.583523 0.603197 0.621375 0.637979 0.652944 0.666223 0.677778 0.687584 0.695623 0.701883 0.706358 0.709045 0.70994 0.709045 0.706358 0.701883 0.695623 0.687584 0.677778 0.666223 0.652944 0.637979 0.621375 0.603197 0.583523 0.562451 0.540094 0.516585 0.492073 0.466726 0.440722 0.414253 0.387521 0.360729 0.334084 0.307788 0.282035 0.257008 0.232874 0.209783 0.18786 0.16721 0.147911 0.130018 0.113561 0.0985438 0.0849521 0.0727499 0.0618847 0.0522904 0.04389 0.036599 0.0303283 0.0249876 0.0204875 0.0167423 0.0136722 0.0112045 0.00927576 0.0078326 0.00683258 0.00624498 
0.00656541 0.00677436 0.00740782 0.00848556 0.0100402 0.0121166 0.0147714 0.0180717 0.022094 0.0269224 0.0326468 0.0393606 0.0471579 0.0561307 0.066366 0.0779419 0.090925 0.105366 0.121299 0.138734 0.15766 0.178041 0.199813 0.222888 0.247151 0.272464 0.298664 0.325574 0.352998 0.38073 0.408558 0.436266 0.463643 0.490481 0.516585 0.541772 0.565877 0.58875 0.610263 0.630305 0.648785 0.665632 0.680788 0.694212 0.705875 0.715758 0.723851 0.730147 0.734644 0.737341 0.738241 0.737341 0.734644 0.730147 0.723851 0.715758 0.705875 0.694212 0.680788 0.665632 0.648785 0.630305 0.610263 0.58875 0.565877 0.541772 0.516585 0.490481 0.463643 0.436266 0.408558 0.38073 0.352998 0.325574 0.298664 0.272464 0.247151 0.222888 0.199813 0.178041 0.15766 0.138734 0.121299 0.105366 0.090925 0.0779419 0.066366 0.0561307 0.0471579 0.0393606 0.0326468 0.0269224 0.022094 0.0180717 0.0147714 0.0121166 0.0100402 0.00848556 0.00740782 0.00677436 
0.00708415 0.00730827 0.00798763 0.00914311 0.0108091 0.0130331 0.0158747 0.0194045 0.0237027 0.0288576 0.0349631 0.0421162 0.0504146 0.0599532 0.0708206 0.0830963 0.0968462 0.11212 0.128948 0.147336 0.167267 0.188697 0.211554 0.235739 0.261126 0.287564 0.314881 0.342886 0.371371 0.400119 0.428909 0.457517 0.485722 0.513314 0.540094 0.565877 0.590497 0.613809 0.635687 0.656025 0.67474 0.691766 0.707055 0.720572 0.732298 0.742219 0.750333 0.756638 0.761138 0.763837 0.764736 0.763837 0.761138 0.756638 0.750333 0.742219 0.732298 0.720572 0.707055 0.691766 0.67474 0.656025 0.635687 0.613809 0.590497 0.565877 0.540094 0.513314 0.485722 0.457517 0.428909 0.400119 0.371371 0.342886 0.314881 0.287564 0.261126 0.235739 0.211554 0.188697 0.167267 0.147336 0.128948 0.11212 0.0968462 0.0830963 0.0708206 0.0599532 0.0504146 0.0421162 0.0349631 0.0288576 0.0237027 0.0194045 0.0158747 0.0130331 0.0108091 0.00914311 0.00798763 0.00730827 
0.00760218 0.00784134 0.00856619 0.00979869 0.011575 0.013945 0.0169712 0.0207276 0.025298 0.0307746 0.0372549 0.0448397 0.0536296 0.063722 0.0752074 0.0881655 0.102662 0.118745 0.136439 0.155749 0.176649 0.199087 0.222983 0.248227 0.274683 0.302188 0.330558 0.359588 0.389063 0.418753 0.448428 0.477856 0.50681 0.535076 0.562451 0.58875 0.613809 0.637485 0.659655 0.680223 0.699109 0.716256 0.731624 0.745187 0.756932 0.766856 0.774961 0.781253 0.785741 0.78843 0.789326 0.78843 0.785741 0.781253 0.774961 0.766856 0.756932 0.745187 0.731624 0.716256 0.699109 0.680223 0.659655 0.637485 0.613809 0.58875 0.562451 0.535076 0.50681 0.477856 0.448428 0.418753 0.389063 0.359588 0.330558 0.302188 0.274683 0.248227 0.222983 0.199087 0.176649 0.155749 0.136439 0.118745 0.102662 0.0881655 0.0752074 0.063722 0.0536296 0.0448397 0.0372549 0.0307746 0.025298 0.0207276 0.0169712 0.013945 0.011575 0.00979869 0.00856619 0.00784134 
0.00811395 0.00836787 0.00913733 0.0104453 0.0123298 0.0148427 0.0180495 0.0220274 0.0268637 0.032654 0.0394994 0.047504 0.0567712 0.0674007 0.0794841 0.0931016 0.108318 0.125178 0.143706 0.163898 0.185723 0.209121 0.234004 0.26025 0.287713 0.316219 0.345571 0.375556 0.405945 0.4365 0.46698 0.497148 0.526772 0.555632 0.583523 0.610263 0.635687 0.659655 0.682053 0.702786 0.721786 0.739001 0.7544 0.767967 0.779695 0.78959 0.797661 0.80392 0.80838 0.811051 0.811941 0.811051 0.80838 0.80392 0.797661 0.78959 0.779695 0.767967 0.7544 0.739001 0.721786 0.702786 0.682053 0.659655 0.635687 0.610263 0.583523 0.555632 0.526772 0.497148 0.46698 0.4365 0.405945 0.375556 0.345571 0.316219 0.287713 0.26025 0.234004 0.209121 0.185723 0.163898 0.143706 0.125178 0.108318 0.0931016 0.0794841 0.0674007 0.0567712 0.047504 0.0394994 0.032654 0.0268637 0.0220274 0.0180495 0.0148427 0.0123298 0.0104453 0.00913733 0.00836787 
0.00861368 0.00888191 0.00969464 0.0110759 0.013065 0.0157165 0.0190981 0.0232901 0.0283831 0.034476 0.0416732 0.0500818 0.0598076 0.0709523 0.0836085 0.0978564 0.11376 0.131361 0.15068 0.171708 0.194407 0.218711 0.244521 0.271706 0.300109 0.329545 0.359807 0.39067 0.421895 0.453235 0.484443 0.515272 0.545486 0.574863 0.603197 0.630305 0.656025 0.680223 0.702786 0.723631 0.742692 0.759929 0.775319 0.788852 0.800532 0.810372 0.818387 0.824597 0.829018 0.831664 0.832545 0.831664 0.829018 0.824597 0.818387 0.810372 0.800532 0.788852 0.775319 0.759929 0.742692 0.723631 0.702786 0.680223 0.656025 0.630305 0.603197 0.574863 0.545486 0.515272 0.484443 0.453235 0.421895 0.39067 0.359807 0.329545 0.300109 0.271706 0.244521 0.218711 0.194407 0.171708 0.15068 0.131361 0.11376 0.0978564 0.0836085 0.0709523 0.0598076 0.0500818 0.0416732 0.034476 0.0283831 0.0232901 0.0190981 0.0157165 0.013065 0.0110759 0.00969464 0.00888191 
