1.64745e-18 2.79901e-18 7.718e-18 2.2469e-17 6.44152e-17 1.80449e-16 4.93496e-16 1.31731e-15 3.43176e-15 8.72445e-15 2.16434e-14 5.23918e-14 1.23751e-13 2.85224e-13 6.41501e-13 1.40802e-12 3.01618e-12 6.30659e-12 1.28728e-11 2.56538e-11 4.99224e-11 9.48781e-11 1.76127e-10 3.19397e-10 5.65892e-10 9.79664e-10 1.65728e-09 2.73979e-09 4.42642e-09 6.98892e-09 1.07841e-08 1.62616e-08 2.39621e-08 3.45024e-08 4.85408e-08 6.67229e-08 8.96063e-08 1.1757e-07 1.50721e-07 1.88809e-07 2.31177e-07 2.76749e-07 3.24078e-07 3.71446e-07 4.17004e-07 4.5892e-07 4.95526e-07 5.25418e-07 5.47512e-07 5.61058e-07 5.6562e-07 5.61058e-07 5.47512e-07 5.25418e-07 4.95526e-07 4.5892e-07 4.17004e-07 3.71446e-07 3.24078e-07 2.76749e-07 2.31177e-07 1.88809e-07 1.50721e-07 1.1757e-07 8.96063e-08 6.67229e-08 4.85408e-08 3.45024e-08 2.39621e-08 1.62616e-08 1.07841e-08 6.98892e-09 4.42642e-09 2.73979e-09 1.65728e-09 9.79664e-10 5.65892e-10 3.19397e-10 1.76127e-10 9.48781e-11 4.99224e-11 2.56538e-11 1.28728e-11 6.30659e-12 3.01618e-12 1.40802e-12 6.41501e-13 2.85224e-13 1.23751e-13 5.23918e-14 2.16434e-14 8.72445e-15 3.43176e-15 1.31731e-15 4.93496e-16 1.80449e-16 6.44152e-17 2.2469e-17 7.718e-18 2.79901e-18 
2.79901e-18 4.74272e-18 1.30279e-17 3.77966e-17 1.07992e-16 3.01499e-16 8.21733e-16 2.18592e-15 5.67473e-15 1.43757e-14 3.55347e-14 8.57043e-14 2.01685e-13 4.63093e-13 1.03754e-12 2.26838e-12 4.83992e-12 1.00791e-11 2.04891e-11 4.06635e-11 7.88022e-11 1.49139e-10 2.75695e-10 4.97875e-10 8.7846e-10 1.51455e-09 2.55183e-09 4.20201e-09 6.7627e-09 1.06379e-08 1.63555e-08 2.45775e-08 3.60965e-08 5.18115e-08 7.26771e-08 9.96231e-08 1.33445e-07 1.74672e-07 2.23434e-07 2.79342e-07 3.41416e-07 4.0807e-07 4.77191e-07 5.4628e-07 6.12651e-07 6.73659e-07 7.26896e-07 7.70339e-07 8.02435e-07 8.22107e-07 8.28731e-07 8.22107e-07 8.02435e-07 7.70339e-07 7.26896e-07 6.73659e-07 6.12651e-07 5.4628e-07 4.77191e-07 4.0807e-07 3.41416e-07 2.79342e-07 2.23434e-07 1.74672e-07 1.33445e-07 9.96231e-08 7.26771e-08 5.18115e-08 3.60965e-08 2.45775e-08 1.63555e-08 1.06379e-08 6.7627e-09 4.20201e-09 2.55183e-09 1.51455e-09 8.7846e-10 4.97875e-10 2.75695e-10 1.49139e-10 7.88022e-11 4.06635e-11 2.04891e-11 1.00791e-11 4.83992e-12 2.26838e-12 1.03754e-12 4.63093e-13 2.01685e-13 8.57043e-14 3.55347e-14 1.43757e-14 5.67473e-15 2.18592e-15 8.21733e-16 3.01499e-16 1.07992e-16 3.77966e-17 1.30279e-17 4.74272e-18 
7.718e-18 1.30279e-17 3.55944e-17 1.02761e-16 2.92197e-16 8.11841e-16 2.20188e-15 5.82835e-15 1.50548e-14 3.79434e-14 9.33043e-14 2.23846e-13 5.23926e-13 1.19637e-12 2.66536e-12 5.79384e-12 1.22896e-11 2.54402e-11 5.14016e-11 1.01385e-10 1.95249e-10 3.67195e-10 6.74493e-10 1.21033e-09 2.12202e-09 3.63559e-09 6.08747e-09 9.96276e-09 1.59382e-08 2.4925e-08 3.81052e-08 5.69495e-08 8.32044e-08 1.18835e-07 1.65908e-07 2.26414e-07 3.02027e-07 3.93823e-07 5.01993e-07 6.25594e-07 7.62403e-07 9.08903e-07 1.06045e-06 1.21161e-06 1.35654e-06 1.48955e-06 1.60547e-06 1.69996e-06 1.76972e-06 1.81245e-06 1.82684e-06 1.81245e-06 1.76972e-06 1.69996e-06 1.60547e-06 1.48955e-06 1.35654e-06 1.21161e-06 1.06045e-06 9.08903e-07 7.62403e-07 6.25594e-07 5.01993e-07 3.93823e-07 3.02027e-07 2.26414e-07 1.65908e-07 1.18835e-07 8.32044e-08 5.69495e-08 3.81052e-08 2.4925e-08 1.59382e-08 9.96276e-09 6.08747e-09 3.63559e-09 2.12202e-09 1.21033e-09 6.74493e-10 3.67195e-10 1.95249e-10 1.01385e-10 5.14016e-11 2.54402e-11 1.22896e-11 5.79384e-12 2.66536e-12 1.19637e-12 5.23926e-13 2.23846e-13 9.33043e-14 3.79434e-14 1.50548e-14 5.82835e-15 2.20188e-15 8.11841e-16 2.92197e-16 1.02761e-16 3.55944e-17 1.30279e-17 
2.2469e-17 3.77966e-17 1.02761e-16 2.95344e-16 8.36134e-16 2.31293e-15 6.24529e-15 1.64569e-14 4.23147e-14 1.06154e-13 2.59803e-13 6.20291e-13 1.4447e-12 3.28238e-12 7.27519e-12 1.57315e-11 3.31901e-11 6.83298e-11 1.3729e-10 2.69258e-10 5.15557e-10 9.63942e-10 1.76026e-09 3.14006e-09 5.4729e-09 9.32161e-09 1.55176e-08 2.52507e-08 4.01686e-08 6.24737e-08 9.50014e-08 1.41253e-07 2.05356e-07 2.91915e-07 4.0573e-07 5.51372e-07 7.32618e-07 9.51804e-07 1.20916e-06 1.50228e-06 1.82576e-06 2.17124e-06 2.52779e-06 2.88266e-06 3.22232e-06 3.53356e-06 3.80445e-06 4.02505e-06 4.18777e-06 4.2874e-06 4.32093e-06 4.2874e-06 4.18777e-06 4.02505e-06 3.80445e-06 3.53356e-06 3.22232e-06 2.88266e-06 2.52779e-06 2.17124e-06 1.82576e-06 1.50228e-06 1.20916e-06 9.51804e-07 7.32618e-07 5.51372e-07 4.0573e-07 2.91915e-07 2.05356e-07 1.41253e-07 9.50014e-08 6.24737e-08 4.01686e-08 2.52507e-08 1.55176e-08 9.32161e-09 5.4729e-09 3.14006e-09 1.76026e-09 9.63942e-10 5.15557e-10 2.69258e-10 1.3729e-10 6.83298e-11 3.31901e-11 1.57315e-11 7.27519e-12 3.28238e-12 1.4447e-12 6.20291e-13 2.59803e-13 1.06154e-13 4.23147e-14 1.64569e-14 6.24529e-15 2.31293e-15 8.36134e-16 2.95344e-16 1.02761e-16 3.77966e-17 
6.44152e-17 1.07992e-16 2.92197e-16 8.36134e-16 2.35703e-15 6.49207e-15 1.74537e-14 4.57904e-14 1.17214e-13 2.92721e-13 7.13116e-13 1.69461e-12 3.92794e-12 8.88068e-12 1.9585e-11 4.21331e-11 8.84269e-11 1.81075e-10 3.61838e-10 7.05707e-10 1.34362e-09 2.49782e-09 4.53494e-09 8.04276e-09 1.39365e-08 2.35994e-08 3.90596e-08 6.31982e-08 9.99743e-08 1.54641e-07 2.33911e-07 3.46012e-07 5.00563e-07 7.08208e-07 9.79942e-07 1.32611e-06 1.75509e-06 2.27186e-06 2.87646e-06 3.5628e-06 4.31798e-06 5.12236e-06 5.95053e-06 6.77308e-06 7.55895e-06 8.27793e-06 8.90289e-06 9.41131e-06 9.78604e-06 1.00154e-05 1.00925e-05 1.00154e-05 9.78604e-06 9.41131e-06 8.90289e-06 8.27793e-06 7.55895e-06 6.77308e-06 5.95053e-06 5.12236e-06 4.31798e-06 3.5628e-06 2.87646e-06 2.27186e-06 1.75509e-06 1.32611e-06 9.79942e-07 7.08208e-07 5.00563e-07 3.46012e-07 2.33911e-07 1.54641e-07 9.99743e-08 6.31982e-08 3.90596e-08 2.35994e-08 1.39365e-08 8.04276e-09 4.53494e-09 2.49782e-09 1.34362e-09 7.05707e-10 3.61838e-10 1.81075e-10 8.84269e-11 4.21331e-11 1.9585e-11 8.88068e-12 3.92794e-12 1.69461e-12 7.13116e-13 2.92721e-13 1.17214e-13 4.57904e-14 1.74537e-14 6.49207e-15 2.35703e-15 8.36134e-16 2.92197e-16 1.07992e-16 
1.80449e-16 3.01499e-16 8.11841e-16 2.31293e-15 6.49207e-15 1.78045e-14 4.76586e-14 1.24484e-13 3.1723e-13 7.88633e-13 1.91237e-12 4.52307e-12 1.04337e-11 2.34739e-11 5.15084e-11 1.10241e-10 2.30153e-10 4.68761e-10 9.31571e-10 1.80671e-09 3.42026e-09 6.32155e-09 1.141e-08 2.01165e-08 3.46515e-08 5.83305e-08 9.59762e-08 1.54386e-07 2.42829e-07 3.73509e-07 5.61895e-07 8.26797e-07 1.19003e-06 1.67552e-06 2.30772e-06 3.10934e-06 4.09844e-06 5.2851e-06 6.66827e-06 8.23309e-06 9.94951e-06 1.17727e-05 1.3645e-05 1.55006e-05 1.72701e-05 1.88864e-05 2.02893e-05 2.14294e-05 2.22691e-05 2.27826e-05 2.29553e-05 2.27826e-05 2.22691e-05 2.14294e-05 2.02893e-05 1.88864e-05 1.72701e-05 1.55006e-05 1.3645e-05 1.17727e-05 9.94951e-06 8.23309e-06 6.66827e-06 5.2851e-06 4.09844e-06 3.10934e-06 2.30772e-06 1.67552e-06 1.19003e-06 8.26797e-07 5.61895e-07 3.73509e-07 2.42829e-07 1.54386e-07 9.59762e-08 5.83305e-08 3.46515e-08 2.01165e-08 1.141e-08 6.32155e-09 3.42026e-09 1.80671e-09 9.31571e-10 4.68761e-10 2.30153e-10 1.10241e-10 5.15084e-11 2.34739e-11 1.04337e-11 4.52307e-12 1.91237e-12 7.88633e-13 3.1723e-13 1.24484e-13 4.76586e-14 1.78045e-14 6.49207e-15 2.31293e-15 8.11841e-16 3.01499e-16 
4.93496e-16 8.21733e-16 2.20188e-15 6.24529e-15 1.74537e-14 4.76586e-14 1.27012e-13 3.30279e-13 8.37881e-13 2.07344e-12 5.00452e-12 1.17804e-11 2.70431e-11 6.05408e-11 1.32171e-10 2.81413e-10 5.84395e-10 1.18379e-09 2.33948e-09 4.51148e-09 8.49117e-09 1.56016e-08 2.79919e-08 4.90538e-08 8.39852e-08 1.40519e-07 2.2981e-07 3.67456e-07 5.74547e-07 8.78624e-07 1.31431e-06 1.92336e-06 2.75374e-06 3.85759e-06 5.28761e-06 7.09204e-06 9.30829e-06 1.19559e-05 1.50299e-05 1.8495e-05 2.22835e-05 2.62957e-05 3.04053e-05 3.44688e-05 3.83357e-05 4.18618e-05 4.49181e-05 4.73989e-05 4.92243e-05 5.034e-05 5.07153e-05 5.034e-05 4.92243e-05 4.73989e-05 4.49181e-05 4.18618e-05 3.83357e-05 3.44688e-05 3.04053e-05 2.62957e-05 2.22835e-05 1.8495e-05 1.50299e-05 1.19559e-05 9.30829e-06 7.09204e-06 5.28761e-06 3.85759e-06 2.75374e-06 1.92336e-06 1.31431e-06 8.78624e-07 5.74547e-07 3.67456e-07 2.2981e-07 1.40519e-07 8.39852e-08 4.90538e-08 2.79919e-08 1.56016e-08 8.49117e-09 4.51148e-09 2.33948e-09 1.18379e-09 5.84395e-10 2.81413e-10 1.32171e-10 6.05408e-11 2.70431e-11 1.17804e-11 5.00452e-12 2.07344e-12 8.37881e-13 3.30279e-13 1.27012e-13 4.76586e-14 1.74537e-14 6.24529e-15 2.20188e-15 8.21733e-16 
1.31731e-15 2.18592e-15 5.82835e-15 1.64569e-14 4.57904e-14 1.24484e-13 3.30279e-13 8.5499e-13 2.15913e-12 5.31834e-12 1.27761e-11 2.993e-11 6.83715e-11 1.52296e-10 3.30788e-10 7.00607e-10 1.4471e-09 2.91522e-09 5.72875e-09 1.09837e-08 2.0551e-08 3.75338e-08 6.69319e-08 1.1657e-07 1.98341e-07 3.29783e-07 5.35984e-07 8.51716e-07 1.3236e-06 2.01196e-06 2.99201e-06 4.35359e-06 6.19897e-06 8.63815e-06 1.1781e-05 1.57263e-05 2.05489e-05 2.62844e-05 3.29158e-05 4.03627e-05 4.84763e-05 5.70423e-05 6.5792e-05 7.4422e-05 8.26172e-05 9.00761e-05 9.65315e-05 0.000101765 0.000105612 0.000107962 0.000108752 0.000107962 0.000105612 0.000101765 9.65315e-05 9.00761e-05 8.26172e-05 7.4422e-05 6.5792e-05 5.70423e-05 4.84763e-05 4.03627e-05 3.29158e-05 2.62844e-05 2.05489e-05 1.57263e-05 1.1781e-05 8.63815e-06 6.19897e-06 4.35359e-06 2.99201e-06 2.01196e-06 1.3236e-06 8.51716e-07 5.35984e-07 3.29783e-07 1.98341e-07 1.1657e-07 6.69319e-08 3.75338e-08 2.0551e-08 1.09837e-08 5.72875e-09 2.91522e-09 1.4471e-09 7.00607e-10 3.30788e-10 1.52296e-10 6.83715e-11 2.993e-11 1.27761e-11 5.31834e-12 2.15913e-12 8.5499e-13 3.30279e-13 1.24484e-13 4.57904e-14 1.64569e-14 5.82835e-15 2.18592e-15 
3.43176e-15 5.67473e-15 1.50548e-14 4.23147e-14 1.17214e-13 3.1723e-13 8.37881e-13 2.15913e-12 5.42737e-12 1.33059e-11 3.18122e-11 7.41635e-11 1.68579e-10 3.73605e-10 8.0727e-10 1.70072e-09 3.49373e-09 6.99895e-09 1.36752e-08 2.60659e-08 4.84785e-08 8.7999e-08 1.55948e-07 2.69892e-07 4.56288e-07 7.53816e-07 1.2173e-06 1.92204e-06 2.96805e-06 4.48361e-06 6.62707e-06 9.58578e-06 1.35709e-05 1.88069e-05 2.5515e-05 3.38908e-05 4.40769e-05 5.61342e-05 7.00139e-05 8.55379e-05 0.00010239 0.000120122 0.000138182 0.000155948 0.000172781 0.000188071 0.000201282 0.000211979 0.000219834 0.00022463 0.000226242 0.00022463 0.000219834 0.000211979 0.000201282 0.000188071 0.000172781 0.000155948 0.000138182 0.000120122 0.00010239 8.55379e-05 7.00139e-05 5.61342e-05 4.40769e-05 3.38908e-05 2.5515e-05 1.88069e-05 1.35709e-05 9.58578e-06 6.62707e-06 4.48361e-06 2.96805e-06 1.92204e-06 1.2173e-06 7.53816e-07 4.56288e-07 2.69892e-07 1.55948e-07 8.7999e-08 4.84785e-08 2.60659e-08 1.36752e-08 6.99895e-09 3.49373e-09 1.70072e-09 8.0727e-10 3.73605e-10 1.68579e-10 7.41635e-11 3.18122e-11 1.33059e-11 5.42737e-12 2.15913e-12 8.37881e-13 3.1723e-13 1.17214e-13 4.23147e-14 1.50548e-14 5.67473e-15 
8.72445e-15 1.43757e-14 3.79434e-14 1.06154e-13 2.92721e-13 7.88633e-13 2.07344e-12 5.31834e-12 1.33059e-11 3.24663e-11 7.72463e-11 1.79198e-10 4.05284e-10 8.93588e-10 1.9207e-09 4.0247e-09 8.22222e-09 1.63784e-08 3.1816e-08 6.0283e-08 1.11435e-07 2.0102e-07 3.5398e-07 6.08668e-07 1.02232e-06 1.67783e-06 2.69158e-06 4.22187e-06 6.47693e-06 9.7212e-06 1.42778e-05 2.05251e-05 2.88849e-05 3.97999e-05 5.37e-05 7.09574e-05 9.18328e-05 0.000116419 0.000144592 0.000175967 0.000209895 0.00024547 0.000281588 0.00031702 0.000350509 0.000380867 0.000407051 0.000428222 0.000443753 0.000453227 0.000456411 0.000453227 0.000443753 0.000428222 0.000407051 0.000380867 0.000350509 0.00031702 0.000281588 0.00024547 0.000209895 0.000175967 0.000144592 0.000116419 9.18328e-05 7.09574e-05 5.37e-05 3.97999e-05 2.88849e-05 2.05251e-05 1.42778e-05 9.7212e-06 6.47693e-06 4.22187e-06 2.69158e-06 1.67783e-06 1.02232e-06 6.08668e-07 3.5398e-07 2.0102e-07 1.11435e-07 6.0283e-08 3.1816e-08 1.63784e-08 8.22222e-09 4.0247e-09 1.9207e-09 8.93588e-10 4.05284e-10 1.79198e-10 7.72463e-11 3.24663e-11 1.33059e-11 5.31834e-12 2.07344e-12 7.88633e-13 2.92721e-13 1.06154e-13 3.79434e-14 1.43757e-14 
2.16434e-14 3.55347e-14 9.33043e-14 2.59803e-13 7.13116e-13 1.91237e-12 5.00452e-12 1.27761e-11 3.18122e-11 7.72463e-11 1.82888e-10 4.22148e-10 9.49893e-10 2.08347e-09 4.45443e-09 9.2831e-09 1.88588e-08 3.73508e-08 7.21291e-08 1.35841e-07 2.49551e-07 4.47318e-07 7.82598e-07 1.33681e-06 2.23032e-06 3.63569e-06 5.79282e-06 9.02466e-06 1.37517e-05 2.05021e-05 2.99146e-05 4.27286e-05 5.97582e-05 8.18466e-05 0.000109799 0.000144295 0.000185788 0.0002344 0.000289828 0.000351281 0.000417458 0.000486592 0.000556546 0.000624968 0.000689471 0.000747813 0.000798043 0.000838593 0.000868308 0.000886421 0.000892504 0.000886421 0.000868308 0.000838593 0.000798043 0.000747813 0.000689471 0.000624968 0.000556546 0.000486592 0.000417458 0.000351281 0.000289828 0.0002344 0.000185788 0.000144295 0.000109799 8.18466e-05 5.97582e-05 4.27286e-05 2.99146e-05 2.05021e-05 1.37517e-05 9.02466e-06 5.79282e-06 3.63569e-06 2.23032e-06 1.33681e-06 7.82598e-07 4.47318e-07 2.49551e-07 1.35841e-07 7.21291e-08 3.73508e-08 1.88588e-08 9.2831e-09 4.45443e-09 2.08347e-09 9.49893e-10 4.22148e-10 1.82888e-10 7.72463e-11 3.18122e-11 1.27761e-11 5.00452e-12 1.91237e-12 7.13116e-13 2.59803e-13 9.33043e-14 3.55347e-14 
5.23918e-14 8.57043e-14 2.23846e-13 6.20291e-13 1.69461e-12 4.52307e-12 1.17804e-11 2.993e-11 7.41635e-11 1.79198e-10 4.22148e-10 9.69464e-10 2.17013e-09 4.73476e-09 1.00681e-08 2.08661e-08 4.21494e-08 8.29928e-08 1.59312e-07 2.98191e-07 5.44353e-07 9.69457e-07 1.68491e-06 2.85876e-06 4.7369e-06 7.66829e-06 1.21328e-05 1.87696e-05 2.84016e-05 4.20509e-05 6.09391e-05 8.64629e-05 0.00012014 0.00016352 0.000218051 0.000284923 0.00036488 0.000458033 0.000563697 0.000680285 0.000805287 0.000935356 0.0010665 0.00119437 0.00131458 0.00142306 0.00151626 0.00159139 0.00164637 0.00167986 0.0016911 0.00167986 0.00164637 0.00159139 0.00151626 0.00142306 0.00131458 0.00119437 0.0010665 0.000935356 0.000805287 0.000680285 0.000563697 0.000458033 0.00036488 0.000284923 0.000218051 0.00016352 0.00012014 8.64629e-05 6.09391e-05 4.20509e-05 2.84016e-05 1.87696e-05 1.21328e-05 7.66829e-06 4.7369e-06 2.85876e-06 1.68491e-06 9.69457e-07 5.44353e-07 2.98191e-07 1.59312e-07 8.29928e-08 4.21494e-08 2.08661e-08 1.00681e-08 4.73476e-09 2.17013e-09 9.69464e-10 4.22148e-10 1.79198e-10 7.41635e-11 2.993e-11 1.17804e-11 4.52307e-12 1.69461e-12 6.20291e-13 2.23846e-13 8.57043e-14 
1.23751e-13 2.01685e-13 5.23926e-13 1.4447e-12 3.92794e-12 1.04337e-11 2.70431e-11 6.83715e-11 1.68579e-10 4.05284e-10 9.49893e-10 2.17013e-09 4.8322e-09 1.04861e-08 2.21754e-08 4.56996e-08 9.17809e-08 1.79649e-07 3.42757e-07 6.37552e-07 1.15641e-06 2.04597e-06 3.53198e-06 5.95149e-06 9.79252e-06 1.57401e-05 2.47257e-05 3.79755e-05 5.70499e-05 8.38636e-05 0.000120675 0.000170035 0.000234671 0.000317321 0.000420492 0.000546169 0.000695492 0.000868428 0.00106351 0.00127767 0.00150622 0.00174302 0.00198089 0.00221203 0.00242869 0.0026237 0.0027909 0.00292544 0.00302379 0.00308363 0.00310371 0.00308363 0.00302379 0.00292544 0.0027909 0.0026237 0.00242869 0.00221203 0.00198089 0.00174302 0.00150622 0.00127767 0.00106351 0.000868428 0.000695492 0.000546169 0.000420492 0.000317321 0.000234671 0.000170035 0.000120675 8.38636e-05 5.70499e-05 3.79755e-05 2.47257e-05 1.57401e-05 9.79252e-06 5.95149e-06 3.53198e-06 2.04597e-06 1.15641e-06 6.37552e-07 3.42757e-07 1.79649e-07 9.17809e-08 4.56996e-08 2.21754e-08 1.04861e-08 4.8322e-09 2.17013e-09 9.49893e-10 4.05284e-10 1.68579e-10 6.83715e-11 2.70431e-11 1.04337e-11 3.92794e-12 1.4447e-12 5.23926e-13 2.01685e-13 
2.85224e-13 4.63093e-13 1.19637e-12 3.28238e-12 8.88068e-12 2.34739e-11 6.05408e-11 1.52296e-10 3.73605e-10 8.93588e-10 2.08347e-09 4.73476e-09 1.04861e-08 2.26305e-08 4.75897e-08 9.75123e-08 1.9469e-07 3.78787e-07 7.18235e-07 1.32749e-06 2.39217e-06 4.20402e-06 7.20769e-06 1.20601e-05 1.97016e-05 3.14375e-05 4.90211e-05 7.47326e-05 0.000111436 0.000162602 0.000232266 0.000324916 0.000445282 0.000598013 0.000787259 0.00101617 0.00128633 0.00159725 0.00194594 0.00232665 0.00273093 0.00314795 0.00356512 0.00396906 0.0043465 0.0046853 0.00497513 0.00520792 0.00537784 0.00548115 0.0055158 0.00548115 0.00537784 0.00520792 0.00497513 0.0046853 0.0043465 0.00396906 0.00356512 0.00314795 0.00273093 0.00232665 0.00194594 0.00159725 0.00128633 0.00101617 0.000787259 0.000598013 0.000445282 0.000324916 0.000232266 0.000162602 0.000111436 7.47326e-05 4.90211e-05 3.14375e-05 1.97016e-05 1.20601e-05 7.20769e-06 4.20402e-06 2.39217e-06 1.32749e-06 7.18235e-07 3.78787e-07 1.9469e-07 9.75123e-08 4.75897e-08 2.26305e-08 1.04861e-08 4.73476e-09 2.08347e-09 8.93588e-10 3.73605e-10 1.52296e-10 6.05408e-11 2.34739e-11 8.88068e-12 3.28238e-12 1.19637e-12 4.63093e-13 
6.41501e-13 1.03754e-12 2.66536e-12 7.27519e-12 1.9585e-11 5.15084e-11 1.32171e-10 3.30788e-10 8.0727e-10 1.9207e-09 4.45443e-09 1.00681e-08 2.21754e-08 4.75897e-08 9.95045e-08 2.02696e-07 4.02278e-07 7.77872e-07 1.46568e-06 2.69149e-06 4.81795e-06 8.40948e-06 1.43172e-05 2.37845e-05 3.85712e-05 6.10895e-05 9.45397e-05 0.000143029 0.000211645 0.000306465 0.000434452 0.000603222 0.000820654 0.00109432 0.00143079 0.00183473 0.00230811 0.00284928 0.00345243 0.00410718 0.00479879 0.00550876 0.00621594 0.00689805 0.00753327 0.00810181 0.008587 0.00897591 0.00925938 0.00943155 0.00948927 0.00943155 0.00925938 0.00897591 0.008587 0.00810181 0.00753327 0.00689805 0.00621594 0.00550876 0.00479879 0.00410718 0.00345243 0.00284928 0.00230811 0.00183473 0.00143079 0.00109432 0.000820654 0.000603222 0.000434452 0.000306465 0.000211645 0.000143029 9.45397e-05 6.10895e-05 3.85712e-05 2.37845e-05 1.43172e-05 8.40948e-06 4.81795e-06 2.69149e-06 1.46568e-06 7.77872e-07 4.02278e-07 2.02696e-07 9.95045e-08 4.75897e-08 2.21754e-08 1.00681e-08 4.45443e-09 1.9207e-09 8.0727e-10 3.30788e-10 1.32171e-10 5.15084e-11 1.9585e-11 7.27519e-12 2.66536e-12 1.03754e-12 
1.40802e-12 2.26838e-12 5.79384e-12 1.57315e-11 4.21331e-11 1.10241e-10 2.81413e-10 7.00607e-10 1.70072e-09 4.0247e-09 9.2831e-09 2.08661e-08 4.56996e-08 9.75123e-08 2.02696e-07 4.10441e-07 8.09606e-07 1.55573e-06 2.91256e-06 5.31327e-06 9.44688e-06 1.63747e-05 2.76796e-05 4.56475e-05 7.34742e-05 0.000115484 0.000177338 0.000266197 0.000390805 0.000561438 0.000789679 0.00108797 0.00146891 0.0019443 0.00252397 0.00321443 0.0040175 0.00492911 0.00593839 0.00702733 0.0081711 0.00933921 0.0104974 0.0116099 0.0126422 0.0135632 0.0143472 0.0149743 0.0154306 0.0157075 0.0158002 0.0157075 0.0154306 0.0149743 0.0143472 0.0135632 0.0126422 0.0116099 0.0104974 0.00933921 0.0081711 0.00702733 0.00593839 0.00492911 0.0040175 0.00321443 0.00252397 0.0019443 0.00146891 0.00108797 0.000789679 0.000561438 0.000390805 0.000266197 0.000177338 0.000115484 7.34742e-05 4.56475e-05 2.76796e-05 1.63747e-05 9.44688e-06 5.31327e-06 2.91256e-06 1.55573e-06 8.09606e-07 4.10441e-07 2.02696e-07 9.75123e-08 4.56996e-08 2.08661e-08 9.2831e-09 4.0247e-09 1.70072e-09 7.00607e-10 2.81413e-10 1.10241e-10 4.21331e-11 1.57315e-11 5.79384e-12 2.26838e-12 
3.01618e-12 4.83992e-12 1.22896e-11 3.31901e-11 8.84269e-11 2.30153e-10 5.84395e-10 1.4471e-09 3.49373e-09 8.22222e-09 1.88588e-08 4.21494e-08 9.17809e-08 1.9469e-07 4.02278e-07 8.09606e-07 1.58701e-06 3.03013e-06 5.63578e-06 1.02122e-05 1.80321e-05 3.1035e-05 5.20806e-05 8.52494e-05 0.000136173 0.000212369 0.000323535 0.000481757 0.000701553 0.000999697 0.00139475 0.00190622 0.00255343 0.00335387 0.00432142 0.0054643 0.00678304 0.00826879 0.00990217 0.011653 0.0134808 0.0153374 0.0171691 0.0189208 0.0205399 0.0219797 0.0232018 0.0241772 0.0248857 0.0253151 0.0254589 0.0253151 0.0248857 0.0241772 0.0232018 0.0219797 0.0205399 0.0189208 0.0171691 0.0153374 0.0134808 0.011653 0.00990217 0.00826879 0.00678304 0.0054643 0.00432142 0.00335387 0.00255343 0.00190622 0.00139475 0.000999697 0.000701553 0.000481757 0.000323535 0.000212369 0.000136173 8.52494e-05 5.20806e-05 3.1035e-05 1.80321e-05 1.02122e-05 5.63578e-06 3.03013e-06 1.58701e-06 8.09606e-07 4.02278e-07 1.9469e-07 9.17809e-08 4.21494e-08 1.88588e-08 8.22222e-09 3.49373e-09 1.4471e-09 5.84395e-10 2.30153e-10 8.84269e-11 3.31901e-11 1.22896e-11 4.83992e-12 
6.30659e-12 1.00791e-11 2.54402e-11 6.83298e-11 1.81075e-10 4.68761e-10 1.18379e-09 2.91522e-09 6.99895e-09 1.63784e-08 3.73508e-08 8.29928e-08 1.79649e-07 3.78787e-07 7.77872e-07 1.55573e-06 3.03013e-06 5.74779e-06 1.0619e-05 1.91102e-05 3.35068e-05 5.72529e-05 9.53673e-05 0.000154921 0.00024554 0.000379893 0.000574072 0.0008478 0.00122436 0.00173014 0.00239373 0.00324452 0.0043107 0.0056169 0.00718136 0.00901301 0.0111087 0.013451 0.0160068 0.0187273 0.0215493 0.0243988 0.0271952 0.0298569 0.0323069 0.0344779 0.036315 0.0377776 0.0388381 0.03948 0.0396948 0.03948 0.0388381 0.0377776 0.036315 0.0344779 0.0323069 0.0298569 0.0271952 0.0243988 0.0215493 0.0187273 0.0160068 0.013451 0.0111087 0.00901301 0.00718136 0.0056169 0.0043107 0.00324452 0.00239373 0.00173014 0.00122436 0.0008478 0.000574072 0.000379893 0.00024554 0.000154921 9.53673e-05 5.72529e-05 3.35068e-05 1.91102e-05 1.0619e-05 5.74779e-06 3.03013e-06 1.55573e-06 7.77872e-07 3.78787e-07 1.79649e-07 8.29928e-08 3.73508e-08 1.63784e-08 6.99895e-09 2.91522e-09 1.18379e-09 4.68761e-10 1.81075e-10 6.83298e-11 2.54402e-11 1.00791e-11 
1.28728e-11 2.04891e-11 5.14016e-11 1.3729e-10 3.61838e-10 9.31571e-10 2.33948e-09 5.72875e-09 1.36752e-08 3.1816e-08 7.21291e-08 1.59312e-07 3.42757e-07 7.18235e-07 1.46568e-06 2.91256e-06 5.63578e-06 1.0619e-05 1.94845e-05 3.48196e-05 6.06132e-05 0.000102808 0.000169958 0.000273956 0.000430765 0.000661069 0.000990715 0.00145082 0.00207741 0.00291046 0.00399226 0.00536506 0.00706806 0.00913374 0.0115839 0.0144259 0.0176485 0.0212199 0.0250856 0.0291699 0.0333776 0.0375997 0.0417196 0.0456212 0.0491965 0.0523523 0.0550142 0.0571278 0.0586574 0.0595819 0.0598911 0.0595819 0.0586574 0.0571278 0.0550142 0.0523523 0.0491965 0.0456212 0.0417196 0.0375997 0.0333776 0.0291699 0.0250856 0.0212199 0.0176485 0.0144259 0.0115839 0.00913374 0.00706806 0.00536506 0.00399226 0.00291046 0.00207741 0.00145082 0.000990715 0.000661069 0.000430765 0.000273956 0.000169958 0.000102808 6.06132e-05 3.48196e-05 1.94845e-05 1.0619e-05 5.63578e-06 2.91256e-06 1.46568e-06 7.18235e-07 3.42757e-07 1.59312e-07 7.21291e-08 3.1816e-08 1.36752e-08 5.72875e-09 2.33948e-09 9.31571e-10 3.61838e-10 1.3729e-10 5.14016e-11 2.04891e-11 
2.56538e-11 4.06635e-11 1.01385e-10 2.69258e-10 7.05707e-10 1.80671e-09 4.51148e-09 1.09837e-08 2.60659e-08 6.0283e-08 1.35841e-07 2.98191e-07 6.37552e-07 1.32749e-06 2.69149e-06 5.31327e-06 1.02122e-05 1.91102e-05 3.48196e-05 6.1779e-05 0.000106756 0.000179713 0.000294808 0.000471454 0.000735321 0.00111913 0.00166305 0.0024145 0.00342722 0.00475942 0.00647101 0.00861988 0.0112574 0.0144232 0.0181402 0.0224089 0.0272036 0.0324692 0.0381207 0.0440441 0.0501019 0.0561396 0.0619953 0.0675106 0.0725404 0.0769617 0.0806779 0.0836204 0.0857452 0.0870277 0.0874563 0.0870277 0.0857452 0.0836204 0.0806779 0.0769617 0.0725404 0.0675106 0.0619953 0.0561396 0.0501019 0.0440441 0.0381207 0.0324692 0.0272036 0.0224089 0.0181402 0.0144232 0.0112574 0.00861988 0.00647101 0.00475942 0.00342722 0.0024145 0.00166305 0.00111913 0.000735321 0.000471454 0.000294808 0.000179713 0.000106756 6.1779e-05 3.48196e-05 1.91102e-05 1.02122e-05 5.31327e-06 2.69149e-06 1.32749e-06 6.37552e-07 2.98191e-07 1.35841e-07 6.0283e-08 2.60659e-08 1.09837e-08 4.51148e-09 1.80671e-09 7.05707e-10 2.69258e-10 1.01385e-10 4.06635e-11 
4.99224e-11 7.88022e-11 1.95249e-10 5.15557e-10 1.34362e-09 3.42026e-09 8.49117e-09 2.0551e-08 4.84785e-08 1.11435e-07 2.49551e-07 5.44353e-07 1.15641e-06 2.39217e-06 4.81795e-06 9.44688e-06 1.80321e-05 3.35068e-05 6.06132e-05 0.000106756 0.000183094 0.000305858 0.0004978 0.000789672 0.0012215 0.00184341 0.00271578 0.00390838 0.00549839 0.00756714 0.0101956 0.013459 0.01742 0.0221225 0.0275843 0.0337914 0.0406934 0.0482008 0.0561854 0.0644835 0.0729032 0.0812345 0.0892621 0.0967788 0.103599 0.109566 0.114564 0.118508 0.12135 0.123063 0.123635 0.123063 0.12135 0.118508 0.114564 0.109566 0.103599 0.0967788 0.0892621 0.0812345 0.0729032 0.0644835 0.0561854 0.0482008 0.0406934 0.0337914 0.0275843 0.0221225 0.01742 0.013459 0.0101956 0.00756714 0.00549839 0.00390838 0.00271578 0.00184341 0.0012215 0.000789672 0.0004978 0.000305858 0.000183094 0.000106756 6.06132e-05 3.35068e-05 1.80321e-05 9.44688e-06 4.81795e-06 2.39217e-06 1.15641e-06 5.44353e-07 2.49551e-07 1.11435e-07 4.84785e-08 2.0551e-08 8.49117e-09 3.42026e-09 1.34362e-09 5.15557e-10 1.95249e-10 7.88022e-11 
9.48781e-11 1.49139e-10 3.67195e-10 9.63942e-10 2.49782e-09 6.32155e-09 1.56016e-08 3.75338e-08 8.7999e-08 2.0102e-07 4.47318e-07 9.69457e-07 2.04597e-06 4.20402e-06 8.40948e-06 1.63747e-05 3.1035e-05 5.72529e-05 0.000102808 0.000179713 0.000305858 0.000506926 0.00081843 0.00128764 0.00197504 0.00295501 0.00431528 0.00615484 0.00858026 0.0117003 0.015619 0.0204279 0.0261974 0.0329679 0.0407429 0.0494815 0.0590951 0.0694457 0.0803479 0.0915759 0.102873 0.113965 0.124578 0.134453 0.143362 0.151122 0.157592 0.162684 0.166342 0.168544 0.169278 0.168544 0.166342 0.162684 0.157592 0.151122 0.143362 0.134453 0.124578 0.113965 0.102873 0.0915759 0.0803479 0.0694457 0.0590951 0.0494815 0.0407429 0.0329679 0.0261974 0.0204279 0.015619 0.0117003 0.00858026 0.00615484 0.00431528 0.00295501 0.00197504 0.00128764 0.00081843 0.000506926 0.000305858 0.000179713 0.000102808 5.72529e-05 3.1035e-05 1.63747e-05 8.40948e-06 4.20402e-06 2.04597e-06 9.69457e-07 4.47318e-07 2.0102e-07 8.7999e-08 3.75338e-08 1.56016e-08 6.32155e-09 2.49782e-09 9.63942e-10 3.67195e-10 1.49139e-10 
1.76127e-10 2.75695e-10 6.74493e-10 1.76026e-09 4.53494e-09 1.141e-08 2.79919e-08 6.69319e-08 1.55948e-07 3.5398e-07 7.82598e-07 1.68491e-06 3.53198e-06 7.20769e-06 1.43172e-05 2.76796e-05 5.20806e-05 9.53673e-05 0.000169958 0.000294808 0.0004978 0.00081843 0.00131052 0.00204456 0.00310919 0.0046112 0.00667373 0.00943211 0.0130276 0.0175988 0.0232719 0.0301499 0.0383019 0.0477533 0.0584777 0.0703913 0.08335 0.0971512 0.111539 0.126213 0.140845 0.155093 0.168623 0.181127 0.192341 0.202056 0.210123 0.216447 0.22098 0.223702 0.224609 0.223702 0.22098 0.216447 0.210123 0.202056 0.192341 0.181127 0.168623 0.155093 0.140845 0.126213 0.111539 0.0971512 0.08335 0.0703913 0.0584777 0.0477533 0.0383019 0.0301499 0.0232719 0.0175988 0.0130276 0.00943211 0.00667373 0.0046112 0.00310919 0.00204456 0.00131052 0.00081843 0.0004978 0.000294808 0.000169958 9.53673e-05 5.20806e-05 2.76796e-05 1.43172e-05 7.20769e-06 3.53198e-06 1.68491e-06 7.82598e-07 3.5398e-07 1.55948e-07 6.69319e-08 2.79919e-08 1.141e-08 4.53494e-09 1.76026e-09 6.74493e-10 2.75695e-10 
3.19397e-10 4.97875e-10 1.21033e-09 3.14006e-09 8.04276e-09 2.01165e-08 4.90538e-08 1.1657e-07 2.69892e-07 6.08668e-07 1.33681e-06 2.85876e-06 5.95149e-06 1.20601e-05 2.37845e-05 4.56475e-05 8.52494e-05 0.000154921 0.000273956 0.000471454 0.000789672 0.00128764 0.00204456 0.00316246 0.00476717 0.00700712 0.0100491 0.0140713 0.0192526 0.0257607 0.0337383 0.0432895 0.0544672 0.0672633 0.0816015 0.0973341 0.114243 0.132044 0.150399 0.168927 0.187223 0.204881 0.221514 0.236773 0.25037 0.262084 0.271765 0.279325 0.284727 0.287965 0.289043 0.287965 0.284727 0.279325 0.271765 0.262084 0.25037 0.236773 0.221514 0.204881 0.187223 0.168927 0.150399 0.132044 0.114243 0.0973341 0.0816015 0.0672633 0.0544672 0.0432895 0.0337383 0.0257607 0.0192526 0.0140713 0.0100491 0.00700712 0.00476717 0.00316246 0.00204456 0.00128764 0.000789672 0.000471454 0.000273956 0.000154921 8.52494e-05 4.56475e-05 2.37845e-05 1.20601e-05 5.95149e-06 2.85876e-06 1.33681e-06 6.08668e-07 2.69892e-07 1.1657e-07 4.90538e-08 2.01165e-08 8.04276e-09 3.14006e-09 1.21033e-09 4.97875e-10 
5.65892e-10 8.7846e-10 2.12202e-09 5.4729e-09 1.39365e-08 3.46515e-08 8.39852e-08 1.98341e-07 4.56288e-07 1.02232e-06 2.23032e-06 4.7369e-06 9.79252e-06 1.97016e-05 3.85712e-05 7.34742e-05 0.000136173 0.00024554 0.000430765 0.000735321 0.0012215 0.00197504 0.00310919 0.00476717 0.00712215 0.0103736 0.0147396 0.0204449 0.0277061 0.0367138 0.0476152 0.060498 0.0753771 0.0921864 0.110775 0.130907 0.152272 0.174491 0.197133 0.219737 0.241829 0.262947 0.282666 0.300615 0.316497 0.330098 0.341279 0.349975 0.35617 0.359874 0.361107 0.359874 0.35617 0.349975 0.341279 0.330098 0.316497 0.300615 0.282666 0.262947 0.241829 0.219737 0.197133 0.174491 0.152272 0.130907 0.110775 0.0921864 0.0753771 0.060498 0.0476152 0.0367138 0.0277061 0.0204449 0.0147396 0.0103736 0.00712215 0.00476717 0.00310919 0.00197504 0.0012215 0.000735321 0.000430765 0.00024554 0.000136173 7.34742e-05 3.85712e-05 1.97016e-05 9.79252e-06 4.7369e-06 2.23032e-06 1.02232e-06 4.56288e-07 1.98341e-07 8.39852e-08 3.46515e-08 1.39365e-08 5.4729e-09 2.12202e-09 8.7846e-10 
9.79664e-10 1.51455e-09 3.63559e-09 9.32161e-09 2.35994e-08 5.83305e-08 1.40519e-07 3.29783e-07 7.53816e-07 1.67783e-06 3.63569e-06 7.66829e-06 1.57401e-05 3.14375e-05 6.10895e-05 0.000115484 0.000212369 0.000379893 0.000661069 0.00111913 0.00184341 0.00295501 0.0046112 0.00700712 0.0103736 0.0149698 0.0210702 0.0289469 0.0388479 0.0509739 0.0654572 0.0823438 0.101582 0.123018 0.146397 0.171375 0.197528 0.224375 0.251395 0.278052 0.303818 0.328196 0.350746 0.371098 0.388973 0.404179 0.416611 0.426236 0.433069 0.437146 0.4385 0.437146 0.433069 0.426236 0.416611 0.404179 0.388973 0.371098 0.350746 0.328196 0.303818 0.278052 0.251395 0.224375 0.197528 0.171375 0.146397 0.123018 0.101582 0.0823438 0.0654572 0.0509739 0.0388479 0.0289469 0.0210702 0.0149698 0.0103736 0.00700712 0.0046112 0.00295501 0.00184341 0.00111913 0.000661069 0.000379893 0.000212369 0.000115484 6.10895e-05 3.14375e-05 1.57401e-05 7.66829e-06 3.63569e-06 1.67783e-06 7.53816e-07 3.29783e-07 1.40519e-07 5.83305e-08 2.35994e-08 9.32161e-09 3.63559e-09 1.51455e-09 
1.65728e-09 2.55183e-09 6.08747e-09 1.55176e-08 3.90596e-08 9.59762e-08 2.2981e-07 5.35984e-07 1.2173e-06 2.69158e-06 5.79282e-06 1.21328e-05 2.47257e-05 4.90211e-05 9.45397e-05 0.000177338 0.000323535 0.000574072 0.000990715 0.00166305 0.00271578 0.00431528 0.00667373 0.0100491 0.0147396 0.0210702 0.0293735 0.0399634 0.0531065 0.0689928 0.087712 0.109236 0.133412 0.159966 0.188512 0.218575 0.24961 0.281033 0.312242 0.342644 0.371683 0.398857 0.423739 0.445992 0.465377 0.481752 0.495059 0.505311 0.512562 0.516878 0.51831 0.516878 0.512562 0.505311 0.495059 0.481752 0.465377 0.445992 0.423739 0.398857 0.371683 0.342644 0.312242 0.281033 0.24961 0.218575 0.188512 0.159966 0.133412 0.109236 0.087712 0.0689928 0.0531065 0.0399634 0.0293735 0.0210702 0.0147396 0.0100491 0.00667373 0.00431528 0.00271578 0.00166305 0.000990715 0.000574072 0.000323535 0.000177338 9.45397e-05 4.90211e-05 2.47257e-05 1.21328e-05 5.79282e-06 2.69158e-06 1.2173e-06 5.35984e-07 2.2981e-07 9.59762e-08 3.90596e-08 1.55176e-08 6.08747e-09 2.55183e-09 
2.73979e-09 4.20201e-09 9.96276e-09 2.52507e-08 6.31982e-08 1.54386e-07 3.67456e-07 8.51716e-07 1.92204e-06 4.22187e-06 9.02466e-06 1.87696e-05 3.79755e-05 7.47326e-05 0.000143029 0.000266197 0.000481757 0.0008478 0.00145082 0.0024145 0.00390838 0.00615484 0.00943211 0.0140713 0.0204449 0.0289469 0.0399634 0.053838 0.0708345 0.0911034 0.114657 0.141354 0.170904 0.20288 0.236742 0.271871 0.3076 0.343251 0.378163 0.411718 0.443362 0.472625 0.499129 0.522599 0.542866 0.559853 0.573569 0.58408 0.591484 0.595878 0.597334 0.595878 0.591484 0.58408 0.573569 0.559853 0.542866 0.522599 0.499129 0.472625 0.443362 0.411718 0.378163 0.343251 0.3076 0.271871 0.236742 0.20288 0.170904 0.141354 0.114657 0.0911034 0.0708345 0.053838 0.0399634 0.0289469 0.0204449 0.0140713 0.00943211 0.00615484 0.00390838 0.0024145 0.00145082 0.0008478 0.000481757 0.000266197 0.000143029 7.47326e-05 3.79755e-05 1.87696e-05 9.02466e-06 4.22187e-06 1.92204e-06 8.51716e-07 3.67456e-07 1.54386e-07 6.31982e-08 2.52507e-08 9.96276e-09 4.20201e-09 
4.42642e-09 6.7627e-09 1.59382e-08 4.01686e-08 9.99743e-08 2.42829e-07 5.74547e-07 1.3236e-06 2.96805e-06 6.47693e-06 1.37517e-05 2.84016e-05 5.70499e-05 0.000111436 0.000211645 0.000390805 0.000701553 0.00122436 0.00207741 0.00342722 0.00549839 0.00858026 0.0130276 0.0192526 0.0277061 0.0388479 0.0531065 0.0708345 0.0922638 0.117469 0.146342 0.178593 0.213754 0.251218 0.290276 0.330163 0.370102 0.409344 0.447201 0.483067 0.516433 0.546896 0.574165 0.598056 0.61849 0.635476 0.649093 0.659468 0.666744 0.67105 0.672474 0.67105 0.666744 0.659468 0.649093 0.635476 0.61849 0.598056 0.574165 0.546896 0.516433 0.483067 0.447201 0.409344 0.370102 0.330163 0.290276 0.251218 0.213754 0.178593 0.146342 0.117469 0.0922638 0.0708345 0.0531065 0.0388479 0.0277061 0.0192526 0.0130276 0.00858026 0.00549839 0.00342722 0.00207741 0.00122436 0.000701553 0.000390805 0.000211645 0.000111436 5.70499e-05 2.84016e-05 1.37517e-05 6.47693e-06 2.96805e-06 1.3236e-06 5.74547e-07 2.42829e-07 9.99743e-08 4.01686e-08 1.59382e-08 6.7627e-09 
6.98892e-09 1.06379e-08 2.4925e-08 6.24737e-08 1.54641e-07 3.73509e-07 8.78624e-07 2.01196e-06 4.48361e-06 9.7212e-06 2.05021e-05 4.20509e-05 8.38636e-05 0.000162602 0.000306465 0.000561438 0.000999697 0.00173014 0.00291046 0.00475942 0.00756714 0.0117003 0.0175988 0.0257607 0.0367138 0.0509739 0.0689928 0.0911034 0.117469 0.148044 0.182563 0.220541 0.261307 0.304058 0.34791 0.391963 0.435356 0.477306 0.517137 0.554299 0.588369 0.619052 0.646171 0.669658 0.689539 0.705915 0.718944 0.728808 0.735692 0.739753 0.741094 0.739753 0.735692 0.728808 0.718944 0.705915 0.689539 0.669658 0.646171 0.619052 0.588369 0.554299 0.517137 0.477306 0.435356 0.391963 0.34791 0.304058 0.261307 0.220541 0.182563 0.148044 0.117469 0.0911034 0.0689928 0.0509739 0.0367138 0.0257607 0.0175988 0.0117003 0.00756714 0.00475942 0.00291046 0.00173014 0.000999697 0.000561438 0.000306465 0.000162602 8.38636e-05 4.20509e-05 2.05021e-05 9.7212e-06 4.48361e-06 2.01196e-06 8.78624e-07 3.73509e-07 1.54641e-07 6.24737e-08 2.4925e-08 1.06379e-08 
1.07841e-08 1.63555e-08 3.81052e-08 9.50014e-08 2.33911e-07 5.61895e-07 1.31431e-06 2.99201e-06 6.62707e-06 1.42778e-05 2.99146e-05 6.09391e-05 0.000120675 0.000232266 0.000434452 0.000789679 0.00139475 0.00239373 0.00399226 0.00647101 0.0101956 0.015619 0.0232719 0.0337383 0.0476152 0.0654572 0.087712 0.114657 0.146342 0.182563 0.222849 0.266492 0.312599 0.360163 0.40814 0.455523 0.501402 0.545003 0.585714 0.623081 0.656808 0.686737 0.712829 0.735146 0.753826 0.769061 0.78108 0.790118 0.796392 0.800079 0.801295 0.800079 0.796392 0.790118 0.78108 0.769061 0.753826 0.735146 0.712829 0.686737 0.656808 0.623081 0.585714 0.545003 0.501402 0.455523 0.40814 0.360163 0.312599 0.266492 0.222849 0.182563 0.146342 0.114657 0.087712 0.0654572 0.0476152 0.0337383 0.0232719 0.015619 0.0101956 0.00647101 0.00399226 0.00239373 0.00139475 0.000789679 0.000434452 0.000232266 0.000120675 6.09391e-05 2.99146e-05 1.42778e-05 6.62707e-06 2.99201e-06 1.31431e-06 5.61895e-07 2.33911e-07 9.50014e-08 3.81052e-08 1.63555e-08 
1.62616e-08 2.45775e-08 5.69495e-08 1.41253e-07 3.46012e-07 8.26797e-07 1.92336e-06 4.35359e-06 9.58578e-06 2.05251e-05 4.27286e-05 8.64629e-05 0.000170035 0.000324916 0.000603222 0.00108797 0.00190622 0.00324452 0.00536506 0.00861988 0.013459 0.0204279 0.0301499 0.0432895 0.060498 0.0823438 0.109236 0.141354 0.178593 0.220541 0.266492 0.315493 0.366423 0.418085 0.469301 0.518998 0.566266 0.610389 0.650862 0.687373 0.719781 0.748087 0.772402 0.792918 0.809881 0.823568 0.834267 0.842251 0.847762 0.850988 0.85205 0.850988 0.847762 0.842251 0.834267 0.823568 0.809881 0.792918 0.772402 0.748087 0.719781 0.687373 0.650862 0.610389 0.566266 0.518998 0.469301 0.418085 0.366423 0.315493 0.266492 0.220541 0.178593 0.141354 0.109236 0.0823438 0.060498 0.0432895 0.0301499 0.0204279 0.013459 0.00861988 0.00536506 0.00324452 0.00190622 0.00108797 0.000603222 0.000324916 0.000170035 8.64629e-05 4.27286e-05 2.05251e-05 9.58578e-06 4.35359e-06 1.92336e-06 8.26797e-07 3.46012e-07 1.41253e-07 5.69495e-08 2.45775e-08 
2.39621e-08 3.60965e-08 8.32044e-08 2.05356e-07 5.00563e-07 1.19003e-06 2.75374e-06 6.19897e-06 1.35709e-05 2.88849e-05 5.97582e-05 0.00012014 0.000234671 0.000445282 0.000820654 0.00146891 0.00255343 0.0043107 0.00706806 0.0112574 0.01742 0.0261974 0.0383019 0.0544672 0.0753771 0.101582 0.133412 0.170904 0.213754 0.261307 0.312599 0.366423 0.421441 0.476296 0.529721 0.580624 0.628148 0.671688 0.710886 0.745603 0.775874 0.801867 0.823841 0.842109 0.857014 0.8689 0.878097 0.884904 0.889573 0.892294 0.893187 0.892294 0.889573 0.884904 0.878097 0.8689 0.857014 0.842109 0.823841 0.801867 0.775874 0.745603 0.710886 0.671688 0.628148 0.580624 0.529721 0.476296 0.421441 0.366423 0.312599 0.261307 0.213754 0.170904 0.133412 0.101582 0.0753771 0.0544672 0.0383019 0.0261974 0.01742 0.0112574 0.00706806 0.0043107 0.00255343 0.00146891 0.000820654 0.000445282 0.000234671 0.00012014 5.97582e-05 2.88849e-05 1.35709e-05 6.19897e-06 2.75374e-06 1.19003e-06 5.00563e-07 2.05356e-07 8.32044e-08 3.60965e-08 
3.45024e-08 5.18115e-08 1.18835e-07 2.91915e-07 7.08208e-07 1.67552e-06 3.85759e-06 8.63815e-06 1.88069e-05 3.97999e-05 8.18466e-05 0.00016352 0.000317321 0.000598013 0.00109432 0.0019443 0.00335387 0.0056169 0.00913374 0.0144232 0.0221225 0.0329679 0.0477533 0.0672633 0.0921864 0.123018 0.159966 0.20288 0.251218 0.304058 0.360163 0.418085 0.476296 0.533324 0.587862 0.638861 0.685569 0.727535 0.764584 0.796766 0.824297 0.847509 0.866796 0.882575 0.895262 0.90525 0.912893 0.918499 0.922316 0.924531 0.925256 0.924531 0.922316 0.918499 0.912893 0.90525 0.895262 0.882575 0.866796 0.847509 0.824297 0.796766 0.764584 0.727535 0.685569 0.638861 0.587862 0.533324 0.476296 0.418085 0.360163 0.304058 0.251218 0.20288 0.159966 0.123018 0.0921864 0.0672633 0.0477533 0.0329679 0.0221225 0.0144232 0.00913374 0.0056169 0.00335387 0.0019443 0.00109432 0.000598013 0.000317321 0.00016352 8.18466e-05 3.97999e-05 1.88069e-05 8.63815e-06 3.85759e-06 1.67552e-06 7.08208e-07 2.91915e-07 1.18835e-07 5.18115e-08 
4.85408e-08 7.26771e-08 1.65908e-07 4.0573e-07 9.79942e-07 2.30772e-06 5.28761e-06 1.1781e-05 2.5515e-05 5.37e-05 0.000109799 0.000218051 0.000420492 0.000787259 0.00143079 0.00252397 0.00432142 0.00718136 0.0115839 0.0181402 0.0275843 0.0407429 0.0584777 0.0816015 0.110775 0.146397 0.188512 0.236742 0.290276 0.34791 0.40814 0.469301 0.529721 0.587862 0.642443 0.692511 0.737468 0.777053 0.811292 0.840429 0.864858 0.885054 0.901524 0.914766 0.925245 0.933378 0.939525 0.943989 0.947005 0.948745 0.949313 0.948745 0.947005 0.943989 0.939525 0.933378 0.925245 0.914766 0.901524 0.885054 0.864858 0.840429 0.811292 0.777053 0.737468 0.692511 0.642443 0.587862 0.529721 0.469301 0.40814 0.34791 0.290276 0.236742 0.188512 0.146397 0.110775 0.0816015 0.0584777 0.0407429 0.0275843 0.0181402 0.0115839 0.00718136 0.00432142 0.00252397 0.00143079 0.000787259 0.000420492 0.000218051 0.000109799 5.37e-05 2.5515e-05 1.1781e-05 5.28761e-06 2.30772e-06 9.79942e-07 4.0573e-07 1.65908e-07 7.26771e-08 
6.67229e-08 9.96231e-08 2.26414e-07 5.51372e-07 1.32611e-06 3.10934e-06 7.09204e-06 1.57263e-05 3.38908e-05 7.09574e-05 0.000144295 0.000284923 0.000546169 0.00101617 0.00183473 0.00321443 0.0054643 0.00901301 0.0144259 0.0224089 0.0337914 0.0494815 0.0703913 0.0973341 0.130907 0.171375 0.218575 0.271871 0.330163 0.391963 0.455523 0.518998 0.580624 0.638861 0.692511 0.74077 0.783234 0.819851 0.850855 0.876679 0.897872 0.91503 0.928743 0.939561 0.947973 0.9544 0.959193 0.962633 0.964938 0.96626 0.966691 0.96626 0.964938 0.962633 0.959193 0.9544 0.947973 0.939561 0.928743 0.91503 0.897872 0.876679 0.850855 0.819851 0.783234 0.74077 0.692511 0.638861 0.580624 0.518998 0.455523 0.391963 0.330163 0.271871 0.218575 0.171375 0.130907 0.0973341 0.0703913 0.0494815 0.0337914 0.0224089 0.0144259 0.00901301 0.0054643 0.00321443 0.00183473 0.00101617 0.000546169 0.000284923 0.000144295 7.09574e-05 3.38908e-05 1.57263e-05 7.09204e-06 3.10934e-06 1.32611e-06 5.51372e-07 2.26414e-07 9.96231e-08 
