4.76697e-07 5.14844e-07 6.33843e-07 8.47703e-07 1.18089e-06 1.67003e-06 2.36627e-06 3.3384e-06 4.67665e-06 6.49713e-06 8.94698e-06 1.22099e-05 1.65123e-05 2.21291e-05 2.93897e-05 3.86835e-05 5.04638e-05 6.52505e-05 8.36306e-05 0.000106256 0.000133837 0.000167135 0.000206944 0.000254077 0.00030934 0.000373505 0.000447278 0.000531266 0.000625937 0.000731588 0.000848305 0.000975932 0.00111404 0.00126191 0.00141853 0.00158255 0.00175235 0.00192602 0.0021014 0.00227612 0.00244765 0.00261337 0.00277061 0.00291674 0.00304926 0.00316581 0.00326427 0.00334284 0.00340005 0.00343481 0.00344647 0.00343481 0.00340005 0.00334284 0.00326427 0.00316581 0.00304926 0.00291674 0.00277061 0.00261337 0.00244765 0.00227612 0.0021014 0.00192602 0.00175235 0.00158255 0.00141853 0.00126191 0.00111404 0.000975932 0.000848305 0.000731588 0.000625937 0.000531266 0.000447278 0.000373505 0.00030934 0.000254077 0.000206944 0.000167135 0.000133837 0.000106256 8.36306e-05 6.52505e-05 5.04638e-05 3.86835e-05 2.93897e-05 2.21291e-05 1.65123e-05 1.22099e-05 8.94698e-06 6.49713e-06 4.67665e-06 3.3384e-06 2.36627e-06 1.67003e-06 1.18089e-06 8.47703e-07 6.33843e-07 5.14844e-07 
5.14844e-07 5.55918e-07 6.84026e-07 9.14186e-07 1.27262e-06 1.79854e-06 2.54673e-06 3.59074e-06 5.02703e-06 6.97962e-06 9.60551e-06 1.31006e-05 1.7706e-05 2.37143e-05 3.14758e-05 4.14039e-05 5.39797e-05 6.97543e-05 8.93491e-05 0.000113454 0.000142819 0.000178246 0.000220574 0.000270656 0.00032934 0.000397434 0.000475677 0.000564699 0.000664986 0.000776841 0.000900342 0.00103531 0.0011813 0.00133752 0.0015029 0.00167602 0.00185517 0.00203833 0.00222321 0.00240733 0.00258803 0.00276255 0.00292811 0.00308193 0.00322139 0.00334401 0.0034476 0.00353024 0.00359041 0.00362697 0.00363924 0.00362697 0.00359041 0.00353024 0.0034476 0.00334401 0.00322139 0.00308193 0.00292811 0.00276255 0.00258803 0.00240733 0.00222321 0.00203833 0.00185517 0.00167602 0.0015029 0.00133752 0.0011813 0.00103531 0.000900342 0.000776841 0.000664986 0.000564699 0.000475677 0.000397434 0.00032934 0.000270656 0.000220574 0.000178246 0.000142819 0.000113454 8.93491e-05 6.97543e-05 5.39797e-05 4.14039e-05 3.14758e-05 2.37143e-05 1.7706e-05 1.31006e-05 9.60551e-06 6.97962e-06 5.02703e-06 3.59074e-06 2.54673e-06 1.79854e-06 1.27262e-06 9.14186e-07 6.84026e-07 5.55918e-07 
6.33843e-07 6.84026e-07 8.40481e-07 1.12136e-06 1.5583e-06 2.19862e-06 3.10822e-06 4.37555e-06 6.11628e-06 8.47887e-06 1.16509e-05 1.58657e-05 2.14101e-05 2.8631e-05 3.79429e-05 4.98339e-05 6.487e-05 8.36981e-05 0.000107046 0.000135718 0.000170587 0.000212584 0.000262676 0.000321847 0.000391067 0.000471256 0.00056325 0.000667754 0.000785304 0.000916216 0.00106055 0.00121807 0.00138821 0.00157004 0.0017623 0.00196331 0.00217109 0.00238328 0.00259726 0.00281016 0.00301892 0.00322038 0.00341134 0.00358867 0.00374934 0.00389054 0.00400978 0.00410487 0.00417409 0.00421614 0.00423024 0.00421614 0.00417409 0.00410487 0.00400978 0.00389054 0.00374934 0.00358867 0.00341134 0.00322038 0.00301892 0.00281016 0.00259726 0.00238328 0.00217109 0.00196331 0.0017623 0.00157004 0.00138821 0.00121807 0.00106055 0.000916216 0.000785304 0.000667754 0.00056325 0.000471256 0.000391067 0.000321847 0.000262676 0.000212584 0.000170587 0.000135718 0.000107046 8.36981e-05 6.487e-05 4.98339e-05 3.79429e-05 2.8631e-05 2.14101e-05 1.58657e-05 1.16509e-05 8.47887e-06 6.11628e-06 4.37555e-06 3.10822e-06 2.19862e-06 1.5583e-06 1.12136e-06 8.40481e-07 6.84026e-07 
8.47703e-07 9.14186e-07 1.12136e-06 1.49292e-06 2.07019e-06 2.91479e-06 4.11246e-06 5.77795e-06 8.06101e-06 1.11533e-05 1.52963e-05 2.07897e-05 2.80004e-05 3.73713e-05 4.94295e-05 6.47936e-05 8.41788e-05 0.000108399 0.000138368 0.000175089 0.00021965 0.000273202 0.000336938 0.000412064 0.00049976 0.00060114 0.000717202 0.00084878 0.000996487 0.00116066 0.00134133 0.00153813 0.00175032 0.00197671 0.00221568 0.00246514 0.00272259 0.00298515 0.00324956 0.0035123 0.00376964 0.00401771 0.00425263 0.00447058 0.0046679 0.0048412 0.00498746 0.00510405 0.00518889 0.00524042 0.0052577 0.00524042 0.00518889 0.00510405 0.00498746 0.0048412 0.0046679 0.00447058 0.00425263 0.00401771 0.00376964 0.0035123 0.00324956 0.00298515 0.00272259 0.00246514 0.00221568 0.00197671 0.00175032 0.00153813 0.00134133 0.00116066 0.000996487 0.00084878 0.000717202 0.00060114 0.00049976 0.000412064 0.000336938 0.000273202 0.00021965 0.000175089 0.000138368 0.000108399 8.41788e-05 6.47936e-05 4.94295e-05 3.73713e-05 2.80004e-05 2.07897e-05 1.52963e-05 1.11533e-05 8.06101e-06 5.77795e-06 4.11246e-06 2.91479e-06 2.07019e-06 1.49292e-06 1.12136e-06 9.14186e-07 
1.18089e-06 1.27262e-06 1.5583e-06 2.07019e-06 2.8644e-06 4.02452e-06 5.66661e-06 7.94565e-06 1.10634e-05 1.52773e-05 2.09108e-05 2.83643e-05 3.81261e-05 5.07839e-05 6.70349e-05 8.76942e-05 0.000113701 0.00014612 0.00018614 0.000235066 0.000294299 0.00036532 0.000449654 0.000548833 0.000664345 0.000797584 0.000949782 0.00112195 0.00131482 0.00152874 0.00176366 0.00201907 0.00229391 0.0025866 0.00289499 0.00321638 0.00354753 0.00388471 0.00422379 0.00456026 0.00488939 0.00520629 0.00550608 0.00578394 0.0060353 0.0062559 0.00644195 0.00659021 0.00669803 0.00676351 0.00678547 0.00676351 0.00669803 0.00659021 0.00644195 0.0062559 0.0060353 0.00578394 0.00550608 0.00520629 0.00488939 0.00456026 0.00422379 0.00388471 0.00354753 0.00321638 0.00289499 0.0025866 0.00229391 0.00201907 0.00176366 0.00152874 0.00131482 0.00112195 0.000949782 0.000797584 0.000664345 0.000548833 0.000449654 0.00036532 0.000294299 0.000235066 0.00018614 0.00014612 0.000113701 8.76942e-05 6.70349e-05 5.07839e-05 3.81261e-05 2.83643e-05 2.09108e-05 1.52773e-05 1.10634e-05 7.94565e-06 5.66661e-06 4.02452e-06 2.8644e-06 2.07019e-06 1.5583e-06 1.27262e-06 
1.67003e-06 1.79854e-06 2.19862e-06 2.91479e-06 4.02452e-06 5.64298e-06 7.9298e-06 1.10976e-05 1.54226e-05 2.12563e-05 2.9039e-05 3.93139e-05 5.2742e-05 7.01157e-05 9.2372e-05 0.000120603 0.000156061 0.000200163 0.000254483 0.000320738 0.00040077 0.000496512 0.000609944 0.000743041 0.000897711 0.00107572 0.00127862 0.00150764 0.00176364 0.00204701 0.00235756 0.00269451 0.00305641 0.00344109 0.00384567 0.00426658 0.00469955 0.00513973 0.00558172 0.00601971 0.00644759 0.00685909 0.00724794 0.007608 0.00793343 0.00821884 0.0084594 0.00865098 0.00879028 0.00887484 0.0089032 0.00887484 0.00879028 0.00865098 0.0084594 0.00821884 0.00793343 0.007608 0.00724794 0.00685909 0.00644759 0.00601971 0.00558172 0.00513973 0.00469955 0.00426658 0.00384567 0.00344109 0.00305641 0.00269451 0.00235756 0.00204701 0.00176364 0.00150764 0.00127862 0.00107572 0.000897711 0.000743041 0.000609944 0.000496512 0.00040077 0.000320738 0.000254483 0.000200163 0.000156061 0.000120603 9.2372e-05 7.01157e-05 5.2742e-05 3.93139e-05 2.9039e-05 2.12563e-05 1.54226e-05 1.10976e-05 7.9298e-06 5.64298e-06 4.02452e-06 2.91479e-06 2.19862e-06 1.79854e-06 
2.36627e-06 2.54673e-06 3.10822e-06 4.11246e-06 5.66661e-06 7.9298e-06 1.11221e-05 1.55363e-05 2.15513e-05 2.96483e-05 4.04287e-05 5.46318e-05 7.31546e-05 9.70693e-05 0.000127639 0.000166331 0.000214823 0.000275004 0.000348963 0.000438974 0.000547461 0.000676954 0.000830034 0.00100926 0.00121707 0.00145572 0.00172715 0.00203287 0.0023739 0.0027506 0.0031626 0.00360875 0.00408702 0.00459444 0.00512717 0.00568044 0.00624864 0.00682539 0.00740366 0.00797591 0.00853422 0.00907054 0.00957678 0.0100451 0.010468 0.0108386 0.0111508 0.0113993 0.0115799 0.0116895 0.0117262 0.0116895 0.0115799 0.0113993 0.0111508 0.0108386 0.010468 0.0100451 0.00957678 0.00907054 0.00853422 0.00797591 0.00740366 0.00682539 0.00624864 0.00568044 0.00512717 0.00459444 0.00408702 0.00360875 0.0031626 0.0027506 0.0023739 0.00203287 0.00172715 0.00145572 0.00121707 0.00100926 0.000830034 0.000676954 0.000547461 0.000438974 0.000348963 0.000275004 0.000214823 0.000166331 0.000127639 9.70693e-05 7.31546e-05 5.46318e-05 4.04287e-05 2.96483e-05 2.15513e-05 1.55363e-05 1.11221e-05 7.9298e-06 5.66661e-06 4.11246e-06 3.10822e-06 2.54673e-06 
3.3384e-06 3.59074e-06 4.37555e-06 5.77795e-06 7.94565e-06 1.10976e-05 1.55363e-05 2.16627e-05 2.99953e-05 4.11903e-05 5.60656e-05 7.56241e-05 0.000101079 0.000133874 0.000175708 0.000228544 0.000294621 0.000376447 0.000476789 0.000598642 0.000745186 0.000919721 0.00112559 0.0013661 0.00164436 0.00196323 0.00232511 0.00273186 0.00318463 0.00368373 0.00422851 0.00481728 0.00544723 0.00611435 0.00681348 0.00753832 0.00828149 0.00903467 0.00978871 0.0105339 0.0112599 0.0119566 0.0126134 0.0132204 0.0137682 0.0142478 0.0146515 0.0149728 0.0152061 0.0153477 0.0153952 0.0153477 0.0152061 0.0149728 0.0146515 0.0142478 0.0137682 0.0132204 0.0126134 0.0119566 0.0112599 0.0105339 0.00978871 0.00903467 0.00828149 0.00753832 0.00681348 0.00611435 0.00544723 0.00481728 0.00422851 0.00368373 0.00318463 0.00273186 0.00232511 0.00196323 0.00164436 0.0013661 0.00112559 0.000919721 0.000745186 0.000598642 0.000476789 0.000376447 0.000294621 0.000228544 0.000175708 0.000133874 0.000101079 7.56241e-05 5.60656e-05 4.11903e-05 2.99953e-05 2.16627e-05 1.55363e-05 1.10976e-05 7.94565e-06 5.77795e-06 4.37555e-06 3.59074e-06 
4.67665e-06 5.02703e-06 6.11628e-06 8.06101e-06 1.10634e-05 1.54226e-05 2.15513e-05 2.99953e-05 4.14584e-05 5.683e-05 7.72143e-05 0.000103962 0.000138702 0.000183369 0.000240226 0.000311884 0.000401308 0.000511807 0.000647017 0.000810856 0.00100746 0.00124111 0.0015161 0.00183665 0.00220671 0.00262985 0.00310905 0.00364651 0.00424351 0.00490025 0.00561565 0.00638729 0.00721128 0.00808228 0.00899342 0.00993641 0.0109016 0.0118783 0.0128547 0.0138181 0.0147557 0.0156541 0.0165003 0.0172816 0.0179859 0.0186021 0.0191206 0.0195328 0.0198322 0.0200138 0.0200747 0.0200138 0.0198322 0.0195328 0.0191206 0.0186021 0.0179859 0.0172816 0.0165003 0.0156541 0.0147557 0.0138181 0.0128547 0.0118783 0.0109016 0.00993641 0.00899342 0.00808228 0.00721128 0.00638729 0.00561565 0.00490025 0.00424351 0.00364651 0.00310905 0.00262985 0.00220671 0.00183665 0.0015161 0.00124111 0.00100746 0.000810856 0.000647017 0.000511807 0.000401308 0.000311884 0.000240226 0.000183369 0.000138702 0.000103962 7.72143e-05 5.683e-05 4.14584e-05 2.99953e-05 2.15513e-05 1.54226e-05 1.10634e-05 8.06101e-06 6.11628e-06 5.02703e-06 
6.49713e-06 6.97962e-06 8.47887e-06 1.11533e-05 1.52773e-05 2.12563e-05 2.96483e-05 4.11903e-05 5.683e-05 7.77614e-05 0.000105464 0.000141741 0.000188762 0.000249092 0.000325726 0.000422105 0.000542119 0.000690098 0.000870774 0.00108922 0.00135079 0.00166094 0.00202517 0.0024488 0.0029368 0.00349356 0.0041227 0.00482681 0.00560728 0.00646402 0.00739537 0.00839791 0.00946637 0.0105936 0.0117706 0.0129866 0.0142292 0.0154845 0.0167374 0.0179719 0.0191717 0.02032 0.0214003 0.0223966 0.023294 0.0240786 0.0247382 0.0252625 0.0256431 0.0258739 0.0259512 0.0258739 0.0256431 0.0252625 0.0247382 0.0240786 0.023294 0.0223966 0.0214003 0.02032 0.0191717 0.0179719 0.0167374 0.0154845 0.0142292 0.0129866 0.0117706 0.0105936 0.00946637 0.00839791 0.00739537 0.00646402 0.00560728 0.00482681 0.0041227 0.00349356 0.0029368 0.0024488 0.00202517 0.00166094 0.00135079 0.00108922 0.000870774 0.000690098 0.000542119 0.000422105 0.000325726 0.000249092 0.000188762 0.000141741 0.000105464 7.77614e-05 5.683e-05 4.11903e-05 2.96483e-05 2.12563e-05 1.52773e-05 1.11533e-05 8.47887e-06 6.97962e-06 
8.94698e-06 9.60551e-06 1.16509e-05 1.52963e-05 2.09108e-05 2.9039e-05 4.04287e-05 5.60656e-05 7.72143e-05 0.000105464 0.000142778 0.000191542 0.000254617 0.000335376 0.000437743 0.000566209 0.000725832 0.000922219 0.00116147 0.0014501 0.00179492 0.00220288 0.00268091 0.00323564 0.00387322 0.00459902 0.00541735 0.00633119 0.00734192 0.00844905 0.00965006 0.0109402 0.0123124 0.0137573 0.0152631 0.0168159 0.0183999 0.0199974 0.0215893 0.0231556 0.0246757 0.0261287 0.027494 0.0287519 0.0298838 0.0308726 0.0317033 0.0323633 0.0328421 0.0331324 0.0332297 0.0331324 0.0328421 0.0323633 0.0317033 0.0308726 0.0298838 0.0287519 0.027494 0.0261287 0.0246757 0.0231556 0.0215893 0.0199974 0.0183999 0.0168159 0.0152631 0.0137573 0.0123124 0.0109402 0.00965006 0.00844905 0.00734192 0.00633119 0.00541735 0.00459902 0.00387322 0.00323564 0.00268091 0.00220288 0.00179492 0.0014501 0.00116147 0.000922219 0.000725832 0.000566209 0.000437743 0.000335376 0.000254617 0.000191542 0.000142778 0.000105464 7.72143e-05 5.60656e-05 4.04287e-05 2.9039e-05 2.09108e-05 1.52963e-05 1.16509e-05 9.60551e-06 
1.22099e-05 1.31006e-05 1.58657e-05 2.07897e-05 2.83643e-05 3.93139e-05 5.46318e-05 7.56241e-05 0.000103962 0.000141741 0.000191542 0.000256492 0.000340328 0.000447442 0.000582924 0.000752578 0.000962918 0.00122113 0.00153499 0.00191279 0.0023631 0.00289467 0.00351609 0.00423559 0.00506065 0.00599774 0.0070519 0.00822645 0.00952262 0.0109393 0.0124728 0.0141166 0.0158614 0.0176948 0.0196018 0.0215647 0.0235633 0.0255754 0.0275773 0.029544 0.0314498 0.033269 0.0349764 0.0365478 0.0379604 0.0391934 0.0402285 0.0410503 0.0416464 0.0420077 0.0421287 0.0420077 0.0416464 0.0410503 0.0402285 0.0391934 0.0379604 0.0365478 0.0349764 0.033269 0.0314498 0.029544 0.0275773 0.0255754 0.0235633 0.0215647 0.0196018 0.0176948 0.0158614 0.0141166 0.0124728 0.0109393 0.00952262 0.00822645 0.0070519 0.00599774 0.00506065 0.00423559 0.00351609 0.00289467 0.0023631 0.00191279 0.00153499 0.00122113 0.000962918 0.000752578 0.000582924 0.000447442 0.000340328 0.000256492 0.000191542 0.000141741 0.000103962 7.56241e-05 5.46318e-05 3.93139e-05 2.83643e-05 2.07897e-05 1.58657e-05 1.31006e-05 
1.65123e-05 1.7706e-05 2.14101e-05 2.80004e-05 3.81261e-05 5.2742e-05 7.31546e-05 0.000101079 0.000138702 0.000188762 0.000254617 0.000340328 0.000450728 0.00059148 0.000769124 0.000991085 0.00126566 0.00160198 0.00200985 0.00249967 0.00308218 0.00376819 0.00456831 0.00549253 0.0065499 0.00774802 0.0090927 0.0105875 0.0122333 0.0140281 0.0159665 0.0180398 0.0202358 0.0225385 0.0249289 0.0273845 0.02988 0.032388 0.034879 0.0373222 0.0396862 0.0419398 0.0440521 0.0459939 0.0477377 0.0492585 0.0505343 0.0515465 0.0522804 0.0527251 0.052874 0.0527251 0.0522804 0.0515465 0.0505343 0.0492585 0.0477377 0.0459939 0.0440521 0.0419398 0.0396862 0.0373222 0.034879 0.032388 0.02988 0.0273845 0.0249289 0.0225385 0.0202358 0.0180398 0.0159665 0.0140281 0.0122333 0.0105875 0.0090927 0.00774802 0.0065499 0.00549253 0.00456831 0.00376819 0.00308218 0.00249967 0.00200985 0.00160198 0.00126566 0.000991085 0.000769124 0.00059148 0.000450728 0.000340328 0.000254617 0.000188762 0.000138702 0.000101079 7.31546e-05 5.2742e-05 3.81261e-05 2.80004e-05 2.14101e-05 1.7706e-05 
2.21291e-05 2.37143e-05 2.8631e-05 3.73713e-05 5.07839e-05 7.01157e-05 9.70693e-05 0.000133874 0.000183369 0.000249092 0.000335376 0.000447442 0.00059148 0.000774723 0.00100549 0.00129318 0.00164826 0.00208219 0.00260724 0.00323631 0.00398266 0.00485955 0.00587987 0.00705565 0.00839759 0.00991456 0.011613 0.0134966 0.0155657 0.0178168 0.0202425 0.0228311 0.0255669 0.0284295 0.0313947 0.0344348 0.0375183 0.0406114 0.0436781 0.046681 0.0495821 0.0523436 0.0549286 0.0573021 0.0594313 0.0612865 0.0628416 0.0640747 0.0649682 0.0655095 0.0656908 0.0655095 0.0649682 0.0640747 0.0628416 0.0612865 0.0594313 0.0573021 0.0549286 0.0523436 0.0495821 0.046681 0.0436781 0.0406114 0.0375183 0.0344348 0.0313947 0.0284295 0.0255669 0.0228311 0.0202425 0.0178168 0.0155657 0.0134966 0.011613 0.00991456 0.00839759 0.00705565 0.00587987 0.00485955 0.00398266 0.00323631 0.00260724 0.00208219 0.00164826 0.00129318 0.00100549 0.000774723 0.00059148 0.000447442 0.000335376 0.000249092 0.000183369 0.000133874 9.70693e-05 7.01157e-05 5.07839e-05 3.73713e-05 2.8631e-05 2.37143e-05 
2.93897e-05 3.14758e-05 3.79429e-05 4.94295e-05 6.70349e-05 9.2372e-05 0.000127639 0.000175708 0.000240226 0.000325726 0.000437743 0.000582924 0.000769124 0.00100549 0.00130248 0.00167191 0.00212684 0.00268149 0.00335104 0.00415135 0.00509859 0.00620883 0.00749754 0.00897899 0.0106657 0.0125677 0.0146921 0.0170424 0.0196178 0.0224132 0.0254182 0.0286177 0.0319913 0.0355134 0.039154 0.0428786 0.0466488 0.0504235 0.054159 0.0578105 0.0613324 0.0646798 0.067809 0.0706785 0.0732497 0.075488 0.0773627 0.0788483 0.0799242 0.0805757 0.0807939 0.0805757 0.0799242 0.0788483 0.0773627 0.075488 0.0732497 0.0706785 0.067809 0.0646798 0.0613324 0.0578105 0.054159 0.0504235 0.0466488 0.0428786 0.039154 0.0355134 0.0319913 0.0286177 0.0254182 0.0224132 0.0196178 0.0170424 0.0146921 0.0125677 0.0106657 0.00897899 0.00749754 0.00620883 0.00509859 0.00415135 0.00335104 0.00268149 0.00212684 0.00167191 0.00130248 0.00100549 0.000769124 0.000582924 0.000437743 0.000325726 0.000240226 0.000175708 0.000127639 9.2372e-05 6.70349e-05 4.94295e-05 3.79429e-05 3.14758e-05 
3.86835e-05 4.14039e-05 4.98339e-05 6.47936e-05 8.76942e-05 0.000120603 0.000166331 0.000228544 0.000311884 0.000422105 0.000566209 0.000752578 0.000991085 0.00129318 0.00167191 0.00214193 0.00271939 0.00342179 0.00426768 0.00527632 0.00646726 0.00785971 0.009472 0.0113208 0.0134205 0.0157824 0.0184139 0.0213178 0.0244921 0.0279289 0.0316147 0.0355295 0.0396476 0.0439371 0.0483611 0.0528771 0.0574391 0.0619971 0.0664993 0.0708922 0.0751221 0.079136 0.0828829 0.0863143 0.0893856 0.0920563 0.0942914 0.0960613 0.0973425 0.0981181 0.0983777 0.0981181 0.0973425 0.0960613 0.0942914 0.0920563 0.0893856 0.0863143 0.0828829 0.079136 0.0751221 0.0708922 0.0664993 0.0619971 0.0574391 0.0528771 0.0483611 0.0439371 0.0396476 0.0355295 0.0316147 0.0279289 0.0244921 0.0213178 0.0184139 0.0157824 0.0134205 0.0113208 0.009472 0.00785971 0.00646726 0.00527632 0.00426768 0.00342179 0.00271939 0.00214193 0.00167191 0.00129318 0.000991085 0.000752578 0.000566209 0.000422105 0.000311884 0.000228544 0.000166331 0.000120603 8.76942e-05 6.47936e-05 4.98339e-05 4.14039e-05 
5.04638e-05 5.39797e-05 6.487e-05 8.41788e-05 0.000113701 0.000156061 0.000214823 0.000294621 0.000401308 0.000542119 0.000725832 0.000962918 0.00126566 0.00164826 0.00212684 0.00271939 0.0034457 0.00432704 0.00538586 0.00664532 0.00812873 0.00985883 0.011857 0.0141426 0.0167317 0.0196366 0.0228648 0.0264182 0.0302925 0.0344767 0.0389527 0.0436951 0.0486716 0.0538431 0.0591641 0.0645837 0.0700465 0.0754932 0.0808624 0.0860914 0.0911175 0.0958791 0.100317 0.104376 0.108004 0.111156 0.113792 0.115877 0.117386 0.118299 0.118605 0.118299 0.117386 0.115877 0.113792 0.111156 0.108004 0.104376 0.100317 0.0958791 0.0911175 0.0860914 0.0808624 0.0754932 0.0700465 0.0645837 0.0591641 0.0538431 0.0486716 0.0436951 0.0389527 0.0344767 0.0302925 0.0264182 0.0228648 0.0196366 0.0167317 0.0141426 0.011857 0.00985883 0.00812873 0.00664532 0.00538586 0.00432704 0.0034457 0.00271939 0.00212684 0.00164826 0.00126566 0.000962918 0.000725832 0.000542119 0.000401308 0.000294621 0.000214823 0.000156061 0.000113701 8.41788e-05 6.487e-05 5.39797e-05 
6.52505e-05 6.97543e-05 8.36981e-05 0.000108399 0.00014612 0.000200163 0.000275004 0.000376447 0.000511807 0.000690098 0.000922219 0.00122113 0.00160198 0.00208219 0.00268149 0.00342179 0.00432704 0.00542286 0.00673613 0.00829441 0.0101251 0.0122549 0.0147084 0.0175075 0.0206701 0.0242092 0.0281319 0.0324385 0.0371217 0.0421663 0.0475488 0.0532372 0.0591915 0.0653637 0.0716992 0.078137 0.0846113 0.0910526 0.0973891 0.103548 0.109457 0.115045 0.120246 0.124995 0.129235 0.132914 0.135988 0.138418 0.140175 0.141238 0.141594 0.141238 0.140175 0.138418 0.135988 0.132914 0.129235 0.124995 0.120246 0.115045 0.109457 0.103548 0.0973891 0.0910526 0.0846113 0.078137 0.0716992 0.0653637 0.0591915 0.0532372 0.0475488 0.0421663 0.0371217 0.0324385 0.0281319 0.0242092 0.0206701 0.0175075 0.0147084 0.0122549 0.0101251 0.00829441 0.00673613 0.00542286 0.00432704 0.00342179 0.00268149 0.00208219 0.00160198 0.00122113 0.000922219 0.000690098 0.000511807 0.000376447 0.000275004 0.000200163 0.00014612 0.000108399 8.36981e-05 6.97543e-05 
8.36306e-05 8.93491e-05 0.000107046 0.000138368 0.00018614 0.000254483 0.000348963 0.000476789 0.000647017 0.000870774 0.00116147 0.00153499 0.00200985 0.00260724 0.00335104 0.00426768 0.00538586 0.00673613 0.00835036 0.0102609 0.0124998 0.0150977 0.0180826 0.021479 0.0253064 0.0295779 0.0342998 0.0394698 0.045077 0.0511007 0.0575108 0.0642675 0.0713216 0.0786154 0.0860834 0.0936536 0.101249 0.108788 0.116189 0.123367 0.130241 0.13673 0.142759 0.148257 0.153158 0.157406 0.160952 0.163753 0.165777 0.167001 0.16741 0.167001 0.165777 0.163753 0.160952 0.157406 0.153158 0.148257 0.142759 0.13673 0.130241 0.123367 0.116189 0.108788 0.101249 0.0936536 0.0860834 0.0786154 0.0713216 0.0642675 0.0575108 0.0511007 0.045077 0.0394698 0.0342998 0.0295779 0.0253064 0.021479 0.0180826 0.0150977 0.0124998 0.0102609 0.00835036 0.00673613 0.00538586 0.00426768 0.00335104 0.00260724 0.00200985 0.00153499 0.00116147 0.000870774 0.000647017 0.000476789 0.000348963 0.000254483 0.00018614 0.000138368 0.000107046 8.93491e-05 
0.000106256 0.000113454 0.000135718 0.000175089 0.000235066 0.000320738 0.000438974 0.000598642 0.000810856 0.00108922 0.0014501 0.00191279 0.00249967 0.00323631 0.00415135 0.00527632 0.00664532 0.00829441 0.0102609 0.0125825 0.015296 0.0184363 0.022035 0.0261188 0.0307083 0.0358165 0.0414477 0.0475965 0.0542468 0.0613716 0.0689328 0.0768812 0.0851573 0.093692 0.102408 0.111221 0.120042 0.128777 0.137332 0.145613 0.153526 0.160982 0.167897 0.174193 0.179798 0.184651 0.188696 0.191889 0.194195 0.195589 0.196055 0.195589 0.194195 0.191889 0.188696 0.184651 0.179798 0.174193 0.167897 0.160982 0.153526 0.145613 0.137332 0.128777 0.120042 0.111221 0.102408 0.093692 0.0851573 0.0768812 0.0689328 0.0613716 0.0542468 0.0475965 0.0414477 0.0358165 0.0307083 0.0261188 0.022035 0.0184363 0.015296 0.0125825 0.0102609 0.00829441 0.00664532 0.00527632 0.00415135 0.00323631 0.00249967 0.00191279 0.0014501 0.00108922 0.000810856 0.000598642 0.000438974 0.000320738 0.000235066 0.000175089 0.000135718 0.000113454 
0.000133837 0.000142819 0.000170587 0.00021965 0.000294299 0.00040077 0.000547461 0.000745186 0.00100746 0.00135079 0.00179492 0.0023631 0.00308218 0.00398266 0.00509859 0.00646726 0.00812873 0.0101251 0.0124998 0.015296 0.0185556 0.0223181 0.026618 0.0314843 0.0369381 0.0429915 0.049646 0.0568917 0.0647063 0.0730549 0.08189 0.0911517 0.100769 0.110659 0.120733 0.130892 0.141034 0.151053 0.160843 0.170297 0.179312 0.187791 0.195639 0.202773 0.209116 0.214599 0.219165 0.222766 0.225365 0.226935 0.22746 0.226935 0.225365 0.222766 0.219165 0.214599 0.209116 0.202773 0.195639 0.187791 0.179312 0.170297 0.160843 0.151053 0.141034 0.130892 0.120733 0.110659 0.100769 0.0911517 0.08189 0.0730549 0.0647063 0.0568917 0.049646 0.0429915 0.0369381 0.0314843 0.026618 0.0223181 0.0185556 0.015296 0.0124998 0.0101251 0.00812873 0.00646726 0.00509859 0.00398266 0.00308218 0.0023631 0.00179492 0.00135079 0.00100746 0.000745186 0.000547461 0.00040077 0.000294299 0.00021965 0.000170587 0.000142819 
0.000167135 0.000178246 0.000212584 0.000273202 0.00036532 0.000496512 0.000676954 0.000919721 0.00124111 0.00166094 0.00220288 0.00289467 0.00376819 0.00485955 0.00620883 0.00785971 0.00985883 0.0122549 0.0150977 0.0184363 0.0223181 0.0267864 0.0318792 0.0376269 0.0440504 0.0511598 0.058953 0.0674141 0.0765133 0.0862062 0.0964344 0.107126 0.118195 0.129548 0.141078 0.152676 0.164223 0.175602 0.186692 0.197377 0.207544 0.217085 0.225901 0.233901 0.241001 0.247131 0.25223 0.256248 0.259146 0.260896 0.261481 0.260896 0.259146 0.256248 0.25223 0.247131 0.241001 0.233901 0.225901 0.217085 0.207544 0.197377 0.186692 0.175602 0.164223 0.152676 0.141078 0.129548 0.118195 0.107126 0.0964344 0.0862062 0.0765133 0.0674141 0.058953 0.0511598 0.0440504 0.0376269 0.0318792 0.0267864 0.0223181 0.0184363 0.0150977 0.0122549 0.00985883 0.00785971 0.00620883 0.00485955 0.00376819 0.00289467 0.00220288 0.00166094 0.00124111 0.000919721 0.000676954 0.000496512 0.00036532 0.000273202 0.000212584 0.000178246 
0.000206944 0.000220574 0.000262676 0.000336938 0.000449654 0.000609944 0.000830034 0.00112559 0.0015161 0.00202517 0.00268091 0.00351609 0.00456831 0.00587987 0.00749754 0.009472 0.011857 0.0147084 0.0180826 0.022035 0.026618 0.0318792 0.0378591 0.0445889 0.0520886 0.0603653 0.0694115 0.0792043 0.0897045 0.100857 0.11259 0.124818 0.137442 0.150351 0.163425 0.176538 0.189558 0.202354 0.214794 0.226751 0.238101 0.24873 0.258531 0.267407 0.275274 0.282056 0.28769 0.292125 0.295321 0.29725 0.297895 0.29725 0.295321 0.292125 0.28769 0.282056 0.275274 0.267407 0.258531 0.24873 0.238101 0.226751 0.214794 0.202354 0.189558 0.176538 0.163425 0.150351 0.137442 0.124818 0.11259 0.100857 0.0897045 0.0792043 0.0694115 0.0603653 0.0520886 0.0445889 0.0378591 0.0318792 0.026618 0.022035 0.0180826 0.0147084 0.011857 0.009472 0.00749754 0.00587987 0.00456831 0.00351609 0.00268091 0.00202517 0.0015161 0.00112559 0.000830034 0.000609944 0.000449654 0.000336938 0.000262676 0.000220574 
0.000254077 0.000270656 0.000321847 0.000412064 0.000548833 0.000743041 0.00100926 0.0013661 0.00183665 0.0024488 0.00323564 0.00423559 0.00549253 0.00705565 0.00897899 0.0113208 0.0141426 0.0175075 0.021479 0.0261188 0.0314843 0.0376269 0.0445889 0.0524016 0.061083 0.0706358 0.0810458 0.0922811 0.104292 0.11701 0.130349 0.14421 0.158475 0.173019 0.187706 0.202393 0.216935 0.231188 0.245007 0.258254 0.2708 0.282521 0.293307 0.303057 0.311683 0.319108 0.325269 0.330113 0.333601 0.335706 0.336409 0.335706 0.333601 0.330113 0.325269 0.319108 0.311683 0.303057 0.293307 0.282521 0.2708 0.258254 0.245007 0.231188 0.216935 0.202393 0.187706 0.173019 0.158475 0.14421 0.130349 0.11701 0.104292 0.0922811 0.0810458 0.0706358 0.061083 0.0524016 0.0445889 0.0376269 0.0314843 0.0261188 0.021479 0.0175075 0.0141426 0.0113208 0.00897899 0.00705565 0.00549253 0.00423559 0.00323564 0.0024488 0.00183665 0.0013661 0.00100926 0.000743041 0.000548833 0.000412064 0.000321847 0.000270656 
0.00030934 0.00032934 0.000391067 0.00049976 0.000664345 0.000897711 0.00121707 0.00164436 0.00220671 0.0029368 0.00387322 0.00506065 0.0065499 0.00839759 0.0106657 0.0134205 0.0167317 0.0206701 0.0253064 0.0307083 0.0369381 0.0440504 0.0520886 0.061083 0.0710483 0.0819811 0.093859 0.10664 0.12026 0.134638 0.149672 0.165244 0.181221 0.19746 0.213809 0.230108 0.246199 0.261924 0.277128 0.291666 0.305397 0.318197 0.329949 0.34055 0.349912 0.357958 0.364625 0.369861 0.373629 0.375901 0.37666 0.375901 0.373629 0.369861 0.364625 0.357958 0.349912 0.34055 0.329949 0.318197 0.305397 0.291666 0.277128 0.261924 0.246199 0.230108 0.213809 0.19746 0.181221 0.165244 0.149672 0.134638 0.12026 0.10664 0.093859 0.0819811 0.0710483 0.061083 0.0520886 0.0440504 0.0369381 0.0307083 0.0253064 0.0206701 0.0167317 0.0134205 0.0106657 0.00839759 0.0065499 0.00506065 0.00387322 0.0029368 0.00220671 0.00164436 0.00121707 0.000897711 0.000664345 0.00049976 0.000391067 0.00032934 
0.000373505 0.000397434 0.000471256 0.00060114 0.000797584 0.00107572 0.00145572 0.00196323 0.00262985 0.00349356 0.00459902 0.00599774 0.00774802 0.00991456 0.0125677 0.0157824 0.0196366 0.0242092 0.0295779 0.0358165 0.0429915 0.0511598 0.0603653 0.0706358 0.0819811 0.0943904 0.107831 0.122249 0.137565 0.153682 0.170481 0.187826 0.205565 0.223537 0.241573 0.2595 0.277143 0.294333 0.310906 0.326707 0.341594 0.355435 0.368114 0.379527 0.389587 0.398218 0.405359 0.410962 0.41499 0.417417 0.418227 0.417417 0.41499 0.410962 0.405359 0.398218 0.389587 0.379527 0.368114 0.355435 0.341594 0.326707 0.310906 0.294333 0.277143 0.2595 0.241573 0.223537 0.205565 0.187826 0.170481 0.153682 0.137565 0.122249 0.107831 0.0943904 0.0819811 0.0706358 0.0603653 0.0511598 0.0429915 0.0358165 0.0295779 0.0242092 0.0196366 0.0157824 0.0125677 0.00991456 0.00774802 0.00599774 0.00459902 0.00349356 0.00262985 0.00196323 0.00145572 0.00107572 0.000797584 0.00060114 0.000471256 0.000397434 
0.000447278 0.000475677 0.00056325 0.000717202 0.000949782 0.00127862 0.00172715 0.00232511 0.00310905 0.0041227 0.00541735 0.0070519 0.0090927 0.011613 0.0146921 0.0184139 0.0228648 0.0281319 0.0342998 0.0414477 0.049646 0.058953 0.0694115 0.0810458 0.093859 0.107831 0.122918 0.13905 0.156133 0.174051 0.192666 0.211823 0.231352 0.251072 0.270798 0.290341 0.309514 0.328136 0.346037 0.363054 0.379042 0.393868 0.407416 0.419584 0.430287 0.439454 0.447028 0.452962 0.457224 0.459791 0.460647 0.459791 0.457224 0.452962 0.447028 0.439454 0.430287 0.419584 0.407416 0.393868 0.379042 0.363054 0.346037 0.328136 0.309514 0.290341 0.270798 0.251072 0.231352 0.211823 0.192666 0.174051 0.156133 0.13905 0.122918 0.107831 0.093859 0.0810458 0.0694115 0.058953 0.049646 0.0414477 0.0342998 0.0281319 0.0228648 0.0184139 0.0146921 0.011613 0.0090927 0.0070519 0.00541735 0.0041227 0.00310905 0.00232511 0.00172715 0.00127862 0.000949782 0.000717202 0.00056325 0.000475677 
0.000531266 0.000564699 0.000667754 0.00084878 0.00112195 0.00150764 0.00203287 0.00273186 0.00364651 0.00482681 0.00633119 0.00822645 0.0105875 0.0134966 0.0170424 0.0213178 0.0264182 0.0324385 0.0394698 0.0475965 0.0568917 0.0674141 0.0792043 0.0922811 0.10664 0.122249 0.13905 0.156957 0.175859 0.19562 0.216081 0.237068 0.25839 0.279849 0.301241 0.322365 0.34302 0.363019 0.382181 0.400343 0.417357 0.433091 0.447432 0.460282 0.471561 0.481203 0.489155 0.495379 0.499844 0.502531 0.503428 0.502531 0.499844 0.495379 0.489155 0.481203 0.471561 0.460282 0.447432 0.433091 0.417357 0.400343 0.382181 0.363019 0.34302 0.322365 0.301241 0.279849 0.25839 0.237068 0.216081 0.19562 0.175859 0.156957 0.13905 0.122249 0.10664 0.0922811 0.0792043 0.0674141 0.0568917 0.0475965 0.0394698 0.0324385 0.0264182 0.0213178 0.0170424 0.0134966 0.0105875 0.00822645 0.00633119 0.00482681 0.00364651 0.00273186 0.00203287 0.00150764 0.00112195 0.00084878 0.000667754 0.000564699 
0.000625937 0.000664986 0.000785304 0.000996487 0.00131482 0.00176364 0.0023739 0.00318463 0.00424351 0.00560728 0.00734192 0.00952262 0.0122333 0.0155657 0.0196178 0.0244921 0.0302925 0.0371217 0.045077 0.0542468 0.0647063 0.0765133 0.0897045 0.104292 0.12026 0.137565 0.156133 0.175859 0.196613 0.218237 0.240552 0.263361 0.286456 0.309618 0.332629 0.355273 0.37734 0.398633 0.41897 0.438185 0.45613 0.472677 0.487719 0.501163 0.512937 0.522982 0.531253 0.537717 0.54235 0.545135 0.546065 0.545135 0.54235 0.537717 0.531253 0.522982 0.512937 0.501163 0.487719 0.472677 0.45613 0.438185 0.41897 0.398633 0.37734 0.355273 0.332629 0.309618 0.286456 0.263361 0.240552 0.218237 0.196613 0.175859 0.156133 0.137565 0.12026 0.104292 0.0897045 0.0765133 0.0647063 0.0542468 0.045077 0.0371217 0.0302925 0.0244921 0.0196178 0.0155657 0.0122333 0.00952262 0.00734192 0.00560728 0.00424351 0.00318463 0.0023739 0.00176364 0.00131482 0.000996487 0.000785304 0.000664986 
0.000731588 0.000776841 0.000916216 0.00116066 0.00152874 0.00204701 0.0027506 0.00368373 0.00490025 0.00646402 0.00844905 0.0109393 0.0140281 0.0178168 0.0224132 0.0279289 0.0344767 0.0421663 0.0511007 0.0613716 0.0730549 0.0862062 0.100857 0.11701 0.134638 0.153682 0.174051 0.19562 0.218237 0.241723 0.265875 0.290477 0.315299 0.340105 0.364663 0.388743 0.412128 0.434614 0.456018 0.476174 0.494939 0.51219 0.527827 0.541766 0.553945 0.564314 0.572836 0.579486 0.584247 0.587107 0.588062 0.587107 0.584247 0.579486 0.572836 0.564314 0.553945 0.541766 0.527827 0.51219 0.494939 0.476174 0.456018 0.434614 0.412128 0.388743 0.364663 0.340105 0.315299 0.290477 0.265875 0.241723 0.218237 0.19562 0.174051 0.153682 0.134638 0.11701 0.100857 0.0862062 0.0730549 0.0613716 0.0511007 0.0421663 0.0344767 0.0279289 0.0224132 0.0178168 0.0140281 0.0109393 0.00844905 0.00646402 0.00490025 0.00368373 0.0027506 0.00204701 0.00152874 0.00116066 0.000916216 0.000776841 
0.000848305 0.000900342 0.00106055 0.00134133 0.00176366 0.00235756 0.0031626 0.00422851 0.00561565 0.00739537 0.00965006 0.0124728 0.0159665 0.0202425 0.0254182 0.0316147 0.0389527 0.0475488 0.0575108 0.0689328 0.08189 0.0964344 0.11259 0.130349 0.149672 0.170481 0.192666 0.216081 0.240552 0.265875 0.291827 0.318168 0.344649 0.371019 0.397029 0.422441 0.447029 0.470589 0.492936 0.513907 0.533367 0.5512 0.567316 0.581644 0.59413 0.604737 0.613438 0.620217 0.625065 0.627975 0.628945 0.627975 0.625065 0.620217 0.613438 0.604737 0.59413 0.581644 0.567316 0.5512 0.533367 0.513907 0.492936 0.470589 0.447029 0.422441 0.397029 0.371019 0.344649 0.318168 0.291827 0.265875 0.240552 0.216081 0.192666 0.170481 0.149672 0.130349 0.11259 0.0964344 0.08189 0.0689328 0.0575108 0.0475488 0.0389527 0.0316147 0.0254182 0.0202425 0.0159665 0.0124728 0.00965006 0.00739537 0.00561565 0.00422851 0.0031626 0.00235756 0.00176366 0.00134133 0.00106055 0.000900342 
0.000975932 0.00103531 0.00121807 0.00153813 0.00201907 0.00269451 0.00360875 0.00481728 0.00638729 0.00839791 0.0109402 0.0141166 0.0180398 0.0228311 0.0286177 0.0355295 0.0436951 0.0532372 0.0642675 0.0768812 0.0911517 0.107126 0.124818 0.14421 0.165244 0.187826 0.211823 0.237068 0.263361 0.290477 0.318168 0.346174 0.374226 0.402057 0.429406 0.456027 0.48169 0.506188 0.52934 0.550991 0.571011 0.589297 0.605771 0.620374 0.633067 0.643824 0.65263 0.65948 0.664372 0.667306 0.668284 0.667306 0.664372 0.65948 0.65263 0.643824 0.633067 0.620374 0.605771 0.589297 0.571011 0.550991 0.52934 0.506188 0.48169 0.456027 0.429406 0.402057 0.374226 0.346174 0.318168 0.290477 0.263361 0.237068 0.211823 0.187826 0.165244 0.14421 0.124818 0.107126 0.0911517 0.0768812 0.0642675 0.0532372 0.0436951 0.0355295 0.0286177 0.0228311 0.0180398 0.0141166 0.0109402 0.00839791 0.00638729 0.00481728 0.00360875 0.00269451 0.00201907 0.00153813 0.00121807 0.00103531 
0.00111404 0.0011813 0.00138821 0.00175032 0.00229391 0.00305641 0.00408702 0.00544723 0.00721128 0.00946637 0.0123124 0.0158614 0.0202358 0.0255669 0.0319913 0.0396476 0.0486716 0.0591915 0.0713216 0.0851573 0.100769 0.118195 0.137442 0.158475 0.181221 0.205565 0.231352 0.25839 0.286456 0.315299 0.344649 0.374226 0.403742 0.432916 0.461477 0.489171 0.515767 0.541059 0.564871 0.587057 0.607498 0.626105 0.642813 0.657578 0.670376 0.681194 0.690033 0.696895 0.701789 0.704722 0.705699 0.704722 0.701789 0.696895 0.690033 0.681194 0.670376 0.657578 0.642813 0.626105 0.607498 0.587057 0.564871 0.541059 0.515767 0.489171 0.461477 0.432916 0.403742 0.374226 0.344649 0.315299 0.286456 0.25839 0.231352 0.205565 0.181221 0.158475 0.137442 0.118195 0.100769 0.0851573 0.0713216 0.0591915 0.0486716 0.0396476 0.0319913 0.0255669 0.0202358 0.0158614 0.0123124 0.00946637 0.00721128 0.00544723 0.00408702 0.00305641 0.00229391 0.00175032 0.00138821 0.0011813 
0.00126191 0.00133752 0.00157004 0.00197671 0.0025866 0.00344109 0.00459444 0.00611435 0.00808228 0.0105936 0.0137573 0.0176948 0.0225385 0.0284295 0.0355134 0.0439371 0.0538431 0.0653637 0.0786154 0.093692 0.110659 0.129548 0.150351 0.173019 0.19746 0.223537 0.251072 0.279849 0.309618 0.340105 0.371019 0.402057 0.432916 0.463302 0.492936 0.521557 0.548937 0.574873 0.599196 0.621772 0.642494 0.66129 0.678109 0.692925 0.705729 0.716525 0.725324 0.732144 0.737 0.739907 0.740875 0.739907 0.737 0.732144 0.725324 0.716525 0.705729 0.692925 0.678109 0.66129 0.642494 0.621772 0.599196 0.574873 0.548937 0.521557 0.492936 0.463302 0.432916 0.402057 0.371019 0.340105 0.309618 0.279849 0.251072 0.223537 0.19746 0.173019 0.150351 0.129548 0.110659 0.093692 0.0786154 0.0653637 0.0538431 0.0439371 0.0355134 0.0284295 0.0225385 0.0176948 0.0137573 0.0105936 0.00808228 0.00611435 0.00459444 0.00344109 0.0025866 0.00197671 0.00157004 0.00133752 
0.00141853 0.0015029 0.0017623 0.00221568 0.00289499 0.00384567 0.00512717 0.00681348 0.00899342 0.0117706 0.0152631 0.0196018 0.0249289 0.0313947 0.039154 0.0483611 0.0591641 0.0716992 0.0860834 0.102408 0.120733 0.141078 0.163425 0.187706 0.213809 0.241573 0.270798 0.301241 0.332629 0.364663 0.397029 0.429406 0.461477 0.492936 0.523495 0.552895 0.580906 0.607335 0.632022 0.654845 0.675713 0.69457 0.711385 0.726146 0.738864 0.749557 0.758251 0.764976 0.769758 0.772617 0.773569 0.772617 0.769758 0.764976 0.758251 0.749557 0.738864 0.726146 0.711385 0.69457 0.675713 0.654845 0.632022 0.607335 0.580906 0.552895 0.523495 0.492936 0.461477 0.429406 0.397029 0.364663 0.332629 0.301241 0.270798 0.241573 0.213809 0.187706 0.163425 0.141078 0.120733 0.102408 0.0860834 0.0716992 0.0591641 0.0483611 0.039154 0.0313947 0.0249289 0.0196018 0.0152631 0.0117706 0.00899342 0.00681348 0.00512717 0.00384567 0.00289499 0.00221568 0.0017623 0.0015029 
0.00158255 0.00167602 0.00196331 0.00246514 0.00321638 0.00426658 0.00568044 0.00753832 0.00993641 0.0129866 0.0168159 0.0215647 0.0273845 0.0344348 0.0428786 0.0528771 0.0645837 0.078137 0.0936536 0.111221 0.130892 0.152676 0.176538 0.202393 0.230108 0.2595 0.290341 0.322365 0.355273 0.388743 0.422441 0.456027 0.489171 0.521557 0.552895 0.582923 0.611418 0.638192 0.663101 0.686034 0.706922 0.725722 0.742423 0.757034 0.769581 0.7801 0.78863 0.795215 0.799889 0.802681 0.803609 0.802681 0.799889 0.795215 0.78863 0.7801 0.769581 0.757034 0.742423 0.725722 0.706922 0.686034 0.663101 0.638192 0.611418 0.582923 0.552895 0.521557 0.489171 0.456027 0.422441 0.388743 0.355273 0.322365 0.290341 0.2595 0.230108 0.202393 0.176538 0.152676 0.130892 0.111221 0.0936536 0.078137 0.0645837 0.0528771 0.0428786 0.0344348 0.0273845 0.0215647 0.0168159 0.0129866 0.00993641 0.00753832 0.00568044 0.00426658 0.00321638 0.00246514 0.00196331 0.00167602 
0.00175235 0.00185517 0.00217109 0.00272259 0.00354753 0.00469955 0.00624864 0.00828149 0.0109016 0.0142292 0.0183999 0.0235633 0.02988 0.0375183 0.0466488 0.0574391 0.0700465 0.0846113 0.101249 0.120042 0.141034 0.164223 0.189558 0.216935 0.246199 0.277143 0.309514 0.34302 0.37734 0.412128 0.447029 0.48169 0.515767 0.548937 0.580906 0.611418 0.640252 0.667234 0.692232 0.715152 0.735941 0.754579 0.771071 0.785447 0.797749 0.808031 0.816348 0.822753 0.827292 0.83 0.8309 0.83 0.827292 0.822753 0.816348 0.808031 0.797749 0.785447 0.771071 0.754579 0.735941 0.715152 0.692232 0.667234 0.640252 0.611418 0.580906 0.548937 0.515767 0.48169 0.447029 0.412128 0.37734 0.34302 0.309514 0.277143 0.246199 0.216935 0.189558 0.164223 0.141034 0.120042 0.101249 0.0846113 0.0700465 0.0574391 0.0466488 0.0375183 0.02988 0.0235633 0.0183999 0.0142292 0.0109016 0.00828149 0.00624864 0.00469955 0.00354753 0.00272259 0.00217109 0.00185517 
0.00192602 0.00203833 0.00238328 0.00298515 0.00388471 0.00513973 0.00682539 0.00903467 0.0118783 0.0154845 0.0199974 0.0255754 0.032388 0.0406114 0.0504235 0.0619971 0.0754932 0.0910526 0.108788 0.128777 0.151053 0.175602 0.202354 0.231188 0.261924 0.294333 0.328136 0.363019 0.398633 0.434614 0.470589 0.506188 0.541059 0.574873 0.607335 0.638192 0.667234 0.694298 0.719265 0.742061 0.762651 0.781033 0.797235 0.811305 0.823302 0.833297 0.841359 0.847552 0.851933 0.854544 0.855411 0.854544 0.851933 0.847552 0.841359 0.833297 0.823302 0.811305 0.797235 0.781033 0.762651 0.742061 0.719265 0.694298 0.667234 0.638192 0.607335 0.574873 0.541059 0.506188 0.470589 0.434614 0.398633 0.363019 0.328136 0.294333 0.261924 0.231188 0.202354 0.175602 0.151053 0.128777 0.108788 0.0910526 0.0754932 0.0619971 0.0504235 0.0406114 0.032388 0.0255754 0.0199974 0.0154845 0.0118783 0.00903467 0.00682539 0.00513973 0.00388471 0.00298515 0.00238328 0.00203833 
