0.000152709 0.00015676 0.000169035 0.000189892 0.00021993 0.000259983 0.000311121 0.000374644 0.000452076 0.000545154 0.000655817 0.000786186 0.000938545 0.00111531 0.00131898 0.00155214 0.00181735 0.00211715 0.00245396 0.00283002 0.00324736 0.00370767 0.00421227 0.004762 0.00535718 0.00599756 0.00668221 0.00740949 0.00817705 0.00898177 0.00981973 0.0106863 0.011576 0.0124828 0.0133998 0.0143198 0.015235 0.0161371 0.0170176 0.0178681 0.0186799 0.0194445 0.0201539 0.0208001 0.0213761 0.0218753 0.0222919 0.0226211 0.0228591 0.0230031 0.0230512 0.0230031 0.0228591 0.0226211 0.0222919 0.0218753 0.0213761 0.0208001 0.0201539 0.0194445 0.0186799 0.0178681 0.0170176 0.0161371 0.015235 0.0143198 0.0133998 0.0124828 0.011576 0.0106863 0.00981973 0.00898177 0.00817705 0.00740949 0.00668221 0.00599756 0.00535718 0.004762 0.00421227 0.00370767 0.00324736 0.00283002 0.00245396 0.00211715 0.00181735 0.00155214 0.00131898 0.00111531 0.000938545 0.000786186 0.000655817 0.000545154 0.000452076 0.000374644 0.000311121 0.000259983 0.00021993 0.000189892 0.000169035 0.00015676 
0.00015676 0.000160912 0.000173491 0.000194863 0.000225639 0.000266672 0.000319055 0.000384115 0.000463406 0.000558703 0.000671982 0.000805407 0.000961306 0.00114214 0.00135046 0.00158889 0.00186004 0.00216649 0.0025107 0.00289495 0.00332128 0.00379142 0.00430668 0.00486793 0.00547546 0.006129 0.00682758 0.00756953 0.00835243 0.00917309 0.0100275 0.0109109 0.0118178 0.0127419 0.0136764 0.0146138 0.015546 0.0164649 0.0173617 0.0182278 0.0190544 0.0198329 0.0205551 0.021213 0.0217993 0.0223073 0.0227314 0.0230665 0.0233087 0.0234552 0.0235042 0.0234552 0.0233087 0.0230665 0.0227314 0.0223073 0.0217993 0.021213 0.0205551 0.0198329 0.0190544 0.0182278 0.0173617 0.0164649 0.015546 0.0146138 0.0136764 0.0127419 0.0118178 0.0109109 0.0100275 0.00917309 0.00835243 0.00756953 0.00682758 0.006129 0.00547546 0.00486793 0.00430668 0.00379142 0.00332128 0.00289495 0.0025107 0.00216649 0.00186004 0.00158889 0.00135046 0.00114214 0.000961306 0.000805407 0.000671982 0.000558703 0.000463406 0.000384115 0.000319055 0.000266672 0.000225639 0.000194863 0.000173491 0.000160912 
0.000169035 0.000173491 0.000186988 0.000209918 0.000242929 0.000286929 0.000343077 0.000412783 0.000497698 0.000599701 0.000720889 0.000863552 0.00103015 0.00122328 0.00144565 0.0017 0.00198909 0.00231562 0.00268218 0.00309114 0.00354462 0.00404441 0.00459187 0.00518784 0.00583262 0.00652584 0.00726644 0.00805262 0.00888176 0.00975046 0.0106544 0.0115887 0.0125473 0.0135237 0.0145107 0.0155003 0.0164841 0.0174534 0.0183992 0.0193123 0.0201835 0.0210038 0.0217645 0.0224573 0.0230747 0.0236096 0.0240559 0.0244086 0.0246635 0.0248177 0.0248692 0.0248177 0.0246635 0.0244086 0.0240559 0.0236096 0.0230747 0.0224573 0.0217645 0.0210038 0.0201835 0.0193123 0.0183992 0.0174534 0.0164841 0.0155003 0.0145107 0.0135237 0.0125473 0.0115887 0.0106544 0.00975046 0.00888176 0.00805262 0.00726644 0.00652584 0.00583262 0.00518784 0.00459187 0.00404441 0.00354462 0.00309114 0.00268218 0.00231562 0.00198909 0.0017 0.00144565 0.00122328 0.00103015 0.000863552 0.000720889 0.000599701 0.000497698 0.000412783 0.000343077 0.000286929 0.000242929 0.000209918 0.000186988 0.000173491 
0.000189892 0.000194863 0.000209918 0.000235488 0.000272286 0.000321311 0.000383837 0.000461412 0.000555847 0.000669204 0.000803775 0.000962065 0.00114676 0.00136069 0.00160678 0.00188804 0.00220743 0.00256787 0.00297214 0.00342279 0.00392208 0.00447188 0.00507359 0.00572809 0.0064356 0.00719565 0.00800701 0.00886761 0.00977455 0.010724 0.0117114 0.0127311 0.0137766 0.0148409 0.015916 0.0169932 0.0180637 0.0191177 0.0201456 0.0211375 0.0220835 0.0229738 0.0237991 0.0245506 0.02522 0.0257998 0.0262836 0.0266658 0.026942 0.027109 0.0271648 0.027109 0.026942 0.0266658 0.0262836 0.0257998 0.02522 0.0245506 0.0237991 0.0229738 0.0220835 0.0211375 0.0201456 0.0191177 0.0180637 0.0169932 0.015916 0.0148409 0.0137766 0.0127311 0.0117114 0.010724 0.00977455 0.00886761 0.00800701 0.00719565 0.0064356 0.00572809 0.00507359 0.00447188 0.00392208 0.00342279 0.00297214 0.00256787 0.00220743 0.00188804 0.00160678 0.00136069 0.00114676 0.000962065 0.000803775 0.000669204 0.000555847 0.000461412 0.000383837 0.000321311 0.000272286 0.000235488 0.000209918 0.000194863 
0.00021993 0.000225639 0.000242929 0.000272286 0.000314517 0.000370747 0.000442416 0.000531269 0.000639344 0.000768959 0.000922688 0.00110334 0.00131391 0.00155757 0.00183758 0.00215726 0.0025199 0.00292874 0.00338679 0.00389687 0.00446141 0.00508242 0.00576138 0.00649915 0.00729587 0.00815091 0.00906277 0.0100291 0.0110464 0.0121106 0.0132161 0.0143569 0.0155256 0.0167143 0.0179141 0.0191155 0.0203084 0.0214823 0.0226263 0.0237296 0.0247812 0.0257704 0.026687 0.0275213 0.0282641 0.0289074 0.029444 0.0298677 0.0301739 0.0303591 0.030421 0.0303591 0.0301739 0.0298677 0.029444 0.0289074 0.0282641 0.0275213 0.026687 0.0257704 0.0247812 0.0237296 0.0226263 0.0214823 0.0203084 0.0191155 0.0179141 0.0167143 0.0155256 0.0143569 0.0132161 0.0121106 0.0110464 0.0100291 0.00906277 0.00815091 0.00729587 0.00649915 0.00576138 0.00508242 0.00446141 0.00389687 0.00338679 0.00292874 0.0025199 0.00215726 0.00183758 0.00155757 0.00131391 0.00110334 0.000922688 0.000768959 0.000639344 0.000531269 0.000442416 0.000370747 0.000314517 0.000272286 0.000242929 0.000225639 
0.000259983 0.000266672 0.000286929 0.000321311 0.000370747 0.000436533 0.000520324 0.00062412 0.000750261 0.000901398 0.00108047 0.00129069 0.00153547 0.0018184 0.00214317 0.00251354 0.00293321 0.0034058 0.00393469 0.00452297 0.00517333 0.00588793 0.00666834 0.00751541 0.00842916 0.00940873 0.0104523 0.011557 0.0127188 0.0139329 0.0151929 0.0164919 0.0178215 0.0191725 0.020535 0.0218982 0.0232507 0.0245806 0.0258757 0.0271239 0.0283129 0.0294308 0.0304661 0.0314079 0.0322462 0.0329718 0.0335769 0.0340547 0.0343999 0.0346085 0.0346784 0.0346085 0.0343999 0.0340547 0.0335769 0.0329718 0.0322462 0.0314079 0.0304661 0.0294308 0.0283129 0.0271239 0.0258757 0.0245806 0.0232507 0.0218982 0.020535 0.0191725 0.0178215 0.0164919 0.0151929 0.0139329 0.0127188 0.011557 0.0104523 0.00940873 0.00842916 0.00751541 0.00666834 0.00588793 0.00517333 0.00452297 0.00393469 0.0034058 0.00293321 0.00251354 0.00214317 0.0018184 0.00153547 0.00129069 0.00108047 0.000901398 0.000750261 0.00062412 0.000520324 0.000436533 0.000370747 0.000321311 0.000286929 0.000266672 
0.000311121 0.000319055 0.000343077 0.000383837 0.000442416 0.000520324 0.000619481 0.000742214 0.000891234 0.00106961 0.00128075 0.00152835 0.00181633 0.00214883 0.00253007 0.00296433 0.00345583 0.00400866 0.00462663 0.00531318 0.0060713 0.00690334 0.00781096 0.00879495 0.00985521 0.0109906 0.0121987 0.0134763 0.0148185 0.0162195 0.0176722 0.0191681 0.0206979 0.0222509 0.0238156 0.0253798 0.0269304 0.0284538 0.0299365 0.0313643 0.0327236 0.0340008 0.0351829 0.0362578 0.0372142 0.0380417 0.0387315 0.0392761 0.0396694 0.0399072 0.0399867 0.0399072 0.0396694 0.0392761 0.0387315 0.0380417 0.0372142 0.0362578 0.0351829 0.0340008 0.0327236 0.0313643 0.0299365 0.0284538 0.0269304 0.0253798 0.0238156 0.0222509 0.0206979 0.0191681 0.0176722 0.0162195 0.0148185 0.0134763 0.0121987 0.0109906 0.00985521 0.00879495 0.00781096 0.00690334 0.0060713 0.00531318 0.00462663 0.00400866 0.00345583 0.00296433 0.00253007 0.00214883 0.00181633 0.00152835 0.00128075 0.00106961 0.000891234 0.000742214 0.000619481 0.000520324 0.000442416 0.000383837 0.000343077 0.000319055 
0.000374644 0.000384115 0.000412783 0.000461412 0.000531269 0.00062412 0.000742214 0.000888269 0.00106545 0.00127733 0.00152788 0.00182138 0.00216238 0.00255565 0.00300607 0.00351854 0.0040979 0.00474877 0.00547549 0.00628193 0.00717137 0.00814641 0.00920878 0.0103592 0.0115974 0.0129217 0.0143295 0.0158164 0.0173769 0.019004 0.0206893 0.0224231 0.0241943 0.0259907 0.0277991 0.0296051 0.0313939 0.0331501 0.0348579 0.0365014 0.0380649 0.0395331 0.0408913 0.0421257 0.0432234 0.0441729 0.0449642 0.0455886 0.0460396 0.0463121 0.0464033 0.0463121 0.0460396 0.0455886 0.0449642 0.0441729 0.0432234 0.0421257 0.0408913 0.0395331 0.0380649 0.0365014 0.0348579 0.0331501 0.0313939 0.0296051 0.0277991 0.0259907 0.0241943 0.0224231 0.0206893 0.019004 0.0173769 0.0158164 0.0143295 0.0129217 0.0115974 0.0103592 0.00920878 0.00814641 0.00717137 0.00628193 0.00547549 0.00474877 0.0040979 0.00351854 0.00300607 0.00255565 0.00216238 0.00182138 0.00152788 0.00127733 0.00106545 0.000888269 0.000742214 0.00062412 0.000531269 0.000461412 0.000412783 0.000384115 
0.000452076 0.000463406 0.000497698 0.000555847 0.000639344 0.000750261 0.000891234 0.00106545 0.00127661 0.00152889 0.00182691 0.00217566 0.00258043 0.00304672 0.00358018 0.00418645 0.00487106 0.0056393 0.00649606 0.0074457 0.00849188 0.0096374 0.0108841 0.0122325 0.0136822 0.015231 0.0168755 0.0186105 0.0204294 0.022324 0.0242843 0.0262989 0.0283549 0.0304382 0.0325334 0.034624 0.036693 0.0387225 0.0406946 0.042591 0.044394 0.0460861 0.0476505 0.0490715 0.0503346 0.0514268 0.0523366 0.0530545 0.0535728 0.053886 0.0539908 0.053886 0.0535728 0.0530545 0.0523366 0.0514268 0.0503346 0.0490715 0.0476505 0.0460861 0.044394 0.042591 0.0406946 0.0387225 0.036693 0.034624 0.0325334 0.0304382 0.0283549 0.0262989 0.0242843 0.022324 0.0204294 0.0186105 0.0168755 0.015231 0.0136822 0.0122325 0.0108841 0.0096374 0.00849188 0.0074457 0.00649606 0.0056393 0.00487106 0.00418645 0.00358018 0.00304672 0.00258043 0.00217566 0.00182691 0.00152889 0.00127661 0.00106545 0.000891234 0.000750261 0.000639344 0.000555847 0.000497698 0.000463406 
0.000545154 0.000558703 0.000599701 0.000669204 0.000768959 0.000901398 0.00106961 0.00127733 0.00152889 0.00182916 0.00218353 0.0025978 0.0030781 0.00363082 0.00426246 0.00497951 0.00578831 0.00669487 0.00770474 0.0088228 0.0100531 0.0113987 0.0128614 0.0144418 0.0161388 0.0179498 0.0198706 0.0218949 0.0240148 0.0262205 0.0285003 0.0308409 0.0332273 0.035643 0.0380702 0.0404899 0.0428826 0.0452277 0.0475046 0.0496927 0.0517715 0.0537212 0.0555228 0.0571584 0.0586116 0.0598677 0.0609136 0.0617387 0.0623343 0.0626942 0.0628146 0.0626942 0.0623343 0.0617387 0.0609136 0.0598677 0.0586116 0.0571584 0.0555228 0.0537212 0.0517715 0.0496927 0.0475046 0.0452277 0.0428826 0.0404899 0.0380702 0.035643 0.0332273 0.0308409 0.0285003 0.0262205 0.0240148 0.0218949 0.0198706 0.0179498 0.0161388 0.0144418 0.0128614 0.0113987 0.0100531 0.0088228 0.00770474 0.00669487 0.00578831 0.00497951 0.00426246 0.00363082 0.0030781 0.0025978 0.00218353 0.00182916 0.00152889 0.00127733 0.00106961 0.000901398 0.000768959 0.000669204 0.000599701 0.000558703 
0.000655817 0.000671982 0.000720889 0.000803775 0.000922688 0.00108047 0.00128075 0.00152788 0.00182691 0.00218353 0.002604 0.00309504 0.00366378 0.00431757 0.00506391 0.00591023 0.00686377 0.00793137 0.00911929 0.010433 0.0118769 0.0134543 0.0151671 0.0170156 0.0189982 0.0211117 0.0233508 0.025708 0.0281738 0.0307366 0.0333829 0.0360969 0.0388612 0.0416568 0.044463 0.0472581 0.0500196 0.0527239 0.0553476 0.0578671 0.0602591 0.0625011 0.0645716 0.0664504 0.0681189 0.0695605 0.0707606 0.071707 0.07239 0.0728026 0.0729406 0.0728026 0.07239 0.071707 0.0707606 0.0695605 0.0681189 0.0664504 0.0645716 0.0625011 0.0602591 0.0578671 0.0553476 0.0527239 0.0500196 0.0472581 0.044463 0.0416568 0.0388612 0.0360969 0.0333829 0.0307366 0.0281738 0.025708 0.0233508 0.0211117 0.0189982 0.0170156 0.0151671 0.0134543 0.0118769 0.010433 0.00911929 0.00793137 0.00686377 0.00591023 0.00506391 0.00431757 0.00366378 0.00309504 0.002604 0.00218353 0.00182691 0.00152788 0.00128075 0.00108047 0.000922688 0.000803775 0.000720889 0.000671982 
0.000786186 0.000805407 0.000863552 0.000962065 0.00110334 0.00129069 0.00152835 0.00182138 0.00217566 0.0025978 0.00309504 0.00367518 0.00434643 0.00511725 0.00599623 0.00699189 0.00811244 0.00936564 0.0107585 0.0122971 0.0139863 0.0158296 0.0178288 0.0199839 0.0222928 0.0247514 0.0273531 0.0300891 0.0329481 0.0359164 0.0389781 0.042115 0.0453068 0.0485315 0.0517655 0.0549839 0.0581605 0.061269 0.0642824 0.067174 0.0699173 0.072487 0.0748588 0.0770098 0.0789192 0.0805682 0.0819404 0.0830223 0.083803 0.0842746 0.0844323 0.0842746 0.083803 0.0830223 0.0819404 0.0805682 0.0789192 0.0770098 0.0748588 0.072487 0.0699173 0.067174 0.0642824 0.061269 0.0581605 0.0549839 0.0517655 0.0485315 0.0453068 0.042115 0.0389781 0.0359164 0.0329481 0.0300891 0.0273531 0.0247514 0.0222928 0.0199839 0.0178288 0.0158296 0.0139863 0.0122971 0.0107585 0.00936564 0.00811244 0.00699189 0.00599623 0.00511725 0.00434643 0.00367518 0.00309504 0.0025978 0.00217566 0.00182138 0.00152835 0.00129069 0.00110334 0.000962065 0.000863552 0.000805407 
0.000938545 0.000961306 0.00103015 0.00114676 0.00131391 0.00153547 0.00181633 0.00216238 0.00258043 0.0030781 0.00366378 0.00434643 0.00513548 0.00604063 0.00707171 0.00823837 0.00954994 0.0110151 0.0126418 0.0144366 0.0164049 0.0185503 0.0208745 0.0233771 0.0260553 0.028904 0.031915 0.035078 0.0383795 0.0418037 0.0453318 0.0489427 0.0526133 0.056318 0.0600299 0.0637203 0.0673599 0.0709182 0.074365 0.0776699 0.0808032 0.0837363 0.0864418 0.0888943 0.0910702 0.0929486 0.0945112 0.0957429 0.0966314 0.097168 0.0973475 0.097168 0.0966314 0.0957429 0.0945112 0.0929486 0.0910702 0.0888943 0.0864418 0.0837363 0.0808032 0.0776699 0.074365 0.0709182 0.0673599 0.0637203 0.0600299 0.056318 0.0526133 0.0489427 0.0453318 0.0418037 0.0383795 0.035078 0.031915 0.028904 0.0260553 0.0233771 0.0208745 0.0185503 0.0164049 0.0144366 0.0126418 0.0110151 0.00954994 0.00823837 0.00707171 0.00604063 0.00513548 0.00434643 0.00366378 0.0030781 0.00258043 0.00216238 0.00181633 0.00153547 0.00131391 0.00114676 0.00103015 0.000961306 
0.00111531 0.00114214 0.00122328 0.00136069 0.00155757 0.0018184 0.00214883 0.00255565 0.00304672 0.00363082 0.00431757 0.00511725 0.00604063 0.0070988 0.00830288 0.00966382 0.0111921 0.0128975 0.0147888 0.0168732 0.0191564 0.0216423 0.0243322 0.0272254 0.030318 0.0336037 0.0370729 0.040713 0.0445084 0.0484404 0.0524875 0.0566254 0.0608271 0.0650638 0.0693046 0.0735169 0.0776674 0.0817218 0.0856459 0.0894057 0.0929677 0.0962998 0.0993716 0.102154 0.104622 0.106752 0.108523 0.109918 0.110925 0.111533 0.111736 0.111533 0.110925 0.109918 0.108523 0.106752 0.104622 0.102154 0.0993716 0.0962998 0.0929677 0.0894057 0.0856459 0.0817218 0.0776674 0.0735169 0.0693046 0.0650638 0.0608271 0.0566254 0.0524875 0.0484404 0.0445084 0.040713 0.0370729 0.0336037 0.030318 0.0272254 0.0243322 0.0216423 0.0191564 0.0168732 0.0147888 0.0128975 0.0111921 0.00966382 0.00830288 0.0070988 0.00604063 0.00511725 0.00431757 0.00363082 0.00304672 0.00255565 0.00214883 0.0018184 0.00155757 0.00136069 0.00122328 0.00114214 
0.00131898 0.00135046 0.00144565 0.00160678 0.00183758 0.00214317 0.00253007 0.00300607 0.00358018 0.00426246 0.00506391 0.00599623 0.00707171 0.00830288 0.00970233 0.0112824 0.0130548 0.0150304 0.0172188 0.019628 0.022264 0.0251306 0.0282291 0.0315577 0.0351118 0.0388834 0.0428612 0.0470302 0.0513722 0.0558656 0.0604854 0.0652039 0.0699902 0.0748115 0.0796325 0.0844167 0.0891264 0.0937231 0.0981683 0.102424 0.106453 0.110219 0.113689 0.116831 0.119616 0.122018 0.124015 0.125588 0.126722 0.127407 0.127636 0.127407 0.126722 0.125588 0.124015 0.122018 0.119616 0.116831 0.113689 0.110219 0.106453 0.102424 0.0981683 0.0937231 0.0891264 0.0844167 0.0796325 0.0748115 0.0699902 0.0652039 0.0604854 0.0558656 0.0513722 0.0470302 0.0428612 0.0388834 0.0351118 0.0315577 0.0282291 0.0251306 0.022264 0.019628 0.0172188 0.0150304 0.0130548 0.0112824 0.00970233 0.00830288 0.00707171 0.00599623 0.00506391 0.00426246 0.00358018 0.00300607 0.00253007 0.00214317 0.00183758 0.00160678 0.00144565 0.00135046 
0.00155214 0.00158889 0.0017 0.00188804 0.00215726 0.00251354 0.00296433 0.00351854 0.00418645 0.00497951 0.00591023 0.00699189 0.00823837 0.00966382 0.0112824 0.0131079 0.0151533 0.0174307 0.0199505 0.0227214 0.0257496 0.0290391 0.0325904 0.0364011 0.0404653 0.0447731 0.0493112 0.0540621 0.0590045 0.0641135 0.0693605 0.0747137 0.0801382 0.0855965 0.0910492 0.096455 0.101771 0.106956 0.111965 0.116757 0.12129 0.125525 0.129424 0.132952 0.136078 0.138773 0.141012 0.142776 0.144047 0.144815 0.145071 0.144815 0.144047 0.142776 0.141012 0.138773 0.136078 0.132952 0.129424 0.125525 0.12129 0.116757 0.111965 0.106956 0.101771 0.096455 0.0910492 0.0855965 0.0801382 0.0747137 0.0693605 0.0641135 0.0590045 0.0540621 0.0493112 0.0447731 0.0404653 0.0364011 0.0325904 0.0290391 0.0257496 0.0227214 0.0199505 0.0174307 0.0151533 0.0131079 0.0112824 0.00966382 0.00823837 0.00699189 0.00591023 0.00497951 0.00418645 0.00351854 0.00296433 0.00251354 0.00215726 0.00188804 0.0017 0.00158889 
0.00181735 0.00186004 0.00198909 0.00220743 0.0025199 0.00293321 0.00345583 0.0040979 0.00487106 0.00578831 0.00686377 0.00811244 0.00954994 0.0111921 0.0130548 0.0151533 0.0175021 0.0201142 0.0230012 0.0261721 0.0296336 0.0333892 0.0374391 0.0417797 0.0464036 0.051299 0.05645 0.0618364 0.0674334 0.0732125 0.0791411 0.0851829 0.0912986 0.097446 0.103581 0.109657 0.115627 0.121443 0.127057 0.132424 0.137497 0.142233 0.14659 0.150531 0.15402 0.157027 0.159525 0.161492 0.162909 0.163765 0.164051 0.163765 0.162909 0.161492 0.159525 0.157027 0.15402 0.150531 0.14659 0.142233 0.137497 0.132424 0.127057 0.121443 0.115627 0.109657 0.103581 0.097446 0.0912986 0.0851829 0.0791411 0.0732125 0.0674334 0.0618364 0.05645 0.051299 0.0464036 0.0417797 0.0374391 0.0333892 0.0296336 0.0261721 0.0230012 0.0201142 0.0175021 0.0151533 0.0130548 0.0111921 0.00954994 0.00811244 0.00686377 0.00578831 0.00487106 0.0040979 0.00345583 0.00293321 0.0025199 0.00220743 0.00198909 0.00186004 
0.00211715 0.00216649 0.00231562 0.00256787 0.00292874 0.0034058 0.00400866 0.00474877 0.0056393 0.00669487 0.00793137 0.00936564 0.0110151 0.0128975 0.0150304 0.0174307 0.0201142 0.0230953 0.0263863 0.0299967 0.0339334 0.0381996 0.0427947 0.0477138 0.0529477 0.0584824 0.0642992 0.0703746 0.0766802 0.0831835 0.0898473 0.0966308 0.10349 0.110377 0.117242 0.124035 0.130703 0.137193 0.143452 0.14943 0.155077 0.160344 0.165187 0.169564 0.173438 0.176775 0.179545 0.181726 0.183297 0.184245 0.184562 0.184245 0.183297 0.181726 0.179545 0.176775 0.173438 0.169564 0.165187 0.160344 0.155077 0.14943 0.143452 0.137193 0.130703 0.124035 0.117242 0.110377 0.10349 0.0966308 0.0898473 0.0831835 0.0766802 0.0703746 0.0642992 0.0584824 0.0529477 0.0477138 0.0427947 0.0381996 0.0339334 0.0299967 0.0263863 0.0230953 0.0201142 0.0174307 0.0150304 0.0128975 0.0110151 0.00936564 0.00793137 0.00669487 0.0056393 0.00474877 0.00400866 0.0034058 0.00292874 0.00256787 0.00231562 0.00216649 
0.00245396 0.0025107 0.00268218 0.00297214 0.00338679 0.00393469 0.00462663 0.00547549 0.00649606 0.00770474 0.00911929 0.0107585 0.0126418 0.0147888 0.0172188 0.0199505 0.0230012 0.0263863 0.0301189 0.0342091 0.0386637 0.0434855 0.0486727 0.0542191 0.0601134 0.0663389 0.0728738 0.0796911 0.0867584 0.0940386 0.10149 0.109066 0.116718 0.124393 0.132036 0.13959 0.146997 0.1542 0.161141 0.167764 0.174014 0.17984 0.185194 0.190029 0.194306 0.197988 0.201044 0.203449 0.205181 0.206226 0.206575 0.206226 0.205181 0.203449 0.201044 0.197988 0.194306 0.190029 0.185194 0.17984 0.174014 0.167764 0.161141 0.1542 0.146997 0.13959 0.132036 0.124393 0.116718 0.109066 0.10149 0.0940386 0.0867584 0.0796911 0.0728738 0.0663389 0.0601134 0.0542191 0.0486727 0.0434855 0.0386637 0.0342091 0.0301189 0.0263863 0.0230012 0.0199505 0.0172188 0.0147888 0.0126418 0.0107585 0.00911929 0.00770474 0.00649606 0.00547549 0.00462663 0.00393469 0.00338679 0.00297214 0.00268218 0.0025107 
0.00283002 0.00289495 0.00309114 0.00342279 0.00389687 0.00452297 0.00531318 0.00628193 0.0074457 0.0088228 0.010433 0.0122971 0.0144366 0.0168732 0.019628 0.0227214 0.0261721 0.0299967 0.0342091 0.0388198 0.0438351 0.0492574 0.0550836 0.0613057 0.06791 0.074877 0.0821813 0.0897921 0.0976724 0.10578 0.114069 0.122487 0.130979 0.139487 0.14795 0.156306 0.164492 0.172443 0.180098 0.187396 0.194277 0.200686 0.206571 0.211884 0.216579 0.22062 0.223973 0.226609 0.228508 0.229654 0.230037 0.229654 0.228508 0.226609 0.223973 0.22062 0.216579 0.211884 0.206571 0.200686 0.194277 0.187396 0.180098 0.172443 0.164492 0.156306 0.14795 0.139487 0.130979 0.122487 0.114069 0.10578 0.0976724 0.0897921 0.0821813 0.074877 0.06791 0.0613057 0.0550836 0.0492574 0.0438351 0.0388198 0.0342091 0.0299967 0.0261721 0.0227214 0.019628 0.0168732 0.0144366 0.0122971 0.010433 0.0088228 0.0074457 0.00628193 0.00531318 0.00452297 0.00389687 0.00342279 0.00309114 0.00289495 
0.00324736 0.00332128 0.00354462 0.00392208 0.00446141 0.00517333 0.0060713 0.00717137 0.00849188 0.0100531 0.0118769 0.0139863 0.0164049 0.0191564 0.022264 0.0257496 0.0296336 0.0339334 0.0386637 0.0438351 0.0494538 0.0555209 0.0620322 0.0689774 0.0763401 0.0840977 0.0922209 0.100674 0.109417 0.1184 0.127573 0.136878 0.146254 0.155637 0.164959 0.174154 0.183151 0.191882 0.20028 0.208278 0.215813 0.222826 0.22926 0.235064 0.240192 0.244602 0.248259 0.251135 0.253205 0.254454 0.254871 0.254454 0.253205 0.251135 0.248259 0.244602 0.240192 0.235064 0.22926 0.222826 0.215813 0.208278 0.20028 0.191882 0.183151 0.174154 0.164959 0.155637 0.146254 0.136878 0.127573 0.1184 0.109417 0.100674 0.0922209 0.0840977 0.0763401 0.0689774 0.0620322 0.0555209 0.0494538 0.0438351 0.0386637 0.0339334 0.0296336 0.0257496 0.022264 0.0191564 0.0164049 0.0139863 0.0118769 0.0100531 0.00849188 0.00717137 0.0060713 0.00517333 0.00446141 0.00392208 0.00354462 0.00332128 
0.00370767 0.00379142 0.00404441 0.00447188 0.00508242 0.00588793 0.00690334 0.00814641 0.0096374 0.0113987 0.0134543 0.0158296 0.0185503 0.0216423 0.0251306 0.0290391 0.0333892 0.0381996 0.0434855 0.0492574 0.0555209 0.0622762 0.0695172 0.0772312 0.0853988 0.0939936 0.102982 0.112325 0.121975 0.131879 0.141979 0.152212 0.16251 0.172804 0.183021 0.193085 0.202923 0.21246 0.221624 0.230343 0.238551 0.246183 0.25318 0.259488 0.265057 0.269844 0.273812 0.27693 0.279175 0.280529 0.280981 0.280529 0.279175 0.27693 0.273812 0.269844 0.265057 0.259488 0.25318 0.246183 0.238551 0.230343 0.221624 0.21246 0.202923 0.193085 0.183021 0.172804 0.16251 0.152212 0.141979 0.131879 0.121975 0.112325 0.102982 0.0939936 0.0853988 0.0772312 0.0695172 0.0622762 0.0555209 0.0492574 0.0434855 0.0381996 0.0333892 0.0290391 0.0251306 0.0216423 0.0185503 0.0158296 0.0134543 0.0113987 0.0096374 0.00814641 0.00690334 0.00588793 0.00508242 0.00447188 0.00404441 0.00379142 
0.00421227 0.00430668 0.00459187 0.00507359 0.00576138 0.00666834 0.00781096 0.00920878 0.0108841 0.0128614 0.0151671 0.0178288 0.0208745 0.0243322 0.0282291 0.0325904 0.0374391 0.0427947 0.0486727 0.0550836 0.0620322 0.0695172 0.0775304 0.0860565 0.0950726 0.104548 0.114446 0.12472 0.135319 0.146183 0.157248 0.168446 0.179701 0.190938 0.202076 0.213037 0.223739 0.234103 0.24405 0.253506 0.262399 0.270662 0.278231 0.285049 0.291065 0.296233 0.300515 0.303879 0.3063 0.30776 0.308247 0.30776 0.3063 0.303879 0.300515 0.296233 0.291065 0.285049 0.278231 0.270662 0.262399 0.253506 0.24405 0.234103 0.223739 0.213037 0.202076 0.190938 0.179701 0.168446 0.157248 0.146183 0.135319 0.12472 0.114446 0.104548 0.0950726 0.0860565 0.0775304 0.0695172 0.0620322 0.0550836 0.0486727 0.0427947 0.0374391 0.0325904 0.0282291 0.0243322 0.0208745 0.0178288 0.0151671 0.0128614 0.0108841 0.00920878 0.00781096 0.00666834 0.00576138 0.00507359 0.00459187 0.00430668 
0.004762 0.00486793 0.00518784 0.00572809 0.00649915 0.00751541 0.00879495 0.0103592 0.0122325 0.0144418 0.0170156 0.0199839 0.0233771 0.0272254 0.0315577 0.0364011 0.0417797 0.0477138 0.0542191 0.0613057 0.0689774 0.0772312 0.0860565 0.0954349 0.10534 0.115737 0.126582 0.137826 0.14941 0.161269 0.173333 0.185525 0.197765 0.209969 0.222053 0.23393 0.245513 0.256718 0.267461 0.277664 0.287249 0.296148 0.304292 0.311624 0.318088 0.323639 0.328235 0.331845 0.334442 0.336007 0.33653 0.336007 0.334442 0.331845 0.328235 0.323639 0.318088 0.311624 0.304292 0.296148 0.287249 0.277664 0.267461 0.256718 0.245513 0.23393 0.222053 0.209969 0.197765 0.185525 0.173333 0.161269 0.14941 0.137826 0.126582 0.115737 0.10534 0.0954349 0.0860565 0.0772312 0.0689774 0.0613057 0.0542191 0.0477138 0.0417797 0.0364011 0.0315577 0.0272254 0.0233771 0.0199839 0.0170156 0.0144418 0.0122325 0.0103592 0.00879495 0.00751541 0.00649915 0.00572809 0.00518784 0.00486793 
0.00535718 0.00547546 0.00583262 0.0064356 0.00729587 0.00842916 0.00985521 0.0115974 0.0136822 0.0161388 0.0189982 0.0222928 0.0260553 0.030318 0.0351118 0.0404653 0.0464036 0.0529477 0.0601134 0.06791 0.0763401 0.0853988 0.0950726 0.10534 0.11617 0.127523 0.139351 0.151597 0.164198 0.177081 0.19017 0.20338 0.216626 0.229818 0.242862 0.255668 0.268143 0.280196 0.291741 0.302693 0.312974 0.322508 0.331227 0.33907 0.345981 0.351911 0.356819 0.360672 0.363443 0.365113 0.365671 0.365113 0.363443 0.360672 0.356819 0.351911 0.345981 0.33907 0.331227 0.322508 0.312974 0.302693 0.291741 0.280196 0.268143 0.255668 0.242862 0.229818 0.216626 0.20338 0.19017 0.177081 0.164198 0.151597 0.139351 0.127523 0.11617 0.10534 0.0950726 0.0853988 0.0763401 0.06791 0.0601134 0.0529477 0.0464036 0.0404653 0.0351118 0.030318 0.0260553 0.0222928 0.0189982 0.0161388 0.0136822 0.0115974 0.00985521 0.00842916 0.00729587 0.0064356 0.00583262 0.00547546 
0.00599756 0.006129 0.00652584 0.00719565 0.00815091 0.00940873 0.0109906 0.0129217 0.015231 0.0179498 0.0211117 0.0247514 0.028904 0.0336037 0.0388834 0.0447731 0.051299 0.0584824 0.0663389 0.074877 0.0840977 0.0939936 0.104548 0.115737 0.127523 0.139862 0.152702 0.165978 0.17962 0.19355 0.207683 0.22193 0.236197 0.250386 0.264401 0.278141 0.291511 0.304415 0.31676 0.328459 0.339429 0.349594 0.358882 0.36723 0.37458 0.380884 0.386099 0.39019 0.393132 0.394905 0.395497 0.394905 0.393132 0.39019 0.386099 0.380884 0.37458 0.36723 0.358882 0.349594 0.339429 0.328459 0.31676 0.304415 0.291511 0.278141 0.264401 0.250386 0.236197 0.22193 0.207683 0.19355 0.17962 0.165978 0.152702 0.139862 0.127523 0.115737 0.104548 0.0939936 0.0840977 0.074877 0.0663389 0.0584824 0.051299 0.0447731 0.0388834 0.0336037 0.028904 0.0247514 0.0211117 0.0179498 0.015231 0.0129217 0.0109906 0.00940873 0.00815091 0.00719565 0.00652584 0.006129 
0.00668221 0.00682758 0.00726644 0.00800701 0.00906277 0.0104523 0.0121987 0.0143295 0.0168755 0.0198706 0.0233508 0.0273531 0.031915 0.0370729 0.0428612 0.0493112 0.05645 0.0642992 0.0728738 0.0821813 0.0922209 0.102982 0.114446 0.126582 0.139351 0.152702 0.166575 0.180901 0.195604 0.210596 0.225787 0.241081 0.256375 0.271567 0.286553 0.301227 0.315488 0.329236 0.342374 0.35481 0.366461 0.377245 0.38709 0.395931 0.403711 0.410378 0.415891 0.420215 0.423322 0.425194 0.425819 0.425194 0.423322 0.420215 0.415891 0.410378 0.403711 0.395931 0.38709 0.377245 0.366461 0.35481 0.342374 0.329236 0.315488 0.301227 0.286553 0.271567 0.256375 0.241081 0.225787 0.210596 0.195604 0.180901 0.166575 0.152702 0.139351 0.126582 0.114446 0.102982 0.0922209 0.0821813 0.0728738 0.0642992 0.05645 0.0493112 0.0428612 0.0370729 0.031915 0.0273531 0.0233508 0.0198706 0.0168755 0.0143295 0.0121987 0.0104523 0.00906277 0.00800701 0.00726644 0.00682758 
0.00740949 0.00756953 0.00805262 0.00886761 0.0100291 0.011557 0.0134763 0.0158164 0.0186105 0.0218949 0.025708 0.0300891 0.035078 0.040713 0.0470302 0.0540621 0.0618364 0.0703746 0.0796911 0.0897921 0.100674 0.112325 0.12472 0.137826 0.151597 0.165978 0.180901 0.196292 0.212066 0.228129 0.244384 0.260727 0.277048 0.29324 0.309191 0.324791 0.339932 0.354511 0.368427 0.381586 0.3939 0.405287 0.415674 0.424993 0.433187 0.440205 0.446004 0.450551 0.453817 0.455785 0.456442 0.455785 0.453817 0.450551 0.446004 0.440205 0.433187 0.424993 0.415674 0.405287 0.3939 0.381586 0.368427 0.354511 0.339932 0.324791 0.309191 0.29324 0.277048 0.260727 0.244384 0.228129 0.212066 0.196292 0.180901 0.165978 0.151597 0.137826 0.12472 0.112325 0.100674 0.0897921 0.0796911 0.0703746 0.0618364 0.0540621 0.0470302 0.040713 0.035078 0.0300891 0.025708 0.0218949 0.0186105 0.0158164 0.0134763 0.011557 0.0100291 0.00886761 0.00805262 0.00756953 
0.00817705 0.00835243 0.00888176 0.00977455 0.0110464 0.0127188 0.0148185 0.0173769 0.0204294 0.0240148 0.0281738 0.0329481 0.0383795 0.0445084 0.0513722 0.0590045 0.0674334 0.0766802 0.0867584 0.0976724 0.109417 0.121975 0.135319 0.14941 0.164198 0.17962 0.195604 0.212066 0.228915 0.246051 0.263368 0.280754 0.298096 0.315276 0.332179 0.348688 0.364693 0.380084 0.394758 0.408617 0.421573 0.433541 0.444448 0.454225 0.462816 0.470168 0.476241 0.480999 0.484416 0.486474 0.487161 0.486474 0.484416 0.480999 0.476241 0.470168 0.462816 0.454225 0.444448 0.433541 0.421573 0.408617 0.394758 0.380084 0.364693 0.348688 0.332179 0.315276 0.298096 0.280754 0.263368 0.246051 0.228915 0.212066 0.195604 0.17962 0.164198 0.14941 0.135319 0.121975 0.109417 0.0976724 0.0867584 0.0766802 0.0674334 0.0590045 0.0513722 0.0445084 0.0383795 0.0329481 0.0281738 0.0240148 0.0204294 0.0173769 0.0148185 0.0127188 0.0110464 0.00977455 0.00888176 0.00835243 
0.00898177 0.00917309 0.00975046 0.010724 0.0121106 0.0139329 0.0162195 0.019004 0.022324 0.0262205 0.0307366 0.0359164 0.0418037 0.0484404 0.0558656 0.0641135 0.0732125 0.0831835 0.0940386 0.10578 0.1184 0.131879 0.146183 0.161269 0.177081 0.19355 0.210596 0.228129 0.246051 0.264253 0.282622 0.301041 0.319387 0.337538 0.355373 0.37277 0.389613 0.40579 0.421194 0.435728 0.449298 0.461822 0.473223 0.483435 0.4924 0.500068 0.506398 0.511355 0.514914 0.517056 0.517772 0.517056 0.514914 0.511355 0.506398 0.500068 0.4924 0.483435 0.473223 0.461822 0.449298 0.435728 0.421194 0.40579 0.389613 0.37277 0.355373 0.337538 0.319387 0.301041 0.282622 0.264253 0.246051 0.228129 0.210596 0.19355 0.177081 0.161269 0.146183 0.131879 0.1184 0.10578 0.0940386 0.0831835 0.0732125 0.0641135 0.0558656 0.0484404 0.0418037 0.0359164 0.0307366 0.0262205 0.022324 0.019004 0.0162195 0.0139329 0.0121106 0.010724 0.00975046 0.00917309 
0.00981973 0.0100275 0.0106544 0.0117114 0.0132161 0.0151929 0.0176722 0.0206893 0.0242843 0.0285003 0.0333829 0.0389781 0.0453318 0.0524875 0.0604854 0.0693605 0.0791411 0.0898473 0.10149 0.114069 0.127573 0.141979 0.157248 0.173333 0.19017 0.207683 0.225787 0.244384 0.263368 0.282622 0.302028 0.321459 0.340787 0.359885 0.378623 0.396879 0.41453 0.431462 0.447566 0.462741 0.476895 0.489943 0.50181 0.51243 0.521745 0.529707 0.536275 0.541417 0.545107 0.547328 0.548069 0.547328 0.545107 0.541417 0.536275 0.529707 0.521745 0.51243 0.50181 0.489943 0.476895 0.462741 0.447566 0.431462 0.41453 0.396879 0.378623 0.359885 0.340787 0.321459 0.302028 0.282622 0.263368 0.244384 0.225787 0.207683 0.19017 0.173333 0.157248 0.141979 0.127573 0.114069 0.10149 0.0898473 0.0791411 0.0693605 0.0604854 0.0524875 0.0453318 0.0389781 0.0333829 0.0285003 0.0242843 0.0206893 0.0176722 0.0151929 0.0132161 0.0117114 0.0106544 0.0100275 
0.0106863 0.0109109 0.0115887 0.0127311 0.0143569 0.0164919 0.0191681 0.0224231 0.0262989 0.0308409 0.0360969 0.042115 0.0489427 0.0566254 0.0652039 0.0747137 0.0851829 0.0966308 0.109066 0.122487 0.136878 0.152212 0.168446 0.185525 0.20338 0.22193 0.241081 0.260727 0.280754 0.301041 0.321459 0.341876 0.362158 0.38217 0.40178 0.420859 0.439282 0.456932 0.473699 0.489479 0.504181 0.517719 0.53002 0.541018 0.550657 0.55889 0.565677 0.570988 0.574797 0.57709 0.577855 0.57709 0.574797 0.570988 0.565677 0.55889 0.550657 0.541018 0.53002 0.517719 0.504181 0.489479 0.473699 0.456932 0.439282 0.420859 0.40178 0.38217 0.362158 0.341876 0.321459 0.301041 0.280754 0.260727 0.241081 0.22193 0.20338 0.185525 0.168446 0.152212 0.136878 0.122487 0.109066 0.0966308 0.0851829 0.0747137 0.0652039 0.0566254 0.0489427 0.042115 0.0360969 0.0308409 0.0262989 0.0224231 0.0191681 0.0164919 0.0143569 0.0127311 0.0115887 0.0109109 
0.011576 0.0118178 0.0125473 0.0137766 0.0155256 0.0178215 0.0206979 0.0241943 0.0283549 0.0332273 0.0388612 0.0453068 0.0526133 0.0608271 0.0699902 0.0801382 0.0912986 0.10349 0.116718 0.130979 0.146254 0.16251 0.179701 0.197765 0.216626 0.236197 0.256375 0.277048 0.298096 0.319387 0.340787 0.362158 0.383358 0.404248 0.424691 0.444553 0.463708 0.482035 0.499423 0.515769 0.53098 0.544972 0.557672 0.569016 0.578951 0.587429 0.594415 0.599877 0.603795 0.606151 0.606938 0.606151 0.603795 0.599877 0.594415 0.587429 0.578951 0.569016 0.557672 0.544972 0.53098 0.515769 0.499423 0.482035 0.463708 0.444553 0.424691 0.404248 0.383358 0.362158 0.340787 0.319387 0.298096 0.277048 0.256375 0.236197 0.216626 0.197765 0.179701 0.16251 0.146254 0.130979 0.116718 0.10349 0.0912986 0.0801382 0.0699902 0.0608271 0.0526133 0.0453068 0.0388612 0.0332273 0.0283549 0.0241943 0.0206979 0.0178215 0.0155256 0.0137766 0.0125473 0.0118178 
0.0124828 0.0127419 0.0135237 0.0148409 0.0167143 0.0191725 0.0222509 0.0259907 0.0304382 0.035643 0.0416568 0.0485315 0.056318 0.0650638 0.0748115 0.0855965 0.097446 0.110377 0.124393 0.139487 0.155637 0.172804 0.190938 0.209969 0.229818 0.250386 0.271567 0.29324 0.315276 0.337538 0.359885 0.38217 0.404248 0.425974 0.447206 0.467808 0.48765 0.50661 0.524575 0.541443 0.557122 0.571529 0.584592 0.596249 0.606449 0.615148 0.62231 0.627908 0.631921 0.634334 0.635139 0.634334 0.631921 0.627908 0.62231 0.615148 0.606449 0.596249 0.584592 0.571529 0.557122 0.541443 0.524575 0.50661 0.48765 0.467808 0.447206 0.425974 0.404248 0.38217 0.359885 0.337538 0.315276 0.29324 0.271567 0.250386 0.229818 0.209969 0.190938 0.172804 0.155637 0.139487 0.124393 0.110377 0.097446 0.0855965 0.0748115 0.0650638 0.056318 0.0485315 0.0416568 0.035643 0.0304382 0.0259907 0.0222509 0.0191725 0.0167143 0.0148409 0.0135237 0.0127419 
0.0133998 0.0136764 0.0145107 0.015916 0.0179141 0.020535 0.0238156 0.0277991 0.0325334 0.0380702 0.044463 0.0517655 0.0600299 0.0693046 0.0796325 0.0910492 0.103581 0.117242 0.132036 0.14795 0.164959 0.183021 0.202076 0.222053 0.242862 0.264401 0.286553 0.309191 0.332179 0.355373 0.378623 0.40178 0.424691 0.447206 0.46918 0.490473 0.510954 0.5305 0.548997 0.566343 0.582447 0.597228 0.610617 0.622554 0.632989 0.641882 0.649199 0.654914 0.65901 0.661473 0.662294 0.661473 0.65901 0.654914 0.649199 0.641882 0.632989 0.622554 0.610617 0.597228 0.582447 0.566343 0.548997 0.5305 0.510954 0.490473 0.46918 0.447206 0.424691 0.40178 0.378623 0.355373 0.332179 0.309191 0.286553 0.264401 0.242862 0.222053 0.202076 0.183021 0.164959 0.14795 0.132036 0.117242 0.103581 0.0910492 0.0796325 0.0693046 0.0600299 0.0517655 0.044463 0.0380702 0.0325334 0.0277991 0.0238156 0.020535 0.0179141 0.015916 0.0145107 0.0136764 
0.0143198 0.0146138 0.0155003 0.0169932 0.0191155 0.0218982 0.0253798 0.0296051 0.034624 0.0404899 0.0472581 0.0549839 0.0637203 0.0735169 0.0844167 0.096455 0.109657 0.124035 0.13959 0.156306 0.174154 0.193085 0.213037 0.23393 0.255668 0.278141 0.301227 0.324791 0.348688 0.37277 0.396879 0.420859 0.444553 0.467808 0.490473 0.512408 0.533478 0.553561 0.572542 0.59032 0.606806 0.621921 0.635598 0.64778 0.658421 0.667481 0.674931 0.680748 0.684914 0.687418 0.688254 0.687418 0.684914 0.680748 0.674931 0.667481 0.658421 0.64778 0.635598 0.621921 0.606806 0.59032 0.572542 0.553561 0.533478 0.512408 0.490473 0.467808 0.444553 0.420859 0.396879 0.37277 0.348688 0.324791 0.301227 0.278141 0.255668 0.23393 0.213037 0.193085 0.174154 0.156306 0.13959 0.124035 0.109657 0.096455 0.0844167 0.0735169 0.0637203 0.0549839 0.0472581 0.0404899 0.034624 0.0296051 0.0253798 0.0218982 0.0191155 0.0169932 0.0155003 0.0146138 
0.015235 0.015546 0.0164841 0.0180637 0.0203084 0.0232507 0.0269304 0.0313939 0.036693 0.0428826 0.0500196 0.0581605 0.0673599 0.0776674 0.0891264 0.101771 0.115627 0.130703 0.146997 0.164492 0.183151 0.202923 0.223739 0.245513 0.268143 0.291511 0.315488 0.339932 0.364693 0.389613 0.41453 0.439282 0.463708 0.48765 0.510954 0.533478 0.555087 0.575656 0.595073 0.613238 0.630063 0.645472 0.6594 0.671794 0.68261 0.691813 0.699375 0.705276 0.709501 0.71204 0.712887 0.71204 0.709501 0.705276 0.699375 0.691813 0.68261 0.671794 0.6594 0.645472 0.630063 0.613238 0.595073 0.575656 0.555087 0.533478 0.510954 0.48765 0.463708 0.439282 0.41453 0.389613 0.364693 0.339932 0.315488 0.291511 0.268143 0.245513 0.223739 0.202923 0.183151 0.164492 0.146997 0.130703 0.115627 0.101771 0.0891264 0.0776674 0.0673599 0.0581605 0.0500196 0.0428826 0.036693 0.0313939 0.0269304 0.0232507 0.0203084 0.0180637 0.0164841 0.015546 
0.0161371 0.0164649 0.0174534 0.0191177 0.0214823 0.0245806 0.0284538 0.0331501 0.0387225 0.0452277 0.0527239 0.061269 0.0709182 0.0817218 0.0937231 0.106956 0.121443 0.137193 0.1542 0.172443 0.191882 0.21246 0.234103 0.256718 0.280196 0.304415 0.329236 0.354511 0.380084 0.40579 0.431462 0.456932 0.482035 0.50661 0.5305 0.553561 0.575656 0.596662 0.616468 0.634975 0.652096 0.667759 0.681903 0.694477 0.70544 0.714761 0.722415 0.728385 0.732658 0.735224 0.73608 0.735224 0.732658 0.728385 0.722415 0.714761 0.70544 0.694477 0.681903 0.667759 0.652096 0.634975 0.616468 0.596662 0.575656 0.553561 0.5305 0.50661 0.482035 0.456932 0.431462 0.40579 0.380084 0.354511 0.329236 0.304415 0.280196 0.256718 0.234103 0.21246 0.191882 0.172443 0.1542 0.137193 0.121443 0.106956 0.0937231 0.0817218 0.0709182 0.061269 0.0527239 0.0452277 0.0387225 0.0331501 0.0284538 0.0245806 0.0214823 0.0191177 0.0174534 0.0164649 
0.0170176 0.0173617 0.0183992 0.0201456 0.0226263 0.0258757 0.0299365 0.0348579 0.0406946 0.0475046 0.0553476 0.0642824 0.074365 0.0856459 0.0981683 0.111965 0.127057 0.143452 0.161141 0.180098 0.20028 0.221624 0.24405 0.267461 0.291741 0.31676 0.342374 0.368427 0.394758 0.421194 0.447566 0.473699 0.499423 0.524575 0.548997 0.572542 0.595073 0.616468 0.636616 0.65542 0.672798 0.688678 0.703004 0.715727 0.726811 0.736227 0.743955 0.749979 0.754289 0.756877 0.75774 0.756877 0.754289 0.749979 0.743955 0.736227 0.726811 0.715727 0.703004 0.688678 0.672798 0.65542 0.636616 0.616468 0.595073 0.572542 0.548997 0.524575 0.499423 0.473699 0.447566 0.421194 0.394758 0.368427 0.342374 0.31676 0.291741 0.267461 0.24405 0.221624 0.20028 0.180098 0.161141 0.143452 0.127057 0.111965 0.0981683 0.0856459 0.074365 0.0642824 0.0553476 0.0475046 0.0406946 0.0348579 0.0299365 0.0258757 0.0226263 0.0201456 0.0183992 0.0173617 
0.0178681 0.0182278 0.0193123 0.0211375 0.0237296 0.0271239 0.0313643 0.0365014 0.042591 0.0496927 0.0578671 0.067174 0.0776699 0.0894057 0.102424 0.116757 0.132424 0.14943 0.167764 0.187396 0.208278 0.230343 0.253506 0.277664 0.302693 0.328459 0.35481 0.381586 0.408617 0.435728 0.462741 0.489479 0.515769 0.541443 0.566343 0.59032 0.613238 0.634975 0.65542 0.674481 0.692077 0.708139 0.722614 0.735459 0.74664 0.756131 0.763916 0.76998 0.774317 0.776921 0.77779 0.776921 0.774317 0.76998 0.763916 0.756131 0.74664 0.735459 0.722614 0.708139 0.692077 0.674481 0.65542 0.634975 0.613238 0.59032 0.566343 0.541443 0.515769 0.489479 0.462741 0.435728 0.408617 0.381586 0.35481 0.328459 0.302693 0.277664 0.253506 0.230343 0.208278 0.187396 0.167764 0.14943 0.132424 0.116757 0.102424 0.0894057 0.0776699 0.067174 0.0578671 0.0496927 0.042591 0.0365014 0.0313643 0.0271239 0.0237296 0.0211375 0.0193123 0.0182278 
