3.48113e-07 3.77274e-07 4.68436e-07 6.32915e-07 8.9055e-07 1.27118e-06 1.81673e-06 2.58395e-06 3.64784e-06 5.10559e-06 7.08131e-06 9.73113e-06 1.32488e-05 1.78714e-05 2.38851e-05 3.16305e-05 4.1507e-05 5.39759e-05 6.95616e-05 8.88506e-05 0.000112487 0.000141165 0.000175615 0.000216592 0.00026485 0.000321117 0.000386071 0.000460303 0.000544284 0.00063833 0.000742567 0.000856899 0.000980983 0.0011142 0.00125565 0.00140415 0.00155821 0.00171611 0.00187585 0.00203525 0.00219199 0.00234361 0.00248766 0.00262167 0.00274331 0.00285037 0.00294087 0.00301313 0.00306576 0.00309775 0.00310848 0.00309775 0.00306576 0.00301313 0.00294087 0.00285037 0.00274331 0.00262167 0.00248766 0.00234361 0.00219199 0.00203525 0.00187585 0.00171611 0.00155821 0.00140415 0.00125565 0.0011142 0.000980983 0.000856899 0.000742567 0.00063833 0.000544284 0.000460303 0.000386071 0.000321117 0.00026485 0.000216592 0.000175615 0.000141165 0.000112487 8.88506e-05 6.95616e-05 5.39759e-05 4.1507e-05 3.16305e-05 2.38851e-05 1.78714e-05 1.32488e-05 9.73113e-06 7.08131e-06 5.10559e-06 3.64784e-06 2.58395e-06 1.81673e-06 1.27118e-06 8.9055e-07 6.32915e-07 4.68436e-07 3.77274e-07 
3.77274e-07 4.0878e-07 5.07253e-07 6.84866e-07 9.62949e-07 1.37356e-06 1.96174e-06 2.78839e-06 3.93391e-06 5.50245e-06 7.62685e-06 1.04741e-05 1.42512e-05 1.92112e-05 2.56593e-05 3.39584e-05 4.45333e-05 5.78744e-05 7.45387e-05 9.51481e-05 0.000120385 0.000150983 0.000187716 0.000231377 0.000282762 0.000342636 0.000411709 0.000490599 0.000579794 0.000679619 0.000790197 0.000911417 0.0010429 0.001184 0.00133373 0.00149085 0.00165379 0.0018207 0.0019895 0.00215789 0.00232339 0.00248345 0.00263546 0.00277685 0.00290515 0.00301806 0.00311349 0.00318966 0.00324514 0.00327886 0.00329018 0.00327886 0.00324514 0.00318966 0.00311349 0.00301806 0.00290515 0.00277685 0.00263546 0.00248345 0.00232339 0.00215789 0.0019895 0.0018207 0.00165379 0.00149085 0.00133373 0.001184 0.0010429 0.000911417 0.000790197 0.000679619 0.000579794 0.000490599 0.000411709 0.000342636 0.000282762 0.000231377 0.000187716 0.000150983 0.000120385 9.51481e-05 7.45387e-05 5.78744e-05 4.45333e-05 3.39584e-05 2.56593e-05 1.92112e-05 1.42512e-05 1.04741e-05 7.62685e-06 5.50245e-06 3.93391e-06 2.78839e-06 1.96174e-06 1.37356e-06 9.62949e-07 6.84866e-07 5.07253e-07 4.0878e-07 
4.68436e-07 5.07253e-07 6.28526e-07 8.47086e-07 1.1889e-06 1.69294e-06 2.41386e-06 3.42546e-06 4.82495e-06 6.73799e-06 9.32449e-06 1.2785e-05 1.73675e-05 2.33746e-05 3.11699e-05 4.11849e-05 5.39235e-05 6.99656e-05 8.99676e-05 0.000114661 0.000144845 0.000181376 0.000225155 0.000277101 0.000338132 0.000409126 0.000490892 0.000584126 0.000689372 0.000806979 0.000937058 0.00107945 0.00123368 0.00139895 0.00157412 0.0017577 0.00194786 0.00214243 0.002339 0.00253489 0.00272726 0.00291314 0.00308954 0.00325351 0.00340221 0.003533 0.0036435 0.00373167 0.00379587 0.00383488 0.00384797 0.00383488 0.00379587 0.00373167 0.0036435 0.003533 0.00340221 0.00325351 0.00308954 0.00291314 0.00272726 0.00253489 0.002339 0.00214243 0.00194786 0.0017577 0.00157412 0.00139895 0.00123368 0.00107945 0.000937058 0.000806979 0.000689372 0.000584126 0.000490892 0.000409126 0.000338132 0.000277101 0.000225155 0.000181376 0.000144845 0.000114661 8.99676e-05 6.99656e-05 5.39235e-05 4.11849e-05 3.11699e-05 2.33746e-05 1.73675e-05 1.2785e-05 9.32449e-06 6.73799e-06 4.82495e-06 3.42546e-06 2.41386e-06 1.69294e-06 1.1889e-06 8.47086e-07 6.28526e-07 5.07253e-07 
6.32915e-07 6.84866e-07 8.47086e-07 1.13915e-06 1.59529e-06 2.26681e-06 3.2255e-06 4.56809e-06 6.42164e-06 8.95001e-06 1.23611e-05 1.69149e-05 2.29318e-05 3.08015e-05 4.09912e-05 5.40527e-05 7.06288e-05 9.1456e-05 0.000117366 0.000149279 0.0001882 0.0002352 0.000291398 0.000357932 0.000435928 0.000526461 0.000630507 0.000748896 0.000882262 0.00103099 0.00119517 0.00137454 0.00156847 0.00177592 0.00199541 0.00222507 0.00246257 0.00270524 0.00295006 0.00319371 0.0034327 0.00366337 0.00388206 0.00408515 0.00426918 0.00443092 0.00456751 0.00467644 0.00475573 0.0048039 0.00482006 0.0048039 0.00475573 0.00467644 0.00456751 0.00443092 0.00426918 0.00408515 0.00388206 0.00366337 0.0034327 0.00319371 0.00295006 0.00270524 0.00246257 0.00222507 0.00199541 0.00177592 0.00156847 0.00137454 0.00119517 0.00103099 0.000882262 0.000748896 0.000630507 0.000526461 0.000435928 0.000357932 0.000291398 0.0002352 0.0001882 0.000149279 0.000117366 9.1456e-05 7.06288e-05 5.40527e-05 4.09912e-05 3.08015e-05 2.29318e-05 1.69149e-05 1.23611e-05 8.95001e-06 6.42164e-06 4.56809e-06 3.2255e-06 2.26681e-06 1.59529e-06 1.13915e-06 8.47086e-07 6.84866e-07 
8.9055e-07 9.62949e-07 1.1889e-06 1.59529e-06 2.22911e-06 3.16062e-06 4.48801e-06 6.3432e-06 8.89907e-06 1.23779e-05 1.70609e-05 2.32987e-05 3.1522e-05 4.2253e-05 5.61152e-05 7.3843e-05 9.62882e-05 0.000124423 0.000159342 0.00020225 0.000254456 0.00031735 0.000392375 0.000480992 0.000584635 0.000704662 0.00084229 0.000998543 0.00117418 0.00136962 0.00158492 0.00181966 0.00207296 0.00234339 0.002629 0.0029273 0.00323529 0.00354948 0.00386596 0.00418051 0.00448862 0.00478565 0.00506695 0.00532793 0.00556421 0.00577173 0.00594685 0.00608645 0.00618802 0.00624971 0.0062704 0.00624971 0.00618802 0.00608645 0.00594685 0.00577173 0.00556421 0.00532793 0.00506695 0.00478565 0.00448862 0.00418051 0.00386596 0.00354948 0.00323529 0.0029273 0.002629 0.00234339 0.00207296 0.00181966 0.00158492 0.00136962 0.00117418 0.000998543 0.00084229 0.000704662 0.000584635 0.000480992 0.000392375 0.00031735 0.000254456 0.00020225 0.000159342 0.000124423 9.62882e-05 7.3843e-05 5.61152e-05 4.2253e-05 3.1522e-05 2.32987e-05 1.70609e-05 1.23779e-05 8.89907e-06 6.3432e-06 4.48801e-06 3.16062e-06 2.22911e-06 1.59529e-06 1.1889e-06 9.62949e-07 
1.27118e-06 1.37356e-06 1.69294e-06 2.26681e-06 3.16062e-06 4.47215e-06 6.33765e-06 8.93984e-06 1.25176e-05 1.73771e-05 2.39047e-05 3.25806e-05 4.39929e-05 5.88521e-05 7.80038e-05 0.000102441 0.000133309 0.000171914 0.000219715 0.000278318 0.000349454 0.000434954 0.00053671 0.000656624 0.000796549 0.000958224 0.00114319 0.00135273 0.00158774 0.0018487 0.00213557 0.00244771 0.00278386 0.00314206 0.00351967 0.00391336 0.00431914 0.00473244 0.00514812 0.00556067 0.00596425 0.00635285 0.00672046 0.00706117 0.00736937 0.00763984 0.00786794 0.00804969 0.00818187 0.00826213 0.00828905 0.00826213 0.00818187 0.00804969 0.00786794 0.00763984 0.00736937 0.00706117 0.00672046 0.00635285 0.00596425 0.00556067 0.00514812 0.00473244 0.00431914 0.00391336 0.00351967 0.00314206 0.00278386 0.00244771 0.00213557 0.0018487 0.00158774 0.00135273 0.00114319 0.000958224 0.000796549 0.000656624 0.00053671 0.000434954 0.000349454 0.000278318 0.000219715 0.000171914 0.000133309 0.000102441 7.80038e-05 5.88521e-05 4.39929e-05 3.25806e-05 2.39047e-05 1.73771e-05 1.25176e-05 8.93984e-06 6.33765e-06 4.47215e-06 3.16062e-06 2.26681e-06 1.69294e-06 1.37356e-06 
1.81673e-06 1.96174e-06 2.41386e-06 3.2255e-06 4.48801e-06 6.33765e-06 8.96395e-06 1.26205e-05 1.7638e-05 2.44393e-05 3.35563e-05 4.56481e-05 6.15196e-05 8.21401e-05 0.000108659 0.000142422 0.000184976 0.000238075 0.000303675 0.000383917 0.000481099 0.000597639 0.000736021 0.000898728 0.00108816 0.00130655 0.00155586 0.00183765 0.00215304 0.0025025 0.00288587 0.00330217 0.0037496 0.00422549 0.00472624 0.00524741 0.00578368 0.006329 0.00687665 0.0074194 0.00794965 0.0084596 0.00894147 0.00938764 0.00979088 0.0101445 0.0104425 0.0106798 0.0108524 0.0109571 0.0109923 0.0109571 0.0108524 0.0106798 0.0104425 0.0101445 0.00979088 0.00938764 0.00894147 0.0084596 0.00794965 0.0074194 0.00687665 0.006329 0.00578368 0.00524741 0.00472624 0.00422549 0.0037496 0.00330217 0.00288587 0.0025025 0.00215304 0.00183765 0.00155586 0.00130655 0.00108816 0.000898728 0.000736021 0.000597639 0.000481099 0.000383917 0.000303675 0.000238075 0.000184976 0.000142422 0.000108659 8.21401e-05 6.15196e-05 4.56481e-05 3.35563e-05 2.44393e-05 1.7638e-05 1.26205e-05 8.96395e-06 6.33765e-06 4.48801e-06 3.2255e-06 2.41386e-06 1.96174e-06 
2.58395e-06 2.78839e-06 3.42546e-06 4.56809e-06 6.3432e-06 8.93984e-06 1.26205e-05 1.77356e-05 2.4741e-05 3.42179e-05 4.68957e-05 6.36753e-05 8.56537e-05 0.000114147 0.000150713 0.000197165 0.000255583 0.000328318 0.000417975 0.000527399 0.000659626 0.000817836 0.00100528 0.00122517 0.00148061 0.00177445 0.00210914 0.00248664 0.00290822 0.00337439 0.00388471 0.00443776 0.00503101 0.00566079 0.00632226 0.00700948 0.00771543 0.00843214 0.00915083 0.00986206 0.010556 0.0112226 0.0118517 0.0124337 0.0129592 0.0134196 0.0138075 0.0141161 0.0143405 0.0144766 0.0145223 0.0144766 0.0143405 0.0141161 0.0138075 0.0134196 0.0129592 0.0124337 0.0118517 0.0112226 0.010556 0.00986206 0.00915083 0.00843214 0.00771543 0.00700948 0.00632226 0.00566079 0.00503101 0.00443776 0.00388471 0.00337439 0.00290822 0.00248664 0.00210914 0.00177445 0.00148061 0.00122517 0.00100528 0.000817836 0.000659626 0.000527399 0.000417975 0.000328318 0.000255583 0.000197165 0.000150713 0.000114147 8.56537e-05 6.36753e-05 4.68957e-05 3.42179e-05 2.4741e-05 1.77356e-05 1.26205e-05 8.93984e-06 6.3432e-06 4.56809e-06 3.42546e-06 2.78839e-06 
3.64784e-06 3.93391e-06 4.82495e-06 6.42164e-06 8.89907e-06 1.25176e-05 1.7638e-05 2.4741e-05 3.44501e-05 4.75589e-05 6.50596e-05 8.81748e-05 0.000118388 0.000157475 0.000207528 0.000270975 0.000350592 0.000449501 0.000571152 0.000719291 0.0008979 0.00111113 0.00136318 0.00165821 0.00200016 0.00239264 0.00283871 0.00334072 0.00390015 0.00451743 0.00519178 0.00592111 0.0067019 0.00752916 0.00839645 0.00929589 0.0102183 0.0111532 0.0120892 0.0130142 0.0139155 0.0147802 0.0155954 0.0163487 0.0170282 0.0176233 0.0181241 0.0185225 0.0188119 0.0189876 0.0190464 0.0189876 0.0188119 0.0185225 0.0181241 0.0176233 0.0170282 0.0163487 0.0155954 0.0147802 0.0139155 0.0130142 0.0120892 0.0111532 0.0102183 0.00929589 0.00839645 0.00752916 0.0067019 0.00592111 0.00519178 0.00451743 0.00390015 0.00334072 0.00283871 0.00239264 0.00200016 0.00165821 0.00136318 0.00111113 0.0008979 0.000719291 0.000571152 0.000449501 0.000350592 0.000270975 0.000207528 0.000157475 0.000118388 8.81748e-05 6.50596e-05 4.75589e-05 3.44501e-05 2.4741e-05 1.7638e-05 1.25176e-05 8.89907e-06 6.42164e-06 4.82495e-06 3.93391e-06 
5.10559e-06 5.50245e-06 6.73799e-06 8.95001e-06 1.23779e-05 1.73771e-05 2.44393e-05 3.42179e-05 4.75589e-05 6.55354e-05 8.94861e-05 0.000121055 0.000162232 0.000215389 0.000283311 0.000369223 0.000476792 0.00061013 0.00077376 0.000972569 0.00121173 0.00149659 0.00183256 0.00222492 0.00267867 0.00319827 0.0037875 0.00444916 0.00518489 0.00599494 0.00687801 0.0078311 0.00884938 0.00992615 0.0110529 0.0122192 0.0134133 0.0146215 0.0158293 0.017021 0.0181806 0.0192917 0.020338 0.0213038 0.0221743 0.0229358 0.0235764 0.0240857 0.0244556 0.0246799 0.0247551 0.0246799 0.0244556 0.0240857 0.0235764 0.0229358 0.0221743 0.0213038 0.020338 0.0192917 0.0181806 0.017021 0.0158293 0.0146215 0.0134133 0.0122192 0.0110529 0.00992615 0.00884938 0.0078311 0.00687801 0.00599494 0.00518489 0.00444916 0.0037875 0.00319827 0.00267867 0.00222492 0.00183256 0.00149659 0.00121173 0.000972569 0.00077376 0.00061013 0.000476792 0.000369223 0.000283311 0.000215389 0.000162232 0.000121055 8.94861e-05 6.55354e-05 4.75589e-05 3.42179e-05 2.44393e-05 1.73771e-05 1.23779e-05 8.95001e-06 6.73799e-06 5.50245e-06 
7.08131e-06 7.62685e-06 9.32449e-06 1.23611e-05 1.70609e-05 2.39047e-05 3.35563e-05 4.68957e-05 6.50596e-05 8.94861e-05 0.000121964 0.000164683 0.000220286 0.000291912 0.000383234 0.000498489 0.000642479 0.00082056 0.0010386 0.00130292 0.00162016 0.00199715 0.00244074 0.0029576 0.00355394 0.00423528 0.00500615 0.00586981 0.00682801 0.00788068 0.00902576 0.010259 0.0115739 0.0129615 0.0144106 0.0159079 0.017438 0.0189835 0.020526 0.0220458 0.0235224 0.0249353 0.0262642 0.0274896 0.028593 0.0295575 0.0303682 0.0310124 0.03148 0.0317636 0.0318586 0.0317636 0.03148 0.0310124 0.0303682 0.0295575 0.028593 0.0274896 0.0262642 0.0249353 0.0235224 0.0220458 0.020526 0.0189835 0.017438 0.0159079 0.0144106 0.0129615 0.0115739 0.010259 0.00902576 0.00788068 0.00682801 0.00586981 0.00500615 0.00423528 0.00355394 0.0029576 0.00244074 0.00199715 0.00162016 0.00130292 0.0010386 0.00082056 0.000642479 0.000498489 0.000383234 0.000291912 0.000220286 0.000164683 0.000121964 8.94861e-05 6.50596e-05 4.68957e-05 3.35563e-05 2.39047e-05 1.70609e-05 1.23611e-05 9.32449e-06 7.62685e-06 
9.73113e-06 1.04741e-05 1.2785e-05 1.69149e-05 2.32987e-05 3.25806e-05 4.56481e-05 6.36753e-05 8.81748e-05 0.000121055 0.000164683 0.000221949 0.000296325 0.000391926 0.000513549 0.000666703 0.000857609 0.00109318 0.00138095 0.00172898 0.00214572 0.0026398 0.00321981 0.00389402 0.00467007 0.00555466 0.00655315 0.00766926 0.00890469 0.0102589 0.0117286 0.0133081 0.0149885 0.0167582 0.0186027 0.0205047 0.0224448 0.024401 0.0263501 0.0282673 0.0301274 0.0319048 0.0335745 0.0351123 0.0364956 0.0377038 0.0387186 0.0395245 0.0401092 0.0404637 0.0405825 0.0404637 0.0401092 0.0395245 0.0387186 0.0377038 0.0364956 0.0351123 0.0335745 0.0319048 0.0301274 0.0282673 0.0263501 0.024401 0.0224448 0.0205047 0.0186027 0.0167582 0.0149885 0.0133081 0.0117286 0.0102589 0.00890469 0.00766926 0.00655315 0.00555466 0.00467007 0.00389402 0.00321981 0.0026398 0.00214572 0.00172898 0.00138095 0.00109318 0.000857609 0.000666703 0.000513549 0.000391926 0.000296325 0.000221949 0.000164683 0.000121055 8.81748e-05 6.36753e-05 4.56481e-05 3.25806e-05 2.32987e-05 1.69149e-05 1.2785e-05 1.04741e-05 
1.32488e-05 1.42512e-05 1.73675e-05 2.29318e-05 3.1522e-05 4.39929e-05 6.15196e-05 8.56537e-05 0.000118388 0.000162232 0.000220286 0.000296325 0.000394871 0.00052126 0.000681694 0.000883265 0.00113395 0.00144257 0.0018187 0.00227252 0.00281464 0.00345584 0.00420676 0.00507754 0.00607746 0.00721448 0.00849484 0.00992262 0.0114993 0.0132236 0.0150907 0.0170927 0.0192179 0.0214513 0.0237742 0.0261648 0.0285984 0.0310478 0.033484 0.0358764 0.038194 0.0404054 0.04248 0.0443886 0.0461036 0.0476001 0.0488561 0.049853 0.0505759 0.051014 0.0511608 0.051014 0.0505759 0.049853 0.0488561 0.0476001 0.0461036 0.0443886 0.04248 0.0404054 0.038194 0.0358764 0.033484 0.0310478 0.0285984 0.0261648 0.0237742 0.0214513 0.0192179 0.0170927 0.0150907 0.0132236 0.0114993 0.00992262 0.00849484 0.00721448 0.00607746 0.00507754 0.00420676 0.00345584 0.00281464 0.00227252 0.0018187 0.00144257 0.00113395 0.000883265 0.000681694 0.00052126 0.000394871 0.000296325 0.000220286 0.000162232 0.000118388 8.56537e-05 6.15196e-05 4.39929e-05 3.1522e-05 2.29318e-05 1.73675e-05 1.42512e-05 
1.78714e-05 1.92112e-05 2.33746e-05 3.08015e-05 4.2253e-05 5.88521e-05 8.21401e-05 0.000114147 0.000157475 0.000215389 0.000291912 0.000391926 0.00052126 0.000686769 0.000896386 0.00115915 0.00148518 0.00188561 0.00237248 0.00295852 0.00365689 0.00448089 0.00544353 0.00655709 0.00783265 0.00927955 0.0109049 0.0127129 0.0147047 0.0168777 0.0192252 0.0217364 0.0243961 0.027185 0.0300795 0.0330521 0.0360721 0.039106 0.0421179 0.0450707 0.0479264 0.0506473 0.0531965 0.0555387 0.0576411 0.0594739 0.0610109 0.0622301 0.0631137 0.0636491 0.0638284 0.0636491 0.0631137 0.0622301 0.0610109 0.0594739 0.0576411 0.0555387 0.0531965 0.0506473 0.0479264 0.0450707 0.0421179 0.039106 0.0360721 0.0330521 0.0300795 0.027185 0.0243961 0.0217364 0.0192252 0.0168777 0.0147047 0.0127129 0.0109049 0.00927955 0.00783265 0.00655709 0.00544353 0.00448089 0.00365689 0.00295852 0.00237248 0.00188561 0.00148518 0.00115915 0.000896386 0.000686769 0.00052126 0.000391926 0.000291912 0.000215389 0.000157475 0.000114147 8.21401e-05 5.88521e-05 4.2253e-05 3.08015e-05 2.33746e-05 1.92112e-05 
2.38851e-05 2.56593e-05 3.11699e-05 4.09912e-05 5.61152e-05 7.80038e-05 0.000108659 0.000150713 0.000207528 0.000283311 0.000383234 0.000513549 0.000681694 0.000896386 0.00116767 0.00150695 0.00192693 0.00244153 0.00306571 0.00381518 0.00470613 0.00575475 0.00697674 0.00838678 0.00999789 0.0118208 0.0138634 0.01613 0.0186207 0.0213312 0.0242523 0.0273697 0.0306638 0.0341098 0.0376784 0.0413353 0.0450429 0.0487601 0.0524434 0.0560479 0.0595281 0.0628388 0.0659362 0.0687784 0.0713267 0.0735461 0.0754057 0.0768797 0.0779475 0.0785943 0.0788109 0.0785943 0.0779475 0.0768797 0.0754057 0.0735461 0.0713267 0.0687784 0.0659362 0.0628388 0.0595281 0.0560479 0.0524434 0.0487601 0.0450429 0.0413353 0.0376784 0.0341098 0.0306638 0.0273697 0.0242523 0.0213312 0.0186207 0.01613 0.0138634 0.0118208 0.00999789 0.00838678 0.00697674 0.00575475 0.00470613 0.00381518 0.00306571 0.00244153 0.00192693 0.00150695 0.00116767 0.000896386 0.000681694 0.000513549 0.000383234 0.000283311 0.000207528 0.000150713 0.000108659 7.80038e-05 5.61152e-05 4.09912e-05 3.11699e-05 2.56593e-05 
3.16305e-05 3.39584e-05 4.11849e-05 5.40527e-05 7.3843e-05 0.000102441 0.000142422 0.000197165 0.000270975 0.000369223 0.000498489 0.000666703 0.000883265 0.00115915 0.00150695 0.0019409 0.0024768 0.00313184 0.00392442 0.00487376 0.00599948 0.00732106 0.00885724 0.0106253 0.0126403 0.0149143 0.0174558 0.0202688 0.023352 0.0266989 0.0302968 0.0341269 0.0381643 0.0423779 0.0467312 0.0511825 0.0556856 0.060191 0.0646465 0.0689986 0.0731932 0.0771772 0.0808988 0.0843092 0.0873634 0.0900205 0.092245 0.094007 0.0952827 0.0960551 0.0963137 0.0960551 0.0952827 0.094007 0.092245 0.0900205 0.0873634 0.0843092 0.0808988 0.0771772 0.0731932 0.0689986 0.0646465 0.060191 0.0556856 0.0511825 0.0467312 0.0423779 0.0381643 0.0341269 0.0302968 0.0266989 0.023352 0.0202688 0.0174558 0.0149143 0.0126403 0.0106253 0.00885724 0.00732106 0.00599948 0.00487376 0.00392442 0.00313184 0.0024768 0.0019409 0.00150695 0.00115915 0.000883265 0.000666703 0.000498489 0.000369223 0.000270975 0.000197165 0.000142422 0.000102441 7.3843e-05 5.40527e-05 4.11849e-05 3.39584e-05 
4.1507e-05 4.45333e-05 5.39235e-05 7.06288e-05 9.62882e-05 0.000133309 0.000184976 0.000255583 0.000350592 0.000476792 0.000642479 0.000857609 0.00113395 0.00148518 0.00192693 0.0024768 0.0031542 0.00398019 0.00497712 0.00616823 0.00757704 0.00922674 0.0111393 0.0133349 0.0158305 0.0186396 0.0217708 0.0252273 0.029006 0.0330971 0.0374837 0.0421416 0.0470392 0.0521381 0.0573933 0.0627543 0.0681656 0.073568 0.0788996 0.0840973 0.0890979 0.0938391 0.0982613 0.102308 0.105928 0.109073 0.111704 0.113786 0.115293 0.116205 0.11651 0.116205 0.115293 0.113786 0.111704 0.109073 0.105928 0.102308 0.0982613 0.0938391 0.0890979 0.0840973 0.0788996 0.073568 0.0681656 0.0627543 0.0573933 0.0521381 0.0470392 0.0421416 0.0374837 0.0330971 0.029006 0.0252273 0.0217708 0.0186396 0.0158305 0.0133349 0.0111393 0.00922674 0.00757704 0.00616823 0.00497712 0.00398019 0.0031542 0.0024768 0.00192693 0.00148518 0.00113395 0.000857609 0.000642479 0.000476792 0.000350592 0.000255583 0.000184976 0.000133309 9.62882e-05 7.06288e-05 5.39235e-05 4.45333e-05 
5.39759e-05 5.78744e-05 6.99656e-05 9.1456e-05 0.000124423 0.000171914 0.000238075 0.000328318 0.000449501 0.00061013 0.00082056 0.00109318 0.00144257 0.00188561 0.00244153 0.00313184 0.00398019 0.00501204 0.00625432 0.00773478 0.00948131 0.0115211 0.0138798 0.0165801 0.0196414 0.0230779 0.026898 0.0311037 0.0356891 0.0406402 0.0459349 0.0515422 0.0574229 0.0635296 0.0698081 0.0761975 0.0826317 0.0890409 0.0953526 0.101493 0.10739 0.112971 0.118168 0.122916 0.127158 0.13084 0.133916 0.136349 0.138109 0.139174 0.13953 0.139174 0.138109 0.136349 0.133916 0.13084 0.127158 0.122916 0.118168 0.112971 0.10739 0.101493 0.0953526 0.0890409 0.0826317 0.0761975 0.0698081 0.0635296 0.0574229 0.0515422 0.0459349 0.0406402 0.0356891 0.0311037 0.026898 0.0230779 0.0196414 0.0165801 0.0138798 0.0115211 0.00948131 0.00773478 0.00625432 0.00501204 0.00398019 0.00313184 0.00244153 0.00188561 0.00144257 0.00109318 0.00082056 0.00061013 0.000449501 0.000328318 0.000238075 0.000171914 0.000124423 9.1456e-05 6.99656e-05 5.78744e-05 
6.95616e-05 7.45387e-05 8.99676e-05 0.000117366 0.000159342 0.000219715 0.000303675 0.000417975 0.000571152 0.00077376 0.0010386 0.00138095 0.0018187 0.00237248 0.00306571 0.00392442 0.00497712 0.00625432 0.00778806 0.00961112 0.0117562 0.0142548 0.0171362 0.0204262 0.0241456 0.0283095 0.0329255 0.0379932 0.0435031 0.0494363 0.0557638 0.0624467 0.0694366 0.0766763 0.0841004 0.0916366 0.0992074 0.106731 0.114124 0.121301 0.128179 0.134677 0.140718 0.146228 0.151144 0.155406 0.158963 0.161775 0.163806 0.165035 0.165446 0.165035 0.163806 0.161775 0.158963 0.155406 0.151144 0.146228 0.140718 0.134677 0.128179 0.121301 0.114124 0.106731 0.0992074 0.0916366 0.0841004 0.0766763 0.0694366 0.0624467 0.0557638 0.0494363 0.0435031 0.0379932 0.0329255 0.0283095 0.0241456 0.0204262 0.0171362 0.0142548 0.0117562 0.00961112 0.00778806 0.00625432 0.00497712 0.00392442 0.00306571 0.00237248 0.0018187 0.00138095 0.0010386 0.00077376 0.000571152 0.000417975 0.000303675 0.000219715 0.000159342 0.000117366 8.99676e-05 7.45387e-05 
8.88506e-05 9.51481e-05 0.000114661 0.000149279 0.00020225 0.000278318 0.000383917 0.000527399 0.000719291 0.000972569 0.00130292 0.00172898 0.00227252 0.00295852 0.00381518 0.00487376 0.00616823 0.00773478 0.00961112 0.0118356 0.014446 0.0174784 0.0209659 0.0249369 0.0294137 0.0344113 0.039936 0.0459842 0.0525415 0.0595826 0.0670704 0.0749567 0.0831826 0.0916792 0.100369 0.109167 0.117984 0.126724 0.135292 0.143592 0.151529 0.159013 0.165958 0.172283 0.177917 0.182796 0.186864 0.190076 0.192395 0.193798 0.194267 0.193798 0.192395 0.190076 0.186864 0.182796 0.177917 0.172283 0.165958 0.159013 0.151529 0.143592 0.135292 0.126724 0.117984 0.109167 0.100369 0.0916792 0.0831826 0.0749567 0.0670704 0.0595826 0.0525415 0.0459842 0.039936 0.0344113 0.0294137 0.0249369 0.0209659 0.0174784 0.014446 0.0118356 0.00961112 0.00773478 0.00616823 0.00487376 0.00381518 0.00295852 0.00227252 0.00172898 0.00130292 0.000972569 0.000719291 0.000527399 0.000383917 0.000278318 0.00020225 0.000149279 0.000114661 9.51481e-05 
0.000112487 0.000120385 0.000144845 0.0001882 0.000254456 0.000349454 0.000481099 0.000659626 0.0008979 0.00121173 0.00162016 0.00214572 0.00281464 0.00365689 0.00470613 0.00599948 0.00757704 0.00948131 0.0117562 0.014446 0.0175939 0.0212408 0.0254233 0.0301723 0.035511 0.0414537 0.0480043 0.0551547 0.0628846 0.0711605 0.0799361 0.0891521 0.0987376 0.108611 0.118681 0.128849 0.139011 0.14906 0.158887 0.168384 0.177447 0.185975 0.193873 0.201055 0.207442 0.212965 0.217565 0.221194 0.223813 0.225396 0.225925 0.225396 0.223813 0.221194 0.217565 0.212965 0.207442 0.201055 0.193873 0.185975 0.177447 0.168384 0.158887 0.14906 0.139011 0.128849 0.118681 0.108611 0.0987376 0.0891521 0.0799361 0.0711605 0.0628846 0.0551547 0.0480043 0.0414537 0.035511 0.0301723 0.0254233 0.0212408 0.0175939 0.014446 0.0117562 0.00948131 0.00757704 0.00599948 0.00470613 0.00365689 0.00281464 0.00214572 0.00162016 0.00121173 0.0008979 0.000659626 0.000481099 0.000349454 0.000254456 0.0001882 0.000144845 0.000120385 
0.000141165 0.000150983 0.000181376 0.0002352 0.00031735 0.000434954 0.000597639 0.000817836 0.00111113 0.00149659 0.00199715 0.0026398 0.00345584 0.00448089 0.00575475 0.00732106 0.00922674 0.0115211 0.0142548 0.0174784 0.0212408 0.0255875 0.0305585 0.0361866 0.0424954 0.0494974 0.0571929 0.0655682 0.0745953 0.0842312 0.0944185 0.105085 0.116147 0.127508 0.139062 0.150696 0.162292 0.173728 0.184884 0.195639 0.205879 0.215494 0.224381 0.232447 0.23961 0.245795 0.25094 0.254995 0.25792 0.259686 0.260276 0.259686 0.25792 0.254995 0.25094 0.245795 0.23961 0.232447 0.224381 0.215494 0.205879 0.195639 0.184884 0.173728 0.162292 0.150696 0.139062 0.127508 0.116147 0.105085 0.0944185 0.0842312 0.0745953 0.0655682 0.0571929 0.0494974 0.0424954 0.0361866 0.0305585 0.0255875 0.0212408 0.0174784 0.0142548 0.0115211 0.00922674 0.00732106 0.00575475 0.00448089 0.00345584 0.0026398 0.00199715 0.00149659 0.00111113 0.000817836 0.000597639 0.000434954 0.00031735 0.0002352 0.000181376 0.000150983 
0.000175615 0.000187716 0.000225155 0.000291398 0.000392375 0.00053671 0.000736021 0.00100528 0.00136318 0.00183256 0.00244074 0.00321981 0.00420676 0.00544353 0.00697674 0.00885724 0.0111393 0.0138798 0.0171362 0.0209659 0.0254233 0.0305585 0.0364144 0.0430253 0.0504139 0.0585901 0.067549 0.0772698 0.0877152 0.0988311 0.110547 0.122777 0.135422 0.148369 0.161498 0.174679 0.18778 0.200665 0.2132 0.225256 0.236706 0.247433 0.257327 0.266291 0.274237 0.281089 0.286781 0.291263 0.294493 0.296442 0.297094 0.296442 0.294493 0.291263 0.286781 0.281089 0.274237 0.266291 0.257327 0.247433 0.236706 0.225256 0.2132 0.200665 0.18778 0.174679 0.161498 0.148369 0.135422 0.122777 0.110547 0.0988311 0.0877152 0.0772698 0.067549 0.0585901 0.0504139 0.0430253 0.0364144 0.0305585 0.0254233 0.0209659 0.0171362 0.0138798 0.0111393 0.00885724 0.00697674 0.00544353 0.00420676 0.00321981 0.00244074 0.00183256 0.00136318 0.00100528 0.000736021 0.00053671 0.000392375 0.000291398 0.000225155 0.000187716 
0.000216592 0.000231377 0.000277101 0.000357932 0.000480992 0.000656624 0.000898728 0.00122517 0.00165821 0.00222492 0.0029576 0.00389402 0.00507754 0.00655709 0.00838678 0.0106253 0.0133349 0.0165801 0.0204262 0.0249369 0.0301723 0.0361866 0.0430253 0.0507229 0.0593005 0.0687637 0.079101 0.0902829 0.102261 0.114968 0.128319 0.142212 0.156531 0.171148 0.185924 0.200714 0.215371 0.229746 0.243692 0.257068 0.269742 0.281586 0.292489 0.302346 0.311068 0.318576 0.324807 0.329707 0.333235 0.335364 0.336075 0.335364 0.333235 0.329707 0.324807 0.318576 0.311068 0.302346 0.292489 0.281586 0.269742 0.257068 0.243692 0.229746 0.215371 0.200714 0.185924 0.171148 0.156531 0.142212 0.128319 0.114968 0.102261 0.0902829 0.079101 0.0687637 0.0593005 0.0507229 0.0430253 0.0361866 0.0301723 0.0249369 0.0204262 0.0165801 0.0133349 0.0106253 0.00838678 0.00655709 0.00507754 0.00389402 0.0029576 0.00222492 0.00165821 0.00122517 0.000898728 0.000656624 0.000480992 0.000357932 0.000277101 0.000231377 
0.00026485 0.000282762 0.000338132 0.000435928 0.000584635 0.000796549 0.00108816 0.00148061 0.00200016 0.00267867 0.00355394 0.00467007 0.00607746 0.00783265 0.00999789 0.0126403 0.0158305 0.0196414 0.0241456 0.0294137 0.035511 0.0424954 0.0504139 0.0593005 0.069173 0.0800314 0.0918559 0.104606 0.118221 0.132618 0.147696 0.163336 0.179403 0.195752 0.212227 0.228667 0.244909 0.26079 0.276154 0.29085 0.304737 0.317683 0.329573 0.3403 0.349774 0.357917 0.364664 0.369964 0.373777 0.376076 0.376844 0.376076 0.373777 0.369964 0.364664 0.357917 0.349774 0.3403 0.329573 0.317683 0.304737 0.29085 0.276154 0.26079 0.244909 0.228667 0.212227 0.195752 0.179403 0.163336 0.147696 0.132618 0.118221 0.104606 0.0918559 0.0800314 0.069173 0.0593005 0.0504139 0.0424954 0.035511 0.0294137 0.0241456 0.0196414 0.0158305 0.0126403 0.00999789 0.00783265 0.00607746 0.00467007 0.00355394 0.00267867 0.00200016 0.00148061 0.00108816 0.000796549 0.000584635 0.000435928 0.000338132 0.000282762 
0.000321117 0.000342636 0.000409126 0.000526461 0.000704662 0.000958224 0.00130655 0.00177445 0.00239264 0.00319827 0.00423528 0.00555466 0.00721448 0.00927955 0.0118208 0.0149143 0.0186396 0.0230779 0.0283095 0.0344113 0.0414537 0.0494974 0.0585901 0.0687637 0.0800314 0.0923857 0.105797 0.120211 0.135553 0.151724 0.168604 0.186054 0.203923 0.222045 0.240247 0.258352 0.276182 0.293563 0.310327 0.326315 0.341382 0.355393 0.368229 0.379784 0.389969 0.398708 0.405938 0.411611 0.415689 0.418145 0.418966 0.418145 0.415689 0.411611 0.405938 0.398708 0.389969 0.379784 0.368229 0.355393 0.341382 0.326315 0.310327 0.293563 0.276182 0.258352 0.240247 0.222045 0.203923 0.186054 0.168604 0.151724 0.135553 0.120211 0.105797 0.0923857 0.0800314 0.0687637 0.0585901 0.0494974 0.0414537 0.0344113 0.0283095 0.0230779 0.0186396 0.0149143 0.0118208 0.00927955 0.00721448 0.00555466 0.00423528 0.00319827 0.00239264 0.00177445 0.00130655 0.000958224 0.000704662 0.000526461 0.000409126 0.000342636 
0.000386071 0.000411709 0.000490892 0.000630507 0.00084229 0.00114319 0.00155586 0.00210914 0.00283871 0.0037875 0.00500615 0.00655315 0.00849484 0.0109049 0.0138634 0.0174558 0.0217708 0.026898 0.0329255 0.039936 0.0480043 0.0571929 0.067549 0.079101 0.0918559 0.105797 0.120882 0.137042 0.154186 0.172195 0.190931 0.210236 0.229935 0.249846 0.269778 0.289537 0.308932 0.327778 0.345898 0.363129 0.379319 0.394334 0.408055 0.420378 0.431217 0.4405 0.448169 0.454177 0.458492 0.46109 0.461958 0.46109 0.458492 0.454177 0.448169 0.4405 0.431217 0.420378 0.408055 0.394334 0.379319 0.363129 0.345898 0.327778 0.308932 0.289537 0.269778 0.249846 0.229935 0.210236 0.190931 0.172195 0.154186 0.137042 0.120882 0.105797 0.0918559 0.079101 0.067549 0.0571929 0.0480043 0.039936 0.0329255 0.026898 0.0217708 0.0174558 0.0138634 0.0109049 0.00849484 0.00655315 0.00500615 0.0037875 0.00283871 0.00210914 0.00155586 0.00114319 0.00084229 0.000630507 0.000490892 0.000411709 
0.000460303 0.000490599 0.000584126 0.000748896 0.000998543 0.00135273 0.00183765 0.00248664 0.00334072 0.00444916 0.00586981 0.00766926 0.00992262 0.0127129 0.01613 0.0202688 0.0252273 0.0311037 0.0379932 0.0459842 0.0551547 0.0655682 0.0772698 0.0902829 0.104606 0.120211 0.137042 0.155015 0.174016 0.193909 0.214533 0.235709 0.257244 0.278934 0.300572 0.321947 0.342858 0.36311 0.382518 0.400915 0.418149 0.434087 0.448612 0.461627 0.473048 0.48281 0.490862 0.497162 0.501681 0.504401 0.505308 0.504401 0.501681 0.497162 0.490862 0.48281 0.473048 0.461627 0.448612 0.434087 0.418149 0.400915 0.382518 0.36311 0.342858 0.321947 0.300572 0.278934 0.257244 0.235709 0.214533 0.193909 0.174016 0.155015 0.137042 0.120211 0.104606 0.0902829 0.0772698 0.0655682 0.0551547 0.0459842 0.0379932 0.0311037 0.0252273 0.0202688 0.01613 0.0127129 0.00992262 0.00766926 0.00586981 0.00444916 0.00334072 0.00248664 0.00183765 0.00135273 0.000998543 0.000748896 0.000584126 0.000490599 
0.000544284 0.000579794 0.000689372 0.000882262 0.00117418 0.00158774 0.00215304 0.00290822 0.00390015 0.00518489 0.00682801 0.00890469 0.0114993 0.0147047 0.0186207 0.023352 0.029006 0.0356891 0.0435031 0.0525415 0.0628846 0.0745953 0.0877152 0.102261 0.118221 0.135553 0.154186 0.174016 0.19491 0.216708 0.239229 0.262271 0.28562 0.309054 0.332346 0.355276 0.377627 0.399199 0.419803 0.439269 0.457448 0.474209 0.489442 0.503054 0.514973 0.52514 0.533509 0.540049 0.544736 0.547553 0.548493 0.547553 0.544736 0.540049 0.533509 0.52514 0.514973 0.503054 0.489442 0.474209 0.457448 0.439269 0.419803 0.399199 0.377627 0.355276 0.332346 0.309054 0.28562 0.262271 0.239229 0.216708 0.19491 0.174016 0.154186 0.135553 0.118221 0.102261 0.0877152 0.0745953 0.0628846 0.0525415 0.0435031 0.0356891 0.029006 0.023352 0.0186207 0.0147047 0.0114993 0.00890469 0.00682801 0.00518489 0.00390015 0.00290822 0.00215304 0.00158774 0.00117418 0.000882262 0.000689372 0.000579794 
0.00063833 0.000679619 0.000806979 0.00103099 0.00136962 0.0018487 0.0025025 0.00337439 0.00451743 0.00599494 0.00788068 0.0102589 0.0132236 0.0168777 0.0213312 0.0266989 0.0330971 0.0406402 0.0494363 0.0595826 0.0711605 0.0842312 0.0988311 0.114968 0.132618 0.151724 0.172195 0.193909 0.216708 0.240412 0.264814 0.289691 0.314807 0.339922 0.364794 0.389189 0.412883 0.435668 0.457354 0.477773 0.496779 0.514247 0.530076 0.544183 0.556504 0.566991 0.575609 0.582331 0.587143 0.590034 0.590998 0.590034 0.587143 0.582331 0.575609 0.566991 0.556504 0.544183 0.530076 0.514247 0.496779 0.477773 0.457354 0.435668 0.412883 0.389189 0.364794 0.339922 0.314807 0.289691 0.264814 0.240412 0.216708 0.193909 0.172195 0.151724 0.132618 0.114968 0.0988311 0.0842312 0.0711605 0.0595826 0.0494363 0.0406402 0.0330971 0.0266989 0.0213312 0.0168777 0.0132236 0.0102589 0.00788068 0.00599494 0.00451743 0.00337439 0.0025025 0.0018487 0.00136962 0.00103099 0.000806979 0.000679619 
0.000742567 0.000790197 0.000937058 0.00119517 0.00158492 0.00213557 0.00288587 0.00388471 0.00519178 0.00687801 0.00902576 0.0117286 0.0150907 0.0192252 0.0242523 0.0302968 0.0374837 0.0459349 0.0557638 0.0670704 0.0799361 0.0944185 0.110547 0.128319 0.147696 0.168604 0.190931 0.214533 0.239229 0.264814 0.291058 0.317714 0.344527 0.371238 0.397592 0.423342 0.448259 0.47213 0.494768 0.516007 0.535708 0.553757 0.57006 0.584549 0.59717 0.607888 0.616677 0.623523 0.628417 0.631354 0.632334 0.631354 0.628417 0.623523 0.616677 0.607888 0.59717 0.584549 0.57006 0.553757 0.535708 0.516007 0.494768 0.47213 0.448259 0.423342 0.397592 0.371238 0.344527 0.317714 0.291058 0.264814 0.239229 0.214533 0.190931 0.168604 0.147696 0.128319 0.110547 0.0944185 0.0799361 0.0670704 0.0557638 0.0459349 0.0374837 0.0302968 0.0242523 0.0192252 0.0150907 0.0117286 0.00902576 0.00687801 0.00519178 0.00388471 0.00288587 0.00213557 0.00158492 0.00119517 0.000937058 0.000790197 
0.000856899 0.000911417 0.00107945 0.00137454 0.00181966 0.00244771 0.00330217 0.00443776 0.00592111 0.0078311 0.010259 0.0133081 0.0170927 0.0217364 0.0273697 0.0341269 0.0421416 0.0515422 0.0624467 0.0749567 0.0891521 0.105085 0.122777 0.142212 0.163336 0.186054 0.210236 0.235709 0.262271 0.289691 0.317714 0.346072 0.37449 0.402691 0.430407 0.457384 0.483387 0.508204 0.53165 0.553565 0.573821 0.592314 0.608964 0.623717 0.636532 0.647388 0.656272 0.66318 0.668111 0.671068 0.672054 0.671068 0.668111 0.66318 0.656272 0.647388 0.636532 0.623717 0.608964 0.592314 0.573821 0.553565 0.53165 0.508204 0.483387 0.457384 0.430407 0.402691 0.37449 0.346072 0.317714 0.289691 0.262271 0.235709 0.210236 0.186054 0.163336 0.142212 0.122777 0.105085 0.0891521 0.0749567 0.0624467 0.0515422 0.0421416 0.0341269 0.0273697 0.0217364 0.0170927 0.0133081 0.010259 0.0078311 0.00592111 0.00443776 0.00330217 0.00244771 0.00181966 0.00137454 0.00107945 0.000911417 
0.000980983 0.0010429 0.00123368 0.00156847 0.00207296 0.00278386 0.0037496 0.00503101 0.0067019 0.00884938 0.0115739 0.0149885 0.0192179 0.0243961 0.0306638 0.0381643 0.0470392 0.0574229 0.0694366 0.0831826 0.0987376 0.116147 0.135422 0.156531 0.179403 0.203923 0.229935 0.257244 0.28562 0.314807 0.344527 0.37449 0.4044 0.433967 0.462912 0.490973 0.517915 0.543525 0.567626 0.590067 0.610731 0.629529 0.646397 0.661295 0.674199 0.685101 0.694002 0.700911 0.705836 0.708787 0.70977 0.708787 0.705836 0.700911 0.694002 0.685101 0.674199 0.661295 0.646397 0.629529 0.610731 0.590067 0.567626 0.543525 0.517915 0.490973 0.462912 0.433967 0.4044 0.37449 0.344527 0.314807 0.28562 0.257244 0.229935 0.203923 0.179403 0.156531 0.135422 0.116147 0.0987376 0.0831826 0.0694366 0.0574229 0.0470392 0.0381643 0.0306638 0.0243961 0.0192179 0.0149885 0.0115739 0.00884938 0.0067019 0.00503101 0.0037496 0.00278386 0.00207296 0.00156847 0.00123368 0.0010429 
0.0011142 0.001184 0.00139895 0.00177592 0.00234339 0.00314206 0.00422549 0.00566079 0.00752916 0.00992615 0.0129615 0.0167582 0.0214513 0.027185 0.0341098 0.0423779 0.0521381 0.0635296 0.0766763 0.0916792 0.108611 0.127508 0.148369 0.171148 0.195752 0.222045 0.249846 0.278934 0.309054 0.339922 0.371238 0.402691 0.433967 0.464763 0.494791 0.523784 0.551507 0.577754 0.602354 0.625169 0.646096 0.665062 0.68202 0.696946 0.709835 0.720695 0.729541 0.736394 0.741271 0.74419 0.745162 0.74419 0.741271 0.736394 0.729541 0.720695 0.709835 0.696946 0.68202 0.665062 0.646096 0.625169 0.602354 0.577754 0.551507 0.523784 0.494791 0.464763 0.433967 0.402691 0.371238 0.339922 0.309054 0.278934 0.249846 0.222045 0.195752 0.171148 0.148369 0.127508 0.108611 0.0916792 0.0766763 0.0635296 0.0521381 0.0423779 0.0341098 0.027185 0.0214513 0.0167582 0.0129615 0.00992615 0.00752916 0.00566079 0.00422549 0.00314206 0.00234339 0.00177592 0.00139895 0.001184 
0.00125565 0.00133373 0.00157412 0.00199541 0.002629 0.00351967 0.00472624 0.00632226 0.00839645 0.0110529 0.0144106 0.0186027 0.0237742 0.0300795 0.0376784 0.0467312 0.0573933 0.0698081 0.0841004 0.100369 0.118681 0.139062 0.161498 0.185924 0.212227 0.240247 0.269778 0.300572 0.332346 0.364794 0.397592 0.430407 0.462912 0.494791 0.525748 0.555518 0.583864 0.61059 0.635534 0.658574 0.679623 0.698624 0.71555 0.730396 0.743175 0.75391 0.762633 0.769375 0.774167 0.777031 0.777985 0.777031 0.774167 0.769375 0.762633 0.75391 0.743175 0.730396 0.71555 0.698624 0.679623 0.658574 0.635534 0.61059 0.583864 0.555518 0.525748 0.494791 0.462912 0.430407 0.397592 0.364794 0.332346 0.300572 0.269778 0.240247 0.212227 0.185924 0.161498 0.139062 0.118681 0.100369 0.0841004 0.0698081 0.0573933 0.0467312 0.0376784 0.0300795 0.0237742 0.0186027 0.0144106 0.0110529 0.00839645 0.00632226 0.00472624 0.00351967 0.002629 0.00199541 0.00157412 0.00133373 
0.00140415 0.00149085 0.0017577 0.00222507 0.0029273 0.00391336 0.00524741 0.00700948 0.00929589 0.0122192 0.0159079 0.0205047 0.0261648 0.0330521 0.0413353 0.0511825 0.0627543 0.0761975 0.0916366 0.109167 0.128849 0.150696 0.174679 0.200714 0.228667 0.258352 0.289537 0.321947 0.355276 0.389189 0.423342 0.457384 0.490973 0.523784 0.555518 0.585906 0.61472 0.641772 0.666913 0.690037 0.711074 0.729988 0.746771 0.761437 0.774018 0.784555 0.793094 0.799679 0.804352 0.807142 0.808069 0.807142 0.804352 0.799679 0.793094 0.784555 0.774018 0.761437 0.746771 0.729988 0.711074 0.690037 0.666913 0.641772 0.61472 0.585906 0.555518 0.523784 0.490973 0.457384 0.423342 0.389189 0.355276 0.321947 0.289537 0.258352 0.228667 0.200714 0.174679 0.150696 0.128849 0.109167 0.0916366 0.0761975 0.0627543 0.0511825 0.0413353 0.0330521 0.0261648 0.0205047 0.0159079 0.0122192 0.00929589 0.00700948 0.00524741 0.00391336 0.0029273 0.00222507 0.0017577 0.00149085 
0.00155821 0.00165379 0.00194786 0.00246257 0.00323529 0.00431914 0.00578368 0.00771543 0.0102183 0.0134133 0.017438 0.0224448 0.0285984 0.0360721 0.0450429 0.0556856 0.0681656 0.0826317 0.0992074 0.117984 0.139011 0.162292 0.18778 0.215371 0.244909 0.276182 0.308932 0.342858 0.377627 0.412883 0.448259 0.483387 0.517915 0.551507 0.583864 0.61472 0.643854 0.671087 0.696288 0.719366 0.740272 0.758989 0.77553 0.78993 0.802238 0.812514 0.820817 0.827206 0.83173 0.834429 0.835325 0.834429 0.83173 0.827206 0.820817 0.812514 0.802238 0.78993 0.77553 0.758989 0.740272 0.719366 0.696288 0.671087 0.643854 0.61472 0.583864 0.551507 0.517915 0.483387 0.448259 0.412883 0.377627 0.342858 0.308932 0.276182 0.244909 0.215371 0.18778 0.162292 0.139011 0.117984 0.0992074 0.0826317 0.0681656 0.0556856 0.0450429 0.0360721 0.0285984 0.0224448 0.017438 0.0134133 0.0102183 0.00771543 0.00578368 0.00431914 0.00323529 0.00246257 0.00194786 0.00165379 
0.00171611 0.0018207 0.00214243 0.00270524 0.00354948 0.00473244 0.006329 0.00843214 0.0111532 0.0146215 0.0189835 0.024401 0.0310478 0.039106 0.0487601 0.060191 0.073568 0.0890409 0.106731 0.126724 0.14906 0.173728 0.200665 0.229746 0.26079 0.293563 0.327778 0.36311 0.399199 0.435668 0.47213 0.508204 0.543525 0.577754 0.61059 0.641772 0.671087 0.698372 0.723509 0.746427 0.767097 0.785524 0.80174 0.815801 0.827775 0.837738 0.845764 0.851924 0.856279 0.858872 0.859734 0.858872 0.856279 0.851924 0.845764 0.837738 0.827775 0.815801 0.80174 0.785524 0.767097 0.746427 0.723509 0.698372 0.671087 0.641772 0.61059 0.577754 0.543525 0.508204 0.47213 0.435668 0.399199 0.36311 0.327778 0.293563 0.26079 0.229746 0.200665 0.173728 0.14906 0.126724 0.106731 0.0890409 0.073568 0.060191 0.0487601 0.039106 0.0310478 0.024401 0.0189835 0.0146215 0.0111532 0.00843214 0.006329 0.00473244 0.00354948 0.00270524 0.00214243 0.0018207 
