5.32389e-10 6.28241e-10 9.44482e-10 1.57386e-09 2.69436e-09 4.60812e-09 7.80374e-09 1.30504e-08 2.15352e-08 3.5058e-08 5.63029e-08 8.92063e-08 1.39446e-07 2.15074e-07 3.27325e-07 4.91599e-07 7.28656e-07 1.06598e-06 1.53935e-06 2.19442e-06 3.08847e-06 4.2919e-06 5.8895e-06 7.98129e-06 1.06825e-05 1.41228e-05 1.84441e-05 2.37968e-05 3.03351e-05 3.82099e-05 4.75607e-05 5.85061e-05 7.11337e-05 8.54893e-05 0.000101567 0.000119301 0.000138558 0.000159137 0.000180763 0.000203098 0.000225746 0.000248262 0.000270172 0.000290984 0.000310211 0.000327387 0.000342084 0.000353928 0.000362616 0.000367921 0.000369705 0.000367921 0.000362616 0.000353928 0.000342084 0.000327387 0.000310211 0.000290984 0.000270172 0.000248262 0.000225746 0.000203098 0.000180763 0.000159137 0.000138558 0.000119301 0.000101567 8.54893e-05 7.11337e-05 5.85061e-05 4.75607e-05 3.82099e-05 3.03351e-05 2.37968e-05 1.84441e-05 1.41228e-05 1.06825e-05 7.98129e-06 5.8895e-06 4.2919e-06 3.08847e-06 2.19442e-06 1.53935e-06 1.06598e-06 7.28656e-07 4.91599e-07 3.27325e-07 2.15074e-07 1.39446e-07 8.92063e-08 5.63029e-08 3.5058e-08 2.15352e-08 1.30504e-08 7.80374e-09 4.60812e-09 2.69436e-09 1.57386e-09 9.44482e-10 6.28241e-10 
6.28241e-10 7.40881e-10 1.11233e-09 1.85097e-09 3.16459e-09 5.40549e-09 9.1426e-09 1.52702e-08 2.51664e-08 4.09172e-08 6.56282e-08 1.03846e-07 1.62118e-07 2.49713e-07 3.79538e-07 5.69256e-07 8.4263e-07 1.23107e-06 1.77535e-06 2.52746e-06 3.55245e-06 4.9301e-06 6.75636e-06 9.1441e-06 1.22232e-05 1.61392e-05 2.10513e-05 2.71278e-05 3.45405e-05 4.34572e-05 5.40324e-05 6.63964e-05 8.06444e-05 9.68247e-05 0.000114927 0.000134875 0.000156517 0.000179623 0.000203886 0.000228926 0.000254298 0.000279507 0.000304022 0.000327298 0.000348791 0.000367983 0.0003844 0.000397627 0.000407327 0.000413249 0.000415241 0.000413249 0.000407327 0.000397627 0.0003844 0.000367983 0.000348791 0.000327298 0.000304022 0.000279507 0.000254298 0.000228926 0.000203886 0.000179623 0.000156517 0.000134875 0.000114927 9.68247e-05 8.06444e-05 6.63964e-05 5.40324e-05 4.34572e-05 3.45405e-05 2.71278e-05 2.10513e-05 1.61392e-05 1.22232e-05 9.1441e-06 6.75636e-06 4.9301e-06 3.55245e-06 2.52746e-06 1.77535e-06 1.23107e-06 8.4263e-07 5.69256e-07 3.79538e-07 2.49713e-07 1.62118e-07 1.03846e-07 6.56282e-08 4.09172e-08 2.51664e-08 1.52702e-08 9.1426e-09 5.40549e-09 3.16459e-09 1.85097e-09 1.11233e-09 7.40881e-10 
9.44482e-10 1.11233e-09 1.6653e-09 2.76296e-09 4.71063e-09 8.02462e-09 1.35363e-08 2.25482e-08 3.70605e-08 6.00909e-08 9.61153e-08 1.51662e-07 2.36097e-07 3.62628e-07 5.49572e-07 8.21895e-07 1.21305e-06 1.76705e-06 2.54081e-06 3.60656e-06 5.05427e-06 6.99379e-06 9.55659e-06 1.28966e-05 1.719e-05 2.26335e-05 2.94405e-05 3.78357e-05 4.80469e-05 6.02948e-05 7.47803e-05 9.16707e-05 0.000111085 0.000133077 0.000157624 0.000184612 0.00021383 0.000244962 0.000277591 0.000311206 0.000345213 0.00037895 0.000411715 0.000442786 0.000471446 0.000497016 0.00051887 0.000536468 0.000549366 0.000557239 0.000559886 0.000557239 0.000549366 0.000536468 0.00051887 0.000497016 0.000471446 0.000442786 0.000411715 0.00037895 0.000345213 0.000311206 0.000277591 0.000244962 0.00021383 0.000184612 0.000157624 0.000133077 0.000111085 9.16707e-05 7.47803e-05 6.02948e-05 4.80469e-05 3.78357e-05 2.94405e-05 2.26335e-05 1.719e-05 1.28966e-05 9.55659e-06 6.99379e-06 5.05427e-06 3.60656e-06 2.54081e-06 1.76705e-06 1.21305e-06 8.21895e-07 5.49572e-07 3.62628e-07 2.36097e-07 1.51662e-07 9.61153e-08 6.00909e-08 3.70605e-08 2.25482e-08 1.35363e-08 8.02462e-09 4.71063e-09 2.76296e-09 1.6653e-09 1.11233e-09 
1.57386e-09 1.85097e-09 2.76296e-09 4.56991e-09 7.76843e-09 1.31961e-08 2.21971e-08 3.68703e-08 6.04274e-08 9.76949e-08 1.55804e-07 2.45116e-07 3.8043e-07 5.82532e-07 8.80121e-07 1.31214e-06 1.93053e-06 2.80332e-06 4.01804e-06 5.68523e-06 7.94188e-06 1.09544e-05 1.49209e-05 2.0072e-05 2.66702e-05 3.50067e-05 4.53958e-05 5.81656e-05 7.36465e-05 9.21551e-05 0.000113977 0.000139344 0.000168415 0.000201255 0.000237811 0.000277899 0.000321193 0.000367216 0.00041535 0.000464838 0.000514808 0.000564298 0.000612287 0.000657731 0.000699598 0.00073691 0.000768772 0.00079441 0.000813191 0.000824651 0.000828503 0.000824651 0.000813191 0.00079441 0.000768772 0.00073691 0.000699598 0.000657731 0.000612287 0.000564298 0.000514808 0.000464838 0.00041535 0.000367216 0.000321193 0.000277899 0.000237811 0.000201255 0.000168415 0.000139344 0.000113977 9.21551e-05 7.36465e-05 5.81656e-05 4.53958e-05 3.50067e-05 2.66702e-05 2.0072e-05 1.49209e-05 1.09544e-05 7.94188e-06 5.68523e-06 4.01804e-06 2.80332e-06 1.93053e-06 1.31214e-06 8.80121e-07 5.82532e-07 3.8043e-07 2.45116e-07 1.55804e-07 9.76949e-08 6.04274e-08 3.68703e-08 2.21971e-08 1.31961e-08 7.76843e-09 4.56991e-09 2.76296e-09 1.85097e-09 
2.69436e-09 3.16459e-09 4.71063e-09 7.76843e-09 1.31689e-08 2.23095e-08 3.74266e-08 6.20006e-08 1.01338e-07 1.63386e-07 2.59843e-07 4.07638e-07 6.3086e-07 9.63202e-07 1.45099e-06 2.15681e-06 3.16378e-06 4.58024e-06 6.54495e-06 9.23233e-06 1.28574e-05 1.76801e-05 2.40081e-05 3.21978e-05 4.26525e-05 5.58168e-05 7.21674e-05 9.21987e-05 0.000116404 0.000145252 0.000179158 0.000218456 0.000263362 0.000313948 0.000370107 0.000431536 0.000497716 0.000567909 0.000641162 0.000716324 0.000792078 0.000866976 0.00093949 0.00100806 0.00107116 0.00112733 0.00117525 0.00121379 0.001242 0.00125921 0.00126499 0.00125921 0.001242 0.00121379 0.00117525 0.00112733 0.00107116 0.00100806 0.00093949 0.000866976 0.000792078 0.000716324 0.000641162 0.000567909 0.000497716 0.000431536 0.000370107 0.000313948 0.000263362 0.000218456 0.000179158 0.000145252 0.000116404 9.21987e-05 7.21674e-05 5.58168e-05 4.26525e-05 3.21978e-05 2.40081e-05 1.76801e-05 1.28574e-05 9.23233e-06 6.54495e-06 4.58024e-06 3.16378e-06 2.15681e-06 1.45099e-06 9.63202e-07 6.3086e-07 4.07638e-07 2.59843e-07 1.63386e-07 1.01338e-07 6.20006e-08 3.74266e-08 2.23095e-08 1.31689e-08 7.76843e-09 4.71063e-09 3.16459e-09 
4.60812e-09 5.40549e-09 8.02462e-09 1.31961e-08 2.23095e-08 3.76965e-08 6.30771e-08 1.04223e-07 1.69903e-07 2.73207e-07 4.3333e-07 6.77949e-07 1.0463e-06 1.59302e-06 2.39297e-06 3.54684e-06 5.18773e-06 7.48843e-06 1.06692e-05 1.50055e-05 2.08354e-05 2.85655e-05 3.86744e-05 5.17137e-05 6.83037e-05 8.91243e-05 0.0001149 0.000146376 0.000184289 0.000229335 0.000282118 0.000343114 0.000412618 0.000490695 0.000577147 0.000671473 0.000772852 0.000880134 0.000991853 0.00110626 0.00122135 0.00133495 0.00144476 0.00154846 0.00164376 0.00172852 0.00180076 0.00185881 0.00190129 0.00192719 0.00193589 0.00192719 0.00190129 0.00185881 0.00180076 0.00172852 0.00164376 0.00154846 0.00144476 0.00133495 0.00122135 0.00110626 0.000991853 0.000880134 0.000772852 0.000671473 0.000577147 0.000490695 0.000412618 0.000343114 0.000282118 0.000229335 0.000184289 0.000146376 0.0001149 8.91243e-05 6.83037e-05 5.17137e-05 3.86744e-05 2.85655e-05 2.08354e-05 1.50055e-05 1.06692e-05 7.48843e-06 5.18773e-06 3.54684e-06 2.39297e-06 1.59302e-06 1.0463e-06 6.77949e-07 4.3333e-07 2.73207e-07 1.69903e-07 1.04223e-07 6.30771e-08 3.76965e-08 2.23095e-08 1.31961e-08 8.02462e-09 5.40549e-09 
7.80374e-09 9.1426e-09 1.35363e-08 2.21971e-08 3.74266e-08 6.30771e-08 1.05277e-07 1.73504e-07 2.82113e-07 4.52452e-07 7.1572e-07 1.11673e-06 1.71878e-06 2.60966e-06 3.90915e-06 5.77769e-06 8.42645e-06 1.21284e-05 1.72297e-05 2.41615e-05 3.345e-05 4.5725e-05 6.1724e-05 8.22919e-05 0.000108374 0.000140998 0.000181254 0.000230254 0.000289089 0.000358772 0.000440176 0.000533968 0.000640533 0.000759913 0.000891746 0.00103522 0.00118905 0.00135146 0.00152023 0.00169271 0.00186589 0.00203654 0.00220124 0.00235656 0.00249912 0.00262576 0.00273362 0.00282022 0.00288355 0.00292216 0.00293512 0.00292216 0.00288355 0.00282022 0.00273362 0.00262576 0.00249912 0.00235656 0.00220124 0.00203654 0.00186589 0.00169271 0.00152023 0.00135146 0.00118905 0.00103522 0.000891746 0.000759913 0.000640533 0.000533968 0.000440176 0.000358772 0.000289089 0.000230254 0.000181254 0.000140998 0.000108374 8.22919e-05 6.1724e-05 4.5725e-05 3.345e-05 2.41615e-05 1.72297e-05 1.21284e-05 8.42645e-06 5.77769e-06 3.90915e-06 2.60966e-06 1.71878e-06 1.11673e-06 7.1572e-07 4.52452e-07 2.82113e-07 1.73504e-07 1.05277e-07 6.30771e-08 3.74266e-08 2.21971e-08 1.35363e-08 9.1426e-09 
1.30504e-08 1.52702e-08 2.25482e-08 3.68703e-08 6.20006e-08 1.04223e-07 1.73504e-07 2.85211e-07 4.62541e-07 7.39868e-07 1.16725e-06 1.81633e-06 2.78786e-06 4.22113e-06 6.30527e-06 9.29262e-06 1.35138e-05 1.93943e-05 2.74712e-05 3.84098e-05 5.30186e-05 7.22595e-05 9.72531e-05 0.000129276 0.000169746 0.000220199 0.000282246 0.000357521 0.000447612 0.000553973 0.00067784 0.000820122 0.000981306 0.00116136 0.00135966 0.0015749 0.0018051 0.00204757 0.00229897 0.00255537 0.00281233 0.00306507 0.00330861 0.00353794 0.00374817 0.00393472 0.00409344 0.00422079 0.00431388 0.00437059 0.00438964 0.00437059 0.00431388 0.00422079 0.00409344 0.00393472 0.00374817 0.00353794 0.00330861 0.00306507 0.00281233 0.00255537 0.00229897 0.00204757 0.0018051 0.0015749 0.00135966 0.00116136 0.000981306 0.000820122 0.00067784 0.000553973 0.000447612 0.000357521 0.000282246 0.000220199 0.000169746 0.000129276 9.72531e-05 7.22595e-05 5.30186e-05 3.84098e-05 2.74712e-05 1.93943e-05 1.35138e-05 9.29262e-06 6.30527e-06 4.22113e-06 2.78786e-06 1.81633e-06 1.16725e-06 7.39868e-07 4.62541e-07 2.85211e-07 1.73504e-07 1.04223e-07 6.20006e-08 3.68703e-08 2.25482e-08 1.52702e-08 
2.15352e-08 2.51664e-08 3.70605e-08 6.04274e-08 1.01338e-07 1.69903e-07 2.82113e-07 4.62541e-07 7.48154e-07 1.19354e-06 1.87791e-06 2.91419e-06 4.46056e-06 6.73482e-06 1.00315e-05 1.47417e-05 2.13759e-05 3.05875e-05 4.31975e-05 6.02181e-05 8.28721e-05 0.000112607 0.0001511 0.000200248 0.000262147 0.000339049 0.000433302 0.000547262 0.000683196 0.000843156 0.00102884 0.00124147 0.00148162 0.00174909 0.00204282 0.00236079 0.00269999 0.0030564 0.00342509 0.00380028 0.00417555 0.00454399 0.00489841 0.00523165 0.00553673 0.00580713 0.00603699 0.00622126 0.00635587 0.00643785 0.00646538 0.00643785 0.00635587 0.00622126 0.00603699 0.00580713 0.00553673 0.00523165 0.00489841 0.00454399 0.00417555 0.00380028 0.00342509 0.0030564 0.00269999 0.00236079 0.00204282 0.00174909 0.00148162 0.00124147 0.00102884 0.000843156 0.000683196 0.000547262 0.000433302 0.000339049 0.000262147 0.000200248 0.0001511 0.000112607 8.28721e-05 6.02181e-05 4.31975e-05 3.05875e-05 2.13759e-05 1.47417e-05 1.00315e-05 6.73482e-06 4.46056e-06 2.91419e-06 1.87791e-06 1.19354e-06 7.48154e-07 4.62541e-07 2.82113e-07 1.69903e-07 1.01338e-07 6.04274e-08 3.70605e-08 2.51664e-08 
3.5058e-08 4.09172e-08 6.00909e-08 9.76949e-08 1.63386e-07 2.73207e-07 4.52452e-07 7.39868e-07 1.19354e-06 1.89895e-06 2.97964e-06 4.61106e-06 7.03805e-06 1.05963e-05 1.57376e-05 2.30598e-05 3.33387e-05 4.75633e-05 6.69699e-05 9.30746e-05 0.000127699 0.000172987 0.000231408 0.000305737 0.000399019 0.000514504 0.000655546 0.000825487 0.0010275 0.00126441 0.00153852 0.00185138 0.00220361 0.00259473 0.003023 0.0034853 0.00397713 0.00449262 0.00502457 0.0055647 0.00610382 0.00663209 0.00713939 0.00761561 0.00805099 0.00843641 0.0087637 0.00902587 0.00921727 0.00933379 0.00937291 0.00933379 0.00921727 0.00902587 0.0087637 0.00843641 0.00805099 0.00761561 0.00713939 0.00663209 0.00610382 0.0055647 0.00502457 0.00449262 0.00397713 0.0034853 0.003023 0.00259473 0.00220361 0.00185138 0.00153852 0.00126441 0.0010275 0.000825487 0.000655546 0.000514504 0.000399019 0.000305737 0.000231408 0.000172987 0.000127699 9.30746e-05 6.69699e-05 4.75633e-05 3.33387e-05 2.30598e-05 1.57376e-05 1.05963e-05 7.03805e-06 4.61106e-06 2.97964e-06 1.89895e-06 1.19354e-06 7.39868e-07 4.52452e-07 2.73207e-07 1.63386e-07 9.76949e-08 6.00909e-08 4.09172e-08 
5.63029e-08 6.56282e-08 9.61153e-08 1.55804e-07 2.59843e-07 4.3333e-07 7.1572e-07 1.16725e-06 1.87791e-06 2.97964e-06 4.6624e-06 7.19492e-06 1.09506e-05 1.64394e-05 2.43445e-05 3.55657e-05 5.12653e-05 7.29175e-05 0.000102356 0.000141815 0.000193969 0.000261941 0.000349308 0.000460065 0.00059856 0.000769397 0.00097729 0.00122688 0.00152252 0.00186803 0.0022664 0.00271957 0.00322811 0.00379101 0.00440547 0.00506684 0.00576848 0.0065019 0.00725687 0.00802163 0.00878329 0.00952813 0.0102421 0.0109112 0.011522 0.0120621 0.0125202 0.0128868 0.0131544 0.0133171 0.0133718 0.0133171 0.0131544 0.0128868 0.0125202 0.0120621 0.011522 0.0109112 0.0102421 0.00952813 0.00878329 0.00802163 0.00725687 0.0065019 0.00576848 0.00506684 0.00440547 0.00379101 0.00322811 0.00271957 0.0022664 0.00186803 0.00152252 0.00122688 0.00097729 0.000769397 0.00059856 0.000460065 0.000349308 0.000261941 0.000193969 0.000141815 0.000102356 7.29175e-05 5.12653e-05 3.55657e-05 2.43445e-05 1.64394e-05 1.09506e-05 7.19492e-06 4.6624e-06 2.97964e-06 1.87791e-06 1.16725e-06 7.1572e-07 4.3333e-07 2.59843e-07 1.55804e-07 9.61153e-08 6.56282e-08 
8.92063e-08 1.03846e-07 1.51662e-07 2.45116e-07 4.07638e-07 6.77949e-07 1.11673e-06 1.81633e-06 2.91419e-06 4.61106e-06 7.19492e-06 1.10714e-05 1.68021e-05 2.51499e-05 3.71332e-05 5.40863e-05 7.77247e-05 0.000110213 0.000154228 0.000213017 0.000290436 0.000390971 0.000519715 0.000682322 0.000884898 0.00113385 0.00143567 0.0017967 0.00222277 0.00271891 0.00328893 0.0039351 0.00465776 0.00545502 0.00632257 0.00725347 0.00823818 0.00926463 0.0103185 0.0113833 0.0124415 0.013474 0.0144619 0.0153861 0.0162285 0.0169723 0.0176026 0.0181066 0.018474 0.0186975 0.0187725 0.0186975 0.018474 0.0181066 0.0176026 0.0169723 0.0162285 0.0153861 0.0144619 0.013474 0.0124415 0.0113833 0.0103185 0.00926463 0.00823818 0.00725347 0.00632257 0.00545502 0.00465776 0.0039351 0.00328893 0.00271891 0.00222277 0.0017967 0.00143567 0.00113385 0.000884898 0.000682322 0.000519715 0.000390971 0.000290436 0.000213017 0.000154228 0.000110213 7.77247e-05 5.40863e-05 3.71332e-05 2.51499e-05 1.68021e-05 1.10714e-05 7.19492e-06 4.61106e-06 2.91419e-06 1.81633e-06 1.11673e-06 6.77949e-07 4.07638e-07 2.45116e-07 1.51662e-07 1.03846e-07 
1.39446e-07 1.62118e-07 2.36097e-07 3.8043e-07 6.3086e-07 1.0463e-06 1.71878e-06 2.78786e-06 4.46056e-06 7.03805e-06 1.09506e-05 1.68021e-05 2.54243e-05 3.7943e-05 5.58535e-05 8.11055e-05 0.000116193 0.000164247 0.000229117 0.000315446 0.000428715 0.000575254 0.000762205 0.000997431 0.00128936 0.00164675 0.00207839 0.00259272 0.00319743 0.00389894 0.00470197 0.00560898 0.00661977 0.0077311 0.00893639 0.0102256 0.0115851 0.0129982 0.0144449 0.0159031 0.0173485 0.0187559 0.0200997 0.0213545 0.0224965 0.0235033 0.0243555 0.0250362 0.0255322 0.0258338 0.0259349 0.0258338 0.0255322 0.0250362 0.0243555 0.0235033 0.0224965 0.0213545 0.0200997 0.0187559 0.0173485 0.0159031 0.0144449 0.0129982 0.0115851 0.0102256 0.00893639 0.0077311 0.00661977 0.00560898 0.00470197 0.00389894 0.00319743 0.00259272 0.00207839 0.00164675 0.00128936 0.000997431 0.000762205 0.000575254 0.000428715 0.000315446 0.000229117 0.000164247 0.000116193 8.11055e-05 5.58535e-05 3.7943e-05 2.54243e-05 1.68021e-05 1.09506e-05 7.03805e-06 4.46056e-06 2.78786e-06 1.71878e-06 1.0463e-06 6.3086e-07 3.8043e-07 2.36097e-07 1.62118e-07 
2.15074e-07 2.49713e-07 3.62628e-07 5.82532e-07 9.63202e-07 1.59302e-06 2.60966e-06 4.22113e-06 6.73482e-06 1.05963e-05 1.64394e-05 2.51499e-05 3.7943e-05 5.64554e-05 8.2851e-05 0.000119937 0.000171287 0.000241359 0.000335608 0.000460569 0.000623909 0.000834421 0.00110195 0.00143726 0.00185177 0.00235723 0.00296531 0.00368704 0.00453228 0.00550905 0.00662289 0.00787626 0.00926793 0.0107926 0.0124404 0.014197 0.0160436 0.0179571 0.0199105 0.0218741 0.0238156 0.0257016 0.0274984 0.0291732 0.0306947 0.0320343 0.0331666 0.0340703 0.0347282 0.0351279 0.035262 0.0351279 0.0347282 0.0340703 0.0331666 0.0320343 0.0306947 0.0291732 0.0274984 0.0257016 0.0238156 0.0218741 0.0199105 0.0179571 0.0160436 0.014197 0.0124404 0.0107926 0.00926793 0.00787626 0.00662289 0.00550905 0.00453228 0.00368704 0.00296531 0.00235723 0.00185177 0.00143726 0.00110195 0.000834421 0.000623909 0.000460569 0.000335608 0.000241359 0.000171287 0.000119937 8.2851e-05 5.64554e-05 3.7943e-05 2.51499e-05 1.64394e-05 1.05963e-05 6.73482e-06 4.22113e-06 2.60966e-06 1.59302e-06 9.63202e-07 5.82532e-07 3.62628e-07 2.49713e-07 
3.27325e-07 3.79538e-07 5.49572e-07 8.80121e-07 1.45099e-06 2.39297e-06 3.90915e-06 6.30527e-06 1.00315e-05 1.57376e-05 2.43445e-05 3.71332e-05 5.58535e-05 8.2851e-05 0.000121212 0.000174919 0.000249016 0.00034976 0.00048476 0.000663075 0.000895261 0.00119334 0.00157066 0.00204169 0.00262165 0.00332601 0.00416994 0.00516757 0.00633122 0.00767058 0.00919187 0.0108971 0.0127832 0.0148419 0.017059 0.0194142 0.0218818 0.0244306 0.0270248 0.029625 0.0321892 0.034674 0.0370361 0.0392333 0.0412257 0.0429773 0.0444559 0.0456346 0.0464921 0.0470128 0.0471875 0.0470128 0.0464921 0.0456346 0.0444559 0.0429773 0.0412257 0.0392333 0.0370361 0.034674 0.0321892 0.029625 0.0270248 0.0244306 0.0218818 0.0194142 0.017059 0.0148419 0.0127832 0.0108971 0.00919187 0.00767058 0.00633122 0.00516757 0.00416994 0.00332601 0.00262165 0.00204169 0.00157066 0.00119334 0.000895261 0.000663075 0.00048476 0.00034976 0.000249016 0.000174919 0.000121212 8.2851e-05 5.58535e-05 3.71332e-05 2.43445e-05 1.57376e-05 1.00315e-05 6.30527e-06 3.90915e-06 2.39297e-06 1.45099e-06 8.80121e-07 5.49572e-07 3.79538e-07 
4.91599e-07 5.69256e-07 8.21895e-07 1.31214e-06 2.15681e-06 3.54684e-06 5.77769e-06 9.29262e-06 1.47417e-05 2.30598e-05 3.55657e-05 5.40863e-05 8.11055e-05 0.000119937 0.000174919 0.000251623 0.000357059 0.00049988 0.000690539 0.000941404 0.00126678 0.00168283 0.00220738 0.00285953 0.0036592 0.00462639 0.0057804 0.00713892 0.00871695 0.0105258 0.0125719 0.0148561 0.0173728 0.0201091 0.0230447 0.0261521 0.0293963 0.0327361 0.0361248 0.0395111 0.0428412 0.0460599 0.0491125 0.0519458 0.0545104 0.0567611 0.0586584 0.0601693 0.0612675 0.0619341 0.0621575 0.0619341 0.0612675 0.0601693 0.0586584 0.0567611 0.0545104 0.0519458 0.0491125 0.0460599 0.0428412 0.0395111 0.0361248 0.0327361 0.0293963 0.0261521 0.0230447 0.0201091 0.0173728 0.0148561 0.0125719 0.0105258 0.00871695 0.00713892 0.0057804 0.00462639 0.0036592 0.00285953 0.00220738 0.00168283 0.00126678 0.000941404 0.000690539 0.00049988 0.000357059 0.000251623 0.000174919 0.000119937 8.11055e-05 5.40863e-05 3.55657e-05 2.30598e-05 1.47417e-05 9.29262e-06 5.77769e-06 3.54684e-06 2.15681e-06 1.31214e-06 8.21895e-07 5.69256e-07 
7.28656e-07 8.4263e-07 1.21305e-06 1.93053e-06 3.16378e-06 5.18773e-06 8.42645e-06 1.35138e-05 2.13759e-05 3.33387e-05 5.12653e-05 7.77247e-05 0.000116193 0.000171287 0.000249016 0.000357059 0.000505024 0.000704694 0.00097022 0.00131822 0.00176779 0.00234031 0.00305916 0.00394918 0.00503591 0.00634473 0.00789971 0.00972242 0.0118306 0.0142368 0.0169472 0.0199604 0.0232665 0.0268468 0.0306728 0.0347073 0.0389042 0.0432096 0.0475635 0.0519008 0.0561536 0.060253 0.0641311 0.0677226 0.070967 0.0738093 0.076202 0.0781051 0.0794871 0.0803254 0.0806063 0.0803254 0.0794871 0.0781051 0.076202 0.0738093 0.070967 0.0677226 0.0641311 0.060253 0.0561536 0.0519008 0.0475635 0.0432096 0.0389042 0.0347073 0.0306728 0.0268468 0.0232665 0.0199604 0.0169472 0.0142368 0.0118306 0.00972242 0.00789971 0.00634473 0.00503591 0.00394918 0.00305916 0.00234031 0.00176779 0.00131822 0.00097022 0.000704694 0.000505024 0.000357059 0.000249016 0.000171287 0.000116193 7.77247e-05 5.12653e-05 3.33387e-05 2.13759e-05 1.35138e-05 8.42645e-06 5.18773e-06 3.16378e-06 1.93053e-06 1.21305e-06 8.4263e-07 
1.06598e-06 1.23107e-06 1.76705e-06 2.80332e-06 4.58024e-06 7.48843e-06 1.21284e-05 1.93943e-05 3.05875e-05 4.75633e-05 7.29175e-05 0.000110213 0.000164247 0.000241359 0.00034976 0.00049988 0.000704694 0.00098002 0.00134472 0.00182079 0.00243331 0.00321012 0.0041814 0.00537882 0.00683461 0.00858029 0.0106452 0.013055 0.01583 0.0189833 0.0225197 0.0264342 0.0307111 0.0353231 0.0402317 0.0453873 0.0507298 0.0561906 0.0616935 0.0671575 0.0724986 0.0776323 0.082476 0.0869513 0.0909855 0.0945133 0.0974784 0.0998338 0.101543 0.102579 0.102926 0.102579 0.101543 0.0998338 0.0974784 0.0945133 0.0909855 0.0869513 0.082476 0.0776323 0.0724986 0.0671575 0.0616935 0.0561906 0.0507298 0.0453873 0.0402317 0.0353231 0.0307111 0.0264342 0.0225197 0.0189833 0.01583 0.013055 0.0106452 0.00858029 0.00683461 0.00537882 0.0041814 0.00321012 0.00243331 0.00182079 0.00134472 0.00098002 0.000704694 0.00049988 0.00034976 0.000241359 0.000164247 0.000110213 7.29175e-05 4.75633e-05 3.05875e-05 1.93943e-05 1.21284e-05 7.48843e-06 4.58024e-06 2.80332e-06 1.76705e-06 1.23107e-06 
1.53935e-06 1.77535e-06 2.54081e-06 4.01804e-06 6.54495e-06 1.06692e-05 1.72297e-05 2.74712e-05 4.31975e-05 6.69699e-05 0.000102356 0.000154228 0.000229117 0.000335608 0.00048476 0.000690539 0.00097022 0.00134472 0.00183881 0.00248117 0.00330421 0.00434364 0.00563769 0.00722612 0.00914879 0.011444 0.0141469 0.0172868 0.0208862 0.0249578 0.0295035 0.0345126 0.0399612 0.0458112 0.0520111 0.0584959 0.0651892 0.0720043 0.078847 0.0856177 0.0922147 0.0985364 0.104485 0.109967 0.114897 0.119201 0.122812 0.125676 0.127753 0.12901 0.129432 0.12901 0.127753 0.125676 0.122812 0.119201 0.114897 0.109967 0.104485 0.0985364 0.0922147 0.0856177 0.078847 0.0720043 0.0651892 0.0584959 0.0520111 0.0458112 0.0399612 0.0345126 0.0295035 0.0249578 0.0208862 0.0172868 0.0141469 0.011444 0.00914879 0.00722612 0.00563769 0.00434364 0.00330421 0.00248117 0.00183881 0.00134472 0.00097022 0.000690539 0.00048476 0.000335608 0.000229117 0.000154228 0.000102356 6.69699e-05 4.31975e-05 2.74712e-05 1.72297e-05 1.06692e-05 6.54495e-06 4.01804e-06 2.54081e-06 1.77535e-06 
2.19442e-06 2.52746e-06 3.60656e-06 5.68523e-06 9.23233e-06 1.50055e-05 2.41615e-05 3.84098e-05 6.02181e-05 9.30746e-05 0.000141815 0.000213017 0.000315446 0.000460569 0.000663075 0.000941404 0.00131822 0.00182079 0.00248117 0.00333618 0.00442707 0.00579886 0.00749925 0.00957719 0.0120811 0.0150565 0.0185442 0.0225771 0.0271785 0.0323594 0.0381165 0.0444311 0.0512683 0.0585761 0.0662865 0.0743167 0.0825703 0.0909405 0.0993122 0.107566 0.11558 0.123236 0.130418 0.13702 0.142943 0.148103 0.152425 0.155849 0.158328 0.159828 0.160331 0.159828 0.158328 0.155849 0.152425 0.148103 0.142943 0.13702 0.130418 0.123236 0.11558 0.107566 0.0993122 0.0909405 0.0825703 0.0743167 0.0662865 0.0585761 0.0512683 0.0444311 0.0381165 0.0323594 0.0271785 0.0225771 0.0185442 0.0150565 0.0120811 0.00957719 0.00749925 0.00579886 0.00442707 0.00333618 0.00248117 0.00182079 0.00131822 0.000941404 0.000663075 0.000460569 0.000315446 0.000213017 0.000141815 9.30746e-05 6.02181e-05 3.84098e-05 2.41615e-05 1.50055e-05 9.23233e-06 5.68523e-06 3.60656e-06 2.52746e-06 
3.08847e-06 3.55245e-06 5.05427e-06 7.94188e-06 1.28574e-05 2.08354e-05 3.345e-05 5.30186e-05 8.28721e-05 0.000127699 0.000193969 0.000290436 0.000428715 0.000623909 0.000895261 0.00126678 0.00176779 0.00243331 0.00330421 0.00442707 0.00585358 0.00763958 0.00984356 0.0125247 0.0157406 0.0195444 0.023982 0.0290889 0.0348877 0.0413853 0.0485708 0.0564145 0.0648668 0.0738586 0.0833021 0.0930929 0.103112 0.11323 0.12331 0.133209 0.142786 0.151904 0.160432 0.168248 0.175245 0.181325 0.186409 0.190431 0.193339 0.195098 0.195687 0.195098 0.193339 0.190431 0.186409 0.181325 0.175245 0.168248 0.160432 0.151904 0.142786 0.133209 0.12331 0.11323 0.103112 0.0930929 0.0833021 0.0738586 0.0648668 0.0564145 0.0485708 0.0413853 0.0348877 0.0290889 0.023982 0.0195444 0.0157406 0.0125247 0.00984356 0.00763958 0.00585358 0.00442707 0.00330421 0.00243331 0.00176779 0.00126678 0.000895261 0.000623909 0.000428715 0.000290436 0.000193969 0.000127699 8.28721e-05 5.30186e-05 3.345e-05 2.08354e-05 1.28574e-05 7.94188e-06 5.05427e-06 3.55245e-06 
4.2919e-06 4.9301e-06 6.99379e-06 1.09544e-05 1.76801e-05 2.85655e-05 4.5725e-05 7.22595e-05 0.000112607 0.000172987 0.000261941 0.000390971 0.000575254 0.000834421 0.00119334 0.00168283 0.00234031 0.00321012 0.00434364 0.00579886 0.00763958 0.00993395 0.0127525 0.0161655 0.0202399 0.0250362 0.0306047 0.0369818 0.0441872 0.0522209 0.0610611 0.0706632 0.0809593 0.0918593 0.103252 0.115008 0.126984 0.139024 0.150968 0.16265 0.17391 0.184592 0.19455 0.203651 0.211775 0.218819 0.224697 0.229339 0.232692 0.234719 0.235397 0.234719 0.232692 0.229339 0.224697 0.218819 0.211775 0.203651 0.19455 0.184592 0.17391 0.16265 0.150968 0.139024 0.126984 0.115008 0.103252 0.0918593 0.0809593 0.0706632 0.0610611 0.0522209 0.0441872 0.0369818 0.0306047 0.0250362 0.0202399 0.0161655 0.0127525 0.00993395 0.00763958 0.00579886 0.00434364 0.00321012 0.00234031 0.00168283 0.00119334 0.000834421 0.000575254 0.000390971 0.000261941 0.000172987 0.000112607 7.22595e-05 4.5725e-05 2.85655e-05 1.76801e-05 1.09544e-05 6.99379e-06 4.9301e-06 
5.8895e-06 6.75636e-06 9.55659e-06 1.49209e-05 2.40081e-05 3.86744e-05 6.1724e-05 9.72531e-05 0.0001511 0.000231408 0.000349308 0.000519715 0.000762205 0.00110195 0.00157066 0.00220738 0.00305916 0.0041814 0.00563769 0.00749925 0.00984356 0.0127525 0.0163095 0.0205965 0.02569 0.0316567 0.0385497 0.0464042 0.0552341 0.0650288 0.0757517 0.0873391 0.0997007 0.112721 0.126262 0.140167 0.154264 0.168371 0.182302 0.195872 0.208899 0.22121 0.232647 0.243067 0.252342 0.260364 0.267045 0.272312 0.276112 0.278406 0.279174 0.278406 0.276112 0.272312 0.267045 0.260364 0.252342 0.243067 0.232647 0.22121 0.208899 0.195872 0.182302 0.168371 0.154264 0.140167 0.126262 0.112721 0.0997007 0.0873391 0.0757517 0.0650288 0.0552341 0.0464042 0.0385497 0.0316567 0.02569 0.0205965 0.0163095 0.0127525 0.00984356 0.00749925 0.00563769 0.0041814 0.00305916 0.00220738 0.00157066 0.00110195 0.000762205 0.000519715 0.000349308 0.000231408 0.0001511 9.72531e-05 6.1724e-05 3.86744e-05 2.40081e-05 1.49209e-05 9.55659e-06 6.75636e-06 
7.98129e-06 9.1441e-06 1.28966e-05 2.0072e-05 3.21978e-05 5.17137e-05 8.22919e-05 0.000129276 0.000200248 0.000305737 0.000460065 0.000682322 0.000997431 0.00143726 0.00204169 0.00285953 0.00394918 0.00537882 0.00722612 0.00957719 0.0125247 0.0161655 0.0205965 0.0259115 0.0321955 0.0395203 0.0479397 0.0574844 0.0681586 0.0799373 0.0927642 0.106552 0.121184 0.136514 0.152375 0.168578 0.184924 0.201202 0.217203 0.232718 0.247549 0.261511 0.274434 0.286167 0.296581 0.305564 0.313029 0.318903 0.323135 0.325689 0.326542 0.325689 0.323135 0.318903 0.313029 0.305564 0.296581 0.286167 0.274434 0.261511 0.247549 0.232718 0.217203 0.201202 0.184924 0.168578 0.152375 0.136514 0.121184 0.106552 0.0927642 0.0799373 0.0681586 0.0574844 0.0479397 0.0395203 0.0321955 0.0259115 0.0205965 0.0161655 0.0125247 0.00957719 0.00722612 0.00537882 0.00394918 0.00285953 0.00204169 0.00143726 0.000997431 0.000682322 0.000460065 0.000305737 0.000200248 0.000129276 8.22919e-05 5.17137e-05 3.21978e-05 2.0072e-05 1.28966e-05 9.1441e-06 
1.06825e-05 1.22232e-05 1.719e-05 2.66702e-05 4.26525e-05 6.83037e-05 0.000108374 0.000169746 0.000262147 0.000399019 0.00059856 0.000884898 0.00128936 0.00185177 0.00262165 0.0036592 0.00503591 0.00683461 0.00914879 0.0120811 0.0157406 0.0202399 0.02569 0.0321955 0.039849 0.0487252 0.0588752 0.0703216 0.0830546 0.0970297 0.112166 0.128348 0.145426 0.163222 0.181535 0.200145 0.218819 0.237323 0.255421 0.272888 0.289511 0.305093 0.31946 0.332458 0.343958 0.35385 0.362051 0.368492 0.373125 0.375918 0.376851 0.375918 0.373125 0.368492 0.362051 0.35385 0.343958 0.332458 0.31946 0.305093 0.289511 0.272888 0.255421 0.237323 0.218819 0.200145 0.181535 0.163222 0.145426 0.128348 0.112166 0.0970297 0.0830546 0.0703216 0.0588752 0.0487252 0.039849 0.0321955 0.02569 0.0202399 0.0157406 0.0120811 0.00914879 0.00683461 0.00503591 0.0036592 0.00262165 0.00185177 0.00128936 0.000884898 0.00059856 0.000399019 0.000262147 0.000169746 0.000108374 6.83037e-05 4.26525e-05 2.66702e-05 1.719e-05 1.22232e-05 
1.41228e-05 1.61392e-05 2.26335e-05 3.50067e-05 5.58168e-05 8.91243e-05 0.000140998 0.000220199 0.000339049 0.000514504 0.000769397 0.00113385 0.00164675 0.00235723 0.00332601 0.00462639 0.00634473 0.00858029 0.011444 0.0150565 0.0195444 0.0250362 0.0316567 0.0395203 0.0487252 0.0593457 0.0714266 0.0849778 0.0999704 0.116335 0.13396 0.152697 0.172361 0.192737 0.213586 0.234656 0.255684 0.276409 0.296576 0.315944 0.334288 0.351408 0.367127 0.381295 0.393787 0.404502 0.41336 0.420305 0.425292 0.428295 0.429298 0.428295 0.425292 0.420305 0.41336 0.404502 0.393787 0.381295 0.367127 0.351408 0.334288 0.315944 0.296576 0.276409 0.255684 0.234656 0.213586 0.192737 0.172361 0.152697 0.13396 0.116335 0.0999704 0.0849778 0.0714266 0.0593457 0.0487252 0.0395203 0.0316567 0.0250362 0.0195444 0.0150565 0.011444 0.00858029 0.00634473 0.00462639 0.00332601 0.00235723 0.00164675 0.00113385 0.000769397 0.000514504 0.000339049 0.000220199 0.000140998 8.91243e-05 5.58168e-05 3.50067e-05 2.26335e-05 1.61392e-05 
1.84441e-05 2.10513e-05 2.94405e-05 4.53958e-05 7.21674e-05 0.0001149 0.000181254 0.000282246 0.000433302 0.000655546 0.00097729 0.00143567 0.00207839 0.00296531 0.00416994 0.0057804 0.00789971 0.0106452 0.0141469 0.0185442 0.023982 0.0306047 0.0385497 0.0479397 0.0588752 0.0714266 0.0856278 0.101471 0.118901 0.13782 0.15808 0.179493 0.201835 0.224851 0.248266 0.271792 0.295138 0.318019 0.340164 0.36132 0.381259 0.399779 0.41671 0.431909 0.445261 0.456678 0.466091 0.473453 0.478733 0.481908 0.482967 0.481908 0.478733 0.473453 0.466091 0.456678 0.445261 0.431909 0.41671 0.399779 0.381259 0.36132 0.340164 0.318019 0.295138 0.271792 0.248266 0.224851 0.201835 0.179493 0.15808 0.13782 0.118901 0.101471 0.0856278 0.0714266 0.0588752 0.0479397 0.0385497 0.0306047 0.023982 0.0185442 0.0141469 0.0106452 0.00789971 0.0057804 0.00416994 0.00296531 0.00207839 0.00143567 0.00097729 0.000655546 0.000433302 0.000282246 0.000181254 0.0001149 7.21674e-05 4.53958e-05 2.94405e-05 2.10513e-05 
2.37968e-05 2.71278e-05 3.78357e-05 5.81656e-05 9.21987e-05 0.000146376 0.000230254 0.000357521 0.000547262 0.000825487 0.00122688 0.0017967 0.00259272 0.00368704 0.00516757 0.00713892 0.00972242 0.013055 0.0172868 0.0225771 0.0290889 0.0369818 0.0464042 0.0574844 0.0703216 0.0849778 0.101471 0.119768 0.139786 0.161386 0.184384 0.208547 0.233606 0.259267 0.285214 0.311129 0.336694 0.361604 0.385576 0.408351 0.429703 0.449438 0.467395 0.483446 0.497493 0.509461 0.519302 0.52698 0.532476 0.535777 0.536878 0.535777 0.532476 0.52698 0.519302 0.509461 0.497493 0.483446 0.467395 0.449438 0.429703 0.408351 0.385576 0.361604 0.336694 0.311129 0.285214 0.259267 0.233606 0.208547 0.184384 0.161386 0.139786 0.119768 0.101471 0.0849778 0.0703216 0.0574844 0.0464042 0.0369818 0.0290889 0.0225771 0.0172868 0.013055 0.00972242 0.00713892 0.00516757 0.00368704 0.00259272 0.0017967 0.00122688 0.000825487 0.000547262 0.000357521 0.000230254 0.000146376 9.21987e-05 5.81656e-05 3.78357e-05 2.71278e-05 
3.03351e-05 3.45405e-05 4.80469e-05 7.36465e-05 0.000116404 0.000184289 0.000289089 0.000447612 0.000683196 0.0010275 0.00152252 0.00222277 0.00319743 0.00453228 0.00633122 0.00871695 0.0118306 0.01583 0.0208862 0.0271785 0.0348877 0.0441872 0.0552341 0.0681586 0.0830546 0.0999704 0.118901 0.139786 0.162502 0.186871 0.21266 0.239591 0.26735 0.295599 0.323986 0.352161 0.379784 0.406535 0.432126 0.456299 0.478836 0.499556 0.518317 0.53501 0.549558 0.561908 0.572031 0.579909 0.585537 0.588913 0.590039 0.588913 0.585537 0.579909 0.572031 0.561908 0.549558 0.53501 0.518317 0.499556 0.478836 0.456299 0.432126 0.406535 0.379784 0.352161 0.323986 0.295599 0.26735 0.239591 0.21266 0.186871 0.162502 0.139786 0.118901 0.0999704 0.0830546 0.0681586 0.0552341 0.0441872 0.0348877 0.0271785 0.0208862 0.01583 0.0118306 0.00871695 0.00633122 0.00453228 0.00319743 0.00222277 0.00152252 0.0010275 0.000683196 0.000447612 0.000289089 0.000184289 0.000116404 7.36465e-05 4.80469e-05 3.45405e-05 
3.82099e-05 4.34572e-05 6.02948e-05 9.21551e-05 0.000145252 0.000229335 0.000358772 0.000553973 0.000843156 0.00126441 0.00186803 0.00271891 0.00389894 0.00550905 0.00767058 0.0105258 0.0142368 0.0189833 0.0249578 0.0323594 0.0413853 0.0522209 0.0650288 0.0799373 0.0970297 0.116335 0.13782 0.161386 0.186871 0.214045 0.242628 0.272292 0.302674 0.333394 0.364067 0.394315 0.423779 0.452133 0.479088 0.504395 0.52785 0.549295 0.568609 0.585711 0.600549 0.613097 0.623348 0.631303 0.636974 0.640372 0.641503 0.640372 0.636974 0.631303 0.623348 0.613097 0.600549 0.585711 0.568609 0.549295 0.52785 0.504395 0.479088 0.452133 0.423779 0.394315 0.364067 0.333394 0.302674 0.272292 0.242628 0.214045 0.186871 0.161386 0.13782 0.116335 0.0970297 0.0799373 0.0650288 0.0522209 0.0413853 0.0323594 0.0249578 0.0189833 0.0142368 0.0105258 0.00767058 0.00550905 0.00389894 0.00271891 0.00186803 0.00126441 0.000843156 0.000553973 0.000358772 0.000229335 0.000145252 9.21551e-05 6.02948e-05 4.34572e-05 
4.75607e-05 5.40324e-05 7.47803e-05 0.000113977 0.000179158 0.000282118 0.000440176 0.00067784 0.00102884 0.00153852 0.0022664 0.00328893 0.00470197 0.00662289 0.00919187 0.0125719 0.0169472 0.0225197 0.0295035 0.0381165 0.0485708 0.0610611 0.0757517 0.0927642 0.112166 0.13396 0.15808 0.184384 0.21266 0.242628 0.273954 0.306257 0.33913 0.37215 0.404901 0.436982 0.468025 0.4977 0.525726 0.551871 0.575954 0.597842 0.617445 0.634713 0.649624 0.662181 0.672401 0.68031 0.685935 0.6893 0.690419 0.6893 0.685935 0.68031 0.672401 0.662181 0.649624 0.634713 0.617445 0.597842 0.575954 0.551871 0.525726 0.4977 0.468025 0.436982 0.404901 0.37215 0.33913 0.306257 0.273954 0.242628 0.21266 0.184384 0.15808 0.13396 0.112166 0.0927642 0.0757517 0.0610611 0.0485708 0.0381165 0.0295035 0.0225197 0.0169472 0.0125719 0.00919187 0.00662289 0.00470197 0.00328893 0.0022664 0.00153852 0.00102884 0.00067784 0.000440176 0.000282118 0.000179158 0.000113977 7.47803e-05 5.40324e-05 
5.85061e-05 6.63964e-05 9.16707e-05 0.000139344 0.000218456 0.000343114 0.000533968 0.000820122 0.00124147 0.00185138 0.00271957 0.0039351 0.00560898 0.00787626 0.0108971 0.0148561 0.0199604 0.0264342 0.0345126 0.0444311 0.0564145 0.0706632 0.0873391 0.106552 0.128348 0.152697 0.179493 0.208547 0.239591 0.272292 0.306257 0.341057 0.376235 0.411335 0.44591 0.479546 0.511869 0.542554 0.571336 0.598007 0.622413 0.644456 0.664082 0.681273 0.696043 0.708425 0.718464 0.726208 0.731701 0.734982 0.736073 0.734982 0.731701 0.726208 0.718464 0.708425 0.696043 0.681273 0.664082 0.644456 0.622413 0.598007 0.571336 0.542554 0.511869 0.479546 0.44591 0.411335 0.376235 0.341057 0.306257 0.272292 0.239591 0.208547 0.179493 0.152697 0.128348 0.106552 0.0873391 0.0706632 0.0564145 0.0444311 0.0345126 0.0264342 0.0199604 0.0148561 0.0108971 0.00787626 0.00560898 0.0039351 0.00271957 0.00185138 0.00124147 0.000820122 0.000533968 0.000343114 0.000218456 0.000139344 9.16707e-05 6.63964e-05 
7.11337e-05 8.06444e-05 0.000111085 0.000168415 0.000263362 0.000412618 0.000640533 0.000981306 0.00148162 0.00220361 0.00322811 0.00465776 0.00661977 0.00926793 0.0127832 0.0173728 0.0232665 0.0307111 0.0399612 0.0512683 0.0648668 0.0809593 0.0997007 0.121184 0.145426 0.172361 0.201835 0.233606 0.26735 0.302674 0.33913 0.376235 0.413493 0.450412 0.486525 0.521408 0.554689 0.586058 0.615272 0.642153 0.666583 0.688501 0.707892 0.724778 0.739206 0.751243 0.760961 0.768431 0.773717 0.776867 0.777914 0.776867 0.773717 0.768431 0.760961 0.751243 0.739206 0.724778 0.707892 0.688501 0.666583 0.642153 0.615272 0.586058 0.554689 0.521408 0.486525 0.450412 0.413493 0.376235 0.33913 0.302674 0.26735 0.233606 0.201835 0.172361 0.145426 0.121184 0.0997007 0.0809593 0.0648668 0.0512683 0.0399612 0.0307111 0.0232665 0.0173728 0.0127832 0.00926793 0.00661977 0.00465776 0.00322811 0.00220361 0.00148162 0.000981306 0.000640533 0.000412618 0.000263362 0.000168415 0.000111085 8.06444e-05 
8.54893e-05 9.68247e-05 0.000133077 0.000201255 0.000313948 0.000490695 0.000759913 0.00116136 0.00174909 0.00259473 0.00379101 0.00545502 0.0077311 0.0107926 0.0148419 0.0201091 0.0268468 0.0353231 0.0458112 0.0585761 0.0738586 0.0918593 0.112721 0.136514 0.163222 0.192737 0.224851 0.259267 0.295599 0.333394 0.37215 0.411335 0.450412 0.488862 0.526205 0.562012 0.595924 0.627651 0.656979 0.683765 0.707934 0.729466 0.748388 0.764761 0.77867 0.790213 0.799489 0.806593 0.811605 0.814587 0.815576 0.814587 0.811605 0.806593 0.799489 0.790213 0.77867 0.764761 0.748388 0.729466 0.707934 0.683765 0.656979 0.627651 0.595924 0.562012 0.526205 0.488862 0.450412 0.411335 0.37215 0.333394 0.295599 0.259267 0.224851 0.192737 0.163222 0.136514 0.112721 0.0918593 0.0738586 0.0585761 0.0458112 0.0353231 0.0268468 0.0201091 0.0148419 0.0107926 0.0077311 0.00545502 0.00379101 0.00259473 0.00174909 0.00116136 0.000759913 0.000490695 0.000313948 0.000201255 0.000133077 9.68247e-05 
0.000101567 0.000114927 0.000157624 0.000237811 0.000370107 0.000577147 0.000891746 0.00135966 0.00204282 0.003023 0.00440547 0.00632257 0.00893639 0.0124404 0.017059 0.0230447 0.0306728 0.0402317 0.0520111 0.0662865 0.0833021 0.103252 0.126262 0.152375 0.181535 0.213586 0.248266 0.285214 0.323986 0.364067 0.404901 0.44591 0.486525 0.526205 0.56446 0.60087 0.635091 0.666862 0.696004 0.722417 0.746069 0.766984 0.785232 0.800916 0.814157 0.825083 0.833821 0.840485 0.845172 0.847954 0.848876 0.847954 0.845172 0.840485 0.833821 0.825083 0.814157 0.800916 0.785232 0.766984 0.746069 0.722417 0.696004 0.666862 0.635091 0.60087 0.56446 0.526205 0.486525 0.44591 0.404901 0.364067 0.323986 0.285214 0.248266 0.213586 0.181535 0.152375 0.126262 0.103252 0.0833021 0.0662865 0.0520111 0.0402317 0.0306728 0.0230447 0.017059 0.0124404 0.00893639 0.00632257 0.00440547 0.003023 0.00204282 0.00135966 0.000891746 0.000577147 0.000370107 0.000237811 0.000157624 0.000114927 
0.000119301 0.000134875 0.000184612 0.000277899 0.000431536 0.000671473 0.00103522 0.0015749 0.00236079 0.0034853 0.00506684 0.00725347 0.0102256 0.014197 0.0194142 0.0261521 0.0347073 0.0453873 0.0584959 0.0743167 0.0930929 0.115008 0.140167 0.168578 0.200145 0.234656 0.271792 0.311129 0.352161 0.394315 0.436982 0.479546 0.521408 0.562012 0.60087 0.637573 0.671801 0.703329 0.732017 0.757811 0.780725 0.80083 0.818239 0.833095 0.845552 0.855769 0.863897 0.870067 0.874392 0.876953 0.877801 0.876953 0.874392 0.870067 0.863897 0.855769 0.845552 0.833095 0.818239 0.80083 0.780725 0.757811 0.732017 0.703329 0.671801 0.637573 0.60087 0.562012 0.521408 0.479546 0.436982 0.394315 0.352161 0.311129 0.271792 0.234656 0.200145 0.168578 0.140167 0.115008 0.0930929 0.0743167 0.0584959 0.0453873 0.0347073 0.0261521 0.0194142 0.014197 0.0102256 0.00725347 0.00506684 0.0034853 0.00236079 0.0015749 0.00103522 0.000671473 0.000431536 0.000277899 0.000184612 0.000134875 
0.000138558 0.000156517 0.00021383 0.000321193 0.000497716 0.000772852 0.00118905 0.0018051 0.00269999 0.00397713 0.00576848 0.00823818 0.0115851 0.0160436 0.0218818 0.0293963 0.0389042 0.0507298 0.0651892 0.0825703 0.103112 0.126984 0.154264 0.184924 0.218819 0.255684 0.295138 0.336694 0.379784 0.423779 0.468025 0.511869 0.554689 0.595924 0.635091 0.671801 0.705766 0.736798 0.764804 0.789775 0.811775 0.83092 0.847366 0.861292 0.872887 0.882334 0.889805 0.89545 0.899392 0.90172 0.90249 0.90172 0.899392 0.89545 0.889805 0.882334 0.872887 0.861292 0.847366 0.83092 0.811775 0.789775 0.764804 0.736798 0.705766 0.671801 0.635091 0.595924 0.554689 0.511869 0.468025 0.423779 0.379784 0.336694 0.295138 0.255684 0.218819 0.184924 0.154264 0.126984 0.103112 0.0825703 0.0651892 0.0507298 0.0389042 0.0293963 0.0218818 0.0160436 0.0115851 0.00823818 0.00576848 0.00397713 0.00269999 0.0018051 0.00118905 0.000772852 0.000497716 0.000321193 0.00021383 0.000156517 
