1.06994e-11 1.34331e-11 2.28323e-11 4.29241e-11 8.19817e-11 1.55307e-10 2.90082e-10 5.33435e-10 9.65447e-10 1.71965e-09 3.01455e-09 5.20112e-09 8.83265e-09 1.4765e-08 2.42974e-08 3.93646e-08 6.27934e-08 9.86342e-08 1.52578e-07 2.32463e-07 3.48867e-07 5.15774e-07 7.51273e-07 1.07826e-06 1.52503e-06 2.12572e-06 2.92045e-06 3.95499e-06 5.27998e-06 6.94937e-06 9.01819e-06 1.15395e-05 1.45609e-05 1.812e-05 2.22401e-05 2.69256e-05 3.21587e-05 3.78956e-05 4.40656e-05 5.05707e-05 5.72883e-05 6.40739e-05 7.07677e-05 7.72002e-05 8.32002e-05 8.86021e-05 9.32529e-05 9.70187e-05 9.97902e-05 0.000101486 0.000102057 0.000101486 9.97902e-05 9.70187e-05 9.32529e-05 8.86021e-05 8.32002e-05 7.72002e-05 7.07677e-05 6.40739e-05 5.72883e-05 5.05707e-05 4.40656e-05 3.78956e-05 3.21587e-05 2.69256e-05 2.22401e-05 1.812e-05 1.45609e-05 1.15395e-05 9.01819e-06 6.94937e-06 5.27998e-06 3.95499e-06 2.92045e-06 2.12572e-06 1.52503e-06 1.07826e-06 7.51273e-07 5.15774e-07 3.48867e-07 2.32463e-07 1.52578e-07 9.86342e-08 6.27934e-08 3.93646e-08 2.42974e-08 1.4765e-08 8.83265e-09 5.20112e-09 3.01455e-09 1.71965e-09 9.65447e-10 5.33435e-10 2.90082e-10 1.55307e-10 8.19817e-11 4.29241e-11 2.28323e-11 1.34331e-11 
1.34331e-11 1.68493e-11 2.85872e-11 5.36479e-11 1.02292e-10 1.93467e-10 3.60767e-10 6.62323e-10 1.19672e-09 2.12797e-09 3.72396e-09 6.41396e-09 1.08732e-08 1.81438e-08 2.9804e-08 4.81985e-08 7.67449e-08 1.20328e-07 1.85793e-07 2.82545e-07 4.23246e-07 6.24587e-07 9.08106e-07 1.30099e-06 1.83675e-06 2.55572e-06 3.50514e-06 4.73878e-06 6.31594e-06 8.2996e-06 1.07538e-05 1.374e-05 1.73129e-05 2.15154e-05 2.63735e-05 3.18912e-05 3.8046e-05 4.47854e-05 5.20257e-05 5.96517e-05 6.75193e-05 7.54599e-05 8.3287e-05 9.08034e-05 9.78102e-05 0.000104115 0.000109541 0.000113933 0.000117165 0.000119142 0.000119807 0.000119142 0.000117165 0.000113933 0.000109541 0.000104115 9.78102e-05 9.08034e-05 8.3287e-05 7.54599e-05 6.75193e-05 5.96517e-05 5.20257e-05 4.47854e-05 3.8046e-05 3.18912e-05 2.63735e-05 2.15154e-05 1.73129e-05 1.374e-05 1.07538e-05 8.2996e-06 6.31594e-06 4.73878e-06 3.50514e-06 2.55572e-06 1.83675e-06 1.30099e-06 9.08106e-07 6.24587e-07 4.23246e-07 2.82545e-07 1.85793e-07 1.20328e-07 7.67449e-08 4.81985e-08 2.9804e-08 1.81438e-08 1.08732e-08 6.41396e-09 3.72396e-09 2.12797e-09 1.19672e-09 6.62323e-10 3.60767e-10 1.93467e-10 1.02292e-10 5.36479e-11 2.85872e-11 1.68493e-11 
2.28323e-11 2.85872e-11 4.83337e-11 9.03947e-11 1.71802e-10 3.23904e-10 6.02082e-10 1.1018e-09 1.9843e-09 3.51678e-09 6.13372e-09 1.05284e-08 1.77865e-08 2.95757e-08 4.84102e-08 7.80068e-08 1.23756e-07 1.93325e-07 2.97404e-07 4.506e-07 6.72477e-07 9.88687e-07 1.43215e-06 2.04419e-06 2.87546e-06 3.98656e-06 5.44808e-06 7.33988e-06 9.74944e-06 1.27691e-05 1.64918e-05 2.10062e-05 2.63899e-05 3.27027e-05 3.99787e-05 4.82193e-05 5.73869e-05 6.74003e-05 7.81329e-05 8.94127e-05 0.000101027 0.000112727 0.000124241 0.000135282 0.00014556 0.000154799 0.000162742 0.000169166 0.00017389 0.00017678 0.000177752 0.00017678 0.00017389 0.000169166 0.000162742 0.000154799 0.00014556 0.000135282 0.000124241 0.000112727 0.000101027 8.94127e-05 7.81329e-05 6.74003e-05 5.73869e-05 4.82193e-05 3.99787e-05 3.27027e-05 2.63899e-05 2.10062e-05 1.64918e-05 1.27691e-05 9.74944e-06 7.33988e-06 5.44808e-06 3.98656e-06 2.87546e-06 2.04419e-06 1.43215e-06 9.88687e-07 6.72477e-07 4.506e-07 2.97404e-07 1.93325e-07 1.23756e-07 7.80068e-08 4.84102e-08 2.95757e-08 1.77865e-08 1.05284e-08 6.13372e-09 3.51678e-09 1.9843e-09 1.1018e-09 6.02082e-10 3.23904e-10 1.71802e-10 9.03947e-11 4.83337e-11 2.85872e-11 
4.29241e-11 5.36479e-11 9.03947e-11 1.68487e-10 3.19201e-10 5.99914e-10 1.11163e-09 2.02779e-09 3.64017e-09 6.43027e-09 1.11777e-08 1.91211e-08 3.21912e-08 5.33404e-08 8.69975e-08 1.39679e-07 2.20787e-07 3.43624e-07 5.26641e-07 7.94916e-07 1.18184e-06 1.73097e-06 2.49785e-06 3.55181e-06 4.97736e-06 6.87493e-06 9.36079e-06 1.25656e-05 1.66316e-05 2.17074e-05 2.79419e-05 3.54751e-05 4.44279e-05 5.48908e-05 6.69119e-05 8.04857e-05 9.55434e-05 0.000111946 0.000129483 0.000147871 0.000166763 0.000185758 0.000204417 0.00022228 0.000238886 0.000253794 0.000266598 0.000276946 0.00028455 0.000289199 0.000290763 0.000289199 0.00028455 0.000276946 0.000266598 0.000253794 0.000238886 0.00022228 0.000204417 0.000185758 0.000166763 0.000147871 0.000129483 0.000111946 9.55434e-05 8.04857e-05 6.69119e-05 5.48908e-05 4.44279e-05 3.54751e-05 2.79419e-05 2.17074e-05 1.66316e-05 1.25656e-05 9.36079e-06 6.87493e-06 4.97736e-06 3.55181e-06 2.49785e-06 1.73097e-06 1.18184e-06 7.94916e-07 5.26641e-07 3.43624e-07 2.20787e-07 1.39679e-07 8.69975e-08 5.33404e-08 3.21912e-08 1.91211e-08 1.11777e-08 6.43027e-09 3.64017e-09 2.02779e-09 1.11163e-09 5.99914e-10 3.19201e-10 1.68487e-10 9.03947e-11 5.36479e-11 
8.19817e-11 1.02292e-10 1.71802e-10 3.19201e-10 6.02907e-10 1.12977e-09 2.08724e-09 3.79602e-09 6.79361e-09 1.19636e-08 2.07307e-08 3.53492e-08 5.93178e-08 9.79631e-08 1.59239e-07 2.54793e-07 4.01352e-07 6.2246e-07 9.5061e-07 1.42973e-06 2.11802e-06 3.09092e-06 4.44419e-06 6.29661e-06 8.79209e-06 1.21007e-05 1.64181e-05 2.19626e-05 2.89702e-05 3.76861e-05 4.83529e-05 6.11966e-05 7.64094e-05 9.41307e-05 0.000114428 0.00013728 0.00016256 0.000190026 0.000219318 0.000249962 0.00028138 0.000312907 0.000343822 0.000373371 0.000400804 0.0004254 0.000446505 0.000463546 0.000476062 0.00048371 0.000486283 0.00048371 0.000476062 0.000463546 0.000446505 0.0004254 0.000400804 0.000373371 0.000343822 0.000312907 0.00028138 0.000249962 0.000219318 0.000190026 0.00016256 0.00013728 0.000114428 9.41307e-05 7.64094e-05 6.11966e-05 4.83529e-05 3.76861e-05 2.89702e-05 2.19626e-05 1.64181e-05 1.21007e-05 8.79209e-06 6.29661e-06 4.44419e-06 3.09092e-06 2.11802e-06 1.42973e-06 9.5061e-07 6.2246e-07 4.01352e-07 2.54793e-07 1.59239e-07 9.79631e-08 5.93178e-08 3.53492e-08 2.07307e-08 1.19636e-08 6.79361e-09 3.79602e-09 2.08724e-09 1.12977e-09 6.02907e-10 3.19201e-10 1.71802e-10 1.02292e-10 
1.55307e-10 1.93467e-10 3.23904e-10 5.99914e-10 1.12977e-09 2.11091e-09 3.88857e-09 7.05129e-09 1.25818e-08 2.20894e-08 3.81591e-08 6.48636e-08 1.08498e-07 1.78604e-07 2.89367e-07 4.61463e-07 7.2444e-07 1.11969e-06 1.70406e-06 2.55397e-06 3.77015e-06 5.48249e-06 7.85489e-06 1.10895e-05 1.54298e-05 2.11619e-05 2.86124e-05 3.81442e-05 5.01459e-05 6.50182e-05 8.31543e-05 0.000104916 0.000130605 0.000160434 0.000194493 0.000232726 0.000274904 0.000320609 0.000369234 0.000419986 0.000471909 0.000523912 0.000574815 0.000623393 0.000668427 0.000708758 0.000743327 0.000771218 0.000791689 0.000804194 0.0008084 0.000804194 0.000791689 0.000771218 0.000743327 0.000708758 0.000668427 0.000623393 0.000574815 0.000523912 0.000471909 0.000419986 0.000369234 0.000320609 0.000274904 0.000232726 0.000194493 0.000160434 0.000130605 0.000104916 8.31543e-05 6.50182e-05 5.01459e-05 3.81442e-05 2.86124e-05 2.11619e-05 1.54298e-05 1.10895e-05 7.85489e-06 5.48249e-06 3.77015e-06 2.55397e-06 1.70406e-06 1.11969e-06 7.2444e-07 4.61463e-07 2.89367e-07 1.78604e-07 1.08498e-07 6.48636e-08 3.81591e-08 2.20894e-08 1.25818e-08 7.05129e-09 3.88857e-09 2.11091e-09 1.12977e-09 5.99914e-10 3.23904e-10 1.93467e-10 
2.90082e-10 3.60767e-10 6.02082e-10 1.11163e-09 2.08724e-09 3.88857e-09 7.1424e-09 1.29135e-08 2.29731e-08 4.02106e-08 6.92489e-08 1.17342e-07 1.95654e-07 3.21033e-07 5.18414e-07 8.23971e-07 1.28916e-06 1.98568e-06 3.01152e-06 4.49773e-06 6.61608e-06 9.58682e-06 1.36863e-05 1.92534e-05 2.66938e-05 3.64808e-05 4.91522e-05 6.52999e-05 8.55542e-05 0.000110559 0.00014094 0.000177265 0.000219999 0.000269455 0.000325748 0.000388749 0.000458052 0.000532949 0.000612431 0.000695194 0.000779682 0.000864133 0.000946646 0.00102526 0.00109804 0.00116314 0.00121887 0.00126381 0.00129676 0.00131689 0.00132365 0.00131689 0.00129676 0.00126381 0.00121887 0.00116314 0.00109804 0.00102526 0.000946646 0.000864133 0.000779682 0.000695194 0.000612431 0.000532949 0.000458052 0.000388749 0.000325748 0.000269455 0.000219999 0.000177265 0.00014094 0.000110559 8.55542e-05 6.52999e-05 4.91522e-05 3.64808e-05 2.66938e-05 1.92534e-05 1.36863e-05 9.58682e-06 6.61608e-06 4.49773e-06 3.01152e-06 1.98568e-06 1.28916e-06 8.23971e-07 5.18414e-07 3.21033e-07 1.95654e-07 1.17342e-07 6.92489e-08 4.02106e-08 2.29731e-08 1.29135e-08 7.1424e-09 3.88857e-09 2.08724e-09 1.11163e-09 6.02082e-10 3.60767e-10 
5.33435e-10 6.62323e-10 1.1018e-09 2.02779e-09 3.79602e-09 7.05129e-09 1.29135e-08 2.32781e-08 4.12868e-08 7.20442e-08 1.23685e-07 2.08919e-07 3.47227e-07 5.67874e-07 9.13973e-07 1.44778e-06 2.25738e-06 3.46499e-06 5.23661e-06 7.79318e-06 1.14226e-05 1.64919e-05 2.3459e-05 3.28817e-05 4.54238e-05 6.18546e-05 8.30417e-05 0.000109934 0.000143532 0.00018485 0.000234863 0.000294442 0.000364284 0.000444837 0.000536227 0.000638187 0.000750014 0.000870531 0.000998089 0.00113059 0.00126555 0.00140016 0.00153144 0.00165631 0.00177174 0.00187484 0.00196303 0.00203405 0.00208612 0.0021179 0.00212858 0.0021179 0.00208612 0.00203405 0.00196303 0.00187484 0.00177174 0.00165631 0.00153144 0.00140016 0.00126555 0.00113059 0.000998089 0.000870531 0.000750014 0.000638187 0.000536227 0.000444837 0.000364284 0.000294442 0.000234863 0.00018485 0.000143532 0.000109934 8.30417e-05 6.18546e-05 4.54238e-05 3.28817e-05 2.3459e-05 1.64919e-05 1.14226e-05 7.79318e-06 5.23661e-06 3.46499e-06 2.25738e-06 1.44778e-06 9.13973e-07 5.67874e-07 3.47227e-07 2.08919e-07 1.23685e-07 7.20442e-08 4.12868e-08 2.32781e-08 1.29135e-08 7.05129e-09 3.79602e-09 2.02779e-09 1.1018e-09 6.62323e-10 
9.65447e-10 1.19672e-09 1.9843e-09 3.64017e-09 6.79361e-09 1.25818e-08 2.29731e-08 4.12868e-08 7.30034e-08 1.26993e-07 2.1733e-07 3.6592e-07 6.06179e-07 9.88092e-07 1.58494e-06 2.50203e-06 3.88764e-06 5.94635e-06 8.95463e-06 1.32783e-05 1.93915e-05 2.78947e-05 3.95327e-05 5.5207e-05 7.59829e-05 0.000103087 0.000137891 0.000181885 0.000236628 0.000303679 0.000384524 0.000480465 0.000592519 0.0007213 0.000866906 0.00102883 0.00120587 0.00139611 0.00159692 0.00180497 0.00201638 0.0022268 0.0024316 0.00262605 0.00280551 0.00296559 0.00310236 0.00321242 0.00329304 0.00334222 0.00335875 0.00334222 0.00329304 0.00321242 0.00310236 0.00296559 0.00280551 0.00262605 0.0024316 0.0022268 0.00201638 0.00180497 0.00159692 0.00139611 0.00120587 0.00102883 0.000866906 0.0007213 0.000592519 0.000480465 0.000384524 0.000303679 0.000236628 0.000181885 0.000137891 0.000103087 7.59829e-05 5.5207e-05 3.95327e-05 2.78947e-05 1.93915e-05 1.32783e-05 8.95463e-06 5.94635e-06 3.88764e-06 2.50203e-06 1.58494e-06 9.88092e-07 6.06179e-07 3.6592e-07 2.1733e-07 1.26993e-07 7.30034e-08 4.12868e-08 2.29731e-08 1.25818e-08 6.79361e-09 3.64017e-09 1.9843e-09 1.19672e-09 
1.71965e-09 2.12797e-09 3.51678e-09 6.43027e-09 1.19636e-08 2.20894e-08 4.02106e-08 7.20442e-08 1.26993e-07 2.20212e-07 3.75653e-07 6.30427e-07 1.0409e-06 1.69098e-06 2.70313e-06 4.2524e-06 6.58405e-06 1.00346e-05 1.50564e-05 2.22445e-05 3.23651e-05 4.63835e-05 6.54881e-05 9.11085e-05 0.000124922 0.000168844 0.000225004 0.000295691 0.000383277 0.000490114 0.000618405 0.000770053 0.00094649 0.00114851 0.00137612 0.00162837 0.00190328 0.00219779 0.00250776 0.00282806 0.00315272 0.00347512 0.00378826 0.00408502 0.00435844 0.00460201 0.00480985 0.00497694 0.00509924 0.00517381 0.00519887 0.00517381 0.00509924 0.00497694 0.00480985 0.00460201 0.00435844 0.00408502 0.00378826 0.00347512 0.00315272 0.00282806 0.00250776 0.00219779 0.00190328 0.00162837 0.00137612 0.00114851 0.00094649 0.000770053 0.000618405 0.000490114 0.000383277 0.000295691 0.000225004 0.000168844 0.000124922 9.11085e-05 6.54881e-05 4.63835e-05 3.23651e-05 2.22445e-05 1.50564e-05 1.00346e-05 6.58405e-06 4.2524e-06 2.70313e-06 1.69098e-06 1.0409e-06 6.30427e-07 3.75653e-07 2.20212e-07 1.26993e-07 7.20442e-08 4.02106e-08 2.20894e-08 1.19636e-08 6.43027e-09 3.51678e-09 2.12797e-09 
3.01455e-09 3.72396e-09 6.13372e-09 1.11777e-08 2.07307e-08 3.81591e-08 6.92489e-08 1.23685e-07 2.1733e-07 3.75653e-07 6.38728e-07 1.06837e-06 1.75805e-06 2.84627e-06 4.53409e-06 7.10759e-06 1.09653e-05 1.66513e-05 2.48923e-05 3.66388e-05 5.31074e-05 7.58203e-05 0.000106639 0.000147788 0.000201855 0.000271776 0.000360783 0.000472321 0.000609923 0.000777052 0.000976897 0.00121215 0.00148478 0.00179573 0.00214475 0.00253019 0.00294884 0.0033959 0.00386502 0.0043484 0.00483707 0.00532119 0.00579037 0.00623414 0.00664231 0.00700536 0.00731477 0.00756325 0.00774499 0.00785574 0.00789295 0.00785574 0.00774499 0.00756325 0.00731477 0.00700536 0.00664231 0.00623414 0.00579037 0.00532119 0.00483707 0.0043484 0.00386502 0.0033959 0.00294884 0.00253019 0.00214475 0.00179573 0.00148478 0.00121215 0.000976897 0.000777052 0.000609923 0.000472321 0.000360783 0.000271776 0.000201855 0.000147788 0.000106639 7.58203e-05 5.31074e-05 3.66388e-05 2.48923e-05 1.66513e-05 1.09653e-05 7.10759e-06 4.53409e-06 2.84627e-06 1.75805e-06 1.06837e-06 6.38728e-07 3.75653e-07 2.1733e-07 1.23685e-07 6.92489e-08 3.81591e-08 2.07307e-08 1.11777e-08 6.13372e-09 3.72396e-09 
5.20112e-09 6.41396e-09 1.05284e-08 1.91211e-08 3.53492e-08 6.48636e-08 1.17342e-07 2.08919e-07 3.6592e-07 6.30427e-07 1.06837e-06 1.78101e-06 2.9207e-06 4.71215e-06 7.47994e-06 1.16834e-05 1.79591e-05 2.71708e-05 4.04657e-05 5.93353e-05 8.56753e-05 0.000121843 0.000170699 0.000235636 0.000320574 0.000429917 0.000568475 0.000741318 0.000953593 0.00121027 0.00151585 0.00187405 0.00228741 0.00275698 0.00328201 0.00385966 0.00448485 0.00515023 0.00584622 0.00656127 0.00728216 0.00799453 0.00868333 0.00933348 0.00993038 0.0104605 0.0109116 0.0112735 0.011538 0.0116991 0.0117532 0.0116991 0.011538 0.0112735 0.0109116 0.0104605 0.00993038 0.00933348 0.00868333 0.00799453 0.00728216 0.00656127 0.00584622 0.00515023 0.00448485 0.00385966 0.00328201 0.00275698 0.00228741 0.00187405 0.00151585 0.00121027 0.000953593 0.000741318 0.000568475 0.000429917 0.000320574 0.000235636 0.000170699 0.000121843 8.56753e-05 5.93353e-05 4.04657e-05 2.71708e-05 1.79591e-05 1.16834e-05 7.47994e-06 4.71215e-06 2.9207e-06 1.78101e-06 1.06837e-06 6.30427e-07 3.6592e-07 2.08919e-07 1.17342e-07 6.48636e-08 3.53492e-08 1.91211e-08 1.05284e-08 6.41396e-09 
8.83265e-09 1.08732e-08 1.77865e-08 3.21912e-08 5.93178e-08 1.08498e-07 1.95654e-07 3.47227e-07 6.06179e-07 1.0409e-06 1.75805e-06 2.9207e-06 4.77307e-06 7.67349e-06 1.2137e-05 1.88884e-05 2.89268e-05 4.35997e-05 6.46861e-05 9.44835e-05 0.000135893 0.000192497 0.00026861 0.000369309 0.000500409 0.00066839 0.000880252 0.0011433 0.00146486 0.00185189 0.00231057 0.00284584 0.00346086 0.00415658 0.0049313 0.00578036 0.00669588 0.00766682 0.00867906 0.00971578 0.010758 0.0117851 0.0127758 0.0137089 0.0145639 0.015322 0.0159662 0.0164825 0.0168594 0.0170889 0.017166 0.0170889 0.0168594 0.0164825 0.0159662 0.015322 0.0145639 0.0137089 0.0127758 0.0117851 0.010758 0.00971578 0.00867906 0.00766682 0.00669588 0.00578036 0.0049313 0.00415658 0.00346086 0.00284584 0.00231057 0.00185189 0.00146486 0.0011433 0.000880252 0.00066839 0.000500409 0.000369309 0.00026861 0.000192497 0.000135893 9.44835e-05 6.46861e-05 4.35997e-05 2.89268e-05 1.88884e-05 1.2137e-05 7.67349e-06 4.77307e-06 2.9207e-06 1.75805e-06 1.0409e-06 6.06179e-07 3.47227e-07 1.95654e-07 1.08498e-07 5.93178e-08 3.21912e-08 1.77865e-08 1.08732e-08 
1.4765e-08 1.81438e-08 2.95757e-08 5.33404e-08 9.79631e-08 1.78604e-07 3.21033e-07 5.67874e-07 9.88092e-07 1.69098e-06 2.84627e-06 4.71215e-06 7.67349e-06 1.22921e-05 1.93713e-05 3.00353e-05 4.58247e-05 6.88051e-05 0.000101686 0.000147945 0.000211939 0.000299012 0.000415549 0.000568999 0.000767822 0.00102135 0.00133956 0.00173275 0.00221108 0.00278406 0.00345992 0.00424498 0.00514293 0.00615426 0.00727566 0.00849963 0.00981429 0.0112034 0.0126465 0.0141196 0.0155961 0.0170471 0.0184431 0.0197549 0.0209545 0.0220162 0.0229171 0.0236382 0.0241642 0.0244843 0.0245917 0.0244843 0.0241642 0.0236382 0.0229171 0.0220162 0.0209545 0.0197549 0.0184431 0.0170471 0.0155961 0.0141196 0.0126465 0.0112034 0.00981429 0.00849963 0.00727566 0.00615426 0.00514293 0.00424498 0.00345992 0.00278406 0.00221108 0.00173275 0.00133956 0.00102135 0.000767822 0.000568999 0.000415549 0.000299012 0.000211939 0.000147945 0.000101686 6.88051e-05 4.58247e-05 3.00353e-05 1.93713e-05 1.22921e-05 7.67349e-06 4.71215e-06 2.84627e-06 1.69098e-06 9.88092e-07 5.67874e-07 3.21033e-07 1.78604e-07 9.79631e-08 5.33404e-08 2.95757e-08 1.81438e-08 
2.42974e-08 2.9804e-08 4.84102e-08 8.69975e-08 1.59239e-07 2.89367e-07 5.18414e-07 9.13973e-07 1.58494e-06 2.70313e-06 4.53409e-06 7.47994e-06 1.2137e-05 1.93713e-05 3.04143e-05 4.69801e-05 7.14033e-05 0.000106795 0.000157209 0.000227813 0.000325036 0.000456697 0.000632069 0.000861872 0.00115816 0.00153411 0.00200363 0.00258089 0.00327966 0.00411255 0.00509021 0.00622036 0.00750697 0.00894938 0.0105417 0.0122722 0.0141234 0.0160717 0.0180884 0.0201401 0.0221896 0.024198 0.0261251 0.0279315 0.0295798 0.0310358 0.0322695 0.0332557 0.0339744 0.0344114 0.034558 0.0344114 0.0339744 0.0332557 0.0322695 0.0310358 0.0295798 0.0279315 0.0261251 0.024198 0.0221896 0.0201401 0.0180884 0.0160717 0.0141234 0.0122722 0.0105417 0.00894938 0.00750697 0.00622036 0.00509021 0.00411255 0.00327966 0.00258089 0.00200363 0.00153411 0.00115816 0.000861872 0.000632069 0.000456697 0.000325036 0.000227813 0.000157209 0.000106795 7.14033e-05 4.69801e-05 3.04143e-05 1.93713e-05 1.2137e-05 7.47994e-06 4.53409e-06 2.70313e-06 1.58494e-06 9.13973e-07 5.18414e-07 2.89367e-07 1.59239e-07 8.69975e-08 4.84102e-08 2.9804e-08 
3.93646e-08 4.81985e-08 7.80068e-08 1.39679e-07 2.54793e-07 4.61463e-07 8.23971e-07 1.44778e-06 2.50203e-06 4.2524e-06 7.10759e-06 1.16834e-05 1.88884e-05 3.00353e-05 4.69801e-05 7.22913e-05 0.000109446 0.000163048 0.000239058 0.000345014 0.000490231 0.000685941 0.000945354 0.00128359 0.00171751 0.00226528 0.00294589 0.00377838 0.00478094 0.00596983 0.00735829 0.00895531 0.0107645 0.0127831 0.0150012 0.017401 0.0199571 0.0226364 0.025399 0.0281992 0.0309873 0.0337107 0.0363164 0.0387527 0.0409708 0.0429262 0.0445803 0.0459007 0.0468621 0.0474461 0.0476421 0.0474461 0.0468621 0.0459007 0.0445803 0.0429262 0.0409708 0.0387527 0.0363164 0.0337107 0.0309873 0.0281992 0.025399 0.0226364 0.0199571 0.017401 0.0150012 0.0127831 0.0107645 0.00895531 0.00735829 0.00596983 0.00478094 0.00377838 0.00294589 0.00226528 0.00171751 0.00128359 0.000945354 0.000685941 0.000490231 0.000345014 0.000239058 0.000163048 0.000109446 7.22913e-05 4.69801e-05 3.00353e-05 1.88884e-05 1.16834e-05 7.10759e-06 4.2524e-06 2.50203e-06 1.44778e-06 8.23971e-07 4.61463e-07 2.54793e-07 1.39679e-07 7.80068e-08 4.81985e-08 
6.27934e-08 7.67449e-08 1.23756e-07 2.20787e-07 4.01352e-07 7.2444e-07 1.28916e-06 2.25738e-06 3.88764e-06 6.58405e-06 1.09653e-05 1.79591e-05 2.89268e-05 4.58247e-05 7.14033e-05 0.000109446 0.000165043 0.00024489 0.000357592 0.000513957 0.000727231 0.00101325 0.00139048 0.00187984 0.00250438 0.0032887 0.0042581 0.00543755 0.00685042 0.00851703 0.0104532 0.0126686 0.0151656 0.0179377 0.020969 0.0242333 0.0276945 0.0313071 0.0350168 0.0387627 0.0424789 0.0460971 0.0495485 0.0527667 0.0556896 0.058261 0.0604323 0.0621631 0.0634219 0.0641862 0.0644424 0.0641862 0.0634219 0.0621631 0.0604323 0.058261 0.0556896 0.0527667 0.0495485 0.0460971 0.0424789 0.0387627 0.0350168 0.0313071 0.0276945 0.0242333 0.020969 0.0179377 0.0151656 0.0126686 0.0104532 0.00851703 0.00685042 0.00543755 0.0042581 0.0032887 0.00250438 0.00187984 0.00139048 0.00101325 0.000727231 0.000513957 0.000357592 0.00024489 0.000165043 0.000109446 7.14033e-05 4.58247e-05 2.89268e-05 1.79591e-05 1.09653e-05 6.58405e-06 3.88764e-06 2.25738e-06 1.28916e-06 7.2444e-07 4.01352e-07 2.20787e-07 1.23756e-07 7.67449e-08 
9.86342e-08 1.20328e-07 1.93325e-07 3.43624e-07 6.2246e-07 1.11969e-06 1.98568e-06 3.46499e-06 5.94635e-06 1.00346e-05 1.66513e-05 2.71708e-05 4.35997e-05 6.88051e-05 0.000106795 0.000163048 0.00024489 0.000361887 0.000526252 0.0007532 0.00106123 0.00147226 0.00201159 0.0027076 0.00359121 0.00469493 0.00605173 0.00769356 0.00964955 0.0119442 0.0145956 0.017613 0.0209959 0.0247319 0.0287965 0.0331522 0.0377489 0.0425248 0.0474083 0.0523195 0.0571735 0.0618829 0.0663611 0.0705246 0.0742964 0.0776073 0.0803977 0.0826187 0.0842322 0.085211 0.0855391 0.085211 0.0842322 0.0826187 0.0803977 0.0776073 0.0742964 0.0705246 0.0663611 0.0618829 0.0571735 0.0523195 0.0474083 0.0425248 0.0377489 0.0331522 0.0287965 0.0247319 0.0209959 0.017613 0.0145956 0.0119442 0.00964955 0.00769356 0.00605173 0.00469493 0.00359121 0.0027076 0.00201159 0.00147226 0.00106123 0.0007532 0.000526252 0.000361887 0.00024489 0.000163048 0.000106795 6.88051e-05 4.35997e-05 2.71708e-05 1.66513e-05 1.00346e-05 5.94635e-06 3.46499e-06 1.98568e-06 1.11969e-06 6.2246e-07 3.43624e-07 1.93325e-07 1.20328e-07 
1.52578e-07 1.85793e-07 2.97404e-07 5.26641e-07 9.5061e-07 1.70406e-06 3.01152e-06 5.23661e-06 8.95463e-06 1.50564e-05 2.48923e-05 4.04657e-05 6.46861e-05 0.000101686 0.000157209 0.000239058 0.000357592 0.000526252 0.000762062 0.00108607 0.00152363 0.00210452 0.00286277 0.00383612 0.00506513 0.00659189 0.00845833 0.0107042 0.0133648 0.0164684 0.0200343 0.0240698 0.0285692 0.0335113 0.0388597 0.0445616 0.0505492 0.0567408 0.0630433 0.0693547 0.0755677 0.0815736 0.0872651 0.0925408 0.0973071 0.101481 0.104992 0.107782 0.109806 0.111033 0.111444 0.111033 0.109806 0.107782 0.104992 0.101481 0.0973071 0.0925408 0.0872651 0.0815736 0.0755677 0.0693547 0.0630433 0.0567408 0.0505492 0.0445616 0.0388597 0.0335113 0.0285692 0.0240698 0.0200343 0.0164684 0.0133648 0.0107042 0.00845833 0.00659189 0.00506513 0.00383612 0.00286277 0.00210452 0.00152363 0.00108607 0.000762062 0.000526252 0.000357592 0.000239058 0.000157209 0.000101686 6.46861e-05 4.04657e-05 2.48923e-05 1.50564e-05 8.95463e-06 5.23661e-06 3.01152e-06 1.70406e-06 9.5061e-07 5.26641e-07 2.97404e-07 1.85793e-07 
2.32463e-07 2.82545e-07 4.506e-07 7.94916e-07 1.42973e-06 2.55397e-06 4.49773e-06 7.79318e-06 1.32783e-05 2.22445e-05 3.66388e-05 5.93353e-05 9.44835e-05 0.000147945 0.000227813 0.000345014 0.000513957 0.0007532 0.00108607 0.00154115 0.00215259 0.00296012 0.00400858 0.00534718 0.00702804 0.0091044 0.0116283 0.0146478 0.0182041 0.0223285 0.0270395 0.0323402 0.0382162 0.0446341 0.051541 0.0588649 0.0665159 0.0743882 0.0823633 0.0903139 0.0981077 0.105612 0.112699 0.119246 0.125144 0.130297 0.134621 0.138052 0.140538 0.142043 0.142548 0.142043 0.140538 0.138052 0.134621 0.130297 0.125144 0.119246 0.112699 0.105612 0.0981077 0.0903139 0.0823633 0.0743882 0.0665159 0.0588649 0.051541 0.0446341 0.0382162 0.0323402 0.0270395 0.0223285 0.0182041 0.0146478 0.0116283 0.0091044 0.00702804 0.00534718 0.00400858 0.00296012 0.00215259 0.00154115 0.00108607 0.0007532 0.000513957 0.000345014 0.000227813 0.000147945 9.44835e-05 5.93353e-05 3.66388e-05 2.22445e-05 1.32783e-05 7.79318e-06 4.49773e-06 2.55397e-06 1.42973e-06 7.94916e-07 4.506e-07 2.82545e-07 
3.48867e-07 4.23246e-07 6.72477e-07 1.18184e-06 2.11802e-06 3.77015e-06 6.61608e-06 1.14226e-05 1.93915e-05 3.23651e-05 5.31074e-05 8.56753e-05 0.000135893 0.000211939 0.000325036 0.000490231 0.000727231 0.00106123 0.00152363 0.00215259 0.0029933 0.0040977 0.00552386 0.00733458 0.00959546 0.0123723 0.0157279 0.0197187 0.024391 0.0297772 0.0358923 0.0427317 0.050268 0.0584511 0.0672069 0.0764391 0.0860309 0.0958485 0.105745 0.115564 0.125146 0.134335 0.142979 0.150938 0.158086 0.164313 0.169529 0.173658 0.176646 0.178455 0.17906 0.178455 0.176646 0.173658 0.169529 0.164313 0.158086 0.150938 0.142979 0.134335 0.125146 0.115564 0.105745 0.0958485 0.0860309 0.0764391 0.0672069 0.0584511 0.050268 0.0427317 0.0358923 0.0297772 0.024391 0.0197187 0.0157279 0.0123723 0.00959546 0.00733458 0.00552386 0.0040977 0.0029933 0.00215259 0.00152363 0.00106123 0.000727231 0.000490231 0.000325036 0.000211939 0.000135893 8.56753e-05 5.31074e-05 3.23651e-05 1.93915e-05 1.14226e-05 6.61608e-06 3.77015e-06 2.11802e-06 1.18184e-06 6.72477e-07 4.23246e-07 
5.15774e-07 6.24587e-07 9.88687e-07 1.73097e-06 3.09092e-06 5.48249e-06 9.58682e-06 1.64919e-05 2.78947e-05 4.63835e-05 7.58203e-05 0.000121843 0.000192497 0.000299012 0.000456697 0.000685941 0.00101325 0.00147226 0.00210452 0.00296012 0.0040977 0.00558404 0.0074928 0.00990257 0.0128941 0.0165467 0.0209343 0.0261208 0.0321557 0.0390696 0.0468705 0.055541 0.0650361 0.0752828 0.0861807 0.0976038 0.109404 0.121416 0.133459 0.14535 0.156899 0.167925 0.178256 0.187733 0.196217 0.203587 0.209745 0.214611 0.218128 0.220253 0.220964 0.220253 0.218128 0.214611 0.209745 0.203587 0.196217 0.187733 0.178256 0.167925 0.156899 0.14535 0.133459 0.121416 0.109404 0.0976038 0.0861807 0.0752828 0.0650361 0.055541 0.0468705 0.0390696 0.0321557 0.0261208 0.0209343 0.0165467 0.0128941 0.00990257 0.0074928 0.00558404 0.0040977 0.00296012 0.00210452 0.00147226 0.00101325 0.000685941 0.000456697 0.000299012 0.000192497 0.000121843 7.58203e-05 4.63835e-05 2.78947e-05 1.64919e-05 9.58682e-06 5.48249e-06 3.09092e-06 1.73097e-06 9.88687e-07 6.24587e-07 
7.51273e-07 9.08106e-07 1.43215e-06 2.49785e-06 4.44419e-06 7.85489e-06 1.36863e-05 2.3459e-05 3.95327e-05 6.54881e-05 0.000106639 0.000170699 0.00026861 0.000415549 0.000632069 0.000945354 0.00139048 0.00201159 0.00286277 0.00400858 0.00552386 0.0074928 0.0100071 0.0131631 0.0170579 0.0217849 0.0274284 0.0340579 0.0417233 0.0504492 0.0602315 0.0710343 0.0827887 0.0953928 0.108714 0.122591 0.13684 0.15126 0.165639 0.179759 0.193406 0.206375 0.218473 0.229529 0.239392 0.247935 0.255053 0.260667 0.264718 0.267163 0.267981 0.267163 0.264718 0.260667 0.255053 0.247935 0.239392 0.229529 0.218473 0.206375 0.193406 0.179759 0.165639 0.15126 0.13684 0.122591 0.108714 0.0953928 0.0827887 0.0710343 0.0602315 0.0504492 0.0417233 0.0340579 0.0274284 0.0217849 0.0170579 0.0131631 0.0100071 0.0074928 0.00552386 0.00400858 0.00286277 0.00201159 0.00139048 0.000945354 0.000632069 0.000415549 0.00026861 0.000170699 0.000106639 6.54881e-05 3.95327e-05 2.3459e-05 1.36863e-05 7.85489e-06 4.44419e-06 2.49785e-06 1.43215e-06 9.08106e-07 
1.07826e-06 1.30099e-06 2.04419e-06 3.55181e-06 6.29661e-06 1.10895e-05 1.92534e-05 3.28817e-05 5.5207e-05 9.11085e-05 0.000147788 0.000235636 0.000369309 0.000568999 0.000861872 0.00128359 0.00187984 0.0027076 0.00383612 0.00534718 0.00733458 0.00990257 0.0131631 0.0172317 0.0222228 0.0282431 0.0353857 0.0437229 0.0533003 0.0641315 0.0761937 0.0894257 0.103728 0.118962 0.134957 0.151513 0.168406 0.185398 0.202242 0.21869 0.234504 0.249457 0.263344 0.275981 0.287213 0.29691 0.304969 0.31131 0.315877 0.318631 0.319552 0.318631 0.315877 0.31131 0.304969 0.29691 0.287213 0.275981 0.263344 0.249457 0.234504 0.21869 0.202242 0.185398 0.168406 0.151513 0.134957 0.118962 0.103728 0.0894257 0.0761937 0.0641315 0.0533003 0.0437229 0.0353857 0.0282431 0.0222228 0.0172317 0.0131631 0.00990257 0.00733458 0.00534718 0.00383612 0.0027076 0.00187984 0.00128359 0.000861872 0.000568999 0.000369309 0.000235636 0.000147788 9.11085e-05 5.5207e-05 3.28817e-05 1.92534e-05 1.10895e-05 6.29661e-06 3.55181e-06 2.04419e-06 1.30099e-06 
1.52503e-06 1.83675e-06 2.87546e-06 4.97736e-06 8.79209e-06 1.54298e-05 2.66938e-05 4.54238e-05 7.59829e-05 0.000124922 0.000201855 0.000320574 0.000500409 0.000767822 0.00115816 0.00171751 0.00250438 0.00359121 0.00506513 0.00702804 0.00959546 0.0128941 0.0170579 0.0222228 0.0285199 0.0360681 0.0449662 0.0552849 0.0670601 0.0802871 0.0949171 0.110856 0.127965 0.146064 0.164938 0.184343 0.204012 0.223669 0.243034 0.261834 0.279807 0.296714 0.312338 0.326495 0.339027 0.349809 0.358743 0.365756 0.370798 0.373835 0.37485 0.373835 0.370798 0.365756 0.358743 0.349809 0.339027 0.326495 0.312338 0.296714 0.279807 0.261834 0.243034 0.223669 0.204012 0.184343 0.164938 0.146064 0.127965 0.110856 0.0949171 0.0802871 0.0670601 0.0552849 0.0449662 0.0360681 0.0285199 0.0222228 0.0170579 0.0128941 0.00959546 0.00702804 0.00506513 0.00359121 0.00250438 0.00171751 0.00115816 0.000767822 0.000500409 0.000320574 0.000201855 0.000124922 7.59829e-05 4.54238e-05 2.66938e-05 1.54298e-05 8.79209e-06 4.97736e-06 2.87546e-06 1.83675e-06 
2.12572e-06 2.55572e-06 3.98656e-06 6.87493e-06 1.21007e-05 2.11619e-05 3.64808e-05 6.18546e-05 0.000103087 0.000168844 0.000271776 0.000429917 0.00066839 0.00102135 0.00153411 0.00226528 0.0032887 0.00469493 0.00659189 0.0091044 0.0123723 0.0165467 0.0217849 0.0282431 0.0360681 0.0453881 0.0563032 0.0688768 0.0831277 0.0990252 0.116486 0.135374 0.155505 0.176649 0.198543 0.220893 0.243392 0.265726 0.287586 0.308675 0.328717 0.347465 0.364702 0.380246 0.393949 0.405694 0.415396 0.422992 0.428442 0.431721 0.432816 0.431721 0.428442 0.422992 0.415396 0.405694 0.393949 0.380246 0.364702 0.347465 0.328717 0.308675 0.287586 0.265726 0.243392 0.220893 0.198543 0.176649 0.155505 0.135374 0.116486 0.0990252 0.0831277 0.0688768 0.0563032 0.0453881 0.0360681 0.0282431 0.0217849 0.0165467 0.0123723 0.0091044 0.00659189 0.00469493 0.0032887 0.00226528 0.00153411 0.00102135 0.00066839 0.000429917 0.000271776 0.000168844 0.000103087 6.18546e-05 3.64808e-05 2.11619e-05 1.21007e-05 6.87493e-06 3.98656e-06 2.55572e-06 
2.92045e-06 3.50514e-06 5.44808e-06 9.36079e-06 1.64181e-05 2.86124e-05 4.91522e-05 8.30417e-05 0.000137891 0.000225004 0.000360783 0.000568475 0.000880252 0.00133956 0.00200363 0.00294589 0.0042581 0.00605173 0.00845833 0.0116283 0.0157279 0.0209343 0.0274284 0.0353857 0.0449662 0.0563032 0.0694926 0.0845827 0.101567 0.12038 0.140894 0.162924 0.186231 0.210531 0.235506 0.260816 0.28611 0.311043 0.335278 0.358505 0.38044 0.400838 0.419488 0.436223 0.450908 0.463445 0.473766 0.481825 0.487595 0.491062 0.492218 0.491062 0.487595 0.481825 0.473766 0.463445 0.450908 0.436223 0.419488 0.400838 0.38044 0.358505 0.335278 0.311043 0.28611 0.260816 0.235506 0.210531 0.186231 0.162924 0.140894 0.12038 0.101567 0.0845827 0.0694926 0.0563032 0.0449662 0.0353857 0.0274284 0.0209343 0.0157279 0.0116283 0.00845833 0.00605173 0.0042581 0.00294589 0.00200363 0.00133956 0.000880252 0.000568475 0.000360783 0.000225004 0.000137891 8.30417e-05 4.91522e-05 2.86124e-05 1.64181e-05 9.36079e-06 5.44808e-06 3.50514e-06 
3.95499e-06 4.73878e-06 7.33988e-06 1.25656e-05 2.19626e-05 3.81442e-05 6.52999e-05 0.000109934 0.000181885 0.000295691 0.000472321 0.000741318 0.0011433 0.00173275 0.00258089 0.00377838 0.00543755 0.00769356 0.0107042 0.0146478 0.0197187 0.0261208 0.0340579 0.0437229 0.0552849 0.0688768 0.0845827 0.102428 0.122371 0.144301 0.168038 0.193338 0.219902 0.247386 0.275418 0.30361 0.331572 0.35893 0.385331 0.410457 0.434029 0.45581 0.475609 0.493279 0.508709 0.521826 0.532585 0.540962 0.546945 0.550535 0.551731 0.550535 0.546945 0.540962 0.532585 0.521826 0.508709 0.493279 0.475609 0.45581 0.434029 0.410457 0.385331 0.35893 0.331572 0.30361 0.275418 0.247386 0.219902 0.193338 0.168038 0.144301 0.122371 0.102428 0.0845827 0.0688768 0.0552849 0.0437229 0.0340579 0.0261208 0.0197187 0.0146478 0.0107042 0.00769356 0.00543755 0.00377838 0.00258089 0.00173275 0.0011433 0.000741318 0.000472321 0.000295691 0.000181885 0.000109934 6.52999e-05 3.81442e-05 2.19626e-05 1.25656e-05 7.33988e-06 4.73878e-06 
5.27998e-06 6.31594e-06 9.74944e-06 1.66316e-05 2.89702e-05 5.01459e-05 8.55542e-05 0.000143532 0.000236628 0.000383277 0.000609923 0.000953593 0.00146486 0.00221108 0.00327966 0.00478094 0.00685042 0.00964955 0.0133648 0.0182041 0.024391 0.0321557 0.0417233 0.0533003 0.0670601 0.0831277 0.101567 0.122371 0.145452 0.170646 0.19771 0.226335 0.256155 0.286766 0.317739 0.348641 0.379052 0.408574 0.436848 0.463558 0.488439 0.511276 0.531906 0.55021 0.566112 0.579568 0.590562 0.599093 0.605173 0.608814 0.610026 0.608814 0.605173 0.599093 0.590562 0.579568 0.566112 0.55021 0.531906 0.511276 0.488439 0.463558 0.436848 0.408574 0.379052 0.348641 0.317739 0.286766 0.256155 0.226335 0.19771 0.170646 0.145452 0.122371 0.101567 0.0831277 0.0670601 0.0533003 0.0417233 0.0321557 0.024391 0.0182041 0.0133648 0.00964955 0.00685042 0.00478094 0.00327966 0.00221108 0.00146486 0.000953593 0.000609923 0.000383277 0.000236628 0.000143532 8.55542e-05 5.01459e-05 2.89702e-05 1.66316e-05 9.74944e-06 6.31594e-06 
6.94937e-06 8.2996e-06 1.27691e-05 2.17074e-05 3.76861e-05 6.50182e-05 0.000110559 0.00018485 0.000303679 0.000490114 0.000777052 0.00121027 0.00185189 0.00278406 0.00411255 0.00596983 0.00851703 0.0119442 0.0164684 0.0223285 0.0297772 0.0390696 0.0504492 0.0641315 0.0802871 0.0990252 0.12038 0.144301 0.170646 0.199186 0.229609 0.261532 0.294522 0.328112 0.361821 0.395177 0.427732 0.45908 0.488862 0.51678 0.542591 0.566114 0.587221 0.605833 0.621911 0.63545 0.646464 0.654982 0.661036 0.664655 0.665859 0.664655 0.661036 0.654982 0.646464 0.63545 0.621911 0.605833 0.587221 0.566114 0.542591 0.51678 0.488862 0.45908 0.427732 0.395177 0.361821 0.328112 0.294522 0.261532 0.229609 0.199186 0.170646 0.144301 0.12038 0.0990252 0.0802871 0.0641315 0.0504492 0.0390696 0.0297772 0.0223285 0.0164684 0.0119442 0.00851703 0.00596983 0.00411255 0.00278406 0.00185189 0.00121027 0.000777052 0.000490114 0.000303679 0.00018485 0.000110559 6.50182e-05 3.76861e-05 2.17074e-05 1.27691e-05 8.2996e-06 
9.01819e-06 1.07538e-05 1.64918e-05 2.79419e-05 4.83529e-05 8.31543e-05 0.00014094 0.000234863 0.000384524 0.000618405 0.000976897 0.00151585 0.00231057 0.00345992 0.00509021 0.00735829 0.0104532 0.0145956 0.0200343 0.0270395 0.0358923 0.0468705 0.0602315 0.0761937 0.0949171 0.116486 0.140894 0.168038 0.19771 0.229609 0.263344 0.298459 0.334449 0.370787 0.406946 0.442421 0.47675 0.509524 0.540401 0.569107 0.595438 0.619253 0.64047 0.659055 0.675013 0.68838 0.699203 0.707542 0.713452 0.716978 0.71815 0.716978 0.713452 0.707542 0.699203 0.68838 0.675013 0.659055 0.64047 0.619253 0.595438 0.569107 0.540401 0.509524 0.47675 0.442421 0.406946 0.370787 0.334449 0.298459 0.263344 0.229609 0.19771 0.168038 0.140894 0.116486 0.0949171 0.0761937 0.0602315 0.0468705 0.0358923 0.0270395 0.0200343 0.0145956 0.0104532 0.00735829 0.00509021 0.00345992 0.00231057 0.00151585 0.000976897 0.000618405 0.000384524 0.000234863 0.00014094 8.31543e-05 4.83529e-05 2.79419e-05 1.64918e-05 1.07538e-05 
1.15395e-05 1.374e-05 2.10062e-05 3.54751e-05 6.11966e-05 0.000104916 0.000177265 0.000294442 0.000480465 0.000770053 0.00121215 0.00187405 0.00284584 0.00424498 0.00622036 0.00895531 0.0126686 0.017613 0.0240698 0.0323402 0.0427317 0.055541 0.0710343 0.0894257 0.110856 0.135374 0.162924 0.193338 0.226335 0.261532 0.298459 0.336581 0.375325 0.414108 0.452364 0.489565 0.525245 0.559007 0.590536 0.619596 0.646028 0.669742 0.690708 0.708943 0.724499 0.737454 0.747892 0.755901 0.761559 0.764928 0.766046 0.764928 0.761559 0.755901 0.747892 0.737454 0.724499 0.708943 0.690708 0.669742 0.646028 0.619596 0.590536 0.559007 0.525245 0.489565 0.452364 0.414108 0.375325 0.336581 0.298459 0.261532 0.226335 0.193338 0.162924 0.135374 0.110856 0.0894257 0.0710343 0.055541 0.0427317 0.0323402 0.0240698 0.017613 0.0126686 0.00895531 0.00622036 0.00424498 0.00284584 0.00187405 0.00121215 0.000770053 0.000480465 0.000294442 0.000177265 0.000104916 6.11966e-05 3.54751e-05 2.10062e-05 1.374e-05 
1.45609e-05 1.73129e-05 2.63899e-05 4.44279e-05 7.64094e-05 0.000130605 0.000219999 0.000364284 0.000592519 0.00094649 0.00148478 0.00228741 0.00346086 0.00514293 0.00750697 0.0107645 0.0151656 0.0209959 0.0285692 0.0382162 0.050268 0.0650361 0.0827887 0.103728 0.127965 0.155505 0.186231 0.219902 0.256155 0.294522 0.334449 0.375325 0.416512 0.457379 0.497329 0.535825 0.572407 0.606705 0.638439 0.667423 0.693553 0.716794 0.737176 0.754767 0.769671 0.782003 0.791887 0.799436 0.804752 0.807909 0.808956 0.807909 0.804752 0.799436 0.791887 0.782003 0.769671 0.754767 0.737176 0.716794 0.693553 0.667423 0.638439 0.606705 0.572407 0.535825 0.497329 0.457379 0.416512 0.375325 0.334449 0.294522 0.256155 0.219902 0.186231 0.155505 0.127965 0.103728 0.0827887 0.0650361 0.050268 0.0382162 0.0285692 0.0209959 0.0151656 0.0107645 0.00750697 0.00514293 0.00346086 0.00228741 0.00148478 0.00094649 0.000592519 0.000364284 0.000219999 0.000130605 7.64094e-05 4.44279e-05 2.63899e-05 1.73129e-05 
1.812e-05 2.15154e-05 3.27027e-05 5.48908e-05 9.41307e-05 0.000160434 0.000269455 0.000444837 0.0007213 0.00114851 0.00179573 0.00275698 0.00415658 0.00615426 0.00894938 0.0127831 0.0179377 0.0247319 0.0335113 0.0446341 0.0584511 0.0752828 0.0953928 0.118962 0.146064 0.176649 0.210531 0.247386 0.286766 0.328112 0.370787 0.414108 0.457379 0.49993 0.541144 0.580487 0.617519 0.651906 0.683418 0.711925 0.737384 0.759824 0.779331 0.796031 0.810071 0.821612 0.830806 0.837795 0.842698 0.845602 0.846564 0.845602 0.842698 0.837795 0.830806 0.821612 0.810071 0.796031 0.779331 0.759824 0.737384 0.711925 0.683418 0.651906 0.617519 0.580487 0.541144 0.49993 0.457379 0.414108 0.370787 0.328112 0.286766 0.247386 0.210531 0.176649 0.146064 0.118962 0.0953928 0.0752828 0.0584511 0.0446341 0.0335113 0.0247319 0.0179377 0.0127831 0.00894938 0.00615426 0.00415658 0.00275698 0.00179573 0.00114851 0.0007213 0.000444837 0.000269455 0.000160434 9.41307e-05 5.48908e-05 3.27027e-05 2.15154e-05 
2.22401e-05 2.63735e-05 3.99787e-05 6.69119e-05 0.000114428 0.000194493 0.000325748 0.000536227 0.000866906 0.00137612 0.00214475 0.00328201 0.0049313 0.00727566 0.0105417 0.0150012 0.020969 0.0287965 0.0388597 0.051541 0.0672069 0.0861807 0.108714 0.134957 0.164938 0.198543 0.235506 0.275418 0.317739 0.361821 0.406946 0.452364 0.497329 0.541144 0.583187 0.622935 0.659983 0.694044 0.724945 0.752621 0.777094 0.798457 0.816856 0.832469 0.84549 0.856113 0.864522 0.870881 0.875322 0.877947 0.878814 0.877947 0.875322 0.870881 0.864522 0.856113 0.84549 0.832469 0.816856 0.798457 0.777094 0.752621 0.724945 0.694044 0.659983 0.622935 0.583187 0.541144 0.497329 0.452364 0.406946 0.361821 0.317739 0.275418 0.235506 0.198543 0.164938 0.134957 0.108714 0.0861807 0.0672069 0.051541 0.0388597 0.0287965 0.020969 0.0150012 0.0105417 0.00727566 0.0049313 0.00328201 0.00214475 0.00137612 0.000866906 0.000536227 0.000325748 0.000194493 0.000114428 6.69119e-05 3.99787e-05 2.63735e-05 
2.69256e-05 3.18912e-05 4.82193e-05 8.04857e-05 0.00013728 0.000232726 0.000388749 0.000638187 0.00102883 0.00162837 0.00253019 0.00385966 0.00578036 0.00849963 0.0122722 0.017401 0.0242333 0.0331522 0.0445616 0.0588649 0.0764391 0.0976038 0.122591 0.151513 0.184343 0.220893 0.260816 0.30361 0.348641 0.395177 0.442421 0.489565 0.535825 0.580487 0.622935 0.662675 0.699343 0.732709 0.762667 0.789218 0.812453 0.83253 0.84965 0.864041 0.875938 0.885566 0.893135 0.898825 0.902781 0.905111 0.90588 0.905111 0.902781 0.898825 0.893135 0.885566 0.875938 0.864041 0.84965 0.83253 0.812453 0.789218 0.762667 0.732709 0.699343 0.662675 0.622935 0.580487 0.535825 0.489565 0.442421 0.395177 0.348641 0.30361 0.260816 0.220893 0.184343 0.151513 0.122591 0.0976038 0.0764391 0.0588649 0.0445616 0.0331522 0.0242333 0.017401 0.0122722 0.00849963 0.00578036 0.00385966 0.00253019 0.00162837 0.00102883 0.000638187 0.000388749 0.000232726 0.00013728 8.04857e-05 4.82193e-05 3.18912e-05 
3.21587e-05 3.8046e-05 5.73869e-05 9.55434e-05 0.00016256 0.000274904 0.000458052 0.000750014 0.00120587 0.00190328 0.00294884 0.00448485 0.00669588 0.00981429 0.0141234 0.0199571 0.0276945 0.0377489 0.0505492 0.0665159 0.0860309 0.109404 0.13684 0.168406 0.204012 0.243392 0.28611 0.331572 0.379052 0.427732 0.47675 0.525245 0.572407 0.617519 0.659983 0.699343 0.735288 0.767653 0.796401 0.821604 0.84342 0.862068 0.877803 0.890896 0.901617 0.91022 0.91693 0.921942 0.92541 0.927445 0.928116 0.927445 0.92541 0.921942 0.91693 0.91022 0.901617 0.890896 0.877803 0.862068 0.84342 0.821604 0.796401 0.767653 0.735288 0.699343 0.659983 0.617519 0.572407 0.525245 0.47675 0.427732 0.379052 0.331572 0.28611 0.243392 0.204012 0.168406 0.13684 0.109404 0.0860309 0.0665159 0.0505492 0.0377489 0.0276945 0.0199571 0.0141234 0.00981429 0.00669588 0.00448485 0.00294884 0.00190328 0.00120587 0.000750014 0.000458052 0.000274904 0.00016256 9.55434e-05 5.73869e-05 3.8046e-05 
