5.54899e-07 5.98316e-07 7.3362e-07 9.76327e-07 1.35349e-06 1.90551e-06 2.68865e-06 3.77835e-06 5.27318e-06 7.29961e-06 1.00173e-05 1.36248e-05 1.8366e-05 2.4536e-05 3.24873e-05 4.26347e-05 5.546e-05 7.15135e-05 9.14146e-05 0.000115849 0.000145561 0.000181344 0.000224026 0.000274448 0.000333443 0.0004018 0.000480242 0.000569378 0.000669677 0.000781421 0.000904674 0.00103925 0.00118467 0.00134016 0.00150465 0.00167672 0.00185467 0.0020365 0.00221995 0.00240256 0.0025817 0.00275466 0.00291867 0.00307103 0.00320913 0.00333054 0.00343308 0.00351488 0.00357443 0.00361062 0.00362275 0.00361062 0.00357443 0.00351488 0.00343308 0.00333054 0.00320913 0.00307103 0.00291867 0.00275466 0.0025817 0.00240256 0.00221995 0.0020365 0.00185467 0.00167672 0.00150465 0.00134016 0.00118467 0.00103925 0.000904674 0.000781421 0.000669677 0.000569378 0.000480242 0.0004018 0.000333443 0.000274448 0.000224026 0.000181344 0.000145561 0.000115849 9.14146e-05 7.15135e-05 5.546e-05 4.26347e-05 3.24873e-05 2.4536e-05 1.8366e-05 1.36248e-05 1.00173e-05 7.29961e-06 5.27318e-06 3.77835e-06 2.68865e-06 1.90551e-06 1.35349e-06 9.76327e-07 7.3362e-07 5.98316e-07 
5.98316e-07 6.44989e-07 7.90415e-07 1.0512e-06 1.4563e-06 2.0489e-06 2.88915e-06 4.05761e-06 5.6595e-06 7.82967e-06 1.07382e-05 1.45966e-05 1.96642e-05 2.62547e-05 3.47421e-05 4.55667e-05 5.92387e-05 7.63407e-05 9.75277e-05 0.000123524 0.000155114 0.000193135 0.000238457 0.000291965 0.00035453 0.00042698 0.000510068 0.000604429 0.000710546 0.000828705 0.000958964 0.00110111 0.00125464 0.00141872 0.00159221 0.00177362 0.00196115 0.00215268 0.00234586 0.00253808 0.00272659 0.00290854 0.00308103 0.00324123 0.0033864 0.003514 0.00362176 0.00370771 0.00377027 0.00380828 0.00382104 0.00380828 0.00377027 0.00370771 0.00362176 0.003514 0.0033864 0.00324123 0.00308103 0.00290854 0.00272659 0.00253808 0.00234586 0.00215268 0.00196115 0.00177362 0.00159221 0.00141872 0.00125464 0.00110111 0.000958964 0.000828705 0.000710546 0.000604429 0.000510068 0.00042698 0.00035453 0.000291965 0.000238457 0.000193135 0.000155114 0.000123524 9.75277e-05 7.63407e-05 5.92387e-05 4.55667e-05 3.47421e-05 2.62547e-05 1.96642e-05 1.45966e-05 1.07382e-05 7.82967e-06 5.6595e-06 4.05761e-06 2.88915e-06 2.0489e-06 1.4563e-06 1.0512e-06 7.90415e-07 6.44989e-07 
7.3362e-07 7.90415e-07 9.67311e-07 1.2843e-06 1.77618e-06 2.49484e-06 3.5124e-06 4.92532e-06 6.85933e-06 9.47523e-06 1.29754e-05 1.76111e-05 2.36893e-05 3.15809e-05 4.17268e-05 5.46447e-05 7.09331e-05 9.12736e-05 0.00011643 0.000147244 0.000184627 0.000229545 0.000283001 0.000346008 0.000419562 0.000504602 0.000601976 0.000712393 0.00083638 0.000974237 0.00112599 0.00129137 0.00146976 0.00166016 0.00186124 0.00207125 0.00228809 0.00250934 0.00273225 0.00295387 0.00317102 0.00338045 0.00357886 0.003763 0.00392977 0.0040763 0.00419998 0.0042986 0.00437037 0.00441397 0.00442859 0.00441397 0.00437037 0.0042986 0.00419998 0.0040763 0.00392977 0.003763 0.00357886 0.00338045 0.00317102 0.00295387 0.00273225 0.00250934 0.00228809 0.00207125 0.00186124 0.00166016 0.00146976 0.00129137 0.00112599 0.000974237 0.00083638 0.000712393 0.000601976 0.000504602 0.000419562 0.000346008 0.000283001 0.000229545 0.000184627 0.000147244 0.00011643 9.12736e-05 7.09331e-05 5.46447e-05 4.17268e-05 3.15809e-05 2.36893e-05 1.76111e-05 1.29754e-05 9.47523e-06 6.85933e-06 4.92532e-06 3.5124e-06 2.49484e-06 1.77618e-06 1.2843e-06 9.67311e-07 7.90415e-07 
9.76327e-07 1.0512e-06 1.2843e-06 1.70159e-06 2.3483e-06 3.29169e-06 4.62513e-06 6.47316e-06 8.99777e-06 1.24056e-05 1.69561e-05 2.29701e-05 3.0839e-05 4.10335e-05 5.41123e-05 7.07285e-05 9.16348e-05 0.000117685 0.000149834 0.000189128 0.000236695 0.000293726 0.000361453 0.000441112 0.00053391 0.000640978 0.000763324 0.000901779 0.00105695 0.00122914 0.00141834 0.00162415 0.00184575 0.00208189 0.00233084 0.00259046 0.00285813 0.00313085 0.00340526 0.00367774 0.00394442 0.00420134 0.00444451 0.00467 0.00487407 0.00505324 0.0052044 0.00532488 0.00541252 0.00546575 0.0054836 0.00546575 0.00541252 0.00532488 0.0052044 0.00505324 0.00487407 0.00467 0.00444451 0.00420134 0.00394442 0.00367774 0.00340526 0.00313085 0.00285813 0.00259046 0.00233084 0.00208189 0.00184575 0.00162415 0.00141834 0.00122914 0.00105695 0.000901779 0.000763324 0.000640978 0.00053391 0.000441112 0.000361453 0.000293726 0.000236695 0.000189128 0.000149834 0.000117685 9.16348e-05 7.07285e-05 5.41123e-05 4.10335e-05 3.0839e-05 2.29701e-05 1.69561e-05 1.24056e-05 8.99777e-06 6.47316e-06 4.62513e-06 3.29169e-06 2.3483e-06 1.70159e-06 1.2843e-06 1.0512e-06 
1.35349e-06 1.4563e-06 1.77618e-06 2.3483e-06 3.23378e-06 4.52342e-06 6.34299e-06 8.8599e-06 1.22913e-05 1.69136e-05 2.30725e-05 3.11947e-05 4.17987e-05 5.55064e-05 7.3053e-05 9.52953e-05 0.000123217 0.00015793 0.000200672 0.000252795 0.000315749 0.000391057 0.000480287 0.000585 0.000706714 0.000846835 0.0010066 0.00118702 0.00138878 0.00161223 0.00185725 0.00212326 0.00240914 0.00271321 0.00303323 0.00336638 0.00370931 0.00405818 0.00440871 0.00475629 0.00509606 0.00542302 0.00573214 0.00601853 0.00627749 0.00650469 0.00669625 0.00684886 0.00695984 0.00702722 0.00704982 0.00702722 0.00695984 0.00684886 0.00669625 0.00650469 0.00627749 0.00601853 0.00573214 0.00542302 0.00509606 0.00475629 0.00440871 0.00405818 0.00370931 0.00336638 0.00303323 0.00271321 0.00240914 0.00212326 0.00185725 0.00161223 0.00138878 0.00118702 0.0010066 0.000846835 0.000706714 0.000585 0.000480287 0.000391057 0.000315749 0.000252795 0.000200672 0.00015793 0.000123217 9.52953e-05 7.3053e-05 5.55064e-05 4.17987e-05 3.11947e-05 2.30725e-05 1.69136e-05 1.22913e-05 8.8599e-06 6.34299e-06 4.52342e-06 3.23378e-06 2.3483e-06 1.77618e-06 1.4563e-06 
1.90551e-06 2.0489e-06 2.49484e-06 3.29169e-06 4.52342e-06 6.31459e-06 8.83738e-06 1.23205e-05 1.70599e-05 2.3431e-05 3.19027e-05 4.30513e-05 5.75753e-05 7.63099e-05 0.000100239 0.000130505 0.000168415 0.000215441 0.000273214 0.000343509 0.00042822 0.00052933 0.000648861 0.000788823 0.000951147 0.00113761 0.00134976 0.00158881 0.0018556 0.00215043 0.00247309 0.0028227 0.0031977 0.00359583 0.0040141 0.00444878 0.0048955 0.00534925 0.0058045 0.0062553 0.0066954 0.00711841 0.00751793 0.0078877 0.00822178 0.00851467 0.00876146 0.00895797 0.00910082 0.00918754 0.00921662 0.00918754 0.00910082 0.00895797 0.00876146 0.00851467 0.00822178 0.0078877 0.00751793 0.00711841 0.0066954 0.0062553 0.0058045 0.00534925 0.0048955 0.00444878 0.0040141 0.00359583 0.0031977 0.0028227 0.00247309 0.00215043 0.0018556 0.00158881 0.00134976 0.00113761 0.000951147 0.000788823 0.000648861 0.00052933 0.00042822 0.000343509 0.000273214 0.000215441 0.000168415 0.000130505 0.000100239 7.63099e-05 5.75753e-05 4.30513e-05 3.19027e-05 2.3431e-05 1.70599e-05 1.23205e-05 8.83738e-06 6.31459e-06 4.52342e-06 3.29169e-06 2.49484e-06 2.0489e-06 
2.68865e-06 2.88915e-06 3.5124e-06 4.62513e-06 6.34299e-06 8.83738e-06 1.23447e-05 1.71784e-05 2.3743e-05 3.25505e-05 4.42382e-05 5.95876e-05 7.95428e-05 0.000105229 0.000137968 0.000179288 0.000230932 0.000294856 0.000373217 0.000468353 0.000582749 0.000718989 0.000879699 0.00106747 0.00128476 0.00153384 0.00181661 0.00213458 0.0024887 0.00287926 0.00330581 0.0037671 0.00426096 0.00478431 0.00533316 0.00590259 0.00648683 0.00707935 0.00767297 0.00825997 0.00883233 0.0093818 0.00990021 0.0103795 0.0108123 0.0111913 0.0115106 0.0117646 0.0119492 0.0120613 0.0120988 0.0120613 0.0119492 0.0117646 0.0115106 0.0111913 0.0108123 0.0103795 0.00990021 0.0093818 0.00883233 0.00825997 0.00767297 0.00707935 0.00648683 0.00590259 0.00533316 0.00478431 0.00426096 0.0037671 0.00330581 0.00287926 0.0024887 0.00213458 0.00181661 0.00153384 0.00128476 0.00106747 0.000879699 0.000718989 0.000582749 0.000468353 0.000373217 0.000294856 0.000230932 0.000179288 0.000137968 0.000105229 7.95428e-05 5.95876e-05 4.42382e-05 3.25505e-05 2.3743e-05 1.71784e-05 1.23447e-05 8.83738e-06 6.34299e-06 4.62513e-06 3.5124e-06 2.88915e-06 
3.77835e-06 4.05761e-06 4.92532e-06 6.47316e-06 8.8599e-06 1.23205e-05 1.71784e-05 2.38615e-05 3.2921e-05 4.50524e-05 6.11194e-05 8.21777e-05 0.000109499 0.000144595 0.000189233 0.000245453 0.000315571 0.000402176 0.000508112 0.000636448 0.000790432 0.000973423 0.00118881 0.00143992 0.0017299 0.00206156 0.00243731 0.00285895 0.00332754 0.00384331 0.0044055 0.00501228 0.00566068 0.00634655 0.00706456 0.00780823 0.00857 0.00934137 0.010113 0.0108751 0.0116171 0.0123287 0.0129993 0.0136187 0.0141775 0.0146666 0.0150782 0.0154056 0.0156435 0.0157878 0.0158361 0.0157878 0.0156435 0.0154056 0.0150782 0.0146666 0.0141775 0.0136187 0.0129993 0.0123287 0.0116171 0.0108751 0.010113 0.00934137 0.00857 0.00780823 0.00706456 0.00634655 0.00566068 0.00501228 0.0044055 0.00384331 0.00332754 0.00285895 0.00243731 0.00206156 0.0017299 0.00143992 0.00118881 0.000973423 0.000790432 0.000636448 0.000508112 0.000402176 0.000315571 0.000245453 0.000189233 0.000144595 0.000109499 8.21777e-05 6.11194e-05 4.50524e-05 3.2921e-05 2.38615e-05 1.71784e-05 1.23205e-05 8.8599e-06 6.47316e-06 4.92532e-06 4.05761e-06 
5.27318e-06 5.6595e-06 6.85933e-06 8.99777e-06 1.22913e-05 1.70599e-05 2.3743e-05 3.2921e-05 4.53395e-05 6.19374e-05 8.38768e-05 0.000112574 0.000149732 0.000197365 0.000257824 0.000333811 0.000428382 0.00054494 0.000687211 0.000859194 0.0010651 0.00130927 0.00159604 0.00192964 0.00231405 0.0027528 0.0032488 0.00380419 0.00442017 0.00509677 0.0058328 0.00662565 0.00747127 0.00836411 0.00929711 0.0102618 0.0112483 0.0122457 0.013242 0.0142245 0.01518 0.0160951 0.0169567 0.0177517 0.0184681 0.0190949 0.019622 0.020041 0.0203453 0.0205299 0.0205918 0.0205299 0.0203453 0.020041 0.019622 0.0190949 0.0184681 0.0177517 0.0169567 0.0160951 0.01518 0.0142245 0.013242 0.0122457 0.0112483 0.0102618 0.00929711 0.00836411 0.00747127 0.00662565 0.0058328 0.00509677 0.00442017 0.00380419 0.0032488 0.0027528 0.00231405 0.00192964 0.00159604 0.00130927 0.0010651 0.000859194 0.000687211 0.00054494 0.000428382 0.000333811 0.000257824 0.000197365 0.000149732 0.000112574 8.38768e-05 6.19374e-05 4.53395e-05 3.2921e-05 2.3743e-05 1.70599e-05 1.22913e-05 8.99777e-06 6.85933e-06 5.6595e-06 
7.29961e-06 7.82967e-06 9.47523e-06 1.24056e-05 1.69136e-05 2.3431e-05 3.25505e-05 4.50524e-05 6.19374e-05 8.44618e-05 0.000114177 0.000152968 0.000203093 0.000267218 0.000348439 0.000450306 0.000576819 0.000732413 0.00092192 0.00115051 0.00142359 0.00174671 0.00212538 0.00256493 0.00307032 0.00364589 0.00429518 0.00502067 0.0058236 0.00670373 0.00765922 0.00868643 0.00977988 0.0109322 0.0121342 0.0133748 0.0146413 0.0159198 0.0171949 0.0184506 0.0196701 0.0208367 0.0219337 0.022945 0.0238556 0.0246515 0.0253204 0.025852 0.0262378 0.0264717 0.0265502 0.0264717 0.0262378 0.025852 0.0253204 0.0246515 0.0238556 0.022945 0.0219337 0.0208367 0.0196701 0.0184506 0.0171949 0.0159198 0.0146413 0.0133748 0.0121342 0.0109322 0.00977988 0.00868643 0.00765922 0.00670373 0.0058236 0.00502067 0.00429518 0.00364589 0.00307032 0.00256493 0.00212538 0.00174671 0.00142359 0.00115051 0.00092192 0.000732413 0.000576819 0.000450306 0.000348439 0.000267218 0.000203093 0.000152968 0.000114177 8.44618e-05 6.19374e-05 4.50524e-05 3.25505e-05 2.3431e-05 1.69136e-05 1.24056e-05 9.47523e-06 7.82967e-06 
1.00173e-05 1.07382e-05 1.29754e-05 1.69561e-05 2.30725e-05 3.19027e-05 4.42382e-05 6.11194e-05 8.38768e-05 0.000114177 0.000154071 0.000206047 0.000273072 0.000358639 0.000466793 0.000602151 0.000769898 0.000975758 0.00122594 0.00152706 0.001886 0.00230976 0.00280529 0.00337921 0.00403763 0.00478583 0.00562801 0.00656699 0.00760397 0.00873826 0.0099671 0.0112855 0.0126861 0.0141593 0.0156931 0.0172733 0.0188838 0.0205068 0.0221229 0.0237121 0.0252534 0.026726 0.028109 0.0293828 0.0305286 0.0315292 0.0323697 0.0330373 0.0335216 0.0338152 0.0339136 0.0338152 0.0335216 0.0330373 0.0323697 0.0315292 0.0305286 0.0293828 0.028109 0.026726 0.0252534 0.0237121 0.0221229 0.0205068 0.0188838 0.0172733 0.0156931 0.0141593 0.0126861 0.0112855 0.0099671 0.00873826 0.00760397 0.00656699 0.00562801 0.00478583 0.00403763 0.00337921 0.00280529 0.00230976 0.001886 0.00152706 0.00122594 0.000975758 0.000769898 0.000602151 0.000466793 0.000358639 0.000273072 0.000206047 0.000154071 0.000114177 8.38768e-05 6.11194e-05 4.42382e-05 3.19027e-05 2.30725e-05 1.69561e-05 1.29754e-05 1.07382e-05 
1.36248e-05 1.45966e-05 1.76111e-05 2.29701e-05 3.11947e-05 4.30513e-05 5.95876e-05 8.21777e-05 0.000112574 0.000152968 0.000206047 0.00027506 0.000363872 0.000477016 0.000619725 0.000797948 0.00101834 0.00128821 0.00161547 0.00200847 0.00247589 0.00302649 0.00366887 0.00441122 0.00526093 0.00622435 0.00730635 0.00851004 0.00983644 0.0112842 0.0128492 0.0145248 0.0163013 0.0181661 0.0201038 0.0220965 0.0241238 0.0261632 0.0281909 0.0301816 0.0321097 0.0339493 0.035675 0.0372627 0.0386894 0.0399344 0.0409794 0.0418089 0.0424104 0.042775 0.0428972 0.042775 0.0424104 0.0418089 0.0409794 0.0399344 0.0386894 0.0372627 0.035675 0.0339493 0.0321097 0.0301816 0.0281909 0.0261632 0.0241238 0.0220965 0.0201038 0.0181661 0.0163013 0.0145248 0.0128492 0.0112842 0.00983644 0.00851004 0.00730635 0.00622435 0.00526093 0.00441122 0.00366887 0.00302649 0.00247589 0.00200847 0.00161547 0.00128821 0.00101834 0.000797948 0.000619725 0.000477016 0.000363872 0.00027506 0.000206047 0.000152968 0.000112574 8.21777e-05 5.95876e-05 4.30513e-05 3.11947e-05 2.29701e-05 1.76111e-05 1.45966e-05 
1.8366e-05 1.96642e-05 2.36893e-05 3.0839e-05 4.17987e-05 5.75753e-05 7.95428e-05 0.000109499 0.000149732 0.000203093 0.000273072 0.000363872 0.00048048 0.000628721 0.000815297 0.0010478 0.00133468 0.00168519 0.00210928 0.00261743 0.00322041 0.00392908 0.00475398 0.00570505 0.00679118 0.00801981 0.00939652 0.0109246 0.0126046 0.0144343 0.0164078 0.0185163 0.0207469 0.0230837 0.025507 0.0279942 0.03052 0.0330564 0.035574 0.0380418 0.0404283 0.0427023 0.0448328 0.0467906 0.0485483 0.0500807 0.051366 0.0523857 0.0531248 0.0535726 0.0537226 0.0535726 0.0531248 0.0523857 0.051366 0.0500807 0.0485483 0.0467906 0.0448328 0.0427023 0.0404283 0.0380418 0.035574 0.0330564 0.03052 0.0279942 0.025507 0.0230837 0.0207469 0.0185163 0.0164078 0.0144343 0.0126046 0.0109246 0.00939652 0.00801981 0.00679118 0.00570505 0.00475398 0.00392908 0.00322041 0.00261743 0.00210928 0.00168519 0.00133468 0.0010478 0.000815297 0.000628721 0.00048048 0.000363872 0.000273072 0.000203093 0.000149732 0.000109499 7.95428e-05 5.75753e-05 4.17987e-05 3.0839e-05 2.36893e-05 1.96642e-05 
2.4536e-05 2.62547e-05 3.15809e-05 4.10335e-05 5.55064e-05 7.63099e-05 0.000105229 0.000144595 0.000197365 0.000267218 0.000358639 0.000477016 0.000628721 0.000821168 0.00106286 0.00136338 0.00173336 0.00218438 0.00272885 0.00337973 0.00415031 0.00505382 0.00610308 0.00730997 0.00868501 0.0102368 0.0119715 0.0138925 0.0159997 0.0182892 0.0207533 0.0233798 0.0261527 0.0290512 0.0320509 0.0351237 0.038238 0.0413598 0.0444529 0.0474799 0.0504028 0.0531838 0.055786 0.0581744 0.0603164 0.0621823 0.063746 0.0649858 0.065884 0.0664281 0.0666103 0.0664281 0.065884 0.0649858 0.063746 0.0621823 0.0603164 0.0581744 0.055786 0.0531838 0.0504028 0.0474799 0.0444529 0.0413598 0.038238 0.0351237 0.0320509 0.0290512 0.0261527 0.0233798 0.0207533 0.0182892 0.0159997 0.0138925 0.0119715 0.0102368 0.00868501 0.00730997 0.00610308 0.00505382 0.00415031 0.00337973 0.00272885 0.00218438 0.00173336 0.00136338 0.00106286 0.000821168 0.000628721 0.000477016 0.000358639 0.000267218 0.000197365 0.000144595 0.000105229 7.63099e-05 5.55064e-05 4.10335e-05 3.15809e-05 2.62547e-05 
3.24873e-05 3.47421e-05 4.17268e-05 5.41123e-05 7.3053e-05 0.000100239 0.000137968 0.000189233 0.000257824 0.000348439 0.000466793 0.000619725 0.000815297 0.00106286 0.00137308 0.00175795 0.00223072 0.00280574 0.00349827 0.00432423 0.00529978 0.00644091 0.00776295 0.00927997 0.0110042 0.0129454 0.0151102 0.0175017 0.0201187 0.0229556 0.0260016 0.0292411 0.0326533 0.0362124 0.0398879 0.043645 0.0474455 0.0512478 0.0550083 0.0586822 0.062224 0.0655889 0.0687332 0.0716156 0.0741977 0.0764449 0.0783267 0.0798177 0.0808974 0.0815512 0.0817701 0.0815512 0.0808974 0.0798177 0.0783267 0.0764449 0.0741977 0.0716156 0.0687332 0.0655889 0.062224 0.0586822 0.0550083 0.0512478 0.0474455 0.043645 0.0398879 0.0362124 0.0326533 0.0292411 0.0260016 0.0229556 0.0201187 0.0175017 0.0151102 0.0129454 0.0110042 0.00927997 0.00776295 0.00644091 0.00529978 0.00432423 0.00349827 0.00280574 0.00223072 0.00175795 0.00137308 0.00106286 0.000815297 0.000619725 0.000466793 0.000348439 0.000257824 0.000189233 0.000137968 0.000100239 7.3053e-05 5.41123e-05 4.17268e-05 3.47421e-05 
4.26347e-05 4.55667e-05 5.46447e-05 7.07285e-05 9.52953e-05 0.000130505 0.000179288 0.000245453 0.000333811 0.000450306 0.000602151 0.000797948 0.0010478 0.00136338 0.00175795 0.00224638 0.00284498 0.00357135 0.00444413 0.00548259 0.00670618 0.00813401 0.00978417 0.0116731 0.0138147 0.0162198 0.0188955 0.0218441 0.0250629 0.0285436 0.032272 0.0362279 0.040385 0.0447112 0.0491691 0.0537162 0.0583063 0.0628895 0.0674138 0.071826 0.0760725 0.0801005 0.0838592 0.0873004 0.0903796 0.0930566 0.0952966 0.09707 0.0983537 0.0991308 0.0993909 0.0991308 0.0983537 0.09707 0.0952966 0.0930566 0.0903796 0.0873004 0.0838592 0.0801005 0.0760725 0.071826 0.0674138 0.0628895 0.0583063 0.0537162 0.0491691 0.0447112 0.040385 0.0362279 0.032272 0.0285436 0.0250629 0.0218441 0.0188955 0.0162198 0.0138147 0.0116731 0.00978417 0.00813401 0.00670618 0.00548259 0.00444413 0.00357135 0.00284498 0.00224638 0.00175795 0.00136338 0.0010478 0.000797948 0.000602151 0.000450306 0.000333811 0.000245453 0.000179288 0.000130505 9.52953e-05 7.07285e-05 5.46447e-05 4.55667e-05 
5.546e-05 5.92387e-05 7.09331e-05 9.16348e-05 0.000123217 0.000168415 0.000230932 0.000315571 0.000428382 0.000576819 0.000769898 0.00101834 0.00133468 0.00173336 0.00223072 0.00284498 0.00359605 0.0045053 0.00559521 0.00688891 0.00840953 0.0101796 0.0122202 0.0145502 0.0171854 0.0201373 0.023413 0.0270138 0.0309346 0.0351639 0.0396831 0.0444663 0.0494808 0.0546871 0.0600395 0.065487 0.0709741 0.0764417 0.0818286 0.0870721 0.0921099 0.0968808 0.101326 0.10539 0.109023 0.112177 0.114815 0.116901 0.118411 0.119324 0.11963 0.119324 0.118411 0.116901 0.114815 0.112177 0.109023 0.10539 0.101326 0.0968808 0.0921099 0.0870721 0.0818286 0.0764417 0.0709741 0.065487 0.0600395 0.0546871 0.0494808 0.0444663 0.0396831 0.0351639 0.0309346 0.0270138 0.023413 0.0201373 0.0171854 0.0145502 0.0122202 0.0101796 0.00840953 0.00688891 0.00559521 0.0045053 0.00359605 0.00284498 0.00223072 0.00173336 0.00133468 0.00101834 0.000769898 0.000576819 0.000428382 0.000315571 0.000230932 0.000168415 0.000123217 9.16348e-05 7.09331e-05 5.92387e-05 
7.15135e-05 7.63407e-05 9.12736e-05 0.000117685 0.00015793 0.000215441 0.000294856 0.000402176 0.00054494 0.000732413 0.000975758 0.00128821 0.00168519 0.00218438 0.00280574 0.00357135 0.0045053 0.00563326 0.00698207 0.00857916 0.0104518 0.0126261 0.0151264 0.0179741 0.0211864 0.0247757 0.0287483 0.0331039 0.0378345 0.0429243 0.048349 0.0540763 0.0600657 0.0662691 0.0726315 0.079092 0.085585 0.0920412 0.0983889 0.104556 0.11047 0.116061 0.121263 0.126012 0.130251 0.133928 0.137 0.139428 0.141184 0.142246 0.142601 0.142246 0.141184 0.139428 0.137 0.133928 0.130251 0.126012 0.121263 0.116061 0.11047 0.104556 0.0983889 0.0920412 0.085585 0.079092 0.0726315 0.0662691 0.0600657 0.0540763 0.048349 0.0429243 0.0378345 0.0331039 0.0287483 0.0247757 0.0211864 0.0179741 0.0151264 0.0126261 0.0104518 0.00857916 0.00698207 0.00563326 0.0045053 0.00357135 0.00280574 0.00218438 0.00168519 0.00128821 0.000975758 0.000732413 0.00054494 0.000402176 0.000294856 0.000215441 0.00015793 0.000117685 9.12736e-05 7.63407e-05 
9.14146e-05 9.75277e-05 0.00011643 0.000149834 0.000200672 0.000273214 0.000373217 0.000508112 0.000687211 0.00092192 0.00122594 0.00161547 0.00210928 0.00272885 0.00349827 0.00444413 0.00559521 0.00698207 0.00863643 0.0105904 0.0128758 0.0155226 0.0185585 0.0220071 0.0258872 0.0302112 0.0349844 0.0402039 0.0458579 0.0519251 0.0583747 0.0651665 0.0722509 0.07957 0.0870584 0.0946442 0.10225 0.109797 0.1172 0.124378 0.131249 0.137733 0.143756 0.149246 0.154141 0.158382 0.161921 0.164716 0.166736 0.167958 0.168366 0.167958 0.166736 0.164716 0.161921 0.158382 0.154141 0.149246 0.143756 0.137733 0.131249 0.124378 0.1172 0.109797 0.10225 0.0946442 0.0870584 0.07957 0.0722509 0.0651665 0.0583747 0.0519251 0.0458579 0.0402039 0.0349844 0.0302112 0.0258872 0.0220071 0.0185585 0.0155226 0.0128758 0.0105904 0.00863643 0.00698207 0.00559521 0.00444413 0.00349827 0.00272885 0.00210928 0.00161547 0.00122594 0.00092192 0.000687211 0.000508112 0.000373217 0.000273214 0.000200672 0.000149834 0.00011643 9.75277e-05 
0.000115849 0.000123524 0.000147244 0.000189128 0.000252795 0.000343509 0.000468353 0.000636448 0.000859194 0.00115051 0.00152706 0.00200847 0.00261743 0.00337973 0.00432423 0.00548259 0.00688891 0.00857916 0.0105904 0.0129601 0.0157244 0.0189178 0.022571 0.0267099 0.0313542 0.036516 0.0421987 0.0483958 0.0550907 0.0622554 0.0698514 0.0778289 0.0861283 0.0946805 0.103408 0.112227 0.121049 0.129781 0.138329 0.146599 0.154499 0.161942 0.168842 0.175122 0.180714 0.185553 0.189586 0.19277 0.19507 0.196459 0.196924 0.196459 0.19507 0.19277 0.189586 0.185553 0.180714 0.175122 0.168842 0.161942 0.154499 0.146599 0.138329 0.129781 0.121049 0.112227 0.103408 0.0946805 0.0861283 0.0778289 0.0698514 0.0622554 0.0550907 0.0483958 0.0421987 0.036516 0.0313542 0.0267099 0.022571 0.0189178 0.0157244 0.0129601 0.0105904 0.00857916 0.00688891 0.00548259 0.00432423 0.00337973 0.00261743 0.00200847 0.00152706 0.00115051 0.000859194 0.000636448 0.000468353 0.000343509 0.000252795 0.000189128 0.000147244 0.000123524 
0.000145561 0.000155114 0.000184627 0.000236695 0.000315749 0.00042822 0.000582749 0.000790432 0.0010651 0.00142359 0.001886 0.00247589 0.00322041 0.00415031 0.00529978 0.00670618 0.00840953 0.0104518 0.0128758 0.0157244 0.0190391 0.0228581 0.0272153 0.0321387 0.0376483 0.043755 0.0504594 0.0577507 0.0656056 0.0739885 0.0828514 0.092134 0.101765 0.111663 0.121737 0.13189 0.142022 0.152026 0.161796 0.171228 0.18022 0.188673 0.196498 0.203608 0.209928 0.215391 0.21994 0.223527 0.226116 0.22768 0.228204 0.22768 0.226116 0.223527 0.21994 0.215391 0.209928 0.203608 0.196498 0.188673 0.18022 0.171228 0.161796 0.152026 0.142022 0.13189 0.121737 0.111663 0.101765 0.092134 0.0828514 0.0739885 0.0656056 0.0577507 0.0504594 0.043755 0.0376483 0.0321387 0.0272153 0.0228581 0.0190391 0.0157244 0.0128758 0.0104518 0.00840953 0.00670618 0.00529978 0.00415031 0.00322041 0.00247589 0.001886 0.00142359 0.0010651 0.000790432 0.000582749 0.00042822 0.000315749 0.000236695 0.000184627 0.000155114 
0.000181344 0.000193135 0.000229545 0.000293726 0.000391057 0.00052933 0.000718989 0.000973423 0.00130927 0.00174671 0.00230976 0.00302649 0.00392908 0.00505382 0.00644091 0.00813401 0.0101796 0.0126261 0.0155226 0.0189178 0.0228581 0.0273858 0.0325379 0.0383434 0.0448222 0.0519832 0.059823 0.0683248 0.0774579 0.0871773 0.0974239 0.108126 0.119198 0.130545 0.142063 0.153641 0.165164 0.176513 0.187571 0.198221 0.208352 0.217857 0.226638 0.234604 0.241674 0.247777 0.252853 0.256853 0.259737 0.261479 0.262061 0.261479 0.259737 0.256853 0.252853 0.247777 0.241674 0.234604 0.226638 0.217857 0.208352 0.198221 0.187571 0.176513 0.165164 0.153641 0.142063 0.130545 0.119198 0.108126 0.0974239 0.0871773 0.0774579 0.0683248 0.059823 0.0519832 0.0448222 0.0383434 0.0325379 0.0273858 0.0228581 0.0189178 0.0155226 0.0126261 0.0101796 0.00813401 0.00644091 0.00505382 0.00392908 0.00302649 0.00230976 0.00174671 0.00130927 0.000973423 0.000718989 0.00052933 0.000391057 0.000293726 0.000229545 0.000193135 
0.000224026 0.000238457 0.000283001 0.000361453 0.000480287 0.000648861 0.000879699 0.00118881 0.00159604 0.00212538 0.00280529 0.00366887 0.00475398 0.00610308 0.00776295 0.00978417 0.0122202 0.0151264 0.0185585 0.022571 0.0272153 0.0325379 0.0385777 0.0453648 0.0529178 0.0612424 0.07033 0.0801565 0.090682 0.10185 0.113591 0.125816 0.138429 0.151318 0.164364 0.177442 0.190423 0.203174 0.215567 0.227474 0.238775 0.249356 0.259111 0.267944 0.275772 0.28252 0.288125 0.292538 0.295717 0.297636 0.298278 0.297636 0.295717 0.292538 0.288125 0.28252 0.275772 0.267944 0.259111 0.249356 0.238775 0.227474 0.215567 0.203174 0.190423 0.177442 0.164364 0.151318 0.138429 0.125816 0.113591 0.10185 0.090682 0.0801565 0.07033 0.0612424 0.0529178 0.0453648 0.0385777 0.0325379 0.0272153 0.022571 0.0185585 0.0151264 0.0122202 0.00978417 0.00776295 0.00610308 0.00475398 0.00366887 0.00280529 0.00212538 0.00159604 0.00118881 0.000879699 0.000648861 0.000480287 0.000361453 0.000283001 0.000238457 
0.000274448 0.000291965 0.000346008 0.000441112 0.000585 0.000788823 0.00106747 0.00143992 0.00192964 0.00256493 0.00337921 0.00441122 0.00570505 0.00730997 0.00927997 0.0116731 0.0145502 0.0179741 0.0220071 0.0267099 0.0321387 0.0383434 0.0453648 0.0532328 0.0619637 0.0715588 0.0820027 0.0932626 0.105288 0.118009 0.131342 0.145185 0.159423 0.17393 0.188572 0.203208 0.217694 0.231885 0.245642 0.258826 0.271309 0.28297 0.293699 0.303397 0.311975 0.319359 0.325486 0.330303 0.333772 0.335864 0.336563 0.335864 0.333772 0.330303 0.325486 0.319359 0.311975 0.303397 0.293699 0.28297 0.271309 0.258826 0.245642 0.231885 0.217694 0.203208 0.188572 0.17393 0.159423 0.145185 0.131342 0.118009 0.105288 0.0932626 0.0820027 0.0715588 0.0619637 0.0532328 0.0453648 0.0383434 0.0321387 0.0267099 0.0220071 0.0179741 0.0145502 0.0116731 0.00927997 0.00730997 0.00570505 0.00441122 0.00337921 0.00256493 0.00192964 0.00143992 0.00106747 0.000788823 0.000585 0.000441112 0.000346008 0.000291965 
0.000333443 0.00035453 0.000419562 0.00053391 0.000706714 0.000951147 0.00128476 0.0017299 0.00231405 0.00307032 0.00403763 0.00526093 0.00679118 0.00868501 0.0110042 0.0138147 0.0171854 0.0211864 0.0258872 0.0313542 0.0376483 0.0448222 0.0529178 0.0619637 0.0719728 0.0829403 0.0948427 0.107636 0.121258 0.135625 0.150636 0.166173 0.182106 0.19829 0.214575 0.230805 0.246822 0.26247 0.277596 0.292056 0.305712 0.31844 0.330124 0.340664 0.349971 0.35797 0.364597 0.369803 0.373549 0.375807 0.376561 0.375807 0.373549 0.369803 0.364597 0.35797 0.349971 0.340664 0.330124 0.31844 0.305712 0.292056 0.277596 0.26247 0.246822 0.230805 0.214575 0.19829 0.182106 0.166173 0.150636 0.135625 0.121258 0.107636 0.0948427 0.0829403 0.0719728 0.0619637 0.0529178 0.0448222 0.0376483 0.0313542 0.0258872 0.0211864 0.0171854 0.0138147 0.0110042 0.00868501 0.00679118 0.00526093 0.00403763 0.00307032 0.00231405 0.0017299 0.00128476 0.000951147 0.000706714 0.00053391 0.000419562 0.00035453 
0.0004018 0.00042698 0.000504602 0.000640978 0.000846835 0.00113761 0.00153384 0.00206156 0.0027528 0.00364589 0.00478583 0.00622435 0.00801981 0.0102368 0.0129454 0.0162198 0.0201373 0.0247757 0.0302112 0.036516 0.043755 0.0519832 0.0612424 0.0715588 0.0829403 0.0953747 0.108828 0.123245 0.138548 0.154637 0.171395 0.188686 0.206362 0.22426 0.242214 0.260053 0.277604 0.294701 0.31118 0.326891 0.34169 0.355448 0.36805 0.379394 0.389392 0.397971 0.405069 0.410638 0.414641 0.417053 0.417859 0.417053 0.414641 0.410638 0.405069 0.397971 0.389392 0.379394 0.36805 0.355448 0.34169 0.326891 0.31118 0.294701 0.277604 0.260053 0.242214 0.22426 0.206362 0.188686 0.171395 0.154637 0.138548 0.123245 0.108828 0.0953747 0.0829403 0.0715588 0.0612424 0.0519832 0.043755 0.036516 0.0302112 0.0247757 0.0201373 0.0162198 0.0129454 0.0102368 0.00801981 0.00622435 0.00478583 0.00364589 0.0027528 0.00206156 0.00153384 0.00113761 0.000846835 0.000640978 0.000504602 0.00042698 
0.000480242 0.000510068 0.000601976 0.000763324 0.0010066 0.00134976 0.00181661 0.00243731 0.0032488 0.00429518 0.00562801 0.00730635 0.00939652 0.0119715 0.0151102 0.0188955 0.023413 0.0287483 0.0349844 0.0421987 0.0504594 0.059823 0.07033 0.0820027 0.0948427 0.108828 0.123914 0.14003 0.157082 0.174954 0.193509 0.212592 0.232037 0.251664 0.271289 0.290725 0.30979 0.328303 0.346096 0.36301 0.378899 0.393633 0.407097 0.419189 0.429826 0.438937 0.446464 0.452362 0.456598 0.459149 0.46 0.459149 0.456598 0.452362 0.446464 0.438937 0.429826 0.419189 0.407097 0.393633 0.378899 0.36301 0.346096 0.328303 0.30979 0.290725 0.271289 0.251664 0.232037 0.212592 0.193509 0.174954 0.157082 0.14003 0.123914 0.108828 0.0948427 0.0820027 0.07033 0.059823 0.0504594 0.0421987 0.0349844 0.0287483 0.023413 0.0188955 0.0151102 0.0119715 0.00939652 0.00730635 0.00562801 0.00429518 0.0032488 0.00243731 0.00181661 0.00134976 0.0010066 0.000763324 0.000601976 0.000510068 
0.000569378 0.000604429 0.000712393 0.000901779 0.00118702 0.00158881 0.00213458 0.00285895 0.00380419 0.00502067 0.00656699 0.00851004 0.0109246 0.0138925 0.0175017 0.0218441 0.0270138 0.0331039 0.0402039 0.0483958 0.0577507 0.0683248 0.0801565 0.0932626 0.107636 0.123245 0.14003 0.157904 0.176756 0.196451 0.216832 0.237725 0.258942 0.280287 0.30156 0.32256 0.343092 0.362967 0.382009 0.400057 0.416963 0.432598 0.446849 0.459619 0.470828 0.480411 0.488315 0.494502 0.498941 0.501611 0.502503 0.501611 0.498941 0.494502 0.488315 0.480411 0.470828 0.459619 0.446849 0.432598 0.416963 0.400057 0.382009 0.362967 0.343092 0.32256 0.30156 0.280287 0.258942 0.237725 0.216832 0.196451 0.176756 0.157904 0.14003 0.123245 0.107636 0.0932626 0.0801565 0.0683248 0.0577507 0.0483958 0.0402039 0.0331039 0.0270138 0.0218441 0.0175017 0.0138925 0.0109246 0.00851004 0.00656699 0.00502067 0.00380419 0.00285895 0.00213458 0.00158881 0.00118702 0.000901779 0.000712393 0.000604429 
0.000669677 0.000710546 0.00083638 0.00105695 0.00138878 0.0018556 0.0024887 0.00332754 0.00442017 0.0058236 0.00760397 0.00983644 0.0126046 0.0159997 0.0201187 0.0250629 0.0309346 0.0378345 0.0458579 0.0550907 0.0656056 0.0774579 0.090682 0.105288 0.121258 0.138548 0.157082 0.176756 0.19744 0.218978 0.241191 0.263886 0.286856 0.309885 0.332759 0.355263 0.377192 0.39835 0.418557 0.437648 0.455479 0.471923 0.486871 0.500233 0.511936 0.521922 0.530145 0.536572 0.541178 0.543948 0.544872 0.543948 0.541178 0.536572 0.530145 0.521922 0.511936 0.500233 0.486871 0.471923 0.455479 0.437648 0.418557 0.39835 0.377192 0.355263 0.332759 0.309885 0.286856 0.263886 0.241191 0.218978 0.19744 0.176756 0.157082 0.138548 0.121258 0.105288 0.090682 0.0774579 0.0656056 0.0550907 0.0458579 0.0378345 0.0309346 0.0250629 0.0201187 0.0159997 0.0126046 0.00983644 0.00760397 0.0058236 0.00442017 0.00332754 0.0024887 0.0018556 0.00138878 0.00105695 0.00083638 0.000710546 
0.000781421 0.000828705 0.000974237 0.00122914 0.00161223 0.00215043 0.00287926 0.00384331 0.00509677 0.00670373 0.00873826 0.0112842 0.0144343 0.0182892 0.0229556 0.0285436 0.0351639 0.0429243 0.0519251 0.0622554 0.0739885 0.0871773 0.10185 0.118009 0.135625 0.154637 0.174954 0.196451 0.218978 0.242356 0.266386 0.290853 0.315531 0.340187 0.364591 0.388518 0.411752 0.434093 0.45536 0.475387 0.494034 0.511179 0.526722 0.54058 0.552689 0.562999 0.571475 0.57809 0.582826 0.585671 0.58662 0.585671 0.582826 0.57809 0.571475 0.562999 0.552689 0.54058 0.526722 0.511179 0.494034 0.475387 0.45536 0.434093 0.411752 0.388518 0.364591 0.340187 0.315531 0.290853 0.266386 0.242356 0.218978 0.196451 0.174954 0.154637 0.135625 0.118009 0.10185 0.0871773 0.0739885 0.0622554 0.0519251 0.0429243 0.0351639 0.0285436 0.0229556 0.0182892 0.0144343 0.0112842 0.00873826 0.00670373 0.00509677 0.00384331 0.00287926 0.00215043 0.00161223 0.00122914 0.000974237 0.000828705 
0.000904674 0.000958964 0.00112599 0.00141834 0.00185725 0.00247309 0.00330581 0.0044055 0.0058328 0.00765922 0.0099671 0.0128492 0.0164078 0.0207533 0.0260016 0.032272 0.0396831 0.048349 0.0583747 0.0698514 0.0828514 0.0974239 0.113591 0.131342 0.150636 0.171395 0.193509 0.216832 0.241191 0.266386 0.292195 0.318382 0.344701 0.370904 0.396747 0.421994 0.446422 0.46983 0.492035 0.512876 0.532217 0.549945 0.565969 0.580218 0.592638 0.60319 0.611849 0.618595 0.62342 0.626317 0.627283 0.626317 0.62342 0.618595 0.611849 0.60319 0.592638 0.580218 0.565969 0.549945 0.532217 0.512876 0.492035 0.46983 0.446422 0.421994 0.396747 0.370904 0.344701 0.318382 0.292195 0.266386 0.241191 0.216832 0.193509 0.171395 0.150636 0.131342 0.113591 0.0974239 0.0828514 0.0698514 0.0583747 0.048349 0.0396831 0.032272 0.0260016 0.0207533 0.0164078 0.0128492 0.0099671 0.00765922 0.0058328 0.0044055 0.00330581 0.00247309 0.00185725 0.00141834 0.00112599 0.000958964 
0.00103925 0.00110111 0.00129137 0.00162415 0.00212326 0.0028227 0.0037671 0.00501228 0.00662565 0.00868643 0.0112855 0.0145248 0.0185163 0.0233798 0.0292411 0.0362279 0.0444663 0.0540763 0.0651665 0.0778289 0.092134 0.108126 0.125816 0.145185 0.166173 0.188686 0.212592 0.237725 0.263886 0.290853 0.318382 0.346215 0.374089 0.40174 0.428911 0.455358 0.480855 0.505198 0.528207 0.549728 0.569632 0.587818 0.604205 0.618735 0.631367 0.642075 0.650843 0.657664 0.662536 0.665459 0.666433 0.665459 0.662536 0.657664 0.650843 0.642075 0.631367 0.618735 0.604205 0.587818 0.569632 0.549728 0.528207 0.505198 0.480855 0.455358 0.428911 0.40174 0.374089 0.346215 0.318382 0.290853 0.263886 0.237725 0.212592 0.188686 0.166173 0.145185 0.125816 0.108126 0.092134 0.0778289 0.0651665 0.0540763 0.0444663 0.0362279 0.0292411 0.0233798 0.0185163 0.0145248 0.0112855 0.00868643 0.00662565 0.00501228 0.0037671 0.0028227 0.00212326 0.00162415 0.00129137 0.00110111 
0.00118467 0.00125464 0.00146976 0.00184575 0.00240914 0.0031977 0.00426096 0.00566068 0.00747127 0.00977988 0.0126861 0.0163013 0.0207469 0.0261527 0.0326533 0.040385 0.0494808 0.0600657 0.0722509 0.0861283 0.101765 0.119198 0.138429 0.159423 0.182106 0.206362 0.232037 0.258942 0.286856 0.315531 0.344701 0.374089 0.403414 0.432397 0.46077 0.488285 0.514712 0.539849 0.56352 0.58558 0.605912 0.624425 0.641054 0.655754 0.668499 0.679276 0.688083 0.694922 0.6998 0.702724 0.703698 0.702724 0.6998 0.694922 0.688083 0.679276 0.668499 0.655754 0.641054 0.624425 0.605912 0.58558 0.56352 0.539849 0.514712 0.488285 0.46077 0.432397 0.403414 0.374089 0.344701 0.315531 0.286856 0.258942 0.232037 0.206362 0.182106 0.159423 0.138429 0.119198 0.101765 0.0861283 0.0722509 0.0600657 0.0494808 0.040385 0.0326533 0.0261527 0.0207469 0.0163013 0.0126861 0.00977988 0.00747127 0.00566068 0.00426096 0.0031977 0.00240914 0.00184575 0.00146976 0.00125464 
0.00134016 0.00141872 0.00166016 0.00208189 0.00271321 0.00359583 0.00478431 0.00634655 0.00836411 0.0109322 0.0141593 0.0181661 0.0230837 0.0290512 0.0362124 0.0447112 0.0546871 0.0662691 0.07957 0.0946805 0.111663 0.130545 0.151318 0.17393 0.19829 0.22426 0.251664 0.280287 0.309885 0.340187 0.370904 0.40174 0.432397 0.462583 0.492024 0.520464 0.547676 0.573459 0.597647 0.620105 0.640727 0.659439 0.676189 0.69095 0.703712 0.714475 0.72325 0.730053 0.734898 0.737799 0.738765 0.737799 0.734898 0.730053 0.72325 0.714475 0.703712 0.69095 0.676189 0.659439 0.640727 0.620105 0.597647 0.573459 0.547676 0.520464 0.492024 0.462583 0.432397 0.40174 0.370904 0.340187 0.309885 0.280287 0.251664 0.22426 0.19829 0.17393 0.151318 0.130545 0.111663 0.0946805 0.07957 0.0662691 0.0546871 0.0447112 0.0362124 0.0290512 0.0230837 0.0181661 0.0141593 0.0109322 0.00836411 0.00634655 0.00478431 0.00359583 0.00271321 0.00208189 0.00166016 0.00141872 
0.00150465 0.00159221 0.00186124 0.00233084 0.00303323 0.0040141 0.00533316 0.00706456 0.00929711 0.0121342 0.0156931 0.0201038 0.025507 0.0320509 0.0398879 0.0491691 0.0600395 0.0726315 0.0870584 0.103408 0.121737 0.142063 0.164364 0.188572 0.214575 0.242214 0.271289 0.30156 0.332759 0.364591 0.396747 0.428911 0.46077 0.492024 0.522389 0.551608 0.579456 0.605739 0.630299 0.653014 0.673794 0.69258 0.709337 0.724057 0.736743 0.747414 0.756094 0.762809 0.767585 0.770441 0.771392 0.770441 0.767585 0.762809 0.756094 0.747414 0.736743 0.724057 0.709337 0.69258 0.673794 0.653014 0.630299 0.605739 0.579456 0.551608 0.522389 0.492024 0.46077 0.428911 0.396747 0.364591 0.332759 0.30156 0.271289 0.242214 0.214575 0.188572 0.164364 0.142063 0.121737 0.103408 0.0870584 0.0726315 0.0600395 0.0491691 0.0398879 0.0320509 0.025507 0.0201038 0.0156931 0.0121342 0.00929711 0.00706456 0.00533316 0.0040141 0.00303323 0.00233084 0.00186124 0.00159221 
0.00167672 0.00177362 0.00207125 0.00259046 0.00336638 0.00444878 0.00590259 0.00780823 0.0102618 0.0133748 0.0172733 0.0220965 0.0279942 0.0351237 0.043645 0.0537162 0.065487 0.079092 0.0946442 0.112227 0.13189 0.153641 0.177442 0.203208 0.230805 0.260053 0.290725 0.32256 0.355263 0.388518 0.421994 0.455358 0.488285 0.520464 0.551608 0.58146 0.609798 0.636436 0.66123 0.684069 0.704881 0.723624 0.740284 0.754866 0.767395 0.777903 0.786428 0.793011 0.797685 0.800478 0.801407 0.800478 0.797685 0.793011 0.786428 0.777903 0.767395 0.754866 0.740284 0.723624 0.704881 0.684069 0.66123 0.636436 0.609798 0.58146 0.551608 0.520464 0.488285 0.455358 0.421994 0.388518 0.355263 0.32256 0.290725 0.260053 0.230805 0.203208 0.177442 0.153641 0.13189 0.112227 0.0946442 0.079092 0.065487 0.0537162 0.043645 0.0351237 0.0279942 0.0220965 0.0172733 0.0133748 0.0102618 0.00780823 0.00590259 0.00444878 0.00336638 0.00259046 0.00207125 0.00177362 
0.00185467 0.00196115 0.00228809 0.00285813 0.00370931 0.0048955 0.00648683 0.00857 0.0112483 0.0146413 0.0188838 0.0241238 0.03052 0.038238 0.0474455 0.0583063 0.0709741 0.085585 0.10225 0.121049 0.142022 0.165164 0.190423 0.217694 0.246822 0.277604 0.30979 0.343092 0.377192 0.411752 0.446422 0.480855 0.514712 0.547676 0.579456 0.609798 0.638485 0.665343 0.69024 0.713081 0.733811 0.752407 0.768874 0.783235 0.795534 0.805817 0.814139 0.820551 0.825095 0.827808 0.828709 0.827808 0.825095 0.820551 0.814139 0.805817 0.795534 0.783235 0.768874 0.752407 0.733811 0.713081 0.69024 0.665343 0.638485 0.609798 0.579456 0.547676 0.514712 0.480855 0.446422 0.411752 0.377192 0.343092 0.30979 0.277604 0.246822 0.217694 0.190423 0.165164 0.142022 0.121049 0.10225 0.085585 0.0709741 0.0583063 0.0474455 0.038238 0.03052 0.0241238 0.0188838 0.0146413 0.0112483 0.00857 0.00648683 0.0048955 0.00370931 0.00285813 0.00228809 0.00196115 
0.0020365 0.00215268 0.00250934 0.00313085 0.00405818 0.00534925 0.00707935 0.00934137 0.0122457 0.0159198 0.0205068 0.0261632 0.0330564 0.0413598 0.0512478 0.0628895 0.0764417 0.0920412 0.109797 0.129781 0.152026 0.176513 0.203174 0.231885 0.26247 0.294701 0.328303 0.362967 0.39835 0.434093 0.46983 0.505198 0.539849 0.573459 0.605739 0.636436 0.665343 0.692297 0.717179 0.739912 0.76046 0.778819 0.795012 0.809083 0.82109 0.831099 0.839177 0.845385 0.849778 0.852397 0.853267 0.852397 0.849778 0.845385 0.839177 0.831099 0.82109 0.809083 0.795012 0.778819 0.76046 0.739912 0.717179 0.692297 0.665343 0.636436 0.605739 0.573459 0.539849 0.505198 0.46983 0.434093 0.39835 0.362967 0.328303 0.294701 0.26247 0.231885 0.203174 0.176513 0.152026 0.129781 0.109797 0.0920412 0.0764417 0.0628895 0.0512478 0.0413598 0.0330564 0.0261632 0.0205068 0.0159198 0.0122457 0.00934137 0.00707935 0.00534925 0.00405818 0.00313085 0.00250934 0.00215268 
0.00221995 0.00234586 0.00273225 0.00340526 0.00440871 0.0058045 0.00767297 0.010113 0.013242 0.0171949 0.0221229 0.0281909 0.035574 0.0444529 0.0550083 0.0674138 0.0818286 0.0983889 0.1172 0.138329 0.161796 0.187571 0.215567 0.245642 0.277596 0.31118 0.346096 0.382009 0.418557 0.45536 0.492035 0.528207 0.56352 0.597647 0.630299 0.66123 0.69024 0.717179 0.741944 0.764477 0.784759 0.802806 0.81866 0.832384 0.844053 0.853749 0.861551 0.867533 0.871758 0.874273 0.875108 0.874273 0.871758 0.867533 0.861551 0.853749 0.844053 0.832384 0.81866 0.802806 0.784759 0.764477 0.741944 0.717179 0.69024 0.66123 0.630299 0.597647 0.56352 0.528207 0.492035 0.45536 0.418557 0.382009 0.346096 0.31118 0.277596 0.245642 0.215567 0.187571 0.161796 0.138329 0.1172 0.0983889 0.0818286 0.0674138 0.0550083 0.0444529 0.035574 0.0281909 0.0221229 0.0171949 0.013242 0.010113 0.00767297 0.0058045 0.00440871 0.00340526 0.00273225 0.00234586 
