2.37161e-08 2.65449e-08 3.55663e-08 5.24569e-08 8.02555e-08 1.23748e-07 1.90037e-07 2.89335e-07 4.36008e-07 6.49916e-07 9.58098e-07 1.39681e-06 2.01396e-06 2.87194e-06 4.05073e-06 5.65142e-06 7.79972e-06 1.06495e-05 1.43861e-05 1.9229e-05 2.54332e-05 3.32901e-05 4.31255e-05 5.52959e-05 7.01826e-05 8.81819e-05 0.000109693 0.000135104 0.00016477 0.000198998 0.000238022 0.000281981 0.0003309 0.000384666 0.000443019 0.000505536 0.000571626 0.000640537 0.000711362 0.000783055 0.00085446 0.000924335 0.000991392 0.00105434 0.0011119 0.00116289 0.00120623 0.00124096 0.00126635 0.0012818 0.001287 0.0012818 0.00126635 0.00124096 0.00120623 0.00116289 0.0011119 0.00105434 0.000991392 0.000924335 0.00085446 0.000783055 0.000711362 0.000640537 0.000571626 0.000505536 0.000443019 0.000384666 0.0003309 0.000281981 0.000238022 0.000198998 0.00016477 0.000135104 0.000109693 8.81819e-05 7.01826e-05 5.52959e-05 4.31255e-05 3.32901e-05 2.54332e-05 1.9229e-05 1.43861e-05 1.06495e-05 7.79972e-06 5.65142e-06 4.05073e-06 2.87194e-06 2.01396e-06 1.39681e-06 9.58098e-07 6.49916e-07 4.36008e-07 2.89335e-07 1.90037e-07 1.23748e-07 8.02555e-08 5.24569e-08 3.55663e-08 2.65449e-08 
2.65449e-08 2.96998e-08 3.97581e-08 5.85803e-08 8.95368e-08 1.37931e-07 2.11627e-07 3.2192e-07 4.84679e-07 7.21823e-07 1.06315e-06 1.54858e-06 2.23077e-06 3.17822e-06 4.47867e-06 6.24279e-06 8.60807e-06 1.17426e-05 1.58483e-05 2.11644e-05 2.7968e-05 3.65756e-05 4.734e-05 6.06473e-05 7.69091e-05 9.65527e-05 0.000120007 0.000147689 0.000179978 0.0002172 0.000259603 0.000307331 0.000360402 0.00041869 0.000481905 0.000549585 0.000621089 0.0006956 0.000772137 0.000849573 0.000926659 0.00100206 0.00107439 0.00114226 0.00120431 0.00125926 0.00130595 0.00134337 0.0013707 0.00138735 0.00139294 0.00138735 0.0013707 0.00134337 0.00130595 0.00125926 0.00120431 0.00114226 0.00107439 0.00100206 0.000926659 0.000849573 0.000772137 0.0006956 0.000621089 0.000549585 0.000481905 0.00041869 0.000360402 0.000307331 0.000259603 0.0002172 0.000179978 0.000147689 0.000120007 9.65527e-05 7.69091e-05 6.06473e-05 4.734e-05 3.65756e-05 2.7968e-05 2.11644e-05 1.58483e-05 1.17426e-05 8.60807e-06 6.24279e-06 4.47867e-06 3.17822e-06 2.23077e-06 1.54858e-06 1.06315e-06 7.21823e-07 4.84679e-07 3.2192e-07 2.11627e-07 1.37931e-07 8.95368e-08 5.85803e-08 3.97581e-08 2.96998e-08 
3.55663e-08 3.97581e-08 5.31136e-08 7.80759e-08 1.19065e-07 1.83023e-07 2.80223e-07 4.25379e-07 6.39116e-07 9.49838e-07 1.39605e-06 2.02918e-06 2.91688e-06 4.14687e-06 5.83112e-06 8.11048e-06 1.11593e-05 1.51899e-05 2.04569e-05 2.72601e-05 3.59464e-05 4.69095e-05 6.05876e-05 7.74572e-05 9.80247e-05 0.000122813 0.000152344 0.00018712 0.000227598 0.000274163 0.000327101 0.00038657 0.000452572 0.000524929 0.000603266 0.000686997 0.000775318 0.000867217 0.000961483 0.00105673 0.00115143 0.00124397 0.00133264 0.00141577 0.00149171 0.00155892 0.00161598 0.0016617 0.00169509 0.00171542 0.00172224 0.00171542 0.00169509 0.0016617 0.00161598 0.00155892 0.00149171 0.00141577 0.00133264 0.00124397 0.00115143 0.00105673 0.000961483 0.000867217 0.000775318 0.000686997 0.000603266 0.000524929 0.000452572 0.00038657 0.000327101 0.000274163 0.000227598 0.00018712 0.000152344 0.000122813 9.80247e-05 7.74572e-05 6.05876e-05 4.69095e-05 3.59464e-05 2.72601e-05 2.04569e-05 1.51899e-05 1.11593e-05 8.11048e-06 5.83112e-06 4.14687e-06 2.91688e-06 2.02918e-06 1.39605e-06 9.49838e-07 6.39116e-07 4.25379e-07 2.80223e-07 1.83023e-07 1.19065e-07 7.80759e-08 5.31136e-08 3.97581e-08 
5.24569e-08 5.85803e-08 7.80759e-08 1.14465e-07 1.74107e-07 2.6697e-07 4.07768e-07 6.17514e-07 9.25572e-07 1.37225e-06 2.01201e-06 2.91733e-06 4.18323e-06 5.93243e-06 8.32104e-06 1.15446e-05 1.58442e-05 2.15125e-05 2.88984e-05 3.84114e-05 5.0523e-05 6.57659e-05 8.47299e-05 0.000108053 0.00013641 0.000170492 0.000210985 0.000258543 0.000313754 0.000377105 0.000448949 0.000529461 0.000618608 0.000716121 0.000821466 0.000933832 0.00105213 0.00117499 0.00130079 0.0014277 0.00155369 0.00167662 0.00179428 0.00190446 0.00200501 0.00209391 0.00216935 0.00222976 0.00227385 0.00230068 0.00230969 0.00230068 0.00227385 0.00222976 0.00216935 0.00209391 0.00200501 0.00190446 0.00179428 0.00167662 0.00155369 0.0014277 0.00130079 0.00117499 0.00105213 0.000933832 0.000821466 0.000716121 0.000618608 0.000529461 0.000448949 0.000377105 0.000313754 0.000258543 0.000210985 0.000170492 0.00013641 0.000108053 8.47299e-05 6.57659e-05 5.0523e-05 3.84114e-05 2.88984e-05 2.15125e-05 1.58442e-05 1.15446e-05 8.32104e-06 5.93243e-06 4.18323e-06 2.91733e-06 2.01201e-06 1.37225e-06 9.25572e-07 6.17514e-07 4.07768e-07 2.6697e-07 1.74107e-07 1.14465e-07 7.80759e-08 5.85803e-08 
8.02555e-08 8.95368e-08 1.19065e-07 1.74107e-07 2.6416e-07 4.04081e-07 6.15741e-07 9.30292e-07 1.39113e-06 2.05764e-06 3.00977e-06 4.35359e-06 6.22763e-06 8.81015e-06 1.23271e-05 1.70602e-05 2.33558e-05 3.16321e-05 4.23859e-05 5.61976e-05 7.37321e-05 9.57375e-05 0.000123037 0.000156517 0.000197109 0.00024576 0.000303405 0.000370925 0.000449102 0.000538573 0.000639779 0.000752918 0.000877893 0.00101428 0.00116129 0.00131778 0.00148218 0.0016526 0.0018268 0.00200222 0.00217611 0.00234553 0.00250747 0.00265894 0.00279703 0.00291901 0.00302245 0.00310521 0.0031656 0.00320234 0.00321468 0.00320234 0.0031656 0.00310521 0.00302245 0.00291901 0.00279703 0.00265894 0.00250747 0.00234553 0.00217611 0.00200222 0.0018268 0.0016526 0.00148218 0.00131778 0.00116129 0.00101428 0.000877893 0.000752918 0.000639779 0.000538573 0.000449102 0.000370925 0.000303405 0.00024576 0.000197109 0.000156517 0.000123037 9.57375e-05 7.37321e-05 5.61976e-05 4.23859e-05 3.16321e-05 2.33558e-05 1.70602e-05 1.23271e-05 8.81015e-06 6.22763e-06 4.35359e-06 3.00977e-06 2.05764e-06 1.39113e-06 9.30292e-07 6.15741e-07 4.04081e-07 2.6416e-07 1.74107e-07 1.19065e-07 8.95368e-08 
1.23748e-07 1.37931e-07 1.83023e-07 2.6697e-07 4.04081e-07 6.16692e-07 9.37606e-07 1.41342e-06 2.10886e-06 3.11221e-06 4.54197e-06 6.5548e-06 9.35462e-06 1.32029e-05 1.84297e-05 2.54454e-05 3.4752e-05 4.69533e-05 6.2764e-05 8.30147e-05 0.000108653 0.00014074 0.000180437 0.000228988 0.00028769 0.000357857 0.000440773 0.000537635 0.000649493 0.000777186 0.000921268 0.00108194 0.00125901 0.00145181 0.00165918 0.00187944 0.00211039 0.00234934 0.00259314 0.00283825 0.00308084 0.00331685 0.00354216 0.00375264 0.00394433 0.00411352 0.00425687 0.00437151 0.00445511 0.00450596 0.00452303 0.00450596 0.00445511 0.00437151 0.00425687 0.00411352 0.00394433 0.00375264 0.00354216 0.00331685 0.00308084 0.00283825 0.00259314 0.00234934 0.00211039 0.00187944 0.00165918 0.00145181 0.00125901 0.00108194 0.000921268 0.000777186 0.000649493 0.000537635 0.000440773 0.000357857 0.00028769 0.000228988 0.000180437 0.00014074 0.000108653 8.30147e-05 6.2764e-05 4.69533e-05 3.4752e-05 2.54454e-05 1.84297e-05 1.32029e-05 9.35462e-06 6.5548e-06 4.54197e-06 3.11221e-06 2.10886e-06 1.41342e-06 9.37606e-07 6.16692e-07 4.04081e-07 2.6697e-07 1.83023e-07 1.37931e-07 
1.90037e-07 2.11627e-07 2.80223e-07 4.07768e-07 6.15741e-07 9.37606e-07 1.42239e-06 2.13956e-06 3.18531e-06 4.69048e-06 6.83014e-06 9.83492e-06 1.4004e-05 1.97198e-05 2.74632e-05 3.78298e-05 5.15451e-05 6.94789e-05 9.26558e-05 0.000122261 0.000159642 0.000206298 0.000263863 0.000334077 0.000418743 0.000519674 0.000638627 0.000777224 0.000936868 0.00111865 0.00132325 0.00155088 0.00180113 0.00207301 0.00236478 0.00267405 0.00299768 0.00333189 0.00367227 0.00401392 0.00435152 0.0046795 0.00499219 0.00528397 0.00554942 0.00578351 0.00598169 0.00614008 0.00625553 0.00632575 0.00634931 0.00632575 0.00625553 0.00614008 0.00598169 0.00578351 0.00554942 0.00528397 0.00499219 0.0046795 0.00435152 0.00401392 0.00367227 0.00333189 0.00299768 0.00267405 0.00236478 0.00207301 0.00180113 0.00155088 0.00132325 0.00111865 0.000936868 0.000777224 0.000638627 0.000519674 0.000418743 0.000334077 0.000263863 0.000206298 0.000159642 0.000122261 9.26558e-05 6.94789e-05 5.15451e-05 3.78298e-05 2.74632e-05 1.97198e-05 1.4004e-05 9.83492e-06 6.83014e-06 4.69048e-06 3.18531e-06 2.13956e-06 1.42239e-06 9.37606e-07 6.15741e-07 4.07768e-07 2.80223e-07 2.11627e-07 
2.89335e-07 3.2192e-07 4.25379e-07 6.17514e-07 9.30292e-07 1.41342e-06 2.13956e-06 3.21137e-06 4.77066e-06 7.00966e-06 1.01848e-05 1.46328e-05 2.07891e-05 2.92079e-05 4.0584e-05 5.57744e-05 7.58194e-05 0.00010196 0.000135654 0.000178577 0.000232628 0.000299908 0.000382693 0.000483397 0.0006045 0.000748482 0.000917721 0.00111439 0.00134034 0.00159696 0.00188509 0.00220485 0.00255558 0.00293573 0.00334281 0.00377338 0.00422304 0.0046865 0.00515767 0.00562979 0.00609558 0.00654744 0.00697766 0.00737864 0.00774304 0.00806409 0.0083357 0.00855263 0.00871069 0.00880679 0.00883903 0.00880679 0.00871069 0.00855263 0.0083357 0.00806409 0.00774304 0.00737864 0.00697766 0.00654744 0.00609558 0.00562979 0.00515767 0.0046865 0.00422304 0.00377338 0.00334281 0.00293573 0.00255558 0.00220485 0.00188509 0.00159696 0.00134034 0.00111439 0.000917721 0.000748482 0.0006045 0.000483397 0.000382693 0.000299908 0.000232628 0.000178577 0.000135654 0.00010196 7.58194e-05 5.57744e-05 4.0584e-05 2.92079e-05 2.07891e-05 1.46328e-05 1.01848e-05 7.00966e-06 4.77066e-06 3.21137e-06 2.13956e-06 1.41342e-06 9.30292e-07 6.17514e-07 4.25379e-07 3.2192e-07 
4.36008e-07 4.84679e-07 6.39116e-07 9.25572e-07 1.39113e-06 2.10886e-06 3.18531e-06 4.77066e-06 7.07169e-06 1.03679e-05 1.50311e-05 2.15475e-05 3.0544e-05 4.28157e-05 5.93555e-05 8.13835e-05 0.000110375 0.000148082 0.000196553 0.000258135 0.000335471 0.000431471 0.000549273 0.000692179 0.000863566 0.00106678 0.00130499 0.00158107 0.00189742 0.00225579 0.00265712 0.00310142 0.00358757 0.00411326 0.00467493 0.00526772 0.00588551 0.00652101 0.00716588 0.00781092 0.00844628 0.00906172 0.00964689 0.0101916 0.0106861 0.0111214 0.0114893 0.011783 0.0119969 0.0121269 0.0121705 0.0121269 0.0119969 0.011783 0.0114893 0.0111214 0.0106861 0.0101916 0.00964689 0.00906172 0.00844628 0.00781092 0.00716588 0.00652101 0.00588551 0.00526772 0.00467493 0.00411326 0.00358757 0.00310142 0.00265712 0.00225579 0.00189742 0.00158107 0.00130499 0.00106678 0.000863566 0.000692179 0.000549273 0.000431471 0.000335471 0.000258135 0.000196553 0.000148082 0.000110375 8.13835e-05 5.93555e-05 4.28157e-05 3.0544e-05 2.15475e-05 1.50311e-05 1.03679e-05 7.07169e-06 4.77066e-06 3.18531e-06 2.10886e-06 1.39113e-06 9.25572e-07 6.39116e-07 4.84679e-07 
6.49916e-07 7.21823e-07 9.49838e-07 1.37225e-06 2.05764e-06 3.11221e-06 4.69048e-06 7.00966e-06 1.03679e-05 1.51672e-05 2.194e-05 3.13811e-05 4.43824e-05 6.20715e-05 8.58509e-05 0.000117437 0.000158898 0.000212678 0.000281622 0.000368975 0.00047837 0.000613791 0.000779503 0.000979968 0.00121972 0.00150319 0.00183458 0.0022176 0.0026553 0.00314982 0.0037022 0.00431213 0.00497787 0.00569603 0.00646155 0.00726768 0.00810602 0.00896663 0.00983825 0.0107085 0.0115643 0.012392 0.0131778 0.0139084 0.0145709 0.0151534 0.0156454 0.0160379 0.0163236 0.0164972 0.0165554 0.0164972 0.0163236 0.0160379 0.0156454 0.0151534 0.0145709 0.0139084 0.0131778 0.012392 0.0115643 0.0107085 0.00983825 0.00896663 0.00810602 0.00726768 0.00646155 0.00569603 0.00497787 0.00431213 0.0037022 0.00314982 0.0026553 0.0022176 0.00183458 0.00150319 0.00121972 0.000979968 0.000779503 0.000613791 0.00047837 0.000368975 0.000281622 0.000212678 0.000158898 0.000117437 8.58509e-05 6.20715e-05 4.43824e-05 3.13811e-05 2.194e-05 1.51672e-05 1.03679e-05 7.00966e-06 4.69048e-06 3.11221e-06 2.05764e-06 1.37225e-06 9.49838e-07 7.21823e-07 
9.58098e-07 1.06315e-06 1.39605e-06 2.01201e-06 3.00977e-06 4.54197e-06 6.83014e-06 1.01848e-05 1.50311e-05 2.194e-05 3.1666e-05 4.51896e-05 6.37655e-05 8.89734e-05 0.000122771 0.000167545 0.000226157 0.000301977 0.000398906 0.000521375 0.000674315 0.000863103 0.00109347 0.00137135 0.00170273 0.00209345 0.00254891 0.00307387 0.0036721 0.00434614 0.00509701 0.00592396 0.00682425 0.00779301 0.00882318 0.00990548 0.0110285 0.012179 0.0133418 0.0145007 0.0156382 0.0167366 0.017778 0.0187449 0.0196206 0.0203898 0.021039 0.0215565 0.021933 0.0221616 0.0222383 0.0221616 0.021933 0.0215565 0.021039 0.0203898 0.0196206 0.0187449 0.017778 0.0167366 0.0156382 0.0145007 0.0133418 0.012179 0.0110285 0.00990548 0.00882318 0.00779301 0.00682425 0.00592396 0.00509701 0.00434614 0.0036721 0.00307387 0.00254891 0.00209345 0.00170273 0.00137135 0.00109347 0.000863103 0.000674315 0.000521375 0.000398906 0.000301977 0.000226157 0.000167545 0.000122771 8.89734e-05 6.37655e-05 4.51896e-05 3.1666e-05 2.194e-05 1.50311e-05 1.01848e-05 6.83014e-06 4.54197e-06 3.00977e-06 2.01201e-06 1.39605e-06 1.06315e-06 
1.39681e-06 1.54858e-06 2.02918e-06 2.91733e-06 4.35359e-06 6.5548e-06 9.83492e-06 1.46328e-05 2.15475e-05 3.13811e-05 4.51896e-05 6.4341e-05 9.05788e-05 0.000126091 0.000173576 0.000236314 0.000318214 0.000423866 0.000558552 0.000728243 0.000939548 0.00119963 0.00151606 0.00189665 0.00234921 0.00288123 0.00349962 0.0042103 0.00501788 0.00592524 0.00693322 0.00804031 0.00924239 0.0105326 0.0119011 0.0133354 0.0148203 0.0163381 0.017869 0.0193917 0.0208837 0.0223219 0.0236834 0.0249457 0.0260875 0.0270895 0.0279344 0.0286073 0.0290966 0.0293937 0.0294933 0.0293937 0.0290966 0.0286073 0.0279344 0.0270895 0.0260875 0.0249457 0.0236834 0.0223219 0.0208837 0.0193917 0.017869 0.0163381 0.0148203 0.0133354 0.0119011 0.0105326 0.00924239 0.00804031 0.00693322 0.00592524 0.00501788 0.0042103 0.00349962 0.00288123 0.00234921 0.00189665 0.00151606 0.00119963 0.000939548 0.000728243 0.000558552 0.000423866 0.000318214 0.000236314 0.000173576 0.000126091 9.05788e-05 6.4341e-05 4.51896e-05 3.13811e-05 2.15475e-05 1.46328e-05 9.83492e-06 6.5548e-06 4.35359e-06 2.91733e-06 2.02918e-06 1.54858e-06 
2.01396e-06 2.23077e-06 2.91688e-06 4.18323e-06 6.22763e-06 9.35462e-06 1.4004e-05 2.07891e-05 3.0544e-05 4.43824e-05 6.37655e-05 9.05788e-05 0.000127218 0.000176674 0.000242627 0.000329523 0.000442646 0.000588161 0.000773136 0.00100551 0.00129402 0.00164809 0.00207759 0.00259264 0.00320325 0.00391894 0.00474833 0.00569869 0.00677544 0.00798172 0.00931795 0.0107814 0.0123661 0.0140624 0.015857 0.0177332 0.0196709 0.021647 0.0236359 0.0256101 0.0275407 0.0293986 0.0311543 0.0327799 0.0342485 0.0355357 0.03662 0.0374831 0.0381103 0.0384909 0.0386185 0.0384909 0.0381103 0.0374831 0.03662 0.0355357 0.0342485 0.0327799 0.0311543 0.0293986 0.0275407 0.0256101 0.0236359 0.021647 0.0196709 0.0177332 0.015857 0.0140624 0.0123661 0.0107814 0.00931795 0.00798172 0.00677544 0.00569869 0.00474833 0.00391894 0.00320325 0.00259264 0.00207759 0.00164809 0.00129402 0.00100551 0.000773136 0.000588161 0.000442646 0.000329523 0.000242627 0.000176674 0.000127218 9.05788e-05 6.37655e-05 4.43824e-05 3.0544e-05 2.07891e-05 1.4004e-05 9.35462e-06 6.22763e-06 4.18323e-06 2.91688e-06 2.23077e-06 
2.87194e-06 3.17822e-06 4.14687e-06 5.93243e-06 8.81015e-06 1.32029e-05 1.97198e-05 2.92079e-05 4.28157e-05 6.20715e-05 8.89734e-05 0.000126091 0.000176674 0.000244769 0.000335328 0.00045431 0.000608764 0.000806874 0.00105797 0.00137248 0.00176181 0.00223816 0.00281426 0.00350299 0.00431701 0.00526819 0.00636712 0.00762249 0.00904052 0.0106244 0.0123737 0.014284 0.0163466 0.0185484 0.0208716 0.0232941 0.0257897 0.0283286 0.0308783 0.0334037 0.0358685 0.0382359 0.0404695 0.0425343 0.0443972 0.0460282 0.0474007 0.0484922 0.049285 0.0497659 0.0499271 0.0497659 0.049285 0.0484922 0.0474007 0.0460282 0.0443972 0.0425343 0.0404695 0.0382359 0.0358685 0.0334037 0.0308783 0.0283286 0.0257897 0.0232941 0.0208716 0.0185484 0.0163466 0.014284 0.0123737 0.0106244 0.00904052 0.00762249 0.00636712 0.00526819 0.00431701 0.00350299 0.00281426 0.00223816 0.00176181 0.00137248 0.00105797 0.000806874 0.000608764 0.00045431 0.000335328 0.000244769 0.000176674 0.000126091 8.89734e-05 6.20715e-05 4.28157e-05 2.92079e-05 1.97198e-05 1.32029e-05 8.81015e-06 5.93243e-06 4.14687e-06 3.17822e-06 
4.05073e-06 4.47867e-06 5.83112e-06 8.32104e-06 1.23271e-05 1.84297e-05 2.74632e-05 4.0584e-05 5.93555e-05 8.58509e-05 0.000122771 0.000173576 0.000242627 0.000335328 0.000458266 0.000619333 0.000827814 0.00109444 0.00143138 0.00185215 0.00237143 0.00300482 0.00376848 0.0046786 0.00575091 0.00699997 0.00843852 0.0100767 0.0119214 0.0139754 0.0162371 0.0186996 0.0213505 0.0241722 0.0271411 0.0302285 0.0334009 0.0366204 0.0398457 0.0430333 0.0461378 0.049114 0.051917 0.054504 0.0568347 0.0588727 0.060586 0.0619474 0.0629356 0.0635348 0.0637356 0.0635348 0.0629356 0.0619474 0.060586 0.0588727 0.0568347 0.054504 0.051917 0.049114 0.0461378 0.0430333 0.0398457 0.0366204 0.0334009 0.0302285 0.0271411 0.0241722 0.0213505 0.0186996 0.0162371 0.0139754 0.0119214 0.0100767 0.00843852 0.00699997 0.00575091 0.0046786 0.00376848 0.00300482 0.00237143 0.00185215 0.00143138 0.00109444 0.000827814 0.000619333 0.000458266 0.000335328 0.000242627 0.000173576 0.000122771 8.58509e-05 5.93555e-05 4.0584e-05 2.74632e-05 1.84297e-05 1.23271e-05 8.32104e-06 5.83112e-06 4.47867e-06 
5.65142e-06 6.24279e-06 8.11048e-06 1.15446e-05 1.70602e-05 2.54454e-05 3.78298e-05 5.57744e-05 8.13835e-05 0.000117437 0.000167545 0.000236314 0.000329523 0.00045431 0.000619333 0.000834913 0.00111314 0.00146791 0.00191489 0.00247136 0.003156 0.00398847 0.00498898 0.00617758 0.0075735 0.0091943 0.011055 0.013167 0.0155377 0.018169 0.0210571 0.0241919 0.0275564 0.0311269 0.0348727 0.0387571 0.0427376 0.0467667 0.0507932 0.0547631 0.0586214 0.0623125 0.0657825 0.0689795 0.0718557 0.0743674 0.0764765 0.0781511 0.0793657 0.0801019 0.0803485 0.0801019 0.0793657 0.0781511 0.0764765 0.0743674 0.0718557 0.0689795 0.0657825 0.0623125 0.0586214 0.0547631 0.0507932 0.0467667 0.0427376 0.0387571 0.0348727 0.0311269 0.0275564 0.0241919 0.0210571 0.018169 0.0155377 0.013167 0.011055 0.0091943 0.0075735 0.00617758 0.00498898 0.00398847 0.003156 0.00247136 0.00191489 0.00146791 0.00111314 0.000834913 0.000619333 0.00045431 0.000329523 0.000236314 0.000167545 0.000117437 8.13835e-05 5.57744e-05 3.78298e-05 2.54454e-05 1.70602e-05 1.15446e-05 8.11048e-06 6.24279e-06 
7.79972e-06 8.60807e-06 1.11593e-05 1.58442e-05 2.33558e-05 3.4752e-05 5.15451e-05 7.58194e-05 0.000110375 0.000158898 0.000226157 0.000318214 0.000442646 0.000608764 0.000827814 0.00111314 0.00148029 0.00194704 0.00253329 0.00326089 0.00415325 0.00523485 0.00653056 0.00806487 0.00986088 0.0119393 0.0143175 0.0170081 0.0200181 0.0233482 0.0269914 0.030933 0.03515 0.0396114 0.0442777 0.0491026 0.0540328 0.0590097 0.0639705 0.0688498 0.0735809 0.0780975 0.0823351 0.0862326 0.0897334 0.0927864 0.0953471 0.0973784 0.0988506 0.0997426 0.100041 0.0997426 0.0988506 0.0973784 0.0953471 0.0927864 0.0897334 0.0862326 0.0823351 0.0780975 0.0735809 0.0688498 0.0639705 0.0590097 0.0540328 0.0491026 0.0442777 0.0396114 0.03515 0.030933 0.0269914 0.0233482 0.0200181 0.0170081 0.0143175 0.0119393 0.00986088 0.00806487 0.00653056 0.00523485 0.00415325 0.00326089 0.00253329 0.00194704 0.00148029 0.00111314 0.000827814 0.000608764 0.000442646 0.000318214 0.000226157 0.000158898 0.000110375 7.58194e-05 5.15451e-05 3.4752e-05 2.33558e-05 1.58442e-05 1.11593e-05 8.60807e-06 
1.06495e-05 1.17426e-05 1.51899e-05 2.15125e-05 3.16321e-05 4.69533e-05 6.94789e-05 0.00010196 0.000148082 0.000212678 0.000301977 0.000423866 0.000588161 0.000806874 0.00109444 0.00146791 0.00194704 0.00255428 0.00331462 0.0042553 0.00540529 0.00679462 0.00845353 0.0104114 0.0126955 0.0153299 0.0183339 0.0217211 0.0254976 0.0296614 0.0342015 0.0390971 0.0443178 0.0498231 0.0555634 0.0614806 0.0675091 0.0735776 0.0796101 0.0855284 0.091253 0.096706 0.101812 0.106499 0.110702 0.114362 0.117429 0.119859 0.121618 0.122684 0.123041 0.122684 0.121618 0.119859 0.117429 0.114362 0.110702 0.106499 0.101812 0.096706 0.091253 0.0855284 0.0796101 0.0735776 0.0675091 0.0614806 0.0555634 0.0498231 0.0443178 0.0390971 0.0342015 0.0296614 0.0254976 0.0217211 0.0183339 0.0153299 0.0126955 0.0104114 0.00845353 0.00679462 0.00540529 0.0042553 0.00331462 0.00255428 0.00194704 0.00146791 0.00109444 0.000806874 0.000588161 0.000423866 0.000301977 0.000212678 0.000148082 0.00010196 6.94789e-05 4.69533e-05 3.16321e-05 2.15125e-05 1.51899e-05 1.17426e-05 
1.43861e-05 1.58483e-05 2.04569e-05 2.88984e-05 4.23859e-05 6.2764e-05 9.26558e-05 0.000135654 0.000196553 0.000281622 0.000398906 0.000558552 0.000773136 0.00105797 0.00143138 0.00191489 0.00253329 0.00331462 0.00428985 0.00549253 0.00695801 0.00872266 0.0108226 0.0132926 0.0161644 0.0194651 0.0232159 0.0274302 0.0321126 0.0372573 0.0428475 0.0488548 0.0552392 0.0619493 0.0689231 0.0760889 0.0833672 0.090672 0.0979132 0.104998 0.111834 0.11833 0.1244 0.129961 0.134939 0.139267 0.142889 0.145756 0.14783 0.149086 0.149506 0.149086 0.14783 0.145756 0.142889 0.139267 0.134939 0.129961 0.1244 0.11833 0.111834 0.104998 0.0979132 0.090672 0.0833672 0.0760889 0.0689231 0.0619493 0.0552392 0.0488548 0.0428475 0.0372573 0.0321126 0.0274302 0.0232159 0.0194651 0.0161644 0.0132926 0.0108226 0.00872266 0.00695801 0.00549253 0.00428985 0.00331462 0.00253329 0.00191489 0.00143138 0.00105797 0.000773136 0.000558552 0.000398906 0.000281622 0.000196553 0.000135654 9.26558e-05 6.2764e-05 4.23859e-05 2.88984e-05 2.04569e-05 1.58483e-05 
1.9229e-05 2.11644e-05 2.72601e-05 3.84114e-05 5.61976e-05 8.30147e-05 0.000122261 0.000178577 0.000258135 0.000368975 0.000521375 0.000728243 0.00100551 0.00137248 0.00185215 0.00247136 0.00326089 0.0042553 0.00549253 0.00701332 0.00886032 0.0110769 0.0137056 0.0167869 0.0203568 0.0244455 0.0290752 0.0342585 0.0399968 0.046279 0.0530809 0.0603645 0.0680781 0.0761573 0.0845255 0.0930958 0.101773 0.110455 0.119035 0.127407 0.135464 0.143101 0.15022 0.15673 0.162546 0.167596 0.171815 0.175151 0.177563 0.179022 0.179511 0.179022 0.177563 0.175151 0.171815 0.167596 0.162546 0.15673 0.15022 0.143101 0.135464 0.127407 0.119035 0.110455 0.101773 0.0930958 0.0845255 0.0761573 0.0680781 0.0603645 0.0530809 0.046279 0.0399968 0.0342585 0.0290752 0.0244455 0.0203568 0.0167869 0.0137056 0.0110769 0.00886032 0.00701332 0.00549253 0.0042553 0.00326089 0.00247136 0.00185215 0.00137248 0.00100551 0.000728243 0.000521375 0.000368975 0.000258135 0.000178577 0.000122261 8.30147e-05 5.61976e-05 3.84114e-05 2.72601e-05 2.11644e-05 
2.54332e-05 2.7968e-05 3.59464e-05 5.0523e-05 7.37321e-05 0.000108653 0.000159642 0.000232628 0.000335471 0.00047837 0.000674315 0.000939548 0.00129402 0.00176181 0.00237143 0.003156 0.00415325 0.00540529 0.00695801 0.00886032 0.0111629 0.0139167 0.0171714 0.0209728 0.0253614 0.0303696 0.0360199 0.0423226 0.0492745 0.0568574 0.0650372 0.0737643 0.0829733 0.0925841 0.102504 0.112628 0.122845 0.133034 0.143073 0.152839 0.162211 0.171072 0.179313 0.186832 0.193537 0.199348 0.204197 0.208026 0.210793 0.212465 0.213025 0.212465 0.210793 0.208026 0.204197 0.199348 0.193537 0.186832 0.179313 0.171072 0.162211 0.152839 0.143073 0.133034 0.122845 0.112628 0.102504 0.0925841 0.0829733 0.0737643 0.0650372 0.0568574 0.0492745 0.0423226 0.0360199 0.0303696 0.0253614 0.0209728 0.0171714 0.0139167 0.0111629 0.00886032 0.00695801 0.00540529 0.00415325 0.003156 0.00237143 0.00176181 0.00129402 0.000939548 0.000674315 0.00047837 0.000335471 0.000232628 0.000159642 0.000108653 7.37321e-05 5.0523e-05 3.59464e-05 2.7968e-05 
3.32901e-05 3.65756e-05 4.69095e-05 6.57659e-05 9.57375e-05 0.00014074 0.000206298 0.000299908 0.000431471 0.000613791 0.000863103 0.00119963 0.00164809 0.00223816 0.00300482 0.00398847 0.00523485 0.00679462 0.00872266 0.0110769 0.0139167 0.0173014 0.0212875 0.0259265 0.0312626 0.0373297 0.0441492 0.0517275 0.0600549 0.0691037 0.078828 0.0891637 0.100029 0.111327 0.122945 0.134761 0.146642 0.158452 0.170051 0.181299 0.192062 0.202211 0.211625 0.220195 0.227822 0.23442 0.239917 0.244253 0.247383 0.249274 0.249906 0.249274 0.247383 0.244253 0.239917 0.23442 0.227822 0.220195 0.211625 0.202211 0.192062 0.181299 0.170051 0.158452 0.146642 0.134761 0.122945 0.111327 0.100029 0.0891637 0.078828 0.0691037 0.0600549 0.0517275 0.0441492 0.0373297 0.0312626 0.0259265 0.0212875 0.0173014 0.0139167 0.0110769 0.00872266 0.00679462 0.00523485 0.00398847 0.00300482 0.00223816 0.00164809 0.00119963 0.000863103 0.000613791 0.000431471 0.000299908 0.000206298 0.00014074 9.57375e-05 6.57659e-05 4.69095e-05 3.65756e-05 
4.31255e-05 4.734e-05 6.05876e-05 8.47299e-05 0.000123037 0.000180437 0.000263863 0.000382693 0.000549273 0.000779503 0.00109347 0.00151606 0.00207759 0.00281426 0.00376848 0.00498898 0.00653056 0.00845353 0.0108226 0.0137056 0.0171714 0.0212875 0.0261175 0.0317184 0.038137 0.0454075 0.0535485 0.0625608 0.0724255 0.0831032 0.0945332 0.106635 0.119307 0.132433 0.14588 0.159506 0.173157 0.186678 0.199913 0.212707 0.224911 0.236386 0.247002 0.256642 0.265203 0.272595 0.278744 0.283588 0.287081 0.28919 0.289895 0.28919 0.287081 0.283588 0.278744 0.272595 0.265203 0.256642 0.247002 0.236386 0.224911 0.212707 0.199913 0.186678 0.173157 0.159506 0.14588 0.132433 0.119307 0.106635 0.0945332 0.0831032 0.0724255 0.0625608 0.0535485 0.0454075 0.038137 0.0317184 0.0261175 0.0212875 0.0171714 0.0137056 0.0108226 0.00845353 0.00653056 0.00498898 0.00376848 0.00281426 0.00207759 0.00151606 0.00109347 0.000779503 0.000549273 0.000382693 0.000263863 0.000180437 0.000123037 8.47299e-05 6.05876e-05 4.734e-05 
5.52959e-05 6.06473e-05 7.74572e-05 0.000108053 0.000156517 0.000228988 0.000334077 0.000483397 0.000692179 0.000979968 0.00137135 0.00189665 0.00259264 0.00350299 0.0046786 0.00617758 0.00806487 0.0104114 0.0132926 0.0167869 0.0209728 0.0259265 0.0317184 0.0384097 0.0460491 0.0546694 0.0642844 0.0748866 0.0864458 0.0989075 0.112194 0.126205 0.140818 0.155894 0.171278 0.186806 0.202305 0.2176 0.232517 0.246889 0.260555 0.273365 0.285183 0.295888 0.305372 0.313545 0.320332 0.325671 0.329517 0.331837 0.332613 0.331837 0.329517 0.325671 0.320332 0.313545 0.305372 0.295888 0.285183 0.273365 0.260555 0.246889 0.232517 0.2176 0.202305 0.186806 0.171278 0.155894 0.140818 0.126205 0.112194 0.0989075 0.0864458 0.0748866 0.0642844 0.0546694 0.0460491 0.0384097 0.0317184 0.0259265 0.0209728 0.0167869 0.0132926 0.0104114 0.00806487 0.00617758 0.0046786 0.00350299 0.00259264 0.00189665 0.00137135 0.000979968 0.000692179 0.000483397 0.000334077 0.000228988 0.000156517 0.000108053 7.74572e-05 6.06473e-05 
7.01826e-05 7.69091e-05 9.80247e-05 0.00013641 0.000197109 0.00028769 0.000418743 0.0006045 0.000863566 0.00121972 0.00170273 0.00234921 0.00320325 0.00431701 0.00575091 0.0075735 0.00986088 0.0126955 0.0161644 0.0203568 0.0253614 0.0312626 0.038137 0.0460491 0.0550478 0.0651624 0.0763996 0.0887411 0.102142 0.11653 0.131807 0.147851 0.164515 0.181637 0.199038 0.216531 0.233922 0.251019 0.267633 0.283582 0.298695 0.312818 0.325809 0.337544 0.347916 0.356835 0.364227 0.370035 0.374213 0.376732 0.377574 0.376732 0.374213 0.370035 0.364227 0.356835 0.347916 0.337544 0.325809 0.312818 0.298695 0.283582 0.267633 0.251019 0.233922 0.216531 0.199038 0.181637 0.164515 0.147851 0.131807 0.11653 0.102142 0.0887411 0.0763996 0.0651624 0.0550478 0.0460491 0.038137 0.0312626 0.0253614 0.0203568 0.0161644 0.0126955 0.00986088 0.0075735 0.00575091 0.00431701 0.00320325 0.00234921 0.00170273 0.00121972 0.000863566 0.0006045 0.000418743 0.00028769 0.000197109 0.00013641 9.80247e-05 7.69091e-05 
8.81819e-05 9.65527e-05 0.000122813 0.000170492 0.00024576 0.000357857 0.000519674 0.000748482 0.00106678 0.00150319 0.00209345 0.00288123 0.00391894 0.00526819 0.00699997 0.0091943 0.0119393 0.0153299 0.0194651 0.0244455 0.0303696 0.0373297 0.0454075 0.0546694 0.0651624 0.0769101 0.0899092 0.104127 0.119502 0.135941 0.153322 0.171497 0.190295 0.209527 0.228991 0.248476 0.267769 0.286659 0.304945 0.322433 0.338947 0.354326 0.368428 0.381131 0.392329 0.401937 0.409886 0.41612 0.4206 0.423299 0.4242 0.423299 0.4206 0.41612 0.409886 0.401937 0.392329 0.381131 0.368428 0.354326 0.338947 0.322433 0.304945 0.286659 0.267769 0.248476 0.228991 0.209527 0.190295 0.171497 0.153322 0.135941 0.119502 0.104127 0.0899092 0.0769101 0.0651624 0.0546694 0.0454075 0.0373297 0.0303696 0.0244455 0.0194651 0.0153299 0.0119393 0.0091943 0.00699997 0.00526819 0.00391894 0.00288123 0.00209345 0.00150319 0.00106678 0.000748482 0.000519674 0.000357857 0.00024576 0.000170492 0.000122813 9.65527e-05 
0.000109693 0.000120007 0.000152344 0.000210985 0.000303405 0.000440773 0.000638627 0.000917721 0.00130499 0.00183458 0.00254891 0.00349962 0.00474833 0.00636712 0.00843852 0.011055 0.0143175 0.0183339 0.0232159 0.0290752 0.0360199 0.0441492 0.0535485 0.0642844 0.0763996 0.0899092 0.104797 0.121013 0.138475 0.157065 0.176635 0.197011 0.217993 0.239366 0.260901 0.282367 0.303532 0.324168 0.344062 0.363015 0.380845 0.397391 0.412513 0.426094 0.438034 0.448253 0.456689 0.463296 0.468037 0.470891 0.471844 0.470891 0.468037 0.463296 0.456689 0.448253 0.438034 0.426094 0.412513 0.397391 0.380845 0.363015 0.344062 0.324168 0.303532 0.282367 0.260901 0.239366 0.217993 0.197011 0.176635 0.157065 0.138475 0.121013 0.104797 0.0899092 0.0763996 0.0642844 0.0535485 0.0441492 0.0360199 0.0290752 0.0232159 0.0183339 0.0143175 0.011055 0.00843852 0.00636712 0.00474833 0.00349962 0.00254891 0.00183458 0.00130499 0.000917721 0.000638627 0.000440773 0.000303405 0.000210985 0.000152344 0.000120007 
0.000135104 0.000147689 0.00018712 0.000258543 0.000370925 0.000537635 0.000777224 0.00111439 0.00158107 0.0022176 0.00307387 0.0042103 0.00569869 0.00762249 0.0100767 0.013167 0.0170081 0.0217211 0.0274302 0.0342585 0.0423226 0.0517275 0.0625608 0.0748866 0.0887411 0.104127 0.121013 0.139328 0.158965 0.17978 0.201595 0.224207 0.247388 0.270893 0.294471 0.317868 0.340833 0.363129 0.384532 0.404838 0.423866 0.441459 0.457482 0.471825 0.484398 0.495133 0.503975 0.510887 0.515841 0.51882 0.519814 0.51882 0.515841 0.510887 0.503975 0.495133 0.484398 0.471825 0.457482 0.441459 0.423866 0.404838 0.384532 0.363129 0.340833 0.317868 0.294471 0.270893 0.247388 0.224207 0.201595 0.17978 0.158965 0.139328 0.121013 0.104127 0.0887411 0.0748866 0.0625608 0.0517275 0.0423226 0.0342585 0.0274302 0.0217211 0.0170081 0.013167 0.0100767 0.00762249 0.00569869 0.0042103 0.00307387 0.0022176 0.00158107 0.00111439 0.000777224 0.000537635 0.000370925 0.000258543 0.00018712 0.000147689 
0.00016477 0.000179978 0.000227598 0.000313754 0.000449102 0.000649493 0.000936868 0.00134034 0.00189742 0.0026553 0.0036721 0.00501788 0.00677544 0.00904052 0.0119214 0.0155377 0.0200181 0.0254976 0.0321126 0.0399968 0.0492745 0.0600549 0.0724255 0.0864458 0.102142 0.119502 0.138475 0.158965 0.180838 0.203921 0.228004 0.252852 0.278207 0.303799 0.329351 0.354588 0.379247 0.403078 0.425854 0.44737 0.467448 0.48594 0.502719 0.517688 0.53077 0.541908 0.551062 0.558203 0.563314 0.566385 0.567409 0.566385 0.563314 0.558203 0.551062 0.541908 0.53077 0.517688 0.502719 0.48594 0.467448 0.44737 0.425854 0.403078 0.379247 0.354588 0.329351 0.303799 0.278207 0.252852 0.228004 0.203921 0.180838 0.158965 0.138475 0.119502 0.102142 0.0864458 0.0724255 0.0600549 0.0492745 0.0399968 0.0321126 0.0254976 0.0200181 0.0155377 0.0119214 0.00904052 0.00677544 0.00501788 0.0036721 0.0026553 0.00189742 0.00134034 0.000936868 0.000649493 0.000449102 0.000313754 0.000227598 0.000179978 
0.000198998 0.0002172 0.000274163 0.000377105 0.000538573 0.000777186 0.00111865 0.00159696 0.00225579 0.00314982 0.00434614 0.00592524 0.00798172 0.0106244 0.0139754 0.018169 0.0233482 0.0296614 0.0372573 0.046279 0.0568574 0.0691037 0.0831032 0.0989075 0.11653 0.135941 0.157065 0.17978 0.203921 0.229281 0.255619 0.282667 0.310138 0.337732 0.36515 0.392103 0.418311 0.443521 0.467503 0.490057 0.511013 0.530232 0.547605 0.563047 0.576498 0.587918 0.597279 0.604568 0.609776 0.612902 0.613944 0.612902 0.609776 0.604568 0.597279 0.587918 0.576498 0.563047 0.547605 0.530232 0.511013 0.490057 0.467503 0.443521 0.418311 0.392103 0.36515 0.337732 0.310138 0.282667 0.255619 0.229281 0.203921 0.17978 0.157065 0.135941 0.11653 0.0989075 0.0831032 0.0691037 0.0568574 0.046279 0.0372573 0.0296614 0.0233482 0.018169 0.0139754 0.0106244 0.00798172 0.00592524 0.00434614 0.00314982 0.00225579 0.00159696 0.00111865 0.000777186 0.000538573 0.000377105 0.000274163 0.0002172 
0.000238022 0.000259603 0.000327101 0.000448949 0.000639779 0.000921268 0.00132325 0.00188509 0.00265712 0.0037022 0.00509701 0.00693322 0.00931795 0.0123737 0.0162371 0.0210571 0.0269914 0.0342015 0.0428475 0.0530809 0.0650372 0.078828 0.0945332 0.112194 0.131807 0.153322 0.176635 0.201595 0.228004 0.255619 0.284166 0.313343 0.342832 0.372309 0.401454 0.429963 0.457548 0.483952 0.50895 0.532348 0.553989 0.573751 0.59154 0.607292 0.620965 0.632538 0.641999 0.649349 0.654593 0.657737 0.658784 0.657737 0.654593 0.649349 0.641999 0.632538 0.620965 0.607292 0.59154 0.573751 0.553989 0.532348 0.50895 0.483952 0.457548 0.429963 0.401454 0.372309 0.342832 0.313343 0.284166 0.255619 0.228004 0.201595 0.176635 0.153322 0.131807 0.112194 0.0945332 0.078828 0.0650372 0.0530809 0.0428475 0.0342015 0.0269914 0.0210571 0.0162371 0.0123737 0.00931795 0.00693322 0.00509701 0.0037022 0.00265712 0.00188509 0.00132325 0.000921268 0.000639779 0.000448949 0.000327101 0.000259603 
0.000281981 0.000307331 0.00038657 0.000529461 0.000752918 0.00108194 0.00155088 0.00220485 0.00310142 0.00431213 0.00592396 0.00804031 0.0107814 0.014284 0.0186996 0.0241919 0.030933 0.0390971 0.0488548 0.0603645 0.0737643 0.0891637 0.106635 0.126205 0.147851 0.171497 0.197011 0.224207 0.252852 0.282667 0.313343 0.344543 0.375923 0.407133 0.437836 0.467715 0.49648 0.523874 0.549677 0.573712 0.595836 0.615945 0.633968 0.649863 0.66361 0.675206 0.684659 0.691987 0.697205 0.700328 0.701369 0.700328 0.697205 0.691987 0.684659 0.675206 0.66361 0.649863 0.633968 0.615945 0.595836 0.573712 0.549677 0.523874 0.49648 0.467715 0.437836 0.407133 0.375923 0.344543 0.313343 0.282667 0.252852 0.224207 0.197011 0.171497 0.147851 0.126205 0.106635 0.0891637 0.0737643 0.0603645 0.0488548 0.0390971 0.030933 0.0241919 0.0186996 0.014284 0.0107814 0.00804031 0.00592396 0.00431213 0.00310142 0.00220485 0.00155088 0.00108194 0.000752918 0.000529461 0.00038657 0.000307331 
0.0003309 0.000360402 0.000452572 0.000618608 0.000877893 0.00125901 0.00180113 0.00255558 0.00358757 0.00497787 0.00682425 0.00924239 0.0123661 0.0163466 0.0213505 0.0275564 0.03515 0.0443178 0.0552392 0.0680781 0.0829733 0.100029 0.119307 0.140818 0.164515 0.190295 0.217993 0.247388 0.278207 0.310138 0.342832 0.375923 0.409037 0.441805 0.473874 0.50492 0.53465 0.562815 0.589207 0.613663 0.636063 0.656325 0.674402 0.690275 0.703949 0.715443 0.724785 0.732007 0.737141 0.74021 0.741231 0.74021 0.737141 0.732007 0.724785 0.715443 0.703949 0.690275 0.674402 0.656325 0.636063 0.613663 0.589207 0.562815 0.53465 0.50492 0.473874 0.441805 0.409037 0.375923 0.342832 0.310138 0.278207 0.247388 0.217993 0.190295 0.164515 0.140818 0.119307 0.100029 0.0829733 0.0680781 0.0552392 0.0443178 0.03515 0.0275564 0.0213505 0.0163466 0.0123661 0.00924239 0.00682425 0.00497787 0.00358757 0.00255558 0.00180113 0.00125901 0.000877893 0.000618608 0.000452572 0.000360402 
0.000384666 0.00041869 0.000524929 0.000716121 0.00101428 0.00145181 0.00207301 0.00293573 0.00411326 0.00569603 0.00779301 0.0105326 0.0140624 0.0185484 0.0241722 0.0311269 0.0396114 0.0498231 0.0619493 0.0761573 0.0925841 0.111327 0.132433 0.155894 0.181637 0.209527 0.239366 0.270893 0.303799 0.337732 0.372309 0.407133 0.441805 0.475937 0.509165 0.54116 0.571635 0.600349 0.62711 0.651775 0.674249 0.694474 0.712431 0.728128 0.741593 0.752868 0.762003 0.769046 0.774041 0.777024 0.778015 0.777024 0.774041 0.769046 0.762003 0.752868 0.741593 0.728128 0.712431 0.694474 0.674249 0.651775 0.62711 0.600349 0.571635 0.54116 0.509165 0.475937 0.441805 0.407133 0.372309 0.337732 0.303799 0.270893 0.239366 0.209527 0.181637 0.155894 0.132433 0.111327 0.0925841 0.0761573 0.0619493 0.0498231 0.0396114 0.0311269 0.0241722 0.0185484 0.0140624 0.0105326 0.00779301 0.00569603 0.00411326 0.00293573 0.00207301 0.00145181 0.00101428 0.000716121 0.000524929 0.00041869 
0.000443019 0.000481905 0.000603266 0.000821466 0.00116129 0.00165918 0.00236478 0.00334281 0.00467493 0.00646155 0.00882318 0.0119011 0.015857 0.0208716 0.0271411 0.0348727 0.0442777 0.0555634 0.0689231 0.0845255 0.102504 0.122945 0.14588 0.171278 0.199038 0.228991 0.260901 0.294471 0.329351 0.36515 0.401454 0.437836 0.473874 0.509165 0.543338 0.576063 0.60706 0.636104 0.663021 0.687693 0.710049 0.730063 0.747741 0.763119 0.776252 0.787205 0.796048 0.802846 0.807657 0.810525 0.811478 0.810525 0.807657 0.802846 0.796048 0.787205 0.776252 0.763119 0.747741 0.730063 0.710049 0.687693 0.663021 0.636104 0.60706 0.576063 0.543338 0.509165 0.473874 0.437836 0.401454 0.36515 0.329351 0.294471 0.260901 0.228991 0.199038 0.171278 0.14588 0.122945 0.102504 0.0845255 0.0689231 0.0555634 0.0442777 0.0348727 0.0271411 0.0208716 0.015857 0.0119011 0.00882318 0.00646155 0.00467493 0.00334281 0.00236478 0.00165918 0.00116129 0.000821466 0.000603266 0.000481905 
0.000505536 0.000549585 0.000686997 0.000933832 0.00131778 0.00187944 0.00267405 0.00377338 0.00526772 0.00726768 0.00990548 0.0133354 0.0177332 0.0232941 0.0302285 0.0387571 0.0491026 0.0614806 0.0760889 0.0930958 0.112628 0.134761 0.159506 0.186806 0.216531 0.248476 0.282367 0.317868 0.354588 0.392103 0.429963 0.467715 0.50492 0.54116 0.576063 0.609301 0.640608 0.669773 0.696648 0.72114 0.743207 0.762851 0.780111 0.795048 0.807744 0.818288 0.826768 0.833268 0.837856 0.840587 0.841493 0.840587 0.837856 0.833268 0.826768 0.818288 0.807744 0.795048 0.780111 0.762851 0.743207 0.72114 0.696648 0.669773 0.640608 0.609301 0.576063 0.54116 0.50492 0.467715 0.429963 0.392103 0.354588 0.317868 0.282367 0.248476 0.216531 0.186806 0.159506 0.134761 0.112628 0.0930958 0.0760889 0.0614806 0.0491026 0.0387571 0.0302285 0.0232941 0.0177332 0.0133354 0.00990548 0.00726768 0.00526772 0.00377338 0.00267405 0.00187944 0.00131778 0.000933832 0.000686997 0.000549585 
0.000571626 0.000621089 0.000775318 0.00105213 0.00148218 0.00211039 0.00299768 0.00422304 0.00588551 0.00810602 0.0110285 0.0148203 0.0196709 0.0257897 0.0334009 0.0427376 0.0540328 0.0675091 0.0833672 0.101773 0.122845 0.146642 0.173157 0.202305 0.233922 0.267769 0.303532 0.340833 0.379247 0.418311 0.457548 0.49648 0.53465 0.571635 0.60706 0.640608 0.672024 0.701122 0.727776 0.751923 0.773551 0.792694 0.809417 0.823813 0.835988 0.846053 0.854115 0.860273 0.86461 0.867186 0.86804 0.867186 0.86461 0.860273 0.854115 0.846053 0.835988 0.823813 0.809417 0.792694 0.773551 0.751923 0.727776 0.701122 0.672024 0.640608 0.60706 0.571635 0.53465 0.49648 0.457548 0.418311 0.379247 0.340833 0.303532 0.267769 0.233922 0.202305 0.173157 0.146642 0.122845 0.101773 0.0833672 0.0675091 0.0540328 0.0427376 0.0334009 0.0257897 0.0196709 0.0148203 0.0110285 0.00810602 0.00588551 0.00422304 0.00299768 0.00211039 0.00148218 0.00105213 0.000775318 0.000621089 
0.000640537 0.0006956 0.000867217 0.00117499 0.0016526 0.00234934 0.00333189 0.0046865 0.00652101 0.00896663 0.012179 0.0163381 0.021647 0.0283286 0.0366204 0.0467667 0.0590097 0.0735776 0.090672 0.110455 0.133034 0.158452 0.186678 0.2176 0.251019 0.286659 0.324168 0.363129 0.403078 0.443521 0.483952 0.523874 0.562815 0.600349 0.636104 0.669773 0.701122 0.729985 0.756265 0.779929 0.800996 0.819529 0.835626 0.849404 0.860995 0.87053 0.878135 0.883924 0.887988 0.890398 0.891197 0.890398 0.887988 0.883924 0.878135 0.87053 0.860995 0.849404 0.835626 0.819529 0.800996 0.779929 0.756265 0.729985 0.701122 0.669773 0.636104 0.600349 0.562815 0.523874 0.483952 0.443521 0.403078 0.363129 0.324168 0.286659 0.251019 0.2176 0.186678 0.158452 0.133034 0.110455 0.090672 0.0735776 0.0590097 0.0467667 0.0366204 0.0283286 0.021647 0.0163381 0.012179 0.00896663 0.00652101 0.0046865 0.00333189 0.00234934 0.0016526 0.00117499 0.000867217 0.0006956 
