0.00321849 0.00325071 0.00334754 0.0035095 0.00373744 0.0040325 0.00439612 0.00482993 0.00533579 0.00591564 0.00657151 0.00730541 0.00811925 0.00901481 0.00999361 0.0110568 0.0122053 0.0134392 0.0147584 0.016162 0.0176483 0.019215 0.0208588 0.0225758 0.0243611 0.0262088 0.0281123 0.0300639 0.0320552 0.034077 0.0361192 0.0381711 0.0402214 0.0422582 0.0442693 0.0462421 0.0481638 0.0500218 0.0518033 0.0534958 0.0550874 0.0565663 0.0579217 0.0591434 0.0602221 0.0611495 0.0619184 0.0625229 0.0629581 0.0632206 0.0633083 0.0632206 0.0629581 0.0625229 0.0619184 0.0611495 0.0602221 0.0591434 0.0579217 0.0565663 0.0550874 0.0534958 0.0518033 0.0500218 0.0481638 0.0462421 0.0442693 0.0422582 0.0402214 0.0381711 0.0361192 0.034077 0.0320552 0.0300639 0.0281123 0.0262088 0.0243611 0.0225758 0.0208588 0.019215 0.0176483 0.016162 0.0147584 0.0134392 0.0122053 0.0110568 0.00999361 0.00901481 0.00811925 0.00730541 0.00657151 0.00591564 0.00533579 0.00482993 0.00439612 0.0040325 0.00373744 0.0035095 0.00334754 0.00325071 
0.00325071 0.00328322 0.00338093 0.00354437 0.00377438 0.00407212 0.00443902 0.00487674 0.00538713 0.00597215 0.00663384 0.00737422 0.00819521 0.00909859 0.0100859 0.0111583 0.0123165 0.013561 0.0148913 0.0163066 0.0178053 0.0193849 0.0210422 0.0227732 0.0245729 0.0264355 0.0283541 0.0303212 0.0323281 0.0343657 0.0364238 0.0384915 0.0405575 0.0426098 0.0446361 0.0466238 0.0485599 0.0504317 0.0522264 0.0539315 0.0555347 0.0570245 0.0583898 0.0596204 0.0607069 0.061641 0.0624155 0.0630243 0.0634626 0.063727 0.0638154 0.063727 0.0634626 0.0630243 0.0624155 0.061641 0.0607069 0.0596204 0.0583898 0.0570245 0.0555347 0.0539315 0.0522264 0.0504317 0.0485599 0.0466238 0.0446361 0.0426098 0.0405575 0.0384915 0.0364238 0.0343657 0.0323281 0.0303212 0.0283541 0.0264355 0.0245729 0.0227732 0.0210422 0.0193849 0.0178053 0.0163066 0.0148913 0.013561 0.0123165 0.0111583 0.0100859 0.00909859 0.00819521 0.00737422 0.00663384 0.00597215 0.00538713 0.00487674 0.00443902 0.00407212 0.00377438 0.00354437 0.00338093 0.00328322 
0.00334754 0.00338093 0.0034813 0.00364916 0.00388539 0.00419116 0.00456792 0.00501737 0.00554138 0.00614194 0.00682111 0.00758095 0.00842339 0.00935023 0.010363 0.0114629 0.0126506 0.0139266 0.0152903 0.0167409 0.0182767 0.0198951 0.0215929 0.0233659 0.0252089 0.027116 0.0290801 0.0310935 0.0331475 0.0352324 0.037338 0.0394532 0.0415663 0.0436652 0.0457372 0.0477694 0.0497487 0.051662 0.0534964 0.0552389 0.0568772 0.0583995 0.0597945 0.0610517 0.0621617 0.063116 0.0639072 0.064529 0.0649767 0.0652468 0.0653371 0.0652468 0.0649767 0.064529 0.0639072 0.063116 0.0621617 0.0610517 0.0597945 0.0583995 0.0568772 0.0552389 0.0534964 0.051662 0.0497487 0.0477694 0.0457372 0.0436652 0.0415663 0.0394532 0.037338 0.0352324 0.0331475 0.0310935 0.0290801 0.027116 0.0252089 0.0233659 0.0215929 0.0198951 0.0182767 0.0167409 0.0152903 0.0139266 0.0126506 0.0114629 0.010363 0.00935023 0.00842339 0.00758095 0.00682111 0.00614194 0.00554138 0.00501737 0.00456792 0.00419116 0.00388539 0.00364916 0.0034813 0.00338093 
0.0035095 0.00354437 0.00364916 0.00382442 0.00407104 0.00439022 0.00478346 0.00525249 0.00579924 0.00642575 0.00713411 0.00792643 0.00880469 0.00977069 0.010826 0.0119718 0.0132088 0.0145372 0.0159567 0.0174662 0.0190639 0.0207472 0.0225125 0.0243554 0.0262706 0.0282519 0.030292 0.0323827 0.0345149 0.0366788 0.0388637 0.0410579 0.0432496 0.045426 0.0475741 0.0496805 0.0517317 0.0537143 0.0556146 0.0574196 0.0591164 0.0606927 0.0621371 0.0634388 0.0645879 0.0655757 0.0663946 0.0670382 0.0675016 0.0677811 0.0678745 0.0677811 0.0675016 0.0670382 0.0663946 0.0655757 0.0645879 0.0634388 0.0621371 0.0606927 0.0591164 0.0574196 0.0556146 0.0537143 0.0517317 0.0496805 0.0475741 0.045426 0.0432496 0.0410579 0.0388637 0.0366788 0.0345149 0.0323827 0.030292 0.0282519 0.0262706 0.0243554 0.0225125 0.0207472 0.0190639 0.0174662 0.0159567 0.0145372 0.0132088 0.0119718 0.010826 0.00977069 0.00880469 0.00792643 0.00713411 0.00642575 0.00579924 0.00525249 0.00478346 0.00439022 0.00407104 0.00382442 0.00364916 0.00354437 
0.00373744 0.00377438 0.00388539 0.00407104 0.00433225 0.00467027 0.00508665 0.00558318 0.00616186 0.00682479 0.00757414 0.00841206 0.00934059 0.0103616 0.0114765 0.0126867 0.0139928 0.0153949 0.0168926 0.0184847 0.0201692 0.0219433 0.0238032 0.0257442 0.0277606 0.0298459 0.0319923 0.0341912 0.0364331 0.0387076 0.0410033 0.0433083 0.0456099 0.0478948 0.0501493 0.0523596 0.0545115 0.0565908 0.0585835 0.0604757 0.0622543 0.0639063 0.0654198 0.0667835 0.0679873 0.0690219 0.0698796 0.0705537 0.0710389 0.0713316 0.0714294 0.0713316 0.0710389 0.0705537 0.0698796 0.0690219 0.0679873 0.0667835 0.0654198 0.0639063 0.0622543 0.0604757 0.0585835 0.0565908 0.0545115 0.0523596 0.0501493 0.0478948 0.0456099 0.0433083 0.0410033 0.0387076 0.0364331 0.0341912 0.0319923 0.0298459 0.0277606 0.0257442 0.0238032 0.0219433 0.0201692 0.0184847 0.0168926 0.0153949 0.0139928 0.0126867 0.0114765 0.0103616 0.00934059 0.00841206 0.00757414 0.00682479 0.00616186 0.00558318 0.00508665 0.00467027 0.00433225 0.00407104 0.00388539 0.00377438 
0.0040325 0.00407212 0.00419116 0.00439022 0.00467027 0.00503261 0.00547886 0.00601089 0.00663078 0.00734071 0.00814295 0.0090397 0.0100331 0.0111249 0.0123169 0.0136101 0.0150052 0.0165023 0.0181007 0.0197992 0.0215956 0.0234866 0.0254683 0.0275355 0.0296822 0.0319013 0.0341845 0.0365226 0.0389056 0.0413222 0.0437605 0.0462078 0.0486506 0.0510749 0.0534663 0.05581 0.0580911 0.0602946 0.0624058 0.0644102 0.0662937 0.0680428 0.069645 0.0710884 0.0723622 0.073457 0.0743644 0.0750776 0.0755909 0.0759005 0.076004 0.0759005 0.0755909 0.0750776 0.0743644 0.073457 0.0723622 0.0710884 0.069645 0.0680428 0.0662937 0.0644102 0.0624058 0.0602946 0.0580911 0.05581 0.0534663 0.0510749 0.0486506 0.0462078 0.0437605 0.0413222 0.0389056 0.0365226 0.0341845 0.0319013 0.0296822 0.0275355 0.0254683 0.0234866 0.0215956 0.0197992 0.0181007 0.0165023 0.0150052 0.0136101 0.0123169 0.0111249 0.0100331 0.0090397 0.00814295 0.00734071 0.00663078 0.00601089 0.00547886 0.00503261 0.00467027 0.00439022 0.00419116 0.00407212 
0.00439612 0.00443902 0.00456792 0.00478346 0.00508665 0.00547886 0.00596179 0.00653742 0.0072079 0.00797554 0.00884269 0.00981164 0.0108846 0.0120634 0.0133497 0.0147447 0.016249 0.0178624 0.0195844 0.0214133 0.0233465 0.0253808 0.0275116 0.0297333 0.0320394 0.0344221 0.0368726 0.039381 0.0419364 0.0445267 0.0471393 0.0497604 0.0523757 0.0549703 0.0575287 0.0600352 0.062474 0.0648291 0.067085 0.069226 0.0712375 0.073105 0.0748153 0.0763558 0.0777151 0.0788832 0.0798513 0.080612 0.0811595 0.0814897 0.0816001 0.0814897 0.0811595 0.080612 0.0798513 0.0788832 0.0777151 0.0763558 0.0748153 0.073105 0.0712375 0.069226 0.067085 0.0648291 0.062474 0.0600352 0.0575287 0.0549703 0.0523757 0.0497604 0.0471393 0.0445267 0.0419364 0.039381 0.0368726 0.0344221 0.0320394 0.0297333 0.0275116 0.0253808 0.0233465 0.0214133 0.0195844 0.0178624 0.016249 0.0147447 0.0133497 0.0120634 0.0108846 0.00981164 0.00884269 0.00797554 0.0072079 0.00653742 0.00596179 0.00547886 0.00508665 0.00478346 0.00456792 0.00443902 
0.00482993 0.00487674 0.00501737 0.00525249 0.00558318 0.00601089 0.00653742 0.00716483 0.00789543 0.00873161 0.00967583 0.0107305 0.0118979 0.0131799 0.0145782 0.0160939 0.0177276 0.0194791 0.0213474 0.0233307 0.0254262 0.02763 0.0299373 0.0323419 0.0348366 0.0374129 0.0400612 0.0427709 0.0455299 0.0483256 0.0511439 0.0539703 0.0567893 0.0595847 0.0623402 0.0650388 0.0676636 0.0701975 0.0726238 0.074926 0.0770883 0.0790954 0.080933 0.0825879 0.0840479 0.0853023 0.0863418 0.0871585 0.0877463 0.0881008 0.0882193 0.0881008 0.0877463 0.0871585 0.0863418 0.0853023 0.0840479 0.0825879 0.080933 0.0790954 0.0770883 0.074926 0.0726238 0.0701975 0.0676636 0.0650388 0.0623402 0.0595847 0.0567893 0.0539703 0.0511439 0.0483256 0.0455299 0.0427709 0.0400612 0.0374129 0.0348366 0.0323419 0.0299373 0.02763 0.0254262 0.0233307 0.0213474 0.0194791 0.0177276 0.0160939 0.0145782 0.0131799 0.0118979 0.0107305 0.00967583 0.00873161 0.00789543 0.00716483 0.00653742 0.00601089 0.00558318 0.00525249 0.00501737 0.00487674 
0.00533579 0.00538713 0.00554138 0.00579924 0.00616186 0.00663078 0.0072079 0.00789543 0.00869576 0.00961146 0.0106451 0.0117992 0.013076 0.0144776 0.0160057 0.0176613 0.0194448 0.021356 0.0233937 0.0255556 0.0278387 0.0302387 0.0327499 0.0353658 0.0380783 0.0408781 0.0437548 0.0466966 0.0496907 0.052723 0.0557786 0.0588415 0.0618951 0.064922 0.0679043 0.0708241 0.0736629 0.0764025 0.0790249 0.0815124 0.083848 0.0860155 0.0879995 0.0897858 0.0913615 0.0927151 0.0938366 0.0947177 0.0953518 0.0957341 0.0958619 0.0957341 0.0953518 0.0947177 0.0938366 0.0927151 0.0913615 0.0897858 0.0879995 0.0860155 0.083848 0.0815124 0.0790249 0.0764025 0.0736629 0.0708241 0.0679043 0.064922 0.0618951 0.0588415 0.0557786 0.052723 0.0496907 0.0466966 0.0437548 0.0408781 0.0380783 0.0353658 0.0327499 0.0302387 0.0278387 0.0255556 0.0233937 0.021356 0.0194448 0.0176613 0.0160057 0.0144776 0.013076 0.0117992 0.0106451 0.00961146 0.00869576 0.00789543 0.0072079 0.00663078 0.00616186 0.00579924 0.00554138 0.00538713 
0.00591564 0.00597215 0.00614194 0.00642575 0.00682479 0.00734071 0.00797554 0.00873161 0.00961146 0.0106178 0.0117533 0.0130206 0.0144221 0.0159599 0.0176357 0.0194504 0.0214044 0.0234972 0.0257273 0.0280923 0.0305885 0.0332111 0.0359538 0.0388094 0.0417688 0.0448221 0.0479576 0.0511624 0.0544226 0.0577229 0.061047 0.0643775 0.0676964 0.0709849 0.0742237 0.0773932 0.0804738 0.0834456 0.0862894 0.0889861 0.0915173 0.0938658 0.0960149 0.0979494 0.0996555 0.101121 0.102335 0.103288 0.103975 0.104389 0.104527 0.104389 0.103975 0.103288 0.102335 0.101121 0.0996555 0.0979494 0.0960149 0.0938658 0.0915173 0.0889861 0.0862894 0.0834456 0.0804738 0.0773932 0.0742237 0.0709849 0.0676964 0.0643775 0.061047 0.0577229 0.0544226 0.0511624 0.0479576 0.0448221 0.0417688 0.0388094 0.0359538 0.0332111 0.0305885 0.0280923 0.0257273 0.0234972 0.0214044 0.0194504 0.0176357 0.0159599 0.0144221 0.0130206 0.0117533 0.0106178 0.00961146 0.00873161 0.00797554 0.00734071 0.00682479 0.00642575 0.00614194 0.00597215 
0.00657151 0.00663384 0.00682111 0.00713411 0.00757414 0.00814295 0.00884269 0.00967583 0.0106451 0.0117533 0.0130033 0.0143978 0.0159393 0.01763 0.0194715 0.0214648 0.02361 0.0259064 0.0283522 0.0309446 0.0336795 0.0365512 0.039553 0.0426766 0.0459123 0.0492487 0.0526732 0.0561718 0.0597291 0.0633283 0.0669518 0.0705806 0.0741952 0.0777751 0.0812995 0.0847472 0.0880967 0.091327 0.0944169 0.0973462 0.100095 0.102644 0.104977 0.107076 0.108927 0.110517 0.111833 0.112868 0.113612 0.11406 0.11421 0.11406 0.113612 0.112868 0.111833 0.110517 0.108927 0.107076 0.104977 0.102644 0.100095 0.0973462 0.0944169 0.091327 0.0880967 0.0847472 0.0812995 0.0777751 0.0741952 0.0705806 0.0669518 0.0633283 0.0597291 0.0561718 0.0526732 0.0492487 0.0459123 0.0426766 0.039553 0.0365512 0.0336795 0.0309446 0.0283522 0.0259064 0.02361 0.0214648 0.0194715 0.01763 0.0159393 0.0143978 0.0130033 0.0117533 0.0106451 0.00967583 0.00884269 0.00814295 0.00757414 0.00713411 0.00682111 0.00663384 
0.00730541 0.00737422 0.00758095 0.00792643 0.00841206 0.0090397 0.00981164 0.0107305 0.0117992 0.0130206 0.0143978 0.0159336 0.0176306 0.0194911 0.0215165 0.0237078 0.026065 0.028587 0.0312719 0.0341161 0.0371151 0.0402626 0.0435509 0.0469708 0.0505115 0.0541607 0.0579044 0.0617271 0.065612 0.0695408 0.0734942 0.0774517 0.0813919 0.0852926 0.0891312 0.0928847 0.0965301 0.100044 0.103405 0.106589 0.109577 0.112347 0.114881 0.117161 0.119171 0.120897 0.122326 0.123448 0.124256 0.124743 0.124906 0.124743 0.124256 0.123448 0.122326 0.120897 0.119171 0.117161 0.114881 0.112347 0.109577 0.106589 0.103405 0.100044 0.0965301 0.0928847 0.0891312 0.0852926 0.0813919 0.0774517 0.0734942 0.0695408 0.065612 0.0617271 0.0579044 0.0541607 0.0505115 0.0469708 0.0435509 0.0402626 0.0371151 0.0341161 0.0312719 0.028587 0.026065 0.0237078 0.0215165 0.0194911 0.0176306 0.0159336 0.0143978 0.0130206 0.0117992 0.0107305 0.00981164 0.0090397 0.00841206 0.00792643 0.00758095 0.00737422 
0.00811925 0.00819521 0.00842339 0.00880469 0.00934059 0.0100331 0.0108846 0.0118979 0.013076 0.0144221 0.0159393 0.0176306 0.0194987 0.0215458 0.0237734 0.0261823 0.0287722 0.031542 0.0344891 0.0376096 0.040898 0.0443476 0.0479497 0.051694 0.0555686 0.0595598 0.0636522 0.0678291 0.0720717 0.0763604 0.0806738 0.0849896 0.0892847 0.0935349 0.0977157 0.101802 0.10577 0.109593 0.113247 0.11671 0.119957 0.122967 0.12572 0.128196 0.130378 0.132252 0.133803 0.135021 0.135898 0.136426 0.136603 0.136426 0.135898 0.135021 0.133803 0.132252 0.130378 0.128196 0.12572 0.122967 0.119957 0.11671 0.113247 0.109593 0.10577 0.101802 0.0977157 0.0935349 0.0892847 0.0849896 0.0806738 0.0763604 0.0720717 0.0678291 0.0636522 0.0595598 0.0555686 0.051694 0.0479497 0.0443476 0.040898 0.0376096 0.0344891 0.031542 0.0287722 0.0261823 0.0237734 0.0215458 0.0194987 0.0176306 0.0159393 0.0144221 0.013076 0.0118979 0.0108846 0.0100331 0.00934059 0.00880469 0.00842339 0.00819521 
0.00901481 0.00909859 0.00935023 0.00977069 0.0103616 0.0111249 0.0120634 0.0131799 0.0144776 0.0159599 0.01763 0.0194911 0.0215458 0.0237964 0.0262444 0.0288903 0.0317339 0.0347734 0.0380058 0.0414267 0.0450299 0.0488077 0.0527505 0.0568469 0.0610836 0.0654457 0.0699162 0.0744766 0.0791066 0.0837846 0.0884873 0.0931906 0.0978692 0.102497 0.107047 0.111493 0.115808 0.119964 0.123936 0.127697 0.131224 0.134492 0.13748 0.140167 0.142536 0.144568 0.146251 0.147572 0.148523 0.149096 0.149287 0.149096 0.148523 0.147572 0.146251 0.144568 0.142536 0.140167 0.13748 0.134492 0.131224 0.127697 0.123936 0.119964 0.115808 0.111493 0.107047 0.102497 0.0978692 0.0931906 0.0884873 0.0837846 0.0791066 0.0744766 0.0699162 0.0654457 0.0610836 0.0568469 0.0527505 0.0488077 0.0450299 0.0414267 0.0380058 0.0347734 0.0317339 0.0288903 0.0262444 0.0237964 0.0215458 0.0194911 0.01763 0.0159599 0.0144776 0.0131799 0.0120634 0.0111249 0.0103616 0.00977069 0.00935023 0.00909859 
0.00999361 0.0100859 0.010363 0.010826 0.0114765 0.0123169 0.0133497 0.0145782 0.0160057 0.0176357 0.0194715 0.0215165 0.0237734 0.0262444 0.0289309 0.0318333 0.0349511 0.038282 0.0418227 0.0455679 0.0495108 0.0536426 0.0579527 0.0624284 0.0670551 0.0718163 0.0766935 0.0816662 0.0867124 0.0918084 0.0969291 0.102048 0.107138 0.11217 0.117116 0.121947 0.126633 0.131145 0.135456 0.139537 0.143363 0.146907 0.150146 0.153059 0.155625 0.157828 0.159651 0.161082 0.162112 0.162732 0.16294 0.162732 0.162112 0.161082 0.159651 0.157828 0.155625 0.153059 0.150146 0.146907 0.143363 0.139537 0.135456 0.131145 0.126633 0.121947 0.117116 0.11217 0.107138 0.102048 0.0969291 0.0918084 0.0867124 0.0816662 0.0766935 0.0718163 0.0670551 0.0624284 0.0579527 0.0536426 0.0495108 0.0455679 0.0418227 0.038282 0.0349511 0.0318333 0.0289309 0.0262444 0.0237734 0.0215165 0.0194715 0.0176357 0.0160057 0.0145782 0.0133497 0.0123169 0.0114765 0.010826 0.010363 0.0100859 
0.0110568 0.0111583 0.0114629 0.0119718 0.0126867 0.0136101 0.0147447 0.0160939 0.0176613 0.0194504 0.0214648 0.0237078 0.0261823 0.0288903 0.0318333 0.0350115 0.0384238 0.0420677 0.0459391 0.0500322 0.0543392 0.0588503 0.0635537 0.0684353 0.0734792 0.078667 0.0839786 0.0893916 0.0948819 0.100424 0.10599 0.111552 0.117079 0.122542 0.127909 0.133149 0.13823 0.143121 0.147791 0.152212 0.156354 0.160191 0.163697 0.166849 0.169625 0.172007 0.173978 0.175526 0.176639 0.17731 0.177535 0.17731 0.176639 0.175526 0.173978 0.172007 0.169625 0.166849 0.163697 0.160191 0.156354 0.152212 0.147791 0.143121 0.13823 0.133149 0.127909 0.122542 0.117079 0.111552 0.10599 0.100424 0.0948819 0.0893916 0.0839786 0.078667 0.0734792 0.0684353 0.0635537 0.0588503 0.0543392 0.0500322 0.0459391 0.0420677 0.0384238 0.0350115 0.0318333 0.0288903 0.0261823 0.0237078 0.0214648 0.0194504 0.0176613 0.0160939 0.0147447 0.0136101 0.0126867 0.0119718 0.0114629 0.0111583 
0.0122053 0.0123165 0.0126506 0.0132088 0.0139928 0.0150052 0.016249 0.0177276 0.0194448 0.0214044 0.02361 0.026065 0.0287722 0.0317339 0.0349511 0.0384238 0.0421506 0.0461285 0.0503528 0.0548167 0.0595117 0.0644267 0.0695486 0.074862 0.0803493 0.0859904 0.0917631 0.0976433 0.103605 0.109619 0.115657 0.121687 0.127678 0.133596 0.139408 0.14508 0.150578 0.155868 0.160919 0.165697 0.170173 0.174318 0.178105 0.181508 0.184505 0.187076 0.189204 0.190874 0.192076 0.1928 0.193041 0.1928 0.192076 0.190874 0.189204 0.187076 0.184505 0.181508 0.178105 0.174318 0.170173 0.165697 0.160919 0.155868 0.150578 0.14508 0.139408 0.133596 0.127678 0.121687 0.115657 0.109619 0.103605 0.0976433 0.0917631 0.0859904 0.0803493 0.074862 0.0695486 0.0644267 0.0595117 0.0548167 0.0503528 0.0461285 0.0421506 0.0384238 0.0349511 0.0317339 0.0287722 0.026065 0.02361 0.0214044 0.0194448 0.0177276 0.016249 0.0150052 0.0139928 0.0132088 0.0126506 0.0123165 
0.0134392 0.013561 0.0139266 0.0145372 0.0153949 0.0165023 0.0178624 0.0194791 0.021356 0.0234972 0.0259064 0.028587 0.031542 0.0347734 0.038282 0.0420677 0.0461285 0.0504609 0.0550595 0.0599166 0.0650226 0.0703653 0.0759301 0.0817002 0.0876561 0.0937759 0.100035 0.106408 0.112866 0.119379 0.125913 0.132437 0.138915 0.145312 0.151591 0.157716 0.163651 0.169361 0.174809 0.179963 0.184789 0.189256 0.193337 0.197003 0.200231 0.203 0.205292 0.20709 0.208383 0.209162 0.209423 0.209162 0.208383 0.20709 0.205292 0.203 0.200231 0.197003 0.193337 0.189256 0.184789 0.179963 0.174809 0.169361 0.163651 0.157716 0.151591 0.145312 0.138915 0.132437 0.125913 0.119379 0.112866 0.106408 0.100035 0.0937759 0.0876561 0.0817002 0.0759301 0.0703653 0.0650226 0.0599166 0.0550595 0.0504609 0.0461285 0.0420677 0.038282 0.0347734 0.031542 0.028587 0.0259064 0.0234972 0.021356 0.0194791 0.0178624 0.0165023 0.0153949 0.0145372 0.0139266 0.013561 
0.0147584 0.0148913 0.0152903 0.0159567 0.0168926 0.0181007 0.0195844 0.0213474 0.0233937 0.0257273 0.0283522 0.0312719 0.0344891 0.0380058 0.0418227 0.0459391 0.0503528 0.0550595 0.060053 0.0653248 0.0708639 0.076657 0.0826881 0.0889385 0.0953869 0.10201 0.10878 0.11567 0.122649 0.129683 0.136738 0.143778 0.150765 0.157662 0.164429 0.171028 0.17742 0.183566 0.18943 0.194974 0.200164 0.204968 0.209354 0.213294 0.216762 0.219737 0.222198 0.224129 0.225518 0.226355 0.226635 0.226355 0.225518 0.224129 0.222198 0.219737 0.216762 0.213294 0.209354 0.204968 0.200164 0.194974 0.18943 0.183566 0.17742 0.171028 0.164429 0.157662 0.150765 0.143778 0.136738 0.129683 0.122649 0.11567 0.10878 0.10201 0.0953869 0.0889385 0.0826881 0.076657 0.0708639 0.0653248 0.060053 0.0550595 0.0503528 0.0459391 0.0418227 0.0380058 0.0344891 0.0312719 0.0283522 0.0257273 0.0233937 0.0213474 0.0195844 0.0181007 0.0168926 0.0159567 0.0152903 0.0148913 
0.016162 0.0163066 0.0167409 0.0174662 0.0184847 0.0197992 0.0214133 0.0233307 0.0255556 0.0280923 0.0309446 0.0341161 0.0376096 0.0414267 0.0455679 0.0500322 0.0548167 0.0599166 0.0653248 0.0710316 0.0770249 0.08329 0.0898093 0.0965624 0.103526 0.110674 0.117979 0.125409 0.13293 0.140508 0.148105 0.155682 0.1632 0.170616 0.177891 0.184982 0.191847 0.198447 0.20474 0.210689 0.216257 0.221408 0.22611 0.230333 0.23405 0.237238 0.239874 0.241943 0.24343 0.244327 0.244626 0.244327 0.24343 0.241943 0.239874 0.237238 0.23405 0.230333 0.22611 0.221408 0.216257 0.210689 0.20474 0.198447 0.191847 0.184982 0.177891 0.170616 0.1632 0.155682 0.148105 0.140508 0.13293 0.125409 0.117979 0.110674 0.103526 0.0965624 0.0898093 0.08329 0.0770249 0.0710316 0.0653248 0.0599166 0.0548167 0.0500322 0.0455679 0.0414267 0.0376096 0.0341161 0.0309446 0.0280923 0.0255556 0.0233307 0.0214133 0.0197992 0.0184847 0.0174662 0.0167409 0.0163066 
0.0176483 0.0178053 0.0182767 0.0190639 0.0201692 0.0215956 0.0233465 0.0254262 0.0278387 0.0305885 0.0336795 0.0371151 0.040898 0.0450299 0.0495108 0.0543392 0.0595117 0.0650226 0.0708639 0.0770249 0.0834922 0.0902495 0.0972775 0.104554 0.112054 0.119749 0.127608 0.135598 0.143683 0.151825 0.159984 0.168117 0.176183 0.184138 0.191937 0.199535 0.20689 0.213957 0.220694 0.22706 0.233016 0.238525 0.243553 0.248068 0.252041 0.255447 0.258264 0.260474 0.262062 0.26302 0.26334 0.26302 0.262062 0.260474 0.258264 0.255447 0.252041 0.248068 0.243553 0.238525 0.233016 0.22706 0.220694 0.213957 0.20689 0.199535 0.191937 0.184138 0.176183 0.168117 0.159984 0.151825 0.143683 0.135598 0.127608 0.119749 0.112054 0.104554 0.0972775 0.0902495 0.0834922 0.0770249 0.0708639 0.0650226 0.0595117 0.0543392 0.0495108 0.0450299 0.040898 0.0371151 0.0336795 0.0305885 0.0278387 0.0254262 0.0233465 0.0215956 0.0201692 0.0190639 0.0182767 0.0178053 
0.019215 0.0193849 0.0198951 0.0207472 0.0219433 0.0234866 0.0253808 0.02763 0.0302387 0.0332111 0.0365512 0.0402626 0.0443476 0.0488077 0.0536426 0.0588503 0.0644267 0.0703653 0.076657 0.08329 0.0902495 0.0975176 0.105073 0.112892 0.120947 0.129208 0.137641 0.14621 0.154877 0.163601 0.172339 0.181046 0.189677 0.198185 0.206523 0.214644 0.222501 0.230048 0.23724 0.244033 0.250388 0.256264 0.261625 0.266438 0.270672 0.274302 0.277303 0.279657 0.28135 0.28237 0.28271 0.28237 0.28135 0.279657 0.277303 0.274302 0.270672 0.266438 0.261625 0.256264 0.250388 0.244033 0.23724 0.230048 0.222501 0.214644 0.206523 0.198185 0.189677 0.181046 0.172339 0.163601 0.154877 0.14621 0.137641 0.129208 0.120947 0.112892 0.105073 0.0975176 0.0902495 0.08329 0.076657 0.0703653 0.0644267 0.0588503 0.0536426 0.0488077 0.0443476 0.0402626 0.0365512 0.0332111 0.0302387 0.02763 0.0253808 0.0234866 0.0219433 0.0207472 0.0198951 0.0193849 
0.0208588 0.0210422 0.0215929 0.0225125 0.0238032 0.0254683 0.0275116 0.0299373 0.0327499 0.0359538 0.039553 0.0435509 0.0479497 0.0527505 0.0579527 0.0635537 0.0695486 0.0759301 0.0826881 0.0898093 0.0972775 0.105073 0.113173 0.121552 0.130179 0.139023 0.148046 0.157211 0.166477 0.175798 0.18513 0.194425 0.203635 0.21271 0.2216 0.230255 0.238625 0.246662 0.254319 0.261549 0.26831 0.274559 0.28026 0.285376 0.289877 0.293734 0.296923 0.299424 0.301222 0.302306 0.302668 0.302306 0.301222 0.299424 0.296923 0.293734 0.289877 0.285376 0.28026 0.274559 0.26831 0.261549 0.254319 0.246662 0.238625 0.230255 0.2216 0.21271 0.203635 0.194425 0.18513 0.175798 0.166477 0.157211 0.148046 0.139023 0.130179 0.121552 0.113173 0.105073 0.0972775 0.0898093 0.0826881 0.0759301 0.0695486 0.0635537 0.0579527 0.0527505 0.0479497 0.0435509 0.039553 0.0359538 0.0327499 0.0299373 0.0275116 0.0254683 0.0238032 0.0225125 0.0215929 0.0210422 
0.0225758 0.0227732 0.0233659 0.0243554 0.0257442 0.0275355 0.0297333 0.0323419 0.0353658 0.0388094 0.0426766 0.0469708 0.051694 0.0568469 0.0624284 0.0684353 0.074862 0.0817002 0.0889385 0.0965624 0.104554 0.112892 0.121552 0.130505 0.13972 0.149161 0.158789 0.168564 0.178441 0.188373 0.198313 0.208208 0.218008 0.227661 0.237113 0.246311 0.255204 0.263739 0.271867 0.279541 0.286713 0.293342 0.299387 0.304811 0.309581 0.313669 0.317048 0.319698 0.321602 0.32275 0.323133 0.32275 0.321602 0.319698 0.317048 0.313669 0.309581 0.304811 0.299387 0.293342 0.286713 0.279541 0.271867 0.263739 0.255204 0.246311 0.237113 0.227661 0.218008 0.208208 0.198313 0.188373 0.178441 0.168564 0.158789 0.149161 0.13972 0.130505 0.121552 0.112892 0.104554 0.0965624 0.0889385 0.0817002 0.074862 0.0684353 0.0624284 0.0568469 0.051694 0.0469708 0.0426766 0.0388094 0.0353658 0.0323419 0.0297333 0.0275355 0.0257442 0.0243554 0.0233659 0.0227732 
0.0243611 0.0245729 0.0252089 0.0262706 0.0277606 0.0296822 0.0320394 0.0348366 0.0380783 0.0417688 0.0459123 0.0505115 0.0555686 0.0610836 0.0670551 0.0734792 0.0803493 0.0876561 0.0953869 0.103526 0.112054 0.120947 0.130179 0.13972 0.149534 0.159584 0.16983 0.180226 0.190726 0.20128 0.211837 0.222342 0.232742 0.24298 0.253002 0.26275 0.272171 0.281211 0.289816 0.297937 0.305526 0.312537 0.318929 0.324664 0.329706 0.334025 0.337595 0.340395 0.342407 0.343619 0.344024 0.343619 0.342407 0.340395 0.337595 0.334025 0.329706 0.324664 0.318929 0.312537 0.305526 0.297937 0.289816 0.281211 0.272171 0.26275 0.253002 0.24298 0.232742 0.222342 0.211837 0.20128 0.190726 0.180226 0.16983 0.159584 0.149534 0.13972 0.130179 0.120947 0.112054 0.103526 0.0953869 0.0876561 0.0803493 0.0734792 0.0670551 0.0610836 0.0555686 0.0505115 0.0459123 0.0417688 0.0380783 0.0348366 0.0320394 0.0296822 0.0277606 0.0262706 0.0252089 0.0245729 
0.0262088 0.0264355 0.027116 0.0282519 0.0298459 0.0319013 0.0344221 0.0374129 0.0408781 0.0448221 0.0492487 0.0541607 0.0595598 0.0654457 0.0718163 0.078667 0.0859904 0.0937759 0.10201 0.110674 0.119749 0.129208 0.139023 0.149161 0.159584 0.170254 0.181126 0.192152 0.203284 0.214467 0.225648 0.23677 0.247776 0.258606 0.269202 0.279505 0.289459 0.299006 0.308091 0.316662 0.324669 0.332064 0.338805 0.34485 0.350165 0.354717 0.358479 0.361429 0.363548 0.364825 0.365252 0.364825 0.363548 0.361429 0.358479 0.354717 0.350165 0.34485 0.338805 0.332064 0.324669 0.316662 0.308091 0.299006 0.289459 0.279505 0.269202 0.258606 0.247776 0.23677 0.225648 0.214467 0.203284 0.192152 0.181126 0.170254 0.159584 0.149161 0.139023 0.129208 0.119749 0.110674 0.10201 0.0937759 0.0859904 0.078667 0.0718163 0.0654457 0.0595598 0.0541607 0.0492487 0.0448221 0.0408781 0.0374129 0.0344221 0.0319013 0.0298459 0.0282519 0.027116 0.0264355 
0.0281123 0.0283541 0.0290801 0.030292 0.0319923 0.0341845 0.0368726 0.0400612 0.0437548 0.0479576 0.0526732 0.0579044 0.0636522 0.0699162 0.0766935 0.0839786 0.0917631 0.100035 0.10878 0.117979 0.127608 0.137641 0.148046 0.158789 0.16983 0.181126 0.19263 0.204293 0.216061 0.227879 0.239689 0.251432 0.263046 0.274471 0.285644 0.296504 0.306992 0.317047 0.326613 0.335634 0.344059 0.351838 0.358927 0.365283 0.37087 0.375654 0.379607 0.382706 0.384933 0.386274 0.386722 0.386274 0.384933 0.382706 0.379607 0.375654 0.37087 0.365283 0.358927 0.351838 0.344059 0.335634 0.326613 0.317047 0.306992 0.296504 0.285644 0.274471 0.263046 0.251432 0.239689 0.227879 0.216061 0.204293 0.19263 0.181126 0.16983 0.158789 0.148046 0.137641 0.127608 0.117979 0.10878 0.100035 0.0917631 0.0839786 0.0766935 0.0699162 0.0636522 0.0579044 0.0526732 0.0479576 0.0437548 0.0400612 0.0368726 0.0341845 0.0319923 0.030292 0.0290801 0.0283541 
0.0300639 0.0303212 0.0310935 0.0323827 0.0341912 0.0365226 0.039381 0.0427709 0.0466966 0.0511624 0.0561718 0.0617271 0.0678291 0.0744766 0.0816662 0.0893916 0.0976433 0.106408 0.11567 0.125409 0.135598 0.14621 0.157211 0.168564 0.180226 0.192152 0.204293 0.216595 0.229003 0.241458 0.253898 0.266263 0.278486 0.290505 0.302255 0.313672 0.324692 0.335254 0.345298 0.354768 0.363609 0.37177 0.379205 0.385869 0.391726 0.39674 0.400883 0.404131 0.406464 0.40787 0.408339 0.40787 0.406464 0.404131 0.400883 0.39674 0.391726 0.385869 0.379205 0.37177 0.363609 0.354768 0.345298 0.335254 0.324692 0.313672 0.302255 0.290505 0.278486 0.266263 0.253898 0.241458 0.229003 0.216595 0.204293 0.192152 0.180226 0.168564 0.157211 0.14621 0.135598 0.125409 0.11567 0.106408 0.0976433 0.0893916 0.0816662 0.0744766 0.0678291 0.0617271 0.0561718 0.0511624 0.0466966 0.0427709 0.039381 0.0365226 0.0341912 0.0323827 0.0310935 0.0303212 
0.0320552 0.0323281 0.0331475 0.0345149 0.0364331 0.0389056 0.0419364 0.0455299 0.0496907 0.0544226 0.0597291 0.065612 0.0720717 0.0791066 0.0867124 0.0948819 0.103605 0.112866 0.122649 0.13293 0.143683 0.154877 0.166477 0.178441 0.190726 0.203284 0.216061 0.229003 0.24205 0.25514 0.26821 0.281194 0.294025 0.306636 0.318959 0.330928 0.342477 0.353542 0.364061 0.373975 0.383228 0.391767 0.399544 0.406514 0.412638 0.417879 0.42221 0.425604 0.428042 0.429511 0.430001 0.429511 0.428042 0.425604 0.42221 0.417879 0.412638 0.406514 0.399544 0.391767 0.383228 0.373975 0.364061 0.353542 0.342477 0.330928 0.318959 0.306636 0.294025 0.281194 0.26821 0.25514 0.24205 0.229003 0.216061 0.203284 0.190726 0.178441 0.166477 0.154877 0.143683 0.13293 0.122649 0.112866 0.103605 0.0948819 0.0867124 0.0791066 0.0720717 0.065612 0.0597291 0.0544226 0.0496907 0.0455299 0.0419364 0.0389056 0.0364331 0.0345149 0.0331475 0.0323281 
0.034077 0.0343657 0.0352324 0.0366788 0.0387076 0.0413222 0.0445267 0.0483256 0.052723 0.0577229 0.0633283 0.0695408 0.0763604 0.0837846 0.0918084 0.100424 0.109619 0.119379 0.129683 0.140508 0.151825 0.163601 0.175798 0.188373 0.20128 0.214467 0.227879 0.241458 0.25514 0.268862 0.282557 0.296156 0.309589 0.322786 0.335677 0.348192 0.360264 0.371826 0.382813 0.393165 0.402824 0.411735 0.419849 0.427119 0.433505 0.438971 0.443485 0.447023 0.449564 0.451095 0.451606 0.451095 0.449564 0.447023 0.443485 0.438971 0.433505 0.427119 0.419849 0.411735 0.402824 0.393165 0.382813 0.371826 0.360264 0.348192 0.335677 0.322786 0.309589 0.296156 0.282557 0.268862 0.25514 0.241458 0.227879 0.214467 0.20128 0.188373 0.175798 0.163601 0.151825 0.140508 0.129683 0.119379 0.109619 0.100424 0.0918084 0.0837846 0.0763604 0.0695408 0.0633283 0.0577229 0.052723 0.0483256 0.0445267 0.0413222 0.0387076 0.0366788 0.0352324 0.0343657 
0.0361192 0.0364238 0.037338 0.0388637 0.0410033 0.0437605 0.0471393 0.0511439 0.0557786 0.061047 0.0669518 0.0734942 0.0806738 0.0884873 0.0969291 0.10599 0.115657 0.125913 0.136738 0.148105 0.159984 0.172339 0.18513 0.198313 0.211837 0.225648 0.239689 0.253898 0.26821 0.282557 0.296869 0.311075 0.325102 0.338877 0.352327 0.36538 0.377966 0.390015 0.401463 0.412245 0.422302 0.431578 0.440021 0.447585 0.454228 0.459912 0.464606 0.468285 0.470927 0.472518 0.47305 0.472518 0.470927 0.468285 0.464606 0.459912 0.454228 0.447585 0.440021 0.431578 0.422302 0.412245 0.401463 0.390015 0.377966 0.36538 0.352327 0.338877 0.325102 0.311075 0.296869 0.282557 0.26821 0.253898 0.239689 0.225648 0.211837 0.198313 0.18513 0.172339 0.159984 0.148105 0.136738 0.125913 0.115657 0.10599 0.0969291 0.0884873 0.0806738 0.0734942 0.0669518 0.061047 0.0557786 0.0511439 0.0471393 0.0437605 0.0410033 0.0388637 0.037338 0.0364238 
0.0381711 0.0384915 0.0394532 0.0410579 0.0433083 0.0462078 0.0497604 0.0539703 0.0588415 0.0643775 0.0705806 0.0774517 0.0849896 0.0931906 0.102048 0.111552 0.121687 0.132437 0.143778 0.155682 0.168117 0.181046 0.194425 0.208208 0.222342 0.23677 0.251432 0.266263 0.281194 0.296156 0.311075 0.325877 0.340487 0.354829 0.368826 0.382406 0.395495 0.408022 0.419918 0.43112 0.441565 0.451197 0.459962 0.467812 0.474704 0.480602 0.485471 0.489286 0.492026 0.493676 0.494227 0.493676 0.492026 0.489286 0.485471 0.480602 0.474704 0.467812 0.459962 0.451197 0.441565 0.43112 0.419918 0.408022 0.395495 0.382406 0.368826 0.354829 0.340487 0.325877 0.311075 0.296156 0.281194 0.266263 0.251432 0.23677 0.222342 0.208208 0.194425 0.181046 0.168117 0.155682 0.143778 0.132437 0.121687 0.111552 0.102048 0.0931906 0.0849896 0.0774517 0.0705806 0.0643775 0.0588415 0.0539703 0.0497604 0.0462078 0.0433083 0.0410579 0.0394532 0.0384915 
0.0402214 0.0405575 0.0415663 0.0432496 0.0456099 0.0486506 0.0523757 0.0567893 0.0618951 0.0676964 0.0741952 0.0813919 0.0892847 0.0978692 0.107138 0.117079 0.127678 0.138915 0.150765 0.1632 0.176183 0.189677 0.203635 0.218008 0.232742 0.247776 0.263046 0.278486 0.294025 0.309589 0.325102 0.340487 0.355666 0.37056 0.385093 0.399185 0.412764 0.425755 0.438088 0.449697 0.460519 0.470496 0.479572 0.487699 0.494834 0.500937 0.505976 0.509923 0.512758 0.514465 0.515035 0.514465 0.512758 0.509923 0.505976 0.500937 0.494834 0.487699 0.479572 0.470496 0.460519 0.449697 0.438088 0.425755 0.412764 0.399185 0.385093 0.37056 0.355666 0.340487 0.325102 0.309589 0.294025 0.278486 0.263046 0.247776 0.232742 0.218008 0.203635 0.189677 0.176183 0.1632 0.150765 0.138915 0.127678 0.117079 0.107138 0.0978692 0.0892847 0.0813919 0.0741952 0.0676964 0.0618951 0.0567893 0.0523757 0.0486506 0.0456099 0.0432496 0.0415663 0.0405575 
0.0422582 0.0426098 0.0436652 0.045426 0.0478948 0.0510749 0.0549703 0.0595847 0.064922 0.0709849 0.0777751 0.0852926 0.0935349 0.102497 0.11217 0.122542 0.133596 0.145312 0.157662 0.170616 0.184138 0.198185 0.21271 0.227661 0.24298 0.258606 0.274471 0.290505 0.306636 0.322786 0.338877 0.354829 0.37056 0.385992 0.401042 0.415632 0.429684 0.443124 0.455879 0.467882 0.479068 0.489377 0.498754 0.507148 0.514516 0.520817 0.526019 0.530094 0.533019 0.534781 0.535369 0.534781 0.533019 0.530094 0.526019 0.520817 0.514516 0.507148 0.498754 0.489377 0.479068 0.467882 0.455879 0.443124 0.429684 0.415632 0.401042 0.385992 0.37056 0.354829 0.338877 0.322786 0.306636 0.290505 0.274471 0.258606 0.24298 0.227661 0.21271 0.198185 0.184138 0.170616 0.157662 0.145312 0.133596 0.122542 0.11217 0.102497 0.0935349 0.0852926 0.0777751 0.0709849 0.064922 0.0595847 0.0549703 0.0510749 0.0478948 0.045426 0.0436652 0.0426098 
0.0442693 0.0446361 0.0457372 0.0475741 0.0501493 0.0534663 0.0575287 0.0623402 0.0679043 0.0742237 0.0812995 0.0891312 0.0977157 0.107047 0.117116 0.127909 0.139408 0.151591 0.164429 0.177891 0.191937 0.206523 0.2216 0.237113 0.253002 0.269202 0.285644 0.302255 0.318959 0.335677 0.352327 0.368826 0.385093 0.401042 0.416592 0.43166 0.446169 0.460041 0.473202 0.485583 0.497119 0.507747 0.517411 0.526062 0.533653 0.540144 0.545501 0.549697 0.55271 0.554524 0.55513 0.554524 0.55271 0.549697 0.545501 0.540144 0.533653 0.526062 0.517411 0.507747 0.497119 0.485583 0.473202 0.460041 0.446169 0.43166 0.416592 0.401042 0.385093 0.368826 0.352327 0.335677 0.318959 0.302255 0.285644 0.269202 0.253002 0.237113 0.2216 0.206523 0.191937 0.177891 0.164429 0.151591 0.139408 0.127909 0.117116 0.107047 0.0977157 0.0891312 0.0812995 0.0742237 0.0679043 0.0623402 0.0575287 0.0534663 0.0501493 0.0475741 0.0457372 0.0446361 
0.0462421 0.0466238 0.0477694 0.0496805 0.0523596 0.05581 0.0600352 0.0650388 0.0708241 0.0773932 0.0847472 0.0928847 0.101802 0.111493 0.121947 0.133149 0.14508 0.157716 0.171028 0.184982 0.199535 0.214644 0.230255 0.246311 0.26275 0.279505 0.296504 0.313672 0.330928 0.348192 0.36538 0.382406 0.399185 0.415632 0.43166 0.447188 0.462134 0.476419 0.489968 0.50271 0.514579 0.525511 0.53545 0.544345 0.552148 0.55882 0.564325 0.568637 0.571733 0.573597 0.574219 0.573597 0.571733 0.568637 0.564325 0.55882 0.552148 0.544345 0.53545 0.525511 0.514579 0.50271 0.489968 0.476419 0.462134 0.447188 0.43166 0.415632 0.399185 0.382406 0.36538 0.348192 0.330928 0.313672 0.296504 0.279505 0.26275 0.246311 0.230255 0.214644 0.199535 0.184982 0.171028 0.157716 0.14508 0.133149 0.121947 0.111493 0.101802 0.0928847 0.0847472 0.0773932 0.0708241 0.0650388 0.0600352 0.05581 0.0523596 0.0496805 0.0477694 0.0466238 
0.0481638 0.0485599 0.0497487 0.0517317 0.0545115 0.0580911 0.062474 0.0676636 0.0736629 0.0804738 0.0880967 0.0965301 0.10577 0.115808 0.126633 0.13823 0.150578 0.163651 0.17742 0.191847 0.20689 0.222501 0.238625 0.255204 0.272171 0.289459 0.306992 0.324692 0.342477 0.360264 0.377966 0.395495 0.412764 0.429684 0.446169 0.462134 0.477495 0.492172 0.50609 0.519175 0.53136 0.542581 0.55278 0.561905 0.569909 0.576752 0.582398 0.586819 0.589993 0.591904 0.592542 0.591904 0.589993 0.586819 0.582398 0.576752 0.569909 0.561905 0.55278 0.542581 0.53136 0.519175 0.50609 0.492172 0.477495 0.462134 0.446169 0.429684 0.412764 0.395495 0.377966 0.360264 0.342477 0.324692 0.306992 0.289459 0.272171 0.255204 0.238625 0.222501 0.20689 0.191847 0.17742 0.163651 0.150578 0.13823 0.126633 0.115808 0.10577 0.0965301 0.0880967 0.0804738 0.0736629 0.0676636 0.062474 0.0580911 0.0545115 0.0517317 0.0497487 0.0485599 
0.0500218 0.0504317 0.051662 0.0537143 0.0565908 0.0602946 0.0648291 0.0701975 0.0764025 0.0834456 0.091327 0.100044 0.109593 0.119964 0.131145 0.143121 0.155868 0.169361 0.183566 0.198447 0.213957 0.230048 0.246662 0.263739 0.281211 0.299006 0.317047 0.335254 0.353542 0.371826 0.390015 0.408022 0.425755 0.443124 0.460041 0.476419 0.492172 0.507221 0.521486 0.534895 0.547377 0.55887 0.569314 0.578656 0.586849 0.593852 0.59963 0.604154 0.607401 0.609356 0.610009 0.609356 0.607401 0.604154 0.59963 0.593852 0.586849 0.578656 0.569314 0.55887 0.547377 0.534895 0.521486 0.507221 0.492172 0.476419 0.460041 0.443124 0.425755 0.408022 0.390015 0.371826 0.353542 0.335254 0.317047 0.299006 0.281211 0.263739 0.246662 0.230048 0.213957 0.198447 0.183566 0.169361 0.155868 0.143121 0.131145 0.119964 0.109593 0.100044 0.091327 0.0834456 0.0764025 0.0701975 0.0648291 0.0602946 0.0565908 0.0537143 0.051662 0.0504317 
0.0518033 0.0522264 0.0534964 0.0556146 0.0585835 0.0624058 0.067085 0.0726238 0.0790249 0.0862894 0.0944169 0.103405 0.113247 0.123936 0.135456 0.147791 0.160919 0.174809 0.18943 0.20474 0.220694 0.23724 0.254319 0.271867 0.289816 0.308091 0.326613 0.345298 0.364061 0.382813 0.401463 0.419918 0.438088 0.455879 0.473202 0.489968 0.50609 0.521486 0.536077 0.549788 0.562549 0.574296 0.584968 0.594513 0.602883 0.610036 0.615937 0.620556 0.623872 0.625868 0.626534 0.625868 0.623872 0.620556 0.615937 0.610036 0.602883 0.594513 0.584968 0.574296 0.562549 0.549788 0.536077 0.521486 0.50609 0.489968 0.473202 0.455879 0.438088 0.419918 0.401463 0.382813 0.364061 0.345298 0.326613 0.308091 0.289816 0.271867 0.254319 0.23724 0.220694 0.20474 0.18943 0.174809 0.160919 0.147791 0.135456 0.123936 0.113247 0.103405 0.0944169 0.0862894 0.0790249 0.0726238 0.067085 0.0624058 0.0585835 0.0556146 0.0534964 0.0522264 
0.0534958 0.0539315 0.0552389 0.0574196 0.0604757 0.0644102 0.069226 0.074926 0.0815124 0.0889861 0.0973462 0.106589 0.11671 0.127697 0.139537 0.152212 0.165697 0.179963 0.194974 0.210689 0.22706 0.244033 0.261549 0.279541 0.297937 0.316662 0.335634 0.354768 0.373975 0.393165 0.412245 0.43112 0.449697 0.467882 0.485583 0.50271 0.519175 0.534895 0.549788 0.56378 0.5768 0.588782 0.599666 0.609399 0.617932 0.625224 0.631238 0.635946 0.639325 0.641359 0.642038 0.641359 0.639325 0.635946 0.631238 0.625224 0.617932 0.609399 0.599666 0.588782 0.5768 0.56378 0.549788 0.534895 0.519175 0.50271 0.485583 0.467882 0.449697 0.43112 0.412245 0.393165 0.373975 0.354768 0.335634 0.316662 0.297937 0.279541 0.261549 0.244033 0.22706 0.210689 0.194974 0.179963 0.165697 0.152212 0.139537 0.127697 0.11671 0.106589 0.0973462 0.0889861 0.0815124 0.074926 0.069226 0.0644102 0.0604757 0.0574196 0.0552389 0.0539315 
0.0550874 0.0555347 0.0568772 0.0591164 0.0622543 0.0662937 0.0712375 0.0770883 0.083848 0.0915173 0.100095 0.109577 0.119957 0.131224 0.143363 0.156354 0.170173 0.184789 0.200164 0.216257 0.233016 0.250388 0.26831 0.286713 0.305526 0.324669 0.344059 0.363609 0.383228 0.402824 0.422302 0.441565 0.460519 0.479068 0.497119 0.514579 0.53136 0.547377 0.562549 0.5768 0.590058 0.602256 0.613335 0.62324 0.631923 0.639342 0.64546 0.650249 0.653687 0.655756 0.656446 0.655756 0.653687 0.650249 0.64546 0.639342 0.631923 0.62324 0.613335 0.602256 0.590058 0.5768 0.562549 0.547377 0.53136 0.514579 0.497119 0.479068 0.460519 0.441565 0.422302 0.402824 0.383228 0.363609 0.344059 0.324669 0.305526 0.286713 0.26831 0.250388 0.233016 0.216257 0.200164 0.184789 0.170173 0.156354 0.143363 0.131224 0.119957 0.109577 0.100095 0.0915173 0.083848 0.0770883 0.0712375 0.0662937 0.0622543 0.0591164 0.0568772 0.0555347 
0.0565663 0.0570245 0.0583995 0.0606927 0.0639063 0.0680428 0.073105 0.0790954 0.0860155 0.0938658 0.102644 0.112347 0.122967 0.134492 0.146907 0.160191 0.174318 0.189256 0.204968 0.221408 0.238525 0.256264 0.274559 0.293342 0.312537 0.332064 0.351838 0.37177 0.391767 0.411735 0.431578 0.451197 0.470496 0.489377 0.507747 0.525511 0.542581 0.55887 0.574296 0.588782 0.602256 0.614652 0.625908 0.635969 0.644788 0.652322 0.658535 0.663398 0.666888 0.668989 0.66969 0.668989 0.666888 0.663398 0.658535 0.652322 0.644788 0.635969 0.625908 0.614652 0.602256 0.588782 0.574296 0.55887 0.542581 0.525511 0.507747 0.489377 0.470496 0.451197 0.431578 0.411735 0.391767 0.37177 0.351838 0.332064 0.312537 0.293342 0.274559 0.256264 0.238525 0.221408 0.204968 0.189256 0.174318 0.160191 0.146907 0.134492 0.122967 0.112347 0.102644 0.0938658 0.0860155 0.0790954 0.073105 0.0680428 0.0639063 0.0606927 0.0583995 0.0570245 
