0 0 0 0 0 0 0 0 0 0 0 7.61524e-43 7.4226e-41 3.73436e-39 1.2739e-37 3.28414e-36 6.77888e-35 1.16093e-33 1.68968e-32 2.12652e-31 2.34483e-30 2.2891e-29 1.99562e-28 1.56511e-27 1.1113e-26 7.18327e-26 4.24631e-25 2.30394e-24 1.15037e-23 5.29503e-23 2.24927e-22 8.82499e-22 3.20076e-21 1.07418e-20 3.33896e-20 9.62077e-20 2.57129e-19 6.37899e-19 1.47039e-18 3.15075e-18 6.26484e-18 1.14906e-17 1.9252e-17 2.91762e-17 3.98283e-17 4.92783e-17 5.61897e-17 6.03845e-17 6.25153e-17 6.34098e-17 6.3643e-17 6.34098e-17 6.25153e-17 6.03845e-17 5.61897e-17 4.92783e-17 3.98283e-17 2.91762e-17 1.9252e-17 1.14906e-17 6.26484e-18 3.15075e-18 1.47039e-18 6.37899e-19 2.57129e-19 9.62077e-20 3.33896e-20 1.07418e-20 3.20076e-21 8.82499e-22 2.24927e-22 5.29503e-23 1.15037e-23 2.30394e-24 4.24631e-25 7.18327e-26 1.1113e-26 1.56511e-27 1.99562e-28 2.2891e-29 2.34483e-30 2.12652e-31 1.68968e-32 1.16093e-33 6.77888e-35 3.28414e-36 1.2739e-37 3.73436e-39 7.4226e-41 7.61524e-43 0 0 0 0 0 0 0 0 0 0 
0 0 0 0 0 0 0 0 0 0 5.32786e-43 5.3964e-41 2.82474e-39 1.00372e-37 2.69829e-36 5.8138e-35 1.04025e-33 1.58303e-32 2.08422e-31 2.40485e-30 2.45655e-29 2.24004e-28 1.83627e-27 1.3616e-26 9.18261e-26 5.65951e-25 3.20088e-24 1.66671e-23 8.00911e-23 3.55725e-22 1.46169e-21 5.56013e-21 1.95925e-20 6.40063e-20 1.94027e-19 5.46183e-19 1.42862e-18 3.47447e-18 7.86352e-18 1.65682e-17 3.24416e-17 5.87029e-17 9.72613e-17 1.46178e-16 1.98498e-16 2.44958e-16 2.79116e-16 3.00031e-16 3.1078e-16 3.15352e-16 3.16556e-16 3.15352e-16 3.1078e-16 3.00031e-16 2.79116e-16 2.44958e-16 1.98498e-16 1.46178e-16 9.72613e-17 5.87029e-17 3.24416e-17 1.65682e-17 7.86352e-18 3.47447e-18 1.42862e-18 5.46183e-19 1.94027e-19 6.40063e-20 1.95925e-20 5.56013e-21 1.46169e-21 3.55725e-22 8.00911e-23 1.66671e-23 3.20088e-24 5.65951e-25 9.18261e-26 1.3616e-26 1.83627e-27 2.24004e-28 2.45655e-29 2.40485e-30 2.08422e-31 1.58303e-32 1.04025e-33 5.8138e-35 2.69829e-36 1.00372e-37 2.82474e-39 5.3964e-41 5.32786e-43 0 0 0 0 0 0 0 0 0 
0 0 0 0 0 0 0 0 0 6.9628e-43 7.32041e-41 3.98146e-39 1.47148e-37 4.11867e-36 9.24889e-35 1.72641e-33 2.74316e-32 3.77373e-31 4.55211e-30 4.86253e-29 4.63647e-28 3.97285e-27 3.07714e-26 2.16568e-25 1.39159e-24 8.19895e-24 4.44582e-23 2.22537e-22 1.03055e-21 4.42144e-21 1.7589e-20 6.49105e-20 2.22334e-19 7.07305e-19 2.0915e-18 5.75276e-18 1.47271e-17 3.51117e-17 7.80191e-17 1.61623e-16 3.11625e-16 5.56283e-16 9.11413e-16 1.35842e-15 1.8348e-15 2.25818e-15 2.57097e-15 2.76412e-15 2.86451e-15 2.90774e-15 2.91923e-15 2.90774e-15 2.86451e-15 2.76412e-15 2.57097e-15 2.25818e-15 1.8348e-15 1.35842e-15 9.11413e-16 5.56283e-16 3.11625e-16 1.61623e-16 7.80191e-17 3.51117e-17 1.47271e-17 5.75276e-18 2.0915e-18 7.07305e-19 2.22334e-19 6.49105e-20 1.7589e-20 4.42144e-21 1.03055e-21 2.22537e-22 4.44582e-23 8.19895e-24 1.39159e-24 2.16568e-25 3.07714e-26 3.97285e-27 4.63647e-28 4.86253e-29 4.55211e-30 3.77373e-31 2.74316e-32 1.72641e-33 9.24889e-35 4.11867e-36 1.47148e-37 3.98146e-39 7.32041e-41 6.9628e-43 0 0 0 0 0 0 0 0 
0 0 0 0 0 0 0 0 8.505e-43 9.27198e-41 5.23448e-39 2.01017e-37 5.85249e-36 1.36848e-34 2.6626e-33 4.41418e-32 6.34156e-31 7.99448e-30 8.92968e-29 8.90618e-28 7.98249e-27 6.46499e-26 4.75455e-25 3.18946e-24 1.95979e-23 1.10729e-22 5.77241e-22 2.78434e-21 1.24528e-20 5.17088e-20 1.99493e-19 7.15362e-19 2.38516e-18 7.39852e-18 2.13656e-17 5.74816e-17 1.44159e-16 3.37212e-16 7.36212e-16 1.50057e-15 2.8509e-15 5.02373e-15 8.14367e-15 1.20418e-14 1.61815e-14 1.98627e-14 2.25943e-14 2.42937e-14 2.51859e-14 2.55744e-14 2.56786e-14 2.55744e-14 2.51859e-14 2.42937e-14 2.25943e-14 1.98627e-14 1.61815e-14 1.20418e-14 8.14367e-15 5.02373e-15 2.8509e-15 1.50057e-15 7.36212e-16 3.37212e-16 1.44159e-16 5.74816e-17 2.13656e-17 7.39852e-18 2.38516e-18 7.15362e-19 1.99493e-19 5.17088e-20 1.24528e-20 2.78434e-21 5.77241e-22 1.10729e-22 1.95979e-23 3.18946e-24 4.75455e-25 6.46499e-26 7.98249e-27 8.90618e-28 8.92968e-29 7.99448e-30 6.34156e-31 4.41418e-32 2.6626e-33 1.36848e-34 5.85249e-36 2.01017e-37 5.23448e-39 9.27198e-41 8.505e-43 0 0 0 0 0 0 0 
0 0 0 0 0 0 0 9.71556e-43 1.09721e-40 6.42294e-39 2.56016e-37 7.74448e-36 1.88348e-34 3.81554e-33 6.59286e-32 9.88147e-31 1.30079e-29 1.51838e-28 1.58349e-27 1.48454e-26 1.25766e-25 9.67197e-25 6.78028e-24 4.34967e-23 2.56303e-22 1.39207e-21 6.99141e-21 3.25555e-20 1.40837e-19 5.66762e-19 2.12305e-18 7.40505e-18 2.40556e-17 7.28141e-17 2.05497e-16 5.411e-16 1.3301e-15 3.05396e-15 6.55365e-15 1.31475e-14 2.46213e-14 4.28423e-14 6.87323e-14 1.00848e-13 1.34836e-13 1.65071e-13 1.87592e-13 2.017e-13 2.09176e-13 2.12464e-13 2.13353e-13 2.12464e-13 2.09176e-13 2.017e-13 1.87592e-13 1.65071e-13 1.34836e-13 1.00848e-13 6.87323e-14 4.28423e-14 2.46213e-14 1.31475e-14 6.55365e-15 3.05396e-15 1.3301e-15 5.411e-16 2.05497e-16 7.28141e-17 2.40556e-17 7.40505e-18 2.12305e-18 5.66762e-19 1.40837e-19 3.25555e-20 6.99141e-21 1.39207e-21 2.56303e-22 4.34967e-23 6.78028e-24 9.67197e-25 1.25766e-25 1.48454e-26 1.58349e-27 1.51838e-28 1.30079e-29 9.88147e-31 6.59286e-32 3.81554e-33 1.88348e-34 7.74448e-36 2.56016e-37 6.42294e-39 1.09721e-40 9.71556e-43 0 0 0 0 0 0 
0 0 0 0 0 0 1.0383e-42 1.21362e-40 7.3595e-39 3.04164e-37 9.54962e-36 2.41294e-34 5.08375e-33 9.14528e-32 1.42852e-30 1.96176e-29 2.39103e-28 2.60575e-27 2.55437e-26 2.26356e-25 1.821e-24 1.33503e-23 8.95091e-23 5.50704e-22 3.11951e-21 1.63217e-20 7.91149e-20 3.56191e-19 1.49245e-18 5.82725e-18 2.12154e-17 7.20384e-17 2.2818e-16 6.74432e-16 1.86122e-15 4.79888e-15 1.15669e-14 2.60777e-14 5.50221e-14 1.08673e-13 2.00651e-13 3.44849e-13 5.47648e-13 7.97451e-13 1.06091e-12 1.29531e-12 1.4705e-12 1.58094e-12 1.63995e-12 1.66615e-12 1.67328e-12 1.66615e-12 1.63995e-12 1.58094e-12 1.4705e-12 1.29531e-12 1.06091e-12 7.97451e-13 5.47648e-13 3.44849e-13 2.00651e-13 1.08673e-13 5.50221e-14 2.60777e-14 1.15669e-14 4.79888e-15 1.86122e-15 6.74432e-16 2.2818e-16 7.20384e-17 2.12154e-17 5.82725e-18 1.49245e-18 3.56191e-19 7.91149e-20 1.63217e-20 3.11951e-21 5.50704e-22 8.95091e-23 1.33503e-23 1.821e-24 2.26356e-25 2.55437e-26 2.60575e-27 2.39103e-28 1.96176e-29 1.42852e-30 9.14528e-32 5.08375e-33 2.41294e-34 9.54962e-36 3.04164e-37 7.3595e-39 1.21362e-40 1.0383e-42 0 0 0 0 0 
0 0 0 0 0 1.0383e-42 1.25507e-40 7.87713e-39 3.37241e-37 1.09782e-35 2.8789e-34 6.30134e-33 1.17886e-31 1.917e-30 2.74346e-29 3.4881e-28 3.96907e-27 4.06577e-26 3.76733e-25 3.17037e-24 2.43161e-23 1.70517e-22 1.0966e-21 6.48667e-21 3.53988e-20 1.78747e-19 8.37531e-19 3.65064e-18 1.48321e-17 5.62424e-17 1.99176e-16 6.58882e-16 2.03618e-15 5.87998e-15 1.58747e-14 4.00944e-14 9.47922e-14 2.09897e-13 4.35532e-13 8.47055e-13 1.54229e-12 2.6185e-12 4.11693e-12 5.94996e-12 7.87648e-12 9.59036e-12 1.08752e-11 1.16897e-11 1.21283e-11 1.23247e-11 1.23785e-11 1.23247e-11 1.21283e-11 1.16897e-11 1.08752e-11 9.59036e-12 7.87648e-12 5.94996e-12 4.11693e-12 2.6185e-12 1.54229e-12 8.47055e-13 4.35532e-13 2.09897e-13 9.47922e-14 4.00944e-14 1.58747e-14 5.87998e-15 2.03618e-15 6.58882e-16 1.99176e-16 5.62424e-17 1.48321e-17 3.65064e-18 8.37531e-19 1.78747e-19 3.53988e-20 6.48667e-21 1.0966e-21 1.70517e-22 2.43161e-23 3.17037e-24 3.76733e-25 4.06577e-26 3.96907e-27 3.4881e-28 2.74346e-29 1.917e-30 1.17886e-31 6.30134e-33 2.8789e-34 1.09782e-35 3.37241e-37 7.87713e-39 1.25507e-40 1.0383e-42 0 0 0 0 
0 0 0 0 9.71556e-43 1.21362e-40 7.87713e-39 3.49038e-37 1.17698e-35 3.20012e-34 7.26928e-33 1.41278e-31 2.38908e-30 3.55923e-29 4.71571e-28 5.59734e-27 5.98662e-26 5.79667e-25 5.10096e-24 4.09284e-23 3.00298e-22 2.0202e-21 1.24931e-20 7.1206e-20 3.75059e-19 1.83069e-18 8.30313e-18 3.50794e-17 1.3833e-16 5.09829e-16 1.75742e-15 5.66704e-15 1.70953e-14 4.82521e-14 1.27488e-13 3.15507e-13 7.31821e-13 1.59183e-12 3.24874e-12 6.22254e-12 1.11739e-11 1.87427e-11 2.91768e-11 4.18539e-11 5.51307e-11 6.69384e-11 7.58135e-11 8.14682e-11 8.45345e-11 8.59185e-11 8.62996e-11 8.59185e-11 8.45345e-11 8.14682e-11 7.58135e-11 6.69384e-11 5.51307e-11 4.18539e-11 2.91768e-11 1.87427e-11 1.11739e-11 6.22254e-12 3.24874e-12 1.59183e-12 7.31821e-13 3.15507e-13 1.27488e-13 4.82521e-14 1.70953e-14 5.66704e-15 1.75742e-15 5.09829e-16 1.3833e-16 3.50794e-17 8.30313e-18 1.83069e-18 3.75059e-19 7.1206e-20 1.24931e-20 2.0202e-21 3.00298e-22 4.09284e-23 5.10096e-24 5.79667e-25 5.98662e-26 5.59734e-27 4.71571e-28 3.55923e-29 2.38908e-30 1.41278e-31 7.26928e-33 3.20012e-34 1.17698e-35 3.49038e-37 7.87713e-39 1.21362e-40 9.71556e-43 0 0 0 
0 0 0 8.505e-43 1.09721e-40 7.3595e-39 3.37241e-37 1.17698e-35 3.31488e-34 7.80706e-33 1.57463e-31 2.76614e-30 4.28532e-29 5.91029e-28 7.31024e-27 8.15567e-26 8.2452e-25 7.58212e-24 6.36187e-23 4.88364e-22 3.43795e-21 2.22443e-20 1.32574e-19 7.29474e-19 3.71473e-18 1.75519e-17 7.71486e-17 3.16232e-16 1.2113e-15 4.34199e-15 1.45764e-14 4.58386e-14 1.35029e-13 3.72632e-13 9.63747e-13 2.33746e-12 5.3199e-12 1.13682e-11 2.28212e-11 4.30494e-11 7.62425e-11 1.26352e-10 1.94751e-10 2.77289e-10 3.63419e-10 4.39979e-10 4.97651e-10 5.34564e-10 5.54707e-10 5.63863e-10 5.66397e-10 5.63863e-10 5.54707e-10 5.34564e-10 4.97651e-10 4.39979e-10 3.63419e-10 2.77289e-10 1.94751e-10 1.26352e-10 7.62425e-11 4.30494e-11 2.28212e-11 1.13682e-11 5.3199e-12 2.33746e-12 9.63747e-13 3.72632e-13 1.35029e-13 4.58386e-14 1.45764e-14 4.34199e-15 1.2113e-15 3.16232e-16 7.71486e-17 1.75519e-17 3.71473e-18 7.29474e-19 1.32574e-19 2.22443e-20 3.43795e-21 4.88364e-22 6.36187e-23 7.58212e-24 8.2452e-25 8.15567e-26 7.31024e-27 5.91029e-28 4.28532e-29 2.76614e-30 1.57463e-31 7.80706e-33 3.31488e-34 1.17698e-35 3.37241e-37 7.3595e-39 1.09721e-40 8.505e-43 0 0 
0 0 6.9628e-43 9.27198e-41 6.42294e-39 3.04164e-37 1.09782e-35 3.20012e-34 7.80706e-33 1.63256e-31 2.97624e-30 4.78968e-29 6.86919e-28 8.84411e-27 1.02816e-25 1.08425e-24 1.04105e-23 9.12846e-23 7.32843e-22 5.3982e-21 3.65557e-20 2.27997e-19 1.31215e-18 6.98198e-18 3.44245e-17 1.57646e-16 6.72226e-16 2.67562e-15 9.96174e-15 3.47476e-14 1.1365e-13 3.48647e-13 1.00314e-12 2.70716e-12 6.8547e-12 1.62947e-11 3.63901e-11 7.63949e-11 1.50844e-10 2.8023e-10 4.89461e-10 8.01379e-10 1.22294e-09 1.72816e-09 2.25342e-09 2.71994e-09 3.07201e-09 3.29826e-09 3.42242e-09 3.47922e-09 3.49502e-09 3.47922e-09 3.42242e-09 3.29826e-09 3.07201e-09 2.71994e-09 2.25342e-09 1.72816e-09 1.22294e-09 8.01379e-10 4.89461e-10 2.8023e-10 1.50844e-10 7.63949e-11 3.63901e-11 1.62947e-11 6.8547e-12 2.70716e-12 1.00314e-12 3.48647e-13 1.1365e-13 3.47476e-14 9.96174e-15 2.67562e-15 6.72226e-16 1.57646e-16 3.44245e-17 6.98198e-18 1.31215e-18 2.27997e-19 3.65557e-20 5.3982e-21 7.32843e-22 9.12846e-23 1.04105e-23 1.08425e-24 1.02816e-25 8.84411e-27 6.86919e-28 4.78968e-29 2.97624e-30 1.63256e-31 7.80706e-33 3.20012e-34 1.09782e-35 3.04164e-37 6.42294e-39 9.27198e-41 6.9628e-43 0 
0 5.32786e-43 7.32041e-41 5.23448e-39 2.56016e-37 9.54962e-36 2.8789e-34 7.26928e-33 1.57463e-31 2.97624e-30 4.97056e-29 7.40508e-28 9.91392e-27 1.1997e-25 1.31832e-24 1.32035e-23 1.20886e-22 1.01426e-21 7.8141e-21 5.53767e-20 3.61552e-19 2.17803e-18 1.21252e-17 6.24865e-17 2.98683e-16 1.32716e-15 5.49505e-15 2.12529e-14 7.6953e-14 2.61295e-13 8.32859e-13 2.49289e-12 7.00672e-12 1.84927e-11 4.58434e-11 1.06808e-10 2.3404e-10 4.82636e-10 9.3723e-10 1.71449e-09 2.95293e-09 4.77585e-09 7.21498e-09 1.01178e-08 1.31241e-08 1.57914e-08 1.78073e-08 1.91072e-08 1.98243e-08 2.01542e-08 2.02463e-08 2.01542e-08 1.98243e-08 1.91072e-08 1.78073e-08 1.57914e-08 1.31241e-08 1.01178e-08 7.21498e-09 4.77585e-09 2.95293e-09 1.71449e-09 9.3723e-10 4.82636e-10 2.3404e-10 1.06808e-10 4.58434e-11 1.84927e-11 7.00672e-12 2.49289e-12 8.32859e-13 2.61295e-13 7.6953e-14 2.12529e-14 5.49505e-15 1.32716e-15 2.98683e-16 6.24865e-17 1.21252e-17 2.17803e-18 3.61552e-19 5.53767e-20 7.8141e-21 1.01426e-21 1.20886e-22 1.32035e-23 1.31832e-24 1.1997e-25 9.91392e-27 7.40508e-28 4.97056e-29 2.97624e-30 1.57463e-31 7.26928e-33 2.8789e-34 9.54962e-36 2.56016e-37 5.23448e-39 7.32041e-41 5.32786e-43 
7.61524e-43 5.3964e-41 3.98146e-39 2.01017e-37 7.74448e-36 2.41294e-34 6.30134e-33 1.41278e-31 2.76614e-30 4.78968e-29 7.40508e-28 1.02984e-26 1.29587e-25 1.48226e-24 1.54694e-23 1.4774e-22 1.29433e-21 1.04222e-20 7.72587e-20 5.27959e-19 3.33008e-18 1.94105e-17 1.04689e-16 5.23226e-16 2.42746e-15 1.04757e-14 4.21488e-14 1.58499e-13 5.5835e-13 1.84603e-12 5.735e-12 1.67495e-11 4.59883e-11 1.18699e-10 2.88064e-10 6.57703e-10 1.41381e-09 2.86341e-09 5.46735e-09 9.84617e-09 1.67188e-08 2.67044e-08 3.99295e-08 5.55568e-08 7.16747e-08 8.59569e-08 9.67619e-08 1.0375e-07 1.07623e-07 1.09413e-07 1.09915e-07 1.09413e-07 1.07623e-07 1.0375e-07 9.67619e-08 8.59569e-08 7.16747e-08 5.55568e-08 3.99295e-08 2.67044e-08 1.67188e-08 9.84617e-09 5.46735e-09 2.86341e-09 1.41381e-09 6.57703e-10 2.88064e-10 1.18699e-10 4.59883e-11 1.67495e-11 5.735e-12 1.84603e-12 5.5835e-13 1.58499e-13 4.21488e-14 1.04757e-14 2.42746e-15 5.23226e-16 1.04689e-16 1.94105e-17 3.33008e-18 5.27959e-19 7.72587e-20 1.04222e-20 1.29433e-21 1.4774e-22 1.54694e-23 1.48226e-24 1.29587e-25 1.02984e-26 7.40508e-28 4.78968e-29 2.76614e-30 1.41278e-31 6.30134e-33 2.41294e-34 7.74448e-36 2.01017e-37 3.98146e-39 5.3964e-41 
7.4226e-41 2.82474e-39 1.47148e-37 5.85249e-36 1.88348e-34 5.08375e-33 1.17886e-31 2.38908e-30 4.28532e-29 6.86919e-28 9.91392e-27 1.29587e-25 1.54131e-24 1.67438e-23 1.66633e-22 1.52283e-21 1.28045e-20 9.92127e-20 7.09263e-19 4.68321e-18 2.85882e-17 1.61488e-16 8.44988e-16 4.10063e-15 1.84842e-14 7.75386e-14 3.03367e-13 1.10972e-12 3.8045e-12 1.22494e-11 3.70908e-11 1.0569e-10 2.83437e-10 7.15308e-10 1.69909e-09 3.8007e-09 8.01267e-09 1.59329e-08 2.99031e-08 5.29989e-08 8.86907e-08 1.39863e-07 2.06924e-07 2.85582e-07 3.66358e-07 4.37818e-07 4.91914e-07 5.2699e-07 5.46501e-07 5.55564e-07 5.58113e-07 5.55564e-07 5.46501e-07 5.2699e-07 4.91914e-07 4.37818e-07 3.66358e-07 2.85582e-07 2.06924e-07 1.39863e-07 8.86907e-08 5.29989e-08 2.99031e-08 1.59329e-08 8.01267e-09 3.8007e-09 1.69909e-09 7.15308e-10 2.83437e-10 1.0569e-10 3.70908e-11 1.22494e-11 3.8045e-12 1.10972e-12 3.03367e-13 7.75386e-14 1.84842e-14 4.10063e-15 8.44988e-16 1.61488e-16 2.85882e-17 4.68321e-18 7.09263e-19 9.92127e-20 1.28045e-20 1.52283e-21 1.66633e-22 1.67438e-23 1.54131e-24 1.29587e-25 9.91392e-27 6.86919e-28 4.28532e-29 2.38908e-30 1.17886e-31 5.08375e-33 1.88348e-34 5.85249e-36 1.47148e-37 2.82474e-39 
3.73436e-39 1.00372e-37 4.11867e-36 1.36848e-34 3.81554e-33 9.14528e-32 1.917e-30 3.55923e-29 5.91029e-28 8.84411e-27 1.1997e-25 1.48226e-24 1.67438e-23 1.73453e-22 1.6518e-21 1.44885e-20 1.17231e-19 8.76054e-19 6.05211e-18 3.86818e-17 2.2889e-16 1.25477e-15 6.37758e-15 3.00841e-14 1.31879e-13 5.38159e-13 2.04861e-12 7.29252e-12 2.43362e-11 7.63066e-11 2.25174e-10 6.25882e-10 1.63896e-09 4.04309e-09 9.39661e-09 2.05857e-08 4.25459e-08 8.30265e-08 1.53099e-07 2.66925e-07 4.40033e-07 6.8481e-07 1.00209e-06 1.37136e-06 1.7488e-06 2.08206e-06 2.3344e-06 2.49834e-06 2.58983e-06 2.6325e-06 2.64453e-06 2.6325e-06 2.58983e-06 2.49834e-06 2.3344e-06 2.08206e-06 1.7488e-06 1.37136e-06 1.00209e-06 6.8481e-07 4.40033e-07 2.66925e-07 1.53099e-07 8.30265e-08 4.25459e-08 2.05857e-08 9.39661e-09 4.04309e-09 1.63896e-09 6.25882e-10 2.25174e-10 7.63066e-11 2.43362e-11 7.29252e-12 2.04861e-12 5.38159e-13 1.31879e-13 3.00841e-14 6.37758e-15 1.25477e-15 2.2889e-16 3.86818e-17 6.05211e-18 8.76054e-19 1.17231e-19 1.44885e-20 1.6518e-21 1.73453e-22 1.67438e-23 1.48226e-24 1.1997e-25 8.84411e-27 5.91029e-28 3.55923e-29 1.917e-30 9.14528e-32 3.81554e-33 1.36848e-34 4.11867e-36 1.00372e-37 
1.2739e-37 2.69829e-36 9.24889e-35 2.6626e-33 6.59286e-32 1.42852e-30 2.74346e-29 4.71571e-28 7.31024e-27 1.02816e-25 1.31832e-24 1.54694e-23 1.66633e-22 1.6518e-21 1.50978e-20 1.27436e-19 9.94526e-19 7.18248e-18 4.80359e-17 2.9766e-16 1.70974e-15 9.10742e-15 4.50145e-14 2.06603e-13 8.81493e-13 3.50156e-12 1.29755e-11 4.49624e-11 1.4607e-10 4.45991e-10 1.28227e-09 3.47538e-09 8.88284e-09 2.14096e-08 4.86625e-08 1.04357e-07 2.11327e-07 4.04493e-07 7.32409e-07 1.25543e-06 2.03765e-06 3.12778e-06 4.52459e-06 6.13695e-06 7.77674e-06 9.22111e-06 1.03145e-05 1.10259e-05 1.1424e-05 1.16103e-05 1.1663e-05 1.16103e-05 1.1424e-05 1.10259e-05 1.03145e-05 9.22111e-06 7.77674e-06 6.13695e-06 4.52459e-06 3.12778e-06 2.03765e-06 1.25543e-06 7.32409e-07 4.04493e-07 2.11327e-07 1.04357e-07 4.86625e-08 2.14096e-08 8.88284e-09 3.47538e-09 1.28227e-09 4.45991e-10 1.4607e-10 4.49624e-11 1.29755e-11 3.50156e-12 8.81493e-13 2.06603e-13 4.50145e-14 9.10742e-15 1.70974e-15 2.9766e-16 4.80359e-17 7.18248e-18 9.94526e-19 1.27436e-19 1.50978e-20 1.6518e-21 1.66633e-22 1.54694e-23 1.31832e-24 1.02816e-25 7.31024e-27 4.71571e-28 2.74346e-29 1.42852e-30 6.59286e-32 2.6626e-33 9.24889e-35 2.69829e-36 
3.28414e-36 5.8138e-35 1.72641e-33 4.41418e-32 9.88147e-31 1.96176e-29 3.4881e-28 5.59734e-27 8.15567e-26 1.08425e-24 1.32035e-23 1.4774e-22 1.52283e-21 1.44885e-20 1.27436e-19 1.03749e-18 7.82515e-18 5.47138e-17 3.54807e-16 2.13459e-15 1.19169e-14 6.17503e-14 2.9709e-13 1.32784e-12 5.51814e-12 2.135e-11 7.7048e-11 2.59952e-10 8.22152e-10 2.44394e-09 6.84346e-09 1.80771e-08 4.50714e-08 1.06073e-07 2.3564e-07 4.94336e-07 9.80183e-07 1.83888e-06 3.26718e-06 5.50204e-06 8.78612e-06 1.32933e-05 1.89978e-05 2.55248e-05 3.21262e-05 3.79244e-05 4.23107e-05 4.51672e-05 4.67693e-05 4.7521e-05 4.77341e-05 4.7521e-05 4.67693e-05 4.51672e-05 4.23107e-05 3.79244e-05 3.21262e-05 2.55248e-05 1.89978e-05 1.32933e-05 8.78612e-06 5.50204e-06 3.26718e-06 1.83888e-06 9.80183e-07 4.94336e-07 2.3564e-07 1.06073e-07 4.50714e-08 1.80771e-08 6.84346e-09 2.44394e-09 8.22152e-10 2.59952e-10 7.7048e-11 2.135e-11 5.51814e-12 1.32784e-12 2.9709e-13 6.17503e-14 1.19169e-14 2.13459e-15 3.54807e-16 5.47138e-17 7.82515e-18 1.03749e-18 1.27436e-19 1.44885e-20 1.52283e-21 1.4774e-22 1.32035e-23 1.08425e-24 8.15567e-26 5.59734e-27 3.4881e-28 1.96176e-29 9.88147e-31 4.41418e-32 1.72641e-33 5.8138e-35 
6.77888e-35 1.04025e-33 2.74316e-32 6.34156e-31 1.30079e-29 2.39103e-28 3.96907e-27 5.98662e-26 8.2452e-25 1.04105e-23 1.20886e-22 1.29433e-21 1.28045e-20 1.17231e-19 9.94526e-19 7.82515e-18 5.7142e-17 3.87425e-16 2.43947e-15 1.42668e-14 7.74983e-14 3.9103e-13 1.83287e-12 7.98354e-12 3.23358e-11 1.2192e-10 4.28639e-10 1.40833e-09 4.336e-09 1.25453e-08 3.41967e-08 8.79796e-08 2.13821e-07 4.90978e-07 1.06517e-06 2.18418e-06 4.23697e-06 7.78422e-06 1.35591e-05 2.2414e-05 3.51849e-05 5.24269e-05 7.39626e-05 9.83685e-05 0.000122901 0.000144377 0.000160603 0.000171174 0.000177113 0.000179905 0.000180698 0.000179905 0.000177113 0.000171174 0.000160603 0.000144377 0.000122901 9.83685e-05 7.39626e-05 5.24269e-05 3.51849e-05 2.2414e-05 1.35591e-05 7.78422e-06 4.23697e-06 2.18418e-06 1.06517e-06 4.90978e-07 2.13821e-07 8.79796e-08 3.41967e-08 1.25453e-08 4.336e-09 1.40833e-09 4.28639e-10 1.2192e-10 3.23358e-11 7.98354e-12 1.83287e-12 3.9103e-13 7.74983e-14 1.42668e-14 2.43947e-15 3.87425e-16 5.7142e-17 7.82515e-18 9.94526e-19 1.17231e-19 1.28045e-20 1.29433e-21 1.20886e-22 1.04105e-23 8.2452e-25 5.98662e-26 3.96907e-27 2.39103e-28 1.30079e-29 6.34156e-31 2.74316e-32 1.04025e-33 
1.16093e-33 1.58303e-32 3.77373e-31 7.99448e-30 1.51838e-28 2.60575e-27 4.06577e-26 5.79667e-25 7.58212e-24 9.12846e-23 1.01426e-21 1.04222e-20 9.92127e-20 8.76054e-19 7.18248e-18 5.47138e-17 3.87425e-16 2.55062e-15 1.56134e-14 8.88607e-14 4.70129e-13 2.3118e-12 1.05651e-11 4.48777e-11 1.77257e-10 6.51588e-10 2.2324e-09 7.14357e-09 2.14079e-08 6.02642e-08 1.59815e-07 4.00139e-07 9.47055e-07 2.11968e-06 4.48655e-06 8.98347e-06 1.70314e-05 3.06104e-05 5.22186e-05 8.46434e-05 0.000130481 0.00019128 0.000266133 0.000350071 0.000433866 0.000506929 0.000562031 0.000597923 0.000618105 0.000627612 0.000630314 0.000627612 0.000618105 0.000597923 0.000562031 0.000506929 0.000433866 0.000350071 0.000266133 0.00019128 0.000130481 8.46434e-05 5.22186e-05 3.06104e-05 1.70314e-05 8.98347e-06 4.48655e-06 2.11968e-06 9.47055e-07 4.00139e-07 1.59815e-07 6.02642e-08 2.14079e-08 7.14357e-09 2.2324e-09 6.51588e-10 1.77257e-10 4.48777e-11 1.05651e-11 2.3118e-12 4.70129e-13 8.88607e-14 1.56134e-14 2.55062e-15 3.87425e-16 5.47138e-17 7.18248e-18 8.76054e-19 9.92127e-20 1.04222e-20 1.01426e-21 9.12846e-23 7.58212e-24 5.79667e-25 4.06577e-26 2.60575e-27 1.51838e-28 7.99448e-30 3.77373e-31 1.58303e-32 
1.68968e-32 2.08422e-31 4.55211e-30 8.92968e-29 1.58349e-27 2.55437e-26 3.76733e-25 5.10096e-24 6.36187e-23 7.32843e-22 7.8141e-21 7.72587e-20 7.09263e-19 6.05211e-18 4.80359e-17 3.54807e-16 2.43947e-15 1.56134e-14 9.30147e-14 5.15647e-13 2.65926e-12 1.27535e-11 5.68638e-11 2.35685e-10 9.0823e-10 3.25613e-09 1.08738e-08 3.38908e-08 9.88429e-08 2.70604e-07 6.97649e-07 1.69829e-06 3.9101e-06 8.5203e-06 1.75737e-05 3.43191e-05 6.35113e-05 0.000111528 0.000186095 0.000295423 0.000446663 0.000643431 0.000881865 0.00114611 0.00140784 0.00163498 0.00180586 0.00191707 0.00197963 0.00200913 0.00201752 0.00200913 0.00197963 0.00191707 0.00180586 0.00163498 0.00140784 0.00114611 0.000881865 0.000643431 0.000446663 0.000295423 0.000186095 0.000111528 6.35113e-05 3.43191e-05 1.75737e-05 8.5203e-06 3.9101e-06 1.69829e-06 6.97649e-07 2.70604e-07 9.88429e-08 3.38908e-08 1.08738e-08 3.25613e-09 9.0823e-10 2.35685e-10 5.68638e-11 1.27535e-11 2.65926e-12 5.15647e-13 9.30147e-14 1.56134e-14 2.43947e-15 3.54807e-16 4.80359e-17 6.05211e-18 7.09263e-19 7.72587e-20 7.8141e-21 7.32843e-22 6.36187e-23 5.10096e-24 3.76733e-25 2.55437e-26 1.58349e-27 8.92968e-29 4.55211e-30 2.08422e-31 
2.12652e-31 2.40485e-30 4.86253e-29 8.90618e-28 1.48454e-26 2.26356e-25 3.17037e-24 4.09284e-23 4.88364e-22 5.3982e-21 5.53767e-20 5.27959e-19 4.68321e-18 3.86818e-17 2.9766e-16 2.13459e-15 1.42668e-14 8.88607e-14 5.15647e-13 2.78665e-12 1.40182e-11 6.56085e-11 2.85549e-10 1.15535e-09 4.34543e-09 1.51985e-08 4.94812e-08 1.5021e-07 4.26259e-07 1.13437e-06 2.84086e-06 6.71628e-06 1.50229e-05 3.18259e-05 6.38757e-05 0.000121487 0.000219142 0.000375438 0.000611843 0.000949843 0.00140651 0.00198813 0.00268054 0.00343776 0.00418103 0.00482243 0.00530341 0.00561598 0.00579175 0.00587468 0.00589829 0.00587468 0.00579175 0.00561598 0.00530341 0.00482243 0.00418103 0.00343776 0.00268054 0.00198813 0.00140651 0.000949843 0.000611843 0.000375438 0.000219142 0.000121487 6.38757e-05 3.18259e-05 1.50229e-05 6.71628e-06 2.84086e-06 1.13437e-06 4.26259e-07 1.5021e-07 4.94812e-08 1.51985e-08 4.34543e-09 1.15535e-09 2.85549e-10 6.56085e-11 1.40182e-11 2.78665e-12 5.15647e-13 8.88607e-14 1.42668e-14 2.13459e-15 2.9766e-16 3.86818e-17 4.68321e-18 5.27959e-19 5.53767e-20 5.3982e-21 4.88364e-22 4.09284e-23 3.17037e-24 2.26356e-25 1.48454e-26 8.90618e-28 4.86253e-29 2.40485e-30 
2.34483e-30 2.45655e-29 4.63647e-28 7.98249e-27 1.25766e-25 1.821e-24 2.43161e-23 3.00298e-22 3.43795e-21 3.65557e-20 3.61552e-19 3.33008e-18 2.85882e-17 2.2889e-16 1.70974e-15 1.19169e-14 7.74983e-14 4.70129e-13 2.65926e-12 1.40182e-11 6.88241e-11 3.14493e-10 1.33666e-09 5.28126e-09 1.93924e-08 6.61834e-08 2.10082e-07 6.21138e-07 1.7146e-06 4.43304e-06 1.07749e-05 2.47096e-05 5.36154e-05 0.000110247 0.00021495 0.000397487 0.000697702 0.00116418 0.0018498 0.00280349 0.00405895 0.00562057 0.00744281 0.00940546 0.0113118 0.0129457 0.014166 0.0149572 0.0154017 0.0156114 0.0156711 0.0156114 0.0154017 0.0149572 0.014166 0.0129457 0.0113118 0.00940546 0.00744281 0.00562057 0.00405895 0.00280349 0.0018498 0.00116418 0.000697702 0.000397487 0.00021495 0.000110247 5.36154e-05 2.47096e-05 1.07749e-05 4.43304e-06 1.7146e-06 6.21138e-07 2.10082e-07 6.61834e-08 1.93924e-08 5.28126e-09 1.33666e-09 3.14493e-10 6.88241e-11 1.40182e-11 2.65926e-12 4.70129e-13 7.74983e-14 1.19169e-14 1.70974e-15 2.2889e-16 2.85882e-17 3.33008e-18 3.61552e-19 3.65557e-20 3.43795e-21 3.00298e-22 2.43161e-23 1.821e-24 1.25766e-25 7.98249e-27 4.63647e-28 2.45655e-29 
2.2891e-29 2.24004e-28 3.97285e-27 6.46499e-26 9.67197e-25 1.33503e-23 1.70517e-22 2.0202e-21 2.22443e-20 2.27997e-19 2.17803e-18 1.94105e-17 1.61488e-16 1.25477e-15 9.10742e-15 6.17503e-14 3.9103e-13 2.3118e-12 1.27535e-11 6.56085e-11 3.14493e-10 1.40353e-09 5.82683e-09 2.24865e-08 8.06228e-08 2.68514e-07 8.31028e-07 2.39281e-06 6.42329e-06 1.61252e-05 3.80038e-05 8.44279e-05 0.000177414 0.000353428 0.000668096 0.00119887 0.00204373 0.0033148 0.00512518 0.00756831 0.0106932 0.0144782 0.0187954 0.0233637 0.0277459 0.0314715 0.0342396 0.0360288 0.0370323 0.0375054 0.0376401 0.0375054 0.0370323 0.0360288 0.0342396 0.0314715 0.0277459 0.0233637 0.0187954 0.0144782 0.0106932 0.00756831 0.00512518 0.0033148 0.00204373 0.00119887 0.000668096 0.000353428 0.000177414 8.44279e-05 3.80038e-05 1.61252e-05 6.42329e-06 2.39281e-06 8.31028e-07 2.68514e-07 8.06228e-08 2.24865e-08 5.82683e-09 1.40353e-09 3.14493e-10 6.56085e-11 1.27535e-11 2.3118e-12 3.9103e-13 6.17503e-14 9.10742e-15 1.25477e-15 1.61488e-16 1.94105e-17 2.17803e-18 2.27997e-19 2.22443e-20 2.0202e-21 1.70517e-22 1.33503e-23 9.67197e-25 6.46499e-26 3.97285e-27 2.24004e-28 
1.99562e-28 1.83627e-27 3.07714e-26 4.75455e-25 6.78028e-24 8.95091e-23 1.0966e-21 1.24931e-20 1.32574e-19 1.31215e-18 1.21252e-17 1.04689e-16 8.44988e-16 6.37758e-15 4.50145e-14 2.9709e-13 1.83287e-12 1.05651e-11 5.68638e-11 2.85549e-10 1.33666e-09 5.82683e-09 2.36311e-08 8.90774e-08 3.11852e-07 1.01352e-06 3.05809e-06 8.57349e-06 2.23734e-05 5.45048e-05 0.000124439 0.000267437 0.000543279 0.00104631 0.00191339 0.00332439 0.00549176 0.00863914 0.0129691 0.0186193 0.0256174 0.0338435 0.0429834 0.0524558 0.0614085 0.0689445 0.0745078 0.0780892 0.0800929 0.0810362 0.0813048 0.0810362 0.0800929 0.0780892 0.0745078 0.0689445 0.0614085 0.0524558 0.0429834 0.0338435 0.0256174 0.0186193 0.0129691 0.00863914 0.00549176 0.00332439 0.00191339 0.00104631 0.000543279 0.000267437 0.000124439 5.45048e-05 2.23734e-05 8.57349e-06 3.05809e-06 1.01352e-06 3.11852e-07 8.90774e-08 2.36311e-08 5.82683e-09 1.33666e-09 2.85549e-10 5.68638e-11 1.05651e-11 1.83287e-12 2.9709e-13 4.50145e-14 6.37758e-15 8.44988e-16 1.04689e-16 1.21252e-17 1.31215e-18 1.32574e-19 1.24931e-20 1.0966e-21 8.95091e-23 6.78028e-24 4.75455e-25 3.07714e-26 1.83627e-27 
1.56511e-27 1.3616e-26 2.16568e-25 3.18946e-24 4.34967e-23 5.50704e-22 6.48667e-21 7.1206e-20 7.29474e-19 6.98198e-18 6.24865e-17 5.23226e-16 4.10063e-15 3.00841e-14 2.06603e-13 1.32784e-12 7.98354e-12 4.48777e-11 2.35685e-10 1.15535e-09 5.28126e-09 2.24865e-08 8.90774e-08 3.27932e-07 1.12082e-06 3.55396e-06 1.0452e-05 2.85229e-05 7.233e-05 0.000170887 0.000377589 0.000783944 0.00153664 0.00285466 0.00503763 0.00845331 0.0134992 0.0205464 0.0298752 0.0416006 0.0556079 0.0715223 0.0886759 0.106022 0.122125 0.135516 0.145323 0.151604 0.155106 0.156752 0.15722 0.156752 0.155106 0.151604 0.145323 0.135516 0.122125 0.106022 0.0886759 0.0715223 0.0556079 0.0416006 0.0298752 0.0205464 0.0134992 0.00845331 0.00503763 0.00285466 0.00153664 0.000783944 0.000377589 0.000170887 7.233e-05 2.85229e-05 1.0452e-05 3.55396e-06 1.12082e-06 3.27932e-07 8.90774e-08 2.24865e-08 5.28126e-09 1.15535e-09 2.35685e-10 4.48777e-11 7.98354e-12 1.32784e-12 2.06603e-13 3.00841e-14 4.10063e-15 5.23226e-16 6.24865e-17 6.98198e-18 7.29474e-19 7.1206e-20 6.48667e-21 5.50704e-22 4.34967e-23 3.18946e-24 2.16568e-25 1.3616e-26 
1.1113e-26 9.18261e-26 1.39159e-24 1.95979e-23 2.56303e-22 3.11951e-21 3.53988e-20 3.75059e-19 3.71473e-18 3.44245e-17 2.98683e-16 2.42746e-15 1.84842e-14 1.31879e-13 8.81493e-13 5.51814e-12 3.23358e-11 1.77257e-10 9.0823e-10 4.34543e-09 1.93924e-08 8.06228e-08 3.11852e-07 1.12082e-06 3.73847e-06 1.15608e-05 3.31255e-05 8.79542e-05 0.000216627 0.000496027 0.00105975 0.00212268 0.00400726 0.00716395 0.0121676 0.019666 0.0302776 0.0444733 0.0624764 0.0841743 0.109062 0.136265 0.164573 0.192375 0.21763 0.238319 0.253322 0.262869 0.26817 0.270655 0.271361 0.270655 0.26817 0.262869 0.253322 0.238319 0.21763 0.192375 0.164573 0.136265 0.109062 0.0841743 0.0624764 0.0444733 0.0302776 0.019666 0.0121676 0.00716395 0.00400726 0.00212268 0.00105975 0.000496027 0.000216627 8.79542e-05 3.31255e-05 1.15608e-05 3.73847e-06 1.12082e-06 3.11852e-07 8.06228e-08 1.93924e-08 4.34543e-09 9.0823e-10 1.77257e-10 3.23358e-11 5.51814e-12 8.81493e-13 1.31879e-13 1.84842e-14 2.42746e-15 2.98683e-16 3.44245e-17 3.71473e-18 3.75059e-19 3.53988e-20 3.11951e-21 2.56303e-22 1.95979e-23 1.39159e-24 9.18261e-26 
7.18327e-26 5.65951e-25 8.19895e-24 1.10729e-22 1.39207e-21 1.63217e-20 1.78747e-19 1.83069e-18 1.75519e-17 1.57646e-16 1.32716e-15 1.04757e-14 7.75386e-14 5.38159e-13 3.50156e-12 2.135e-11 1.2192e-10 6.51588e-10 3.25613e-09 1.51985e-08 6.61834e-08 2.68514e-07 1.01352e-06 3.55396e-06 1.15608e-05 3.48427e-05 9.72072e-05 0.000250966 0.000599956 0.00133046 0.00274594 0.00529955 0.00961864 0.0165099 0.0269159 0.0417833 0.0618501 0.0874465 0.118396 0.153984 0.192979 0.233772 0.274537 0.313218 0.347438 0.374962 0.39468 0.407128 0.414005 0.417218 0.418129 0.417218 0.414005 0.407128 0.39468 0.374962 0.347438 0.313218 0.274537 0.233772 0.192979 0.153984 0.118396 0.0874465 0.0618501 0.0417833 0.0269159 0.0165099 0.00961864 0.00529955 0.00274594 0.00133046 0.000599956 0.000250966 9.72072e-05 3.48427e-05 1.15608e-05 3.55396e-06 1.01352e-06 2.68514e-07 6.61834e-08 1.51985e-08 3.25613e-09 6.51588e-10 1.2192e-10 2.135e-11 3.50156e-12 5.38159e-13 7.75386e-14 1.04757e-14 1.32716e-15 1.57646e-16 1.75519e-17 1.83069e-18 1.78747e-19 1.63217e-20 1.39207e-21 1.10729e-22 8.19895e-24 5.65951e-25 
4.24631e-25 3.20088e-24 4.44582e-23 5.77241e-22 6.99141e-21 7.91149e-20 8.37531e-19 8.30313e-18 7.71486e-17 6.72226e-16 5.49505e-15 4.21488e-14 3.03367e-13 2.04861e-12 1.29755e-11 7.7048e-11 4.28639e-10 2.2324e-09 1.08738e-08 4.94812e-08 2.10082e-07 8.31028e-07 3.05809e-06 1.0452e-05 3.31255e-05 9.72072e-05 0.000263807 0.000661657 0.00153396 0.00329169 0.00655691 0.0121793 0.0212196 0.0348977 0.0544726 0.0809977 0.114974 0.156097 0.203261 0.254725 0.308307 0.361668 0.412593 0.459011 0.498803 0.530099 0.55219 0.566002 0.573587 0.577117 0.578116 0.577117 0.573587 0.566002 0.55219 0.530099 0.498803 0.459011 0.412593 0.361668 0.308307 0.254725 0.203261 0.156097 0.114974 0.0809977 0.0544726 0.0348977 0.0212196 0.0121793 0.00655691 0.00329169 0.00153396 0.000661657 0.000263807 9.72072e-05 3.31255e-05 1.0452e-05 3.05809e-06 8.31028e-07 2.10082e-07 4.94812e-08 1.08738e-08 2.2324e-09 4.28639e-10 7.7048e-11 1.29755e-11 2.04861e-12 3.03367e-13 4.21488e-14 5.49505e-15 6.72226e-16 7.71486e-17 8.30313e-18 8.37531e-19 7.91149e-20 6.99141e-21 5.77241e-22 4.44582e-23 3.20088e-24 
2.30394e-24 1.66671e-23 2.22537e-22 2.78434e-21 3.25555e-20 3.56191e-19 3.65064e-18 3.50794e-17 3.16232e-16 2.67562e-15 2.12529e-14 1.58499e-13 1.10972e-12 7.29252e-12 4.49624e-11 2.59952e-10 1.40833e-09 7.14357e-09 3.38908e-08 1.5021e-07 6.21138e-07 2.39281e-06 8.57349e-06 2.85229e-05 8.79542e-05 0.000250966 0.000661657 0.00161018 0.00361608 0.00750089 0.0144065 0.0257284 0.0429771 0.0676116 0.100838 0.143293 0.194622 0.253273 0.316754 0.38214 0.446484 0.507176 0.56221 0.610142 0.649752 0.68009 0.701127 0.714131 0.721221 0.724506 0.725434 0.724506 0.721221 0.714131 0.701127 0.68009 0.649752 0.610142 0.56221 0.507176 0.446484 0.38214 0.316754 0.253273 0.194622 0.143293 0.100838 0.0676116 0.0429771 0.0257284 0.0144065 0.00750089 0.00361608 0.00161018 0.000661657 0.000250966 8.79542e-05 2.85229e-05 8.57349e-06 2.39281e-06 6.21138e-07 1.5021e-07 3.38908e-08 7.14357e-09 1.40833e-09 2.59952e-10 4.49624e-11 7.29252e-12 1.10972e-12 1.58499e-13 2.12529e-14 2.67562e-15 3.16232e-16 3.50794e-17 3.65064e-18 3.56191e-19 3.25555e-20 2.78434e-21 2.22537e-22 1.66671e-23 
1.15037e-23 8.00911e-23 1.03055e-21 1.24528e-20 1.40837e-19 1.49245e-18 1.48321e-17 1.3833e-16 1.2113e-15 9.96174e-15 7.6953e-14 5.5835e-13 3.8045e-12 2.43362e-11 1.4607e-10 8.22152e-10 4.336e-09 2.14079e-08 9.88429e-08 4.26259e-07 1.7146e-06 6.42329e-06 2.23734e-05 7.233e-05 0.000216627 0.000599956 0.00153396 0.00361608 0.00785472 0.0157292 0.0290965 0.0499139 0.0798684 0.120075 0.170899 0.231752 0.300794 0.374896 0.450234 0.523145 0.590649 0.650698 0.702224 0.744923 0.778789 0.80395 0.821042 0.831467 0.837103 0.839701 0.840433 0.839701 0.837103 0.831467 0.821042 0.80395 0.778789 0.744923 0.702224 0.650698 0.590649 0.523145 0.450234 0.374896 0.300794 0.231752 0.170899 0.120075 0.0798684 0.0499139 0.0290965 0.0157292 0.00785472 0.00361608 0.00153396 0.000599956 0.000216627 7.233e-05 2.23734e-05 6.42329e-06 1.7146e-06 4.26259e-07 9.88429e-08 2.14079e-08 4.336e-09 8.22152e-10 1.4607e-10 2.43362e-11 3.8045e-12 5.5835e-13 7.6953e-14 9.96174e-15 1.2113e-15 1.3833e-16 1.48321e-17 1.49245e-18 1.40837e-19 1.24528e-20 1.03055e-21 8.00911e-23 
5.29503e-23 3.55725e-22 4.42144e-21 5.17088e-20 5.66762e-19 5.82725e-18 5.62424e-17 5.09829e-16 4.34199e-15 3.47476e-14 2.61295e-13 1.84603e-12 1.22494e-11 7.63066e-11 4.45991e-10 2.44394e-09 1.25453e-08 6.02642e-08 2.70604e-07 1.13437e-06 4.43304e-06 1.61252e-05 5.45048e-05 0.000170887 0.000496027 0.00133046 0.00329169 0.00750089 0.0157292 0.0303578 0.0540169 0.0889302 0.136242 0.195695 0.265758 0.343882 0.426559 0.509499 0.5884 0.659892 0.721958 0.773865 0.81589 0.848925 0.873987 0.89199 0.903937 0.911114 0.914956 0.916716 0.917211 0.916716 0.914956 0.911114 0.903937 0.89199 0.873987 0.848925 0.81589 0.773865 0.721958 0.659892 0.5884 0.509499 0.426559 0.343882 0.265758 0.195695 0.136242 0.0889302 0.0540169 0.0303578 0.0157292 0.00750089 0.00329169 0.00133046 0.000496027 0.000170887 5.45048e-05 1.61252e-05 4.43304e-06 1.13437e-06 2.70604e-07 6.02642e-08 1.25453e-08 2.44394e-09 4.45991e-10 7.63066e-11 1.22494e-11 1.84603e-12 2.61295e-13 3.47476e-14 4.34199e-15 5.09829e-16 5.62424e-17 5.82725e-18 5.66762e-19 5.17088e-20 4.42144e-21 3.55725e-22 
2.24927e-22 1.46169e-21 1.7589e-20 1.99493e-19 2.12305e-18 2.12154e-17 1.99176e-16 1.75742e-15 1.45764e-14 1.1365e-13 8.32859e-13 5.735e-12 3.70908e-11 2.25174e-10 1.28227e-09 6.84346e-09 3.41967e-08 1.59815e-07 6.97649e-07 2.84086e-06 1.07749e-05 3.80038e-05 0.000124439 0.000377589 0.00105975 0.00274594 0.00655691 0.0144065 0.0290965 0.0540169 0.0923125 0.145724 0.213708 0.293435 0.38065 0.47071 0.559089 0.641561 0.714729 0.776661 0.826974 0.866455 0.896558 0.918958 0.935171 0.9464 0.953661 0.957949 0.960219 0.961252 0.961541 0.961252 0.960219 0.957949 0.953661 0.9464 0.935171 0.918958 0.896558 0.866455 0.826974 0.776661 0.714729 0.641561 0.559089 0.47071 0.38065 0.293435 0.213708 0.145724 0.0923125 0.0540169 0.0290965 0.0144065 0.00655691 0.00274594 0.00105975 0.000377589 0.000124439 3.80038e-05 1.07749e-05 2.84086e-06 6.97649e-07 1.59815e-07 3.41967e-08 6.84346e-09 1.28227e-09 2.25174e-10 3.70908e-11 5.735e-12 8.32859e-13 1.1365e-13 1.45764e-14 1.75742e-15 1.99176e-16 2.12154e-17 2.12305e-18 1.99493e-19 1.7589e-20 1.46169e-21 
8.82499e-22 5.56013e-21 6.49105e-20 7.15362e-19 7.40505e-18 7.20384e-17 6.58882e-16 5.66704e-15 4.58386e-14 3.48647e-13 2.49289e-12 1.67495e-11 1.0569e-10 6.25882e-10 3.47538e-09 1.80771e-08 8.79796e-08 4.00139e-07 1.69829e-06 6.71628e-06 2.47096e-05 8.44279e-05 0.000267437 0.000783944 0.00212268 0.00529955 0.0121793 0.0257284 0.0499139 0.0889302 0.145724 0.220385 0.309433 0.406655 0.505077 0.59879 0.68362 0.756907 0.817356 0.865069 0.901302 0.927953 0.947068 0.960512 0.969777 0.975949 0.97983 0.982078 0.983253 0.983784 0.983931 0.983784 0.983253 0.982078 0.97983 0.975949 0.969777 0.960512 0.947068 0.927953 0.901302 0.865069 0.817356 0.756907 0.68362 0.59879 0.505077 0.406655 0.309433 0.220385 0.145724 0.0889302 0.0499139 0.0257284 0.0121793 0.00529955 0.00212268 0.000783944 0.000267437 8.44279e-05 2.47096e-05 6.71628e-06 1.69829e-06 4.00139e-07 8.79796e-08 1.80771e-08 3.47538e-09 6.25882e-10 1.0569e-10 1.67495e-11 2.49289e-12 3.48647e-13 4.58386e-14 5.66704e-15 6.58882e-16 7.20384e-17 7.40505e-18 7.15362e-19 6.49105e-20 5.56013e-21 
3.20076e-21 1.95925e-20 2.22334e-19 2.38516e-18 2.40556e-17 2.2818e-16 2.03618e-15 1.70953e-14 1.35029e-13 1.00314e-12 7.00672e-12 4.59883e-11 2.83437e-10 1.63896e-09 8.88284e-09 4.50714e-08 2.13821e-07 9.47055e-07 3.9101e-06 1.50229e-05 5.36154e-05 0.000177414 0.000543279 0.00153664 0.00400726 0.00961864 0.0212196 0.0429771 0.0798684 0.136242 0.213708 0.309433 0.416185 0.524515 0.625832 0.714545 0.788316 0.847048 0.891925 0.92489 0.94827 0.964378 0.975239 0.982451 0.987176 0.990197 0.992039 0.993084 0.993623 0.993864 0.99393 0.993864 0.993623 0.993084 0.992039 0.990197 0.987176 0.982451 0.975239 0.964378 0.94827 0.92489 0.891925 0.847048 0.788316 0.714545 0.625832 0.524515 0.416185 0.309433 0.213708 0.136242 0.0798684 0.0429771 0.0212196 0.00961864 0.00400726 0.00153664 0.000543279 0.000177414 5.36154e-05 1.50229e-05 3.9101e-06 9.47055e-07 2.13821e-07 4.50714e-08 8.88284e-09 1.63896e-09 2.83437e-10 4.59883e-11 7.00672e-12 1.00314e-12 1.35029e-13 1.70953e-14 2.03618e-15 2.2818e-16 2.40556e-17 2.38516e-18 2.22334e-19 1.95925e-20 
1.07418e-20 6.40063e-20 7.07305e-19 7.39852e-18 7.28141e-17 6.74432e-16 5.87998e-15 4.82521e-14 3.72632e-13 2.70716e-12 1.84927e-11 1.18699e-10 7.15308e-10 4.04309e-09 2.14096e-08 1.06073e-07 4.90978e-07 2.11968e-06 8.5203e-06 3.18259e-05 0.000110247 0.000353428 0.00104631 0.00285466 0.00716395 0.0165099 0.0348977 0.0676116 0.120075 0.195695 0.293435 0.406655 0.524515 0.635592 0.73153 0.808701 0.867494 0.910448 0.94072 0.961353 0.974995 0.983792 0.989363 0.992853 0.995023 0.996352 0.997136 0.997571 0.997792 0.997889 0.997916 0.997889 0.997792 0.997571 0.997136 0.996352 0.995023 0.992853 0.989363 0.983792 0.974995 0.961353 0.94072 0.910448 0.867494 0.808701 0.73153 0.635592 0.524515 0.406655 0.293435 0.195695 0.120075 0.0676116 0.0348977 0.0165099 0.00716395 0.00285466 0.00104631 0.000353428 0.000110247 3.18259e-05 8.5203e-06 2.11968e-06 4.90978e-07 1.06073e-07 2.14096e-08 4.04309e-09 7.15308e-10 1.18699e-10 1.84927e-11 2.70716e-12 3.72632e-13 4.82521e-14 5.87998e-15 6.74432e-16 7.28141e-17 7.39852e-18 7.07305e-19 6.40063e-20 
3.33896e-20 1.94027e-19 2.0915e-18 2.13656e-17 2.05497e-16 1.86122e-15 1.58747e-14 1.27488e-13 9.63747e-13 6.8547e-12 4.58434e-11 2.88064e-10 1.69909e-09 9.39661e-09 4.86625e-08 2.3564e-07 1.06517e-06 4.48655e-06 1.75737e-05 6.38757e-05 0.00021495 0.000668096 0.00191339 0.00503763 0.0121676 0.0269159 0.0544726 0.100838 0.170899 0.265758 0.38065 0.505077 0.625832 0.73153 0.815909 0.878304 0.921811 0.950882 0.969688 0.981526 0.9888 0.993181 0.995784 0.99732 0.998225 0.998755 0.999056 0.99922 0.999301 0.999337 0.999347 0.999337 0.999301 0.99922 0.999056 0.998755 0.998225 0.99732 0.995784 0.993181 0.9888 0.981526 0.969688 0.950882 0.921811 0.878304 0.815909 0.73153 0.625832 0.505077 0.38065 0.265758 0.170899 0.100838 0.0544726 0.0269159 0.0121676 0.00503763 0.00191339 0.000668096 0.00021495 6.38757e-05 1.75737e-05 4.48655e-06 1.06517e-06 2.3564e-07 4.86625e-08 9.39661e-09 1.69909e-09 2.88064e-10 4.58434e-11 6.8547e-12 9.63747e-13 1.27488e-13 1.58747e-14 1.86122e-15 2.05497e-16 2.13656e-17 2.0915e-18 1.94027e-19 
9.62077e-20 5.46183e-19 5.75276e-18 5.74816e-17 5.411e-16 4.79888e-15 4.00944e-14 3.15507e-13 2.33746e-12 1.62947e-11 1.06808e-10 6.57703e-10 3.8007e-09 2.05857e-08 1.04357e-07 4.94336e-07 2.18418e-06 8.98347e-06 3.43191e-05 0.000121487 0.000397487 0.00119887 0.00332439 0.00845331 0.019666 0.0417833 0.0809977 0.143293 0.231752 0.343882 0.47071 0.59879 0.714545 0.808701 0.878304 0.925722 0.956016 0.974498 0.985422 0.991736 0.995323 0.997333 0.99845 0.99907 0.999415 0.999608 0.999714 0.99977 0.999797 0.999809 0.999812 0.999809 0.999797 0.99977 0.999714 0.999608 0.999415 0.99907 0.99845 0.997333 0.995323 0.991736 0.985422 0.974498 0.956016 0.925722 0.878304 0.808701 0.714545 0.59879 0.47071 0.343882 0.231752 0.143293 0.0809977 0.0417833 0.019666 0.00845331 0.00332439 0.00119887 0.000397487 0.000121487 3.43191e-05 8.98347e-06 2.18418e-06 4.94336e-07 1.04357e-07 2.05857e-08 3.8007e-09 6.57703e-10 1.06808e-10 1.62947e-11 2.33746e-12 3.15507e-13 4.00944e-14 4.79888e-15 5.411e-16 5.74816e-17 5.75276e-18 5.46183e-19 
