0.00159218 0.00161305 0.00167587 0.00178123 0.00193011 0.00212386 0.00236414 0.00265295 0.0029925 0.00338526 0.00383381 0.00434082 0.00490899 0.00554097 0.00623924 0.00700611 0.00784355 0.00875317 0.0097361 0.0107929 0.0119236 0.0131275 0.014403 0.0157479 0.0171589 0.0186322 0.0201627 0.0217446 0.0233711 0.0250345 0.0267265 0.0284378 0.0301583 0.0318777 0.0335847 0.0352678 0.0369153 0.0385153 0.0400557 0.0415248 0.042911 0.0442032 0.0453908 0.0464639 0.0474134 0.0482313 0.0489105 0.049445 0.0498302 0.0500627 0.0501404 0.0500627 0.0498302 0.049445 0.0489105 0.0482313 0.0474134 0.0464639 0.0453908 0.0442032 0.042911 0.0415248 0.0400557 0.0385153 0.0369153 0.0352678 0.0335847 0.0318777 0.0301583 0.0284378 0.0267265 0.0250345 0.0233711 0.0217446 0.0201627 0.0186322 0.0171589 0.0157479 0.014403 0.0131275 0.0119236 0.0107929 0.0097361 0.00875317 0.00784355 0.00700611 0.00623924 0.00554097 0.00490899 0.00434082 0.00383381 0.00338526 0.0029925 0.00265295 0.00236414 0.00212386 0.00193011 0.00178123 0.00167587 0.00161305 
0.00161305 0.00163418 0.00169775 0.00180437 0.00195504 0.00215109 0.00239423 0.00268645 0.00303001 0.00342736 0.00388113 0.004394 0.0049687 0.00560788 0.00631407 0.00708955 0.00793633 0.00885601 0.00984974 0.0109181 0.012061 0.0132778 0.0145668 0.0159259 0.0173517 0.0188403 0.0203866 0.0219846 0.0236276 0.0253078 0.0270167 0.028745 0.0304825 0.0322186 0.0339422 0.0356416 0.037305 0.0389202 0.0404753 0.0419583 0.0433576 0.0446619 0.0458605 0.0469436 0.047902 0.0487274 0.0494129 0.0499523 0.0503411 0.0505757 0.0506541 0.0505757 0.0503411 0.0499523 0.0494129 0.0487274 0.047902 0.0469436 0.0458605 0.0446619 0.0433576 0.0419583 0.0404753 0.0389202 0.037305 0.0356416 0.0339422 0.0322186 0.0304825 0.028745 0.0270167 0.0253078 0.0236276 0.0219846 0.0203866 0.0188403 0.0173517 0.0159259 0.0145668 0.0132778 0.012061 0.0109181 0.00984974 0.00885601 0.00793633 0.00708955 0.00631407 0.00560788 0.0049687 0.004394 0.00388113 0.00342736 0.00303001 0.00268645 0.00239423 0.00215109 0.00195504 0.00180437 0.00169775 0.00163418 
0.00167587 0.00169775 0.00176359 0.00187402 0.00203003 0.00223304 0.00248476 0.00278725 0.00314283 0.003554 0.00402346 0.00455396 0.00514828 0.00580913 0.00653907 0.00734046 0.00821531 0.00916524 0.0101914 0.0112943 0.0124739 0.0137295 0.0150593 0.016461 0.0179312 0.0194657 0.0210593 0.0227059 0.0243984 0.0261289 0.0278886 0.0296678 0.0314563 0.033243 0.0350164 0.0367647 0.0384755 0.0401366 0.0417357 0.0432604 0.0446988 0.0460394 0.0472714 0.0483844 0.0493692 0.0502173 0.0509216 0.0514758 0.0518752 0.0521162 0.0521968 0.0521162 0.0518752 0.0514758 0.0509216 0.0502173 0.0493692 0.0483844 0.0472714 0.0460394 0.0446988 0.0432604 0.0417357 0.0401366 0.0384755 0.0367647 0.0350164 0.033243 0.0314563 0.0296678 0.0278886 0.0261289 0.0243984 0.0227059 0.0210593 0.0194657 0.0179312 0.016461 0.0150593 0.0137295 0.0124739 0.0112943 0.0101914 0.00916524 0.00821531 0.00734046 0.00653907 0.00580913 0.00514828 0.00455396 0.00402346 0.003554 0.00314283 0.00278725 0.00248476 0.00223304 0.00203003 0.00187402 0.00176359 0.00169775 
0.00178123 0.00180437 0.00187402 0.0019908 0.00215579 0.00237042 0.00263652 0.00295621 0.0033319 0.00376621 0.00426193 0.00482192 0.00544906 0.00614616 0.00691585 0.00776056 0.00868235 0.00968286 0.0107632 0.011924 0.013165 0.0144853 0.0158832 0.017356 0.0189003 0.0205115 0.0221842 0.0239119 0.0256871 0.0275016 0.0293461 0.0312104 0.0330838 0.0349548 0.0368114 0.0386411 0.0404312 0.0421688 0.0438411 0.0454353 0.046939 0.0483403 0.0496277 0.0507906 0.0518194 0.0527054 0.053441 0.0540198 0.0544369 0.0546887 0.0547728 0.0546887 0.0544369 0.0540198 0.053441 0.0527054 0.0518194 0.0507906 0.0496277 0.0483403 0.046939 0.0454353 0.0438411 0.0421688 0.0404312 0.0386411 0.0368114 0.0349548 0.0330838 0.0312104 0.0293461 0.0275016 0.0256871 0.0239119 0.0221842 0.0205115 0.0189003 0.017356 0.0158832 0.0144853 0.013165 0.011924 0.0107632 0.00968286 0.00868235 0.00776056 0.00691585 0.00614616 0.00544906 0.00482192 0.00426193 0.00376621 0.0033319 0.00295621 0.00263652 0.00237042 0.00215579 0.0019908 0.00187402 0.00180437 
0.00193011 0.00195504 0.00203003 0.00215579 0.00233341 0.00256445 0.0028508 0.00319472 0.00359875 0.00406566 0.00459837 0.0051999 0.00587325 0.00662137 0.00744702 0.0083527 0.00934053 0.0104122 0.0115688 0.0128108 0.0141381 0.0155494 0.017043 0.0186159 0.0202642 0.0219832 0.0237669 0.0256084 0.0274997 0.029432 0.0313953 0.033379 0.0353715 0.0373607 0.0393339 0.0412777 0.0431789 0.0450238 0.0467987 0.0484903 0.0500854 0.0515715 0.0529366 0.0541694 0.0552599 0.0561988 0.0569783 0.0575916 0.0580335 0.0583002 0.0583893 0.0583002 0.0580335 0.0575916 0.0569783 0.0561988 0.0552599 0.0541694 0.0529366 0.0515715 0.0500854 0.0484903 0.0467987 0.0450238 0.0431789 0.0412777 0.0393339 0.0373607 0.0353715 0.033379 0.0313953 0.029432 0.0274997 0.0256084 0.0237669 0.0219832 0.0202642 0.0186159 0.017043 0.0155494 0.0141381 0.0128108 0.0115688 0.0104122 0.00934053 0.0083527 0.00744702 0.00662137 0.00587325 0.0051999 0.00459837 0.00406566 0.00359875 0.00319472 0.0028508 0.00256445 0.00233341 0.00215579 0.00203003 0.00195504 
0.00212386 0.00215109 0.00223304 0.00237042 0.00256445 0.00281675 0.00312937 0.00350471 0.00394549 0.00445464 0.00503529 0.00569062 0.00642384 0.00723804 0.00813613 0.00912072 0.010194 0.0113577 0.0126129 0.0139601 0.0153988 0.0169278 0.018545 0.020247 0.0220297 0.0238878 0.0258147 0.027803 0.0298441 0.0319282 0.0340448 0.0361823 0.0383283 0.0404698 0.042593 0.0446839 0.046728 0.0487108 0.0506178 0.0524347 0.0541474 0.0557426 0.0572075 0.0585302 0.0596999 0.0607069 0.0615428 0.0622004 0.0626741 0.06296 0.0630556 0.06296 0.0626741 0.0622004 0.0615428 0.0607069 0.0596999 0.0585302 0.0572075 0.0557426 0.0541474 0.0524347 0.0506178 0.0487108 0.046728 0.0446839 0.042593 0.0404698 0.0383283 0.0361823 0.0340448 0.0319282 0.0298441 0.027803 0.0258147 0.0238878 0.0220297 0.020247 0.018545 0.0169278 0.0153988 0.0139601 0.0126129 0.0113577 0.010194 0.00912072 0.00813613 0.00723804 0.00642384 0.00569062 0.00503529 0.00445464 0.00394549 0.00350471 0.00312937 0.00281675 0.00256445 0.00237042 0.00223304 0.00215109 
0.00236414 0.00239423 0.00248476 0.00263652 0.0028508 0.00312937 0.00347442 0.00388856 0.0043747 0.00493599 0.00557579 0.0062975 0.00710455 0.00800022 0.00898759 0.0100694 0.0112479 0.012525 0.0139016 0.0153781 0.0169539 0.0186276 0.0203966 0.0222574 0.0242051 0.0262339 0.0283367 0.0305052 0.0327299 0.0350003 0.0373047 0.0396307 0.0419647 0.0442926 0.0465996 0.0488704 0.0510894 0.053241 0.0553095 0.0572796 0.059136 0.0608646 0.0624515 0.063884 0.0651506 0.0662407 0.0671454 0.0678571 0.0683698 0.0686792 0.0687826 0.0686792 0.0683698 0.0678571 0.0671454 0.0662407 0.0651506 0.063884 0.0624515 0.0608646 0.059136 0.0572796 0.0553095 0.053241 0.0510894 0.0488704 0.0465996 0.0442926 0.0419647 0.0396307 0.0373047 0.0350003 0.0327299 0.0305052 0.0283367 0.0262339 0.0242051 0.0222574 0.0203966 0.0186276 0.0169539 0.0153781 0.0139016 0.012525 0.0112479 0.0100694 0.00898759 0.00800022 0.00710455 0.0062975 0.00557579 0.00493599 0.0043747 0.00388856 0.00347442 0.00312937 0.0028508 0.00263652 0.00248476 0.00239423 
0.00265295 0.00268645 0.00278725 0.00295621 0.00319472 0.00350471 0.00388856 0.00434909 0.00488945 0.00551306 0.00622352 0.00702452 0.00791971 0.00891262 0.0100065 0.0112043 0.0125083 0.0139204 0.0154416 0.0170721 0.0188112 0.020657 0.0226067 0.0246561 0.0268 0.0290317 0.0313432 0.0337255 0.0361681 0.0386594 0.0411865 0.0437358 0.0462926 0.0488413 0.0513658 0.0538495 0.0562755 0.0586267 0.0608862 0.0630373 0.0650636 0.0669497 0.0686807 0.070243 0.0716239 0.0728122 0.0737982 0.0745737 0.0751323 0.0754693 0.075582 0.0754693 0.0751323 0.0745737 0.0737982 0.0728122 0.0716239 0.070243 0.0686807 0.0669497 0.0650636 0.0630373 0.0608862 0.0586267 0.0562755 0.0538495 0.0513658 0.0488413 0.0462926 0.0437358 0.0411865 0.0386594 0.0361681 0.0337255 0.0313432 0.0290317 0.0268 0.0246561 0.0226067 0.020657 0.0188112 0.0170721 0.0154416 0.0139204 0.0125083 0.0112043 0.0100065 0.00891262 0.00791971 0.00702452 0.00622352 0.00551306 0.00488945 0.00434909 0.00388856 0.00350471 0.00319472 0.00295621 0.00278725 0.00268645 
0.0029925 0.00303001 0.00314283 0.0033319 0.00359875 0.00394549 0.0043747 0.00488945 0.00549317 0.00618958 0.00698257 0.00787612 0.00887417 0.0099805 0.0111986 0.0125315 0.0139818 0.0155511 0.0172406 0.0190503 0.0209792 0.0230251 0.0251847 0.0274532 0.0298247 0.0322917 0.0348454 0.0374755 0.0401705 0.0429176 0.0457025 0.0485103 0.0513246 0.0541286 0.0569045 0.0596341 0.0622991 0.0648807 0.0673606 0.0697205 0.0719427 0.0740105 0.0759076 0.0776193 0.0791319 0.0804333 0.0815129 0.0823619 0.0829734 0.0833424 0.0834657 0.0833424 0.0829734 0.0823619 0.0815129 0.0804333 0.0791319 0.0776193 0.0759076 0.0740105 0.0719427 0.0697205 0.0673606 0.0648807 0.0622991 0.0596341 0.0569045 0.0541286 0.0513246 0.0485103 0.0457025 0.0429176 0.0401705 0.0374755 0.0348454 0.0322917 0.0298247 0.0274532 0.0251847 0.0230251 0.0209792 0.0190503 0.0172406 0.0155511 0.0139818 0.0125315 0.0111986 0.0099805 0.00887417 0.00787612 0.00698257 0.00618958 0.00549317 0.00488945 0.0043747 0.00394549 0.00359875 0.0033319 0.00314283 0.00303001 
0.00338526 0.00342736 0.003554 0.00376621 0.00406566 0.00445464 0.00493599 0.00551306 0.00618958 0.00696958 0.00785731 0.00885708 0.00997313 0.0112095 0.01257 0.0140577 0.0156753 0.0174247 0.0193067 0.0213212 0.023467 0.0257414 0.0281405 0.0306591 0.0332901 0.0360253 0.0388548 0.0417671 0.0447493 0.0477873 0.0508653 0.0539667 0.0570735 0.0601672 0.0632283 0.0662369 0.0691727 0.0720155 0.074745 0.0773414 0.0797854 0.0820587 0.0841438 0.0860245 0.087686 0.0891152 0.0903007 0.0912328 0.0919041 0.0923091 0.0924444 0.0923091 0.0919041 0.0912328 0.0903007 0.0891152 0.087686 0.0860245 0.0841438 0.0820587 0.0797854 0.0773414 0.074745 0.0720155 0.0691727 0.0662369 0.0632283 0.0601672 0.0570735 0.0539667 0.0508653 0.0477873 0.0447493 0.0417671 0.0388548 0.0360253 0.0332901 0.0306591 0.0281405 0.0257414 0.023467 0.0213212 0.0193067 0.0174247 0.0156753 0.0140577 0.01257 0.0112095 0.00997313 0.00885708 0.00785731 0.00696958 0.00618958 0.00551306 0.00493599 0.00445464 0.00406566 0.00376621 0.003554 0.00342736 
0.00383381 0.00388113 0.00402346 0.00426193 0.00459837 0.00503529 0.00557579 0.00622352 0.00698257 0.00785731 0.00885237 0.0099724 0.011222 0.0126055 0.0141269 0.0157896 0.0175963 0.0195489 0.0216481 0.0238936 0.0262838 0.0288156 0.0314844 0.0342842 0.0372071 0.0402437 0.0433829 0.0466119 0.0499163 0.0532804 0.0566868 0.0601171 0.0635514 0.0669693 0.0703493 0.0736697 0.0769081 0.0800425 0.0830506 0.0859108 0.0886023 0.0911047 0.0933993 0.0954683 0.0972958 0.0988674 0.100171 0.101195 0.101933 0.102378 0.102527 0.102378 0.101933 0.101195 0.100171 0.0988674 0.0972958 0.0954683 0.0933993 0.0911047 0.0886023 0.0859108 0.0830506 0.0800425 0.0769081 0.0736697 0.0703493 0.0669693 0.0635514 0.0601171 0.0566868 0.0532804 0.0499163 0.0466119 0.0433829 0.0402437 0.0372071 0.0342842 0.0314844 0.0288156 0.0262838 0.0238936 0.0216481 0.0195489 0.0175963 0.0157896 0.0141269 0.0126055 0.011222 0.0099724 0.00885237 0.00785731 0.00698257 0.00622352 0.00557579 0.00503529 0.00459837 0.00426193 0.00402346 0.00388113 
0.00434082 0.004394 0.00455396 0.00482192 0.0051999 0.00569062 0.0062975 0.00702452 0.00787612 0.00885708 0.0099724 0.0112271 0.0126262 0.0141744 0.0158758 0.017734 0.019752 0.0219313 0.0242729 0.026776 0.0294385 0.032257 0.035226 0.0383386 0.0415859 0.0449573 0.0484404 0.0520208 0.0556825 0.0594081 0.0631782 0.0669724 0.070769 0.0745452 0.0782777 0.0819423 0.0855149 0.0889709 0.0922863 0.0954374 0.0984014 0.101156 0.103681 0.105958 0.107968 0.109696 0.111129 0.112256 0.113067 0.113556 0.113719 0.113556 0.113067 0.112256 0.111129 0.109696 0.107968 0.105958 0.103681 0.101156 0.0984014 0.0954374 0.0922863 0.0889709 0.0855149 0.0819423 0.0782777 0.0745452 0.070769 0.0669724 0.0631782 0.0594081 0.0556825 0.0520208 0.0484404 0.0449573 0.0415859 0.0383386 0.035226 0.032257 0.0294385 0.026776 0.0242729 0.0219313 0.019752 0.017734 0.0158758 0.0141744 0.0126262 0.0112271 0.0099724 0.00885708 0.00787612 0.00702452 0.0062975 0.00569062 0.0051999 0.00482192 0.00455396 0.004394 
0.00490899 0.0049687 0.00514828 0.00544906 0.00587325 0.00642384 0.00710455 0.00791971 0.00887417 0.00997313 0.011222 0.0126262 0.0141912 0.0159218 0.0178227 0.0198975 0.0221492 0.0245795 0.0271889 0.0299765 0.0329397 0.0360744 0.0393743 0.0428315 0.046436 0.0501757 0.0540368 0.0580033 0.0620574 0.0661795 0.0703484 0.0745415 0.0787347 0.0829033 0.0870212 0.0910623 0.0949998 0.0988071 0.102458 0.105926 0.109188 0.112218 0.114994 0.117496 0.119705 0.121604 0.123178 0.124415 0.125306 0.125843 0.126022 0.125843 0.125306 0.124415 0.123178 0.121604 0.119705 0.117496 0.114994 0.112218 0.109188 0.105926 0.102458 0.0988071 0.0949998 0.0910623 0.0870212 0.0829033 0.0787347 0.0745415 0.0703484 0.0661795 0.0620574 0.0580033 0.0540368 0.0501757 0.046436 0.0428315 0.0393743 0.0360744 0.0329397 0.0299765 0.0271889 0.0245795 0.0221492 0.0198975 0.0178227 0.0159218 0.0141912 0.0126262 0.011222 0.00997313 0.00887417 0.00791971 0.00710455 0.00642384 0.00587325 0.00544906 0.00514828 0.0049687 
0.00554097 0.00560788 0.00580913 0.00614616 0.00662137 0.00723804 0.00800022 0.00891262 0.0099805 0.0112095 0.0126055 0.0141744 0.0159218 0.0178532 0.0199733 0.022286 0.0247943 0.0274999 0.030403 0.0335023 0.0367947 0.0402753 0.043937 0.0477707 0.0517651 0.0559067 0.06018 0.064567 0.0690482 0.0736017 0.0782041 0.0828305 0.0874544 0.0920485 0.0965844 0.101033 0.105366 0.109554 0.113567 0.117379 0.120961 0.124288 0.127336 0.130082 0.132506 0.134588 0.136315 0.137671 0.138647 0.139236 0.139433 0.139236 0.138647 0.137671 0.136315 0.134588 0.132506 0.130082 0.127336 0.124288 0.120961 0.117379 0.113567 0.109554 0.105366 0.101033 0.0965844 0.0920485 0.0874544 0.0828305 0.0782041 0.0736017 0.0690482 0.064567 0.06018 0.0559067 0.0517651 0.0477707 0.043937 0.0402753 0.0367947 0.0335023 0.030403 0.0274999 0.0247943 0.022286 0.0199733 0.0178532 0.0159218 0.0141744 0.0126055 0.0112095 0.0099805 0.00891262 0.00800022 0.00723804 0.00662137 0.00614616 0.00580913 0.00560788 
0.00623924 0.00631407 0.00653907 0.00691585 0.00744702 0.00813613 0.00898759 0.0100065 0.0111986 0.01257 0.0141269 0.0158758 0.0178227 0.0199733 0.0223327 0.0249049 0.0276929 0.0306982 0.033921 0.0373593 0.0410096 0.0448659 0.0489202 0.0531622 0.0575791 0.0621559 0.066875 0.0717168 0.0766593 0.0816785 0.0867486 0.0918421 0.0969299 0.101982 0.106968 0.111855 0.116612 0.121208 0.125611 0.12979 0.133717 0.137363 0.140701 0.143708 0.146361 0.148641 0.150529 0.152014 0.153082 0.153726 0.153941 0.153726 0.153082 0.152014 0.150529 0.148641 0.146361 0.143708 0.140701 0.137363 0.133717 0.12979 0.125611 0.121208 0.116612 0.111855 0.106968 0.101982 0.0969299 0.0918421 0.0867486 0.0816785 0.0766593 0.0717168 0.066875 0.0621559 0.0575791 0.0531622 0.0489202 0.0448659 0.0410096 0.0373593 0.033921 0.0306982 0.0276929 0.0249049 0.0223327 0.0199733 0.0178227 0.0158758 0.0141269 0.01257 0.0111986 0.0100065 0.00898759 0.00813613 0.00744702 0.00691585 0.00653907 0.00631407 
0.00700611 0.00708955 0.00734046 0.00776056 0.0083527 0.00912072 0.0100694 0.0112043 0.0125315 0.0140577 0.0157896 0.017734 0.0198975 0.022286 0.0249049 0.0277583 0.0308492 0.034179 0.0377474 0.0415521 0.0455886 0.0498503 0.0543278 0.0590096 0.0638813 0.068926 0.0741243 0.0794544 0.0848918 0.0904103 0.0959814 0.101575 0.107159 0.112701 0.118166 0.123521 0.128732 0.133763 0.13858 0.143151 0.147444 0.151428 0.155076 0.15836 0.161257 0.163745 0.165807 0.167426 0.168592 0.169295 0.16953 0.169295 0.168592 0.167426 0.165807 0.163745 0.161257 0.15836 0.155076 0.151428 0.147444 0.143151 0.13858 0.133763 0.128732 0.123521 0.118166 0.112701 0.107159 0.101575 0.0959814 0.0904103 0.0848918 0.0794544 0.0741243 0.068926 0.0638813 0.0590096 0.0543278 0.0498503 0.0455886 0.0415521 0.0377474 0.034179 0.0308492 0.0277583 0.0249049 0.022286 0.0198975 0.017734 0.0157896 0.0140577 0.0125315 0.0112043 0.0100694 0.00912072 0.0083527 0.00776056 0.00734046 0.00708955 
0.00784355 0.00793633 0.00821531 0.00868235 0.00934053 0.010194 0.0112479 0.0125083 0.0139818 0.0156753 0.0175963 0.019752 0.0221492 0.0247943 0.0276929 0.0308492 0.0342661 0.0379449 0.0418848 0.0460829 0.050534 0.0552303 0.0601613 0.0653139 0.0706719 0.0762167 0.0819267 0.0877776 0.0937428 0.0997931 0.105897 0.112022 0.118134 0.124195 0.13017 0.136021 0.141711 0.147203 0.152459 0.157444 0.162124 0.166466 0.17044 0.174016 0.17717 0.179879 0.182123 0.183885 0.185153 0.185918 0.186173 0.185918 0.185153 0.183885 0.182123 0.179879 0.17717 0.174016 0.17044 0.166466 0.162124 0.157444 0.152459 0.147203 0.141711 0.136021 0.13017 0.124195 0.118134 0.112022 0.105897 0.0997931 0.0937428 0.0877776 0.0819267 0.0762167 0.0706719 0.0653139 0.0601613 0.0552303 0.050534 0.0460829 0.0418848 0.0379449 0.0342661 0.0308492 0.0276929 0.0247943 0.0221492 0.019752 0.0175963 0.0156753 0.0139818 0.0125083 0.0112479 0.010194 0.00934053 0.00868235 0.00821531 0.00793633 
0.00875317 0.00885601 0.00916524 0.00968286 0.0104122 0.0113577 0.012525 0.0139204 0.0155511 0.0174247 0.0195489 0.0219313 0.0245795 0.0274999 0.0306982 0.034179 0.0379449 0.0419969 0.0463338 0.050952 0.0558454 0.061005 0.066419 0.0720726 0.0779479 0.0840239 0.090277 0.0966804 0.103205 0.109818 0.116486 0.123173 0.129841 0.136451 0.142963 0.149337 0.155532 0.161508 0.167225 0.172646 0.177732 0.182449 0.186764 0.190647 0.194071 0.19701 0.199445 0.201356 0.202732 0.203561 0.203838 0.203561 0.202732 0.201356 0.199445 0.19701 0.194071 0.190647 0.186764 0.182449 0.177732 0.172646 0.167225 0.161508 0.155532 0.149337 0.142963 0.136451 0.129841 0.123173 0.116486 0.109818 0.103205 0.0966804 0.090277 0.0840239 0.0779479 0.0720726 0.066419 0.061005 0.0558454 0.050952 0.0463338 0.0419969 0.0379449 0.034179 0.0306982 0.0274999 0.0245795 0.0219313 0.0195489 0.0174247 0.0155511 0.0139204 0.012525 0.0113577 0.0104122 0.00968286 0.00916524 0.00885601 
0.0097361 0.00984974 0.0101914 0.0107632 0.0115688 0.0126129 0.0139016 0.0154416 0.0172406 0.0193067 0.0216481 0.0242729 0.0271889 0.030403 0.033921 0.0377474 0.0418848 0.0463338 0.0510927 0.056157 0.0615197 0.0671706 0.0730962 0.0792799 0.0857021 0.0923394 0.0991657 0.106152 0.113265 0.120471 0.127732 0.135009 0.142262 0.149447 0.156522 0.163443 0.170167 0.176649 0.182848 0.188723 0.194233 0.199341 0.204013 0.208215 0.211919 0.215099 0.217731 0.219798 0.221286 0.222182 0.222482 0.222182 0.221286 0.219798 0.217731 0.215099 0.211919 0.208215 0.204013 0.199341 0.194233 0.188723 0.182848 0.176649 0.170167 0.163443 0.156522 0.149447 0.142262 0.135009 0.127732 0.120471 0.113265 0.106152 0.0991657 0.0923394 0.0857021 0.0792799 0.0730962 0.0671706 0.0615197 0.056157 0.0510927 0.0463338 0.0418848 0.0377474 0.033921 0.030403 0.0271889 0.0242729 0.0216481 0.0193067 0.0172406 0.0154416 0.0139016 0.0126129 0.0115688 0.0107632 0.0101914 0.00984974 
0.0107929 0.0109181 0.0112943 0.011924 0.0128108 0.0139601 0.0153781 0.0170721 0.0190503 0.0213212 0.0238936 0.026776 0.0299765 0.0335023 0.0373593 0.0415521 0.0460829 0.050952 0.056157 0.0616927 0.0675508 0.0737196 0.0801842 0.0869261 0.0939233 0.10115 0.108578 0.116175 0.123906 0.131732 0.139613 0.147507 0.15537 0.163155 0.170817 0.178307 0.185581 0.19259 0.199289 0.205635 0.211585 0.217099 0.222139 0.226672 0.230667 0.234094 0.236932 0.23916 0.240762 0.241728 0.242051 0.241728 0.240762 0.23916 0.236932 0.234094 0.230667 0.226672 0.222139 0.217099 0.211585 0.205635 0.199289 0.19259 0.185581 0.178307 0.170817 0.163155 0.15537 0.147507 0.139613 0.131732 0.123906 0.116175 0.108578 0.10115 0.0939233 0.0869261 0.0801842 0.0737196 0.0675508 0.0616927 0.056157 0.050952 0.0460829 0.0415521 0.0373593 0.0335023 0.0299765 0.026776 0.0238936 0.0213212 0.0190503 0.0170721 0.0153781 0.0139601 0.0128108 0.011924 0.0112943 0.0109181 
0.0119236 0.012061 0.0124739 0.013165 0.0141381 0.0153988 0.0169539 0.0188112 0.0209792 0.023467 0.0262838 0.0294385 0.0329397 0.0367947 0.0410096 0.0455886 0.050534 0.0558454 0.0615197 0.0675508 0.073929 0.0806412 0.0876708 0.0949972 0.102596 0.110439 0.118496 0.12673 0.135103 0.143575 0.152102 0.160637 0.169133 0.17754 0.18581 0.19389 0.201732 0.209285 0.216501 0.223333 0.229736 0.235668 0.241089 0.245962 0.250255 0.253938 0.256987 0.25938 0.261101 0.262138 0.262484 0.262138 0.261101 0.25938 0.256987 0.253938 0.250255 0.245962 0.241089 0.235668 0.229736 0.223333 0.216501 0.209285 0.201732 0.19389 0.18581 0.17754 0.169133 0.160637 0.152102 0.143575 0.135103 0.12673 0.118496 0.110439 0.102596 0.0949972 0.0876708 0.0806412 0.073929 0.0675508 0.0615197 0.0558454 0.050534 0.0455886 0.0410096 0.0367947 0.0329397 0.0294385 0.0262838 0.023467 0.0209792 0.0188112 0.0169539 0.0153988 0.0141381 0.013165 0.0124739 0.012061 
0.0131275 0.0132778 0.0137295 0.0144853 0.0155494 0.0169278 0.0186276 0.020657 0.0230251 0.0257414 0.0288156 0.032257 0.0360744 0.0402753 0.0448659 0.0498503 0.0552303 0.061005 0.0671706 0.0737196 0.0806412 0.0879207 0.0955395 0.103475 0.1117 0.120184 0.128893 0.137788 0.146829 0.15597 0.165164 0.174361 0.183511 0.19256 0.201456 0.210144 0.21857 0.226682 0.234429 0.24176 0.248628 0.254988 0.260798 0.26602 0.270618 0.274562 0.277826 0.280387 0.282229 0.283339 0.28371 0.283339 0.282229 0.280387 0.277826 0.274562 0.270618 0.26602 0.260798 0.254988 0.248628 0.24176 0.234429 0.226682 0.21857 0.210144 0.201456 0.19256 0.183511 0.174361 0.165164 0.15597 0.146829 0.137788 0.128893 0.120184 0.1117 0.103475 0.0955395 0.0879207 0.0806412 0.0737196 0.0671706 0.061005 0.0552303 0.0498503 0.0448659 0.0402753 0.0360744 0.032257 0.0288156 0.0257414 0.0230251 0.020657 0.0186276 0.0169278 0.0155494 0.0144853 0.0137295 0.0132778 
0.014403 0.0145668 0.0150593 0.0158832 0.017043 0.018545 0.0203966 0.0226067 0.0251847 0.0281405 0.0314844 0.035226 0.0393743 0.043937 0.0489202 0.0543278 0.0601613 0.066419 0.0730962 0.0801842 0.0876708 0.0955395 0.10377 0.112336 0.12121 0.130357 0.13974 0.149318 0.159047 0.168876 0.178757 0.188636 0.198457 0.208165 0.217703 0.227012 0.236037 0.244721 0.25301 0.26085 0.268192 0.274988 0.281194 0.28677 0.291678 0.295888 0.29937 0.302103 0.304068 0.305252 0.305647 0.305252 0.304068 0.302103 0.29937 0.295888 0.291678 0.28677 0.281194 0.274988 0.268192 0.26085 0.25301 0.244721 0.236037 0.227012 0.217703 0.208165 0.198457 0.188636 0.178757 0.168876 0.159047 0.149318 0.13974 0.130357 0.12121 0.112336 0.10377 0.0955395 0.0876708 0.0801842 0.0730962 0.066419 0.0601613 0.0543278 0.0489202 0.043937 0.0393743 0.035226 0.0314844 0.0281405 0.0251847 0.0226067 0.0203966 0.018545 0.017043 0.0158832 0.0150593 0.0145668 
0.0157479 0.0159259 0.016461 0.017356 0.0186159 0.020247 0.0222574 0.0246561 0.0274532 0.0306591 0.0342842 0.0383386 0.0428315 0.0477707 0.0531622 0.0590096 0.0653139 0.0720726 0.0792799 0.0869261 0.0949972 0.103475 0.112336 0.121554 0.131095 0.140925 0.151002 0.161282 0.171715 0.182251 0.192836 0.203411 0.213919 0.224299 0.234491 0.244434 0.254067 0.263333 0.272171 0.280528 0.288351 0.295588 0.302196 0.308129 0.313352 0.317829 0.321533 0.324438 0.326527 0.327786 0.328207 0.327786 0.326527 0.324438 0.321533 0.317829 0.313352 0.308129 0.302196 0.295588 0.288351 0.280528 0.272171 0.263333 0.254067 0.244434 0.234491 0.224299 0.213919 0.203411 0.192836 0.182251 0.171715 0.161282 0.151002 0.140925 0.131095 0.121554 0.112336 0.103475 0.0949972 0.0869261 0.0792799 0.0720726 0.0653139 0.0590096 0.0531622 0.0477707 0.0428315 0.0383386 0.0342842 0.0306591 0.0274532 0.0246561 0.0222574 0.020247 0.0186159 0.017356 0.016461 0.0159259 
0.0171589 0.0173517 0.0179312 0.0189003 0.0202642 0.0220297 0.0242051 0.0268 0.0298247 0.0332901 0.0372071 0.0415859 0.046436 0.0517651 0.0575791 0.0638813 0.0706719 0.0779479 0.0857021 0.0939233 0.102596 0.1117 0.12121 0.131095 0.141322 0.151851 0.162638 0.173634 0.184788 0.196044 0.207345 0.218629 0.229835 0.240897 0.251753 0.262338 0.272588 0.28244 0.291835 0.300713 0.30902 0.316703 0.323714 0.330008 0.335546 0.340293 0.344218 0.347298 0.349511 0.350845 0.35129 0.350845 0.349511 0.347298 0.344218 0.340293 0.335546 0.330008 0.323714 0.316703 0.30902 0.300713 0.291835 0.28244 0.272588 0.262338 0.251753 0.240897 0.229835 0.218629 0.207345 0.196044 0.184788 0.173634 0.162638 0.151851 0.141322 0.131095 0.12121 0.1117 0.102596 0.0939233 0.0857021 0.0779479 0.0706719 0.0638813 0.0575791 0.0517651 0.046436 0.0415859 0.0372071 0.0332901 0.0298247 0.0268 0.0242051 0.0220297 0.0202642 0.0189003 0.0179312 0.0173517 
0.0186322 0.0188403 0.0194657 0.0205115 0.0219832 0.0238878 0.0262339 0.0290317 0.0322917 0.0360253 0.0402437 0.0449573 0.0501757 0.0559067 0.0621559 0.068926 0.0762167 0.0840239 0.0923394 0.10115 0.110439 0.120184 0.130357 0.140925 0.151851 0.163092 0.174601 0.186326 0.198212 0.210199 0.222226 0.234228 0.246139 0.257891 0.269416 0.280648 0.291518 0.301961 0.311915 0.321316 0.330109 0.338238 0.345653 0.352308 0.358161 0.363177 0.367324 0.370577 0.372914 0.374323 0.374793 0.374323 0.372914 0.370577 0.367324 0.363177 0.358161 0.352308 0.345653 0.338238 0.330109 0.321316 0.311915 0.301961 0.291518 0.280648 0.269416 0.257891 0.246139 0.234228 0.222226 0.210199 0.198212 0.186326 0.174601 0.163092 0.151851 0.140925 0.130357 0.120184 0.110439 0.10115 0.0923394 0.0840239 0.0762167 0.068926 0.0621559 0.0559067 0.0501757 0.0449573 0.0402437 0.0360253 0.0322917 0.0290317 0.0262339 0.0238878 0.0219832 0.0205115 0.0194657 0.0188403 
0.0201627 0.0203866 0.0210593 0.0221842 0.0237669 0.0258147 0.0283367 0.0313432 0.0348454 0.0388548 0.0433829 0.0484404 0.0540368 0.06018 0.066875 0.0741243 0.0819267 0.090277 0.0991657 0.108578 0.118496 0.128893 0.13974 0.151002 0.162638 0.174601 0.186842 0.199304 0.21193 0.224655 0.237414 0.250139 0.262759 0.275204 0.287401 0.299281 0.310773 0.321807 0.332318 0.342242 0.351519 0.360093 0.36791 0.374924 0.381091 0.386374 0.390741 0.394165 0.396626 0.398109 0.398604 0.398109 0.396626 0.394165 0.390741 0.386374 0.381091 0.374924 0.36791 0.360093 0.351519 0.342242 0.332318 0.321807 0.310773 0.299281 0.287401 0.275204 0.262759 0.250139 0.237414 0.224655 0.21193 0.199304 0.186842 0.174601 0.162638 0.151002 0.13974 0.128893 0.118496 0.108578 0.0991657 0.090277 0.0819267 0.0741243 0.066875 0.06018 0.0540368 0.0484404 0.0433829 0.0388548 0.0348454 0.0313432 0.0283367 0.0258147 0.0237669 0.0221842 0.0210593 0.0203866 
0.0217446 0.0219846 0.0227059 0.0239119 0.0256084 0.027803 0.0305052 0.0337255 0.0374755 0.0417671 0.0466119 0.0520208 0.0580033 0.064567 0.0717168 0.0794544 0.0877776 0.0966804 0.106152 0.116175 0.12673 0.137788 0.149318 0.161282 0.173634 0.186326 0.199304 0.21251 0.225878 0.239345 0.252838 0.266287 0.279617 0.292755 0.305624 0.31815 0.33026 0.341883 0.352948 0.363391 0.373149 0.382162 0.390378 0.397746 0.404224 0.409771 0.414355 0.417949 0.420532 0.422088 0.422607 0.422088 0.420532 0.417949 0.414355 0.409771 0.404224 0.397746 0.390378 0.382162 0.373149 0.363391 0.352948 0.341883 0.33026 0.31815 0.305624 0.292755 0.279617 0.266287 0.252838 0.239345 0.225878 0.21251 0.199304 0.186326 0.173634 0.161282 0.149318 0.137788 0.12673 0.116175 0.106152 0.0966804 0.0877776 0.0794544 0.0717168 0.064567 0.0580033 0.0520208 0.0466119 0.0417671 0.0374755 0.0337255 0.0305052 0.027803 0.0256084 0.0239119 0.0227059 0.0219846 
0.0233711 0.0236276 0.0243984 0.0256871 0.0274997 0.0298441 0.0327299 0.0361681 0.0401705 0.0447493 0.0499163 0.0556825 0.0620574 0.0690482 0.0766593 0.0848918 0.0937428 0.103205 0.113265 0.123906 0.135103 0.146829 0.159047 0.171715 0.184788 0.198212 0.21193 0.225878 0.239991 0.254198 0.268424 0.282595 0.296633 0.310458 0.323994 0.337161 0.349885 0.362089 0.373703 0.384658 0.394889 0.404337 0.412945 0.420662 0.427444 0.433251 0.438049 0.441809 0.444511 0.446138 0.446682 0.446138 0.444511 0.441809 0.438049 0.433251 0.427444 0.420662 0.412945 0.404337 0.394889 0.384658 0.373703 0.362089 0.349885 0.337161 0.323994 0.310458 0.296633 0.282595 0.268424 0.254198 0.239991 0.225878 0.21193 0.198212 0.184788 0.171715 0.159047 0.146829 0.135103 0.123906 0.113265 0.103205 0.0937428 0.0848918 0.0766593 0.0690482 0.0620574 0.0556825 0.0499163 0.0447493 0.0401705 0.0361681 0.0327299 0.0298441 0.0274997 0.0256871 0.0243984 0.0236276 
0.0250345 0.0253078 0.0261289 0.0275016 0.029432 0.0319282 0.0350003 0.0386594 0.0429176 0.0477873 0.0532804 0.0594081 0.0661795 0.0736017 0.0816785 0.0904103 0.0997931 0.109818 0.120471 0.131732 0.143575 0.15597 0.168876 0.182251 0.196044 0.210199 0.224655 0.239345 0.254198 0.26914 0.284095 0.298981 0.313719 0.328226 0.34242 0.35622 0.369547 0.382324 0.394477 0.405935 0.416632 0.426504 0.435496 0.443555 0.450634 0.456695 0.4617 0.465623 0.468442 0.470139 0.470706 0.470139 0.468442 0.465623 0.4617 0.456695 0.450634 0.443555 0.435496 0.426504 0.416632 0.405935 0.394477 0.382324 0.369547 0.35622 0.34242 0.328226 0.313719 0.298981 0.284095 0.26914 0.254198 0.239345 0.224655 0.210199 0.196044 0.182251 0.168876 0.15597 0.143575 0.131732 0.120471 0.109818 0.0997931 0.0904103 0.0816785 0.0736017 0.0661795 0.0594081 0.0532804 0.0477873 0.0429176 0.0386594 0.0350003 0.0319282 0.029432 0.0275016 0.0261289 0.0253078 
0.0267265 0.0270167 0.0278886 0.0293461 0.0313953 0.0340448 0.0373047 0.0411865 0.0457025 0.0508653 0.0566868 0.0631782 0.0703484 0.0782041 0.0867486 0.0959814 0.105897 0.116486 0.127732 0.139613 0.152102 0.165164 0.178757 0.192836 0.207345 0.222226 0.237414 0.252838 0.268424 0.284095 0.299768 0.31536 0.330788 0.345964 0.360805 0.375227 0.389146 0.402484 0.415164 0.427113 0.438262 0.448549 0.457914 0.466305 0.473674 0.479981 0.485188 0.489269 0.4922 0.493965 0.494554 0.493965 0.4922 0.489269 0.485188 0.479981 0.473674 0.466305 0.457914 0.448549 0.438262 0.427113 0.415164 0.402484 0.389146 0.375227 0.360805 0.345964 0.330788 0.31536 0.299768 0.284095 0.268424 0.252838 0.237414 0.222226 0.207345 0.192836 0.178757 0.165164 0.152102 0.139613 0.127732 0.116486 0.105897 0.0959814 0.0867486 0.0782041 0.0703484 0.0631782 0.0566868 0.0508653 0.0457025 0.0411865 0.0373047 0.0340448 0.0313953 0.0293461 0.0278886 0.0270167 
0.0284378 0.028745 0.0296678 0.0312104 0.033379 0.0361823 0.0396307 0.0437358 0.0485103 0.0539667 0.0601171 0.0669724 0.0745415 0.0828305 0.0918421 0.101575 0.112022 0.123173 0.135009 0.147507 0.160637 0.174361 0.188636 0.203411 0.218629 0.234228 0.250139 0.266287 0.282595 0.298981 0.31536 0.331646 0.347749 0.363581 0.379054 0.394081 0.408578 0.422461 0.435653 0.448079 0.459669 0.470357 0.480084 0.488796 0.496444 0.502988 0.50839 0.512623 0.515662 0.517493 0.518104 0.517493 0.515662 0.512623 0.50839 0.502988 0.496444 0.488796 0.480084 0.470357 0.459669 0.448079 0.435653 0.422461 0.408578 0.394081 0.379054 0.363581 0.347749 0.331646 0.31536 0.298981 0.282595 0.266287 0.250139 0.234228 0.218629 0.203411 0.188636 0.174361 0.160637 0.147507 0.135009 0.123173 0.112022 0.101575 0.0918421 0.0828305 0.0745415 0.0669724 0.0601171 0.0539667 0.0485103 0.0437358 0.0396307 0.0361823 0.033379 0.0312104 0.0296678 0.028745 
0.0301583 0.0304825 0.0314563 0.0330838 0.0353715 0.0383283 0.0419647 0.0462926 0.0513246 0.0570735 0.0635514 0.070769 0.0787347 0.0874544 0.0969299 0.107159 0.118134 0.129841 0.142262 0.15537 0.169133 0.183511 0.198457 0.213919 0.229835 0.246139 0.262759 0.279617 0.296633 0.313719 0.330788 0.347749 0.36451 0.38098 0.397068 0.412683 0.427739 0.442151 0.455838 0.468724 0.480737 0.491812 0.501887 0.510907 0.518824 0.525595 0.531185 0.535563 0.538707 0.5406 0.541232 0.5406 0.538707 0.535563 0.531185 0.525595 0.518824 0.510907 0.501887 0.491812 0.480737 0.468724 0.455838 0.442151 0.427739 0.412683 0.397068 0.38098 0.36451 0.347749 0.330788 0.313719 0.296633 0.279617 0.262759 0.246139 0.229835 0.213919 0.198457 0.183511 0.169133 0.15537 0.142262 0.129841 0.118134 0.107159 0.0969299 0.0874544 0.0787347 0.070769 0.0635514 0.0570735 0.0513246 0.0462926 0.0419647 0.0383283 0.0353715 0.0330838 0.0314563 0.0304825 
0.0318777 0.0322186 0.033243 0.0349548 0.0373607 0.0404698 0.0442926 0.0488413 0.0541286 0.0601672 0.0669693 0.0745452 0.0829033 0.0920485 0.101982 0.112701 0.124195 0.136451 0.149447 0.163155 0.17754 0.19256 0.208165 0.224299 0.240897 0.257891 0.275204 0.292755 0.310458 0.328226 0.345964 0.363581 0.38098 0.398067 0.414749 0.430931 0.446526 0.461446 0.475609 0.488937 0.501357 0.512802 0.523209 0.532524 0.540698 0.547686 0.553454 0.55797 0.561213 0.563165 0.563817 0.563165 0.561213 0.55797 0.553454 0.547686 0.540698 0.532524 0.523209 0.512802 0.501357 0.488937 0.475609 0.461446 0.446526 0.430931 0.414749 0.398067 0.38098 0.363581 0.345964 0.328226 0.310458 0.292755 0.275204 0.257891 0.240897 0.224299 0.208165 0.19256 0.17754 0.163155 0.149447 0.136451 0.124195 0.112701 0.101982 0.0920485 0.0829033 0.0745452 0.0669693 0.0601672 0.0541286 0.0488413 0.0442926 0.0404698 0.0373607 0.0349548 0.033243 0.0322186 
0.0335847 0.0339422 0.0350164 0.0368114 0.0393339 0.042593 0.0465996 0.0513658 0.0569045 0.0632283 0.0703493 0.0782777 0.0870212 0.0965844 0.106968 0.118166 0.13017 0.142963 0.156522 0.170817 0.18581 0.201456 0.217703 0.234491 0.251753 0.269416 0.287401 0.305624 0.323994 0.34242 0.360805 0.379054 0.397068 0.414749 0.432 0.448727 0.464838 0.480244 0.494862 0.508611 0.521418 0.533215 0.543939 0.553534 0.56195 0.569145 0.575081 0.579729 0.583065 0.585074 0.585744 0.585074 0.583065 0.579729 0.575081 0.569145 0.56195 0.553534 0.543939 0.533215 0.521418 0.508611 0.494862 0.480244 0.464838 0.448727 0.432 0.414749 0.397068 0.379054 0.360805 0.34242 0.323994 0.305624 0.287401 0.269416 0.251753 0.234491 0.217703 0.201456 0.18581 0.170817 0.156522 0.142963 0.13017 0.118166 0.106968 0.0965844 0.0870212 0.0782777 0.0703493 0.0632283 0.0569045 0.0513658 0.0465996 0.042593 0.0393339 0.0368114 0.0350164 0.0339422 
0.0352678 0.0356416 0.0367647 0.0386411 0.0412777 0.0446839 0.0488704 0.0538495 0.0596341 0.0662369 0.0736697 0.0819423 0.0910623 0.101033 0.111855 0.123521 0.136021 0.149337 0.163443 0.178307 0.19389 0.210144 0.227012 0.244434 0.262338 0.280648 0.299281 0.31815 0.337161 0.35622 0.375227 0.394081 0.412683 0.430931 0.448727 0.465973 0.482575 0.498444 0.513493 0.527642 0.540816 0.552945 0.563968 0.573827 0.582472 0.58986 0.595955 0.600727 0.604151 0.606213 0.606901 0.606213 0.604151 0.600727 0.595955 0.58986 0.582472 0.573827 0.563968 0.552945 0.540816 0.527642 0.513493 0.498444 0.482575 0.465973 0.448727 0.430931 0.412683 0.394081 0.375227 0.35622 0.337161 0.31815 0.299281 0.280648 0.262338 0.244434 0.227012 0.210144 0.19389 0.178307 0.163443 0.149337 0.136021 0.123521 0.111855 0.101033 0.0910623 0.0819423 0.0736697 0.0662369 0.0596341 0.0538495 0.0488704 0.0446839 0.0412777 0.0386411 0.0367647 0.0356416 
0.0369153 0.037305 0.0384755 0.0404312 0.0431789 0.046728 0.0510894 0.0562755 0.0622991 0.0691727 0.0769081 0.0855149 0.0949998 0.105366 0.116612 0.128732 0.141711 0.155532 0.170167 0.185581 0.201732 0.21857 0.236037 0.254067 0.272588 0.291518 0.310773 0.33026 0.349885 0.369547 0.389146 0.408578 0.427739 0.446526 0.464838 0.482575 0.499642 0.515947 0.531403 0.545929 0.559447 0.57189 0.583193 0.593299 0.602159 0.609729 0.615972 0.620858 0.624365 0.626476 0.627181 0.626476 0.624365 0.620858 0.615972 0.609729 0.602159 0.593299 0.583193 0.57189 0.559447 0.545929 0.531403 0.515947 0.499642 0.482575 0.464838 0.446526 0.427739 0.408578 0.389146 0.369547 0.349885 0.33026 0.310773 0.291518 0.272588 0.254067 0.236037 0.21857 0.201732 0.185581 0.170167 0.155532 0.141711 0.128732 0.116612 0.105366 0.0949998 0.0855149 0.0769081 0.0691727 0.0622991 0.0562755 0.0510894 0.046728 0.0431789 0.0404312 0.0384755 0.037305 
0.0385153 0.0389202 0.0401366 0.0421688 0.0450238 0.0487108 0.053241 0.0586267 0.0648807 0.0720155 0.0800425 0.0889709 0.0988071 0.109554 0.121208 0.133763 0.147203 0.161508 0.176649 0.19259 0.209285 0.226682 0.244721 0.263333 0.28244 0.301961 0.321807 0.341883 0.362089 0.382324 0.402484 0.422461 0.442151 0.461446 0.480244 0.498444 0.515947 0.532661 0.548499 0.563376 0.577217 0.589952 0.601516 0.611852 0.620912 0.62865 0.63503 0.640024 0.643607 0.645763 0.646483 0.645763 0.643607 0.640024 0.63503 0.62865 0.620912 0.611852 0.601516 0.589952 0.577217 0.563376 0.548499 0.532661 0.515947 0.498444 0.480244 0.461446 0.442151 0.422461 0.402484 0.382324 0.362089 0.341883 0.321807 0.301961 0.28244 0.263333 0.244721 0.226682 0.209285 0.19259 0.176649 0.161508 0.147203 0.133763 0.121208 0.109554 0.0988071 0.0889709 0.0800425 0.0720155 0.0648807 0.0586267 0.053241 0.0487108 0.0450238 0.0421688 0.0401366 0.0389202 
0.0400557 0.0404753 0.0417357 0.0438411 0.0467987 0.0506178 0.0553095 0.0608862 0.0673606 0.074745 0.0830506 0.0922863 0.102458 0.113567 0.125611 0.13858 0.152459 0.167225 0.182848 0.199289 0.216501 0.234429 0.25301 0.272171 0.291835 0.311915 0.332318 0.352948 0.373703 0.394477 0.415164 0.435653 0.455838 0.475609 0.494862 0.513493 0.531403 0.548499 0.56469 0.579895 0.594035 0.607039 0.618845 0.629394 0.638637 0.646531 0.653038 0.65813 0.661784 0.663982 0.664716 0.663982 0.661784 0.65813 0.653038 0.646531 0.638637 0.629394 0.618845 0.607039 0.594035 0.579895 0.56469 0.548499 0.531403 0.513493 0.494862 0.475609 0.455838 0.435653 0.415164 0.394477 0.373703 0.352948 0.332318 0.311915 0.291835 0.272171 0.25301 0.234429 0.216501 0.199289 0.182848 0.167225 0.152459 0.13858 0.125611 0.113567 0.102458 0.0922863 0.0830506 0.074745 0.0673606 0.0608862 0.0553095 0.0506178 0.0467987 0.0438411 0.0417357 0.0404753 
0.0415248 0.0419583 0.0432604 0.0454353 0.0484903 0.0524347 0.0572796 0.0630373 0.0697205 0.0773414 0.0859108 0.0954374 0.105926 0.117379 0.12979 0.143151 0.157444 0.172646 0.188723 0.205635 0.223333 0.24176 0.26085 0.280528 0.300713 0.321316 0.342242 0.363391 0.384658 0.405935 0.427113 0.448079 0.468724 0.488937 0.508611 0.527642 0.545929 0.563376 0.579895 0.5954 0.609815 0.623068 0.635095 0.645839 0.655251 0.663286 0.66991 0.675092 0.678809 0.681046 0.681792 0.681046 0.678809 0.675092 0.66991 0.663286 0.655251 0.645839 0.635095 0.623068 0.609815 0.5954 0.579895 0.563376 0.545929 0.527642 0.508611 0.488937 0.468724 0.448079 0.427113 0.405935 0.384658 0.363391 0.342242 0.321316 0.300713 0.280528 0.26085 0.24176 0.223333 0.205635 0.188723 0.172646 0.157444 0.143151 0.12979 0.117379 0.105926 0.0954374 0.0859108 0.0773414 0.0697205 0.0630373 0.0572796 0.0524347 0.0484903 0.0454353 0.0432604 0.0419583 
0.042911 0.0433576 0.0446988 0.046939 0.0500854 0.0541474 0.059136 0.0650636 0.0719427 0.0797854 0.0886023 0.0984014 0.109188 0.120961 0.133717 0.147444 0.162124 0.177732 0.194233 0.211585 0.229736 0.248628 0.268192 0.288351 0.30902 0.330109 0.351519 0.373149 0.394889 0.416632 0.438262 0.459669 0.480737 0.501357 0.521418 0.540816 0.559447 0.577217 0.594035 0.609815 0.62448 0.637959 0.650188 0.661109 0.670674 0.678838 0.685566 0.690829 0.694604 0.696876 0.697634 0.696876 0.694604 0.690829 0.685566 0.678838 0.670674 0.661109 0.650188 0.637959 0.62448 0.609815 0.594035 0.577217 0.559447 0.540816 0.521418 0.501357 0.480737 0.459669 0.438262 0.416632 0.394889 0.373149 0.351519 0.330109 0.30902 0.288351 0.268192 0.248628 0.229736 0.211585 0.194233 0.177732 0.162124 0.147444 0.133717 0.120961 0.109188 0.0984014 0.0886023 0.0797854 0.0719427 0.0650636 0.059136 0.0541474 0.0500854 0.046939 0.0446988 0.0433576 
