2.89591e-32 1.09122e-31 7.62045e-31 5.18983e-30 3.39069e-29 2.12444e-28 1.27641e-27 7.35336e-27 4.06153e-26 2.15057e-25 1.09152e-24 5.30978e-24 2.47545e-23 1.10597e-22 4.73508e-22 1.94278e-21 7.63943e-21 2.87939e-20 1.04046e-19 3.60533e-19 1.19835e-18 3.82187e-18 1.16994e-17 3.43852e-17 9.70526e-17 2.63114e-16 6.85202e-16 1.71411e-15 4.11883e-15 9.50566e-15 2.10673e-14 4.48327e-14 9.15969e-14 1.79638e-13 3.38109e-13 6.10545e-13 1.05725e-12 1.75448e-12 2.78772e-12 4.23677e-12 6.15252e-12 8.52995e-12 1.12871e-11 1.42625e-11 1.72389e-11 1.99892e-11 2.23275e-11 2.41438e-11 2.54072e-11 2.614e-11 2.63788e-11 2.614e-11 2.54072e-11 2.41438e-11 2.23275e-11 1.99892e-11 1.72389e-11 1.42625e-11 1.12871e-11 8.52995e-12 6.15252e-12 4.23677e-12 2.78772e-12 1.75448e-12 1.05725e-12 6.10545e-13 3.38109e-13 1.79638e-13 9.15969e-14 4.48327e-14 2.10673e-14 9.50566e-15 4.11883e-15 1.71411e-15 6.85202e-16 2.63114e-16 9.70526e-17 3.43852e-17 1.16994e-17 3.82187e-18 1.19835e-18 3.60533e-19 1.04046e-19 2.87939e-20 7.63943e-21 1.94278e-21 4.73508e-22 1.10597e-22 2.47545e-23 5.30978e-24 1.09152e-24 2.15057e-25 4.06153e-26 7.35336e-27 1.27641e-27 2.12444e-28 3.39069e-29 5.18983e-30 7.62045e-31 1.09122e-31 
1.09122e-31 4.05055e-31 2.78483e-30 1.869e-29 1.20386e-28 7.4394e-28 4.41011e-27 2.50761e-26 1.36746e-25 7.15072e-25 3.58517e-24 1.72321e-23 7.93929e-23 3.50596e-22 1.48385e-21 6.01911e-21 2.34021e-20 8.72179e-20 3.11648e-19 1.06791e-18 3.51028e-18 1.10721e-17 3.3523e-17 9.74596e-17 2.72142e-16 7.30042e-16 1.88164e-15 4.65998e-15 1.10886e-14 2.535e-14 5.56726e-14 1.1744e-13 2.37928e-13 4.62884e-13 8.64596e-13 1.55005e-12 2.66613e-12 4.39694e-12 6.94693e-12 1.05047e-11 1.51873e-11 2.09768e-11 2.76708e-11 3.48781e-11 4.20761e-11 4.87204e-11 5.43669e-11 5.87525e-11 6.18037e-11 6.35742e-11 6.41512e-11 6.35742e-11 6.18037e-11 5.87525e-11 5.43669e-11 4.87204e-11 4.20761e-11 3.48781e-11 2.76708e-11 2.09768e-11 1.51873e-11 1.05047e-11 6.94693e-12 4.39694e-12 2.66613e-12 1.55005e-12 8.64596e-13 4.62884e-13 2.37928e-13 1.1744e-13 5.56726e-14 2.535e-14 1.10886e-14 4.65998e-15 1.88164e-15 7.30042e-16 2.72142e-16 9.74596e-17 3.3523e-17 1.10721e-17 3.51028e-18 1.06791e-18 3.11648e-19 8.72179e-20 2.34021e-20 6.01911e-21 1.48385e-21 3.50596e-22 7.93929e-23 1.72321e-23 3.58517e-24 7.15072e-25 1.36746e-25 2.50761e-26 4.41011e-27 7.4394e-28 1.20386e-28 1.869e-29 2.78483e-30 4.05055e-31 
7.62045e-31 2.78483e-30 1.88362e-29 1.24492e-28 7.90011e-28 4.8115e-27 2.81209e-26 1.57694e-25 8.48341e-25 4.37746e-24 2.1662e-23 1.02785e-22 4.67574e-22 2.03898e-21 8.52275e-21 3.41458e-20 1.31128e-19 4.82716e-19 1.70371e-18 5.76646e-18 1.87221e-17 5.83283e-17 1.74438e-16 5.0095e-16 1.38192e-15 3.66282e-15 9.32988e-15 2.28403e-14 5.37403e-14 1.2152e-13 2.64065e-13 5.5137e-13 1.10612e-12 2.13175e-12 3.94618e-12 7.01487e-12 1.19701e-11 1.95957e-11 3.07525e-11 4.62223e-11 6.64746e-11 9.14013e-11 1.20118e-10 1.50951e-10 1.81682e-10 2.10012e-10 2.34071e-10 2.52756e-10 2.65757e-10 2.73304e-10 2.75765e-10 2.73304e-10 2.65757e-10 2.52756e-10 2.34071e-10 2.10012e-10 1.81682e-10 1.50951e-10 1.20118e-10 9.14013e-11 6.64746e-11 4.62223e-11 3.07525e-11 1.95957e-11 1.19701e-11 7.01487e-12 3.94618e-12 2.13175e-12 1.10612e-12 5.5137e-13 2.64065e-13 1.2152e-13 5.37403e-14 2.28403e-14 9.32988e-15 3.66282e-15 1.38192e-15 5.0095e-16 1.74438e-16 5.83283e-17 1.87221e-17 5.76646e-18 1.70371e-18 4.82716e-19 1.31128e-19 3.41458e-20 8.52275e-21 2.03898e-21 4.67574e-22 1.02785e-22 2.1662e-23 4.37746e-24 8.48341e-25 1.57694e-25 2.81209e-26 4.8115e-27 7.90011e-28 1.24492e-28 1.88362e-29 2.78483e-30 
5.18983e-30 1.869e-29 1.24492e-28 8.11029e-28 5.07513e-27 3.04909e-26 1.75847e-25 9.7335e-25 5.17001e-24 2.63462e-23 1.28784e-22 6.03729e-22 2.71383e-21 1.16955e-20 4.8317e-20 1.91338e-19 7.26301e-19 2.64287e-18 9.22016e-18 3.08459e-17 9.89862e-17 3.04805e-16 9.00956e-16 2.55735e-15 6.97334e-15 1.82722e-14 4.60197e-14 1.11419e-13 2.59337e-13 5.803e-13 1.24824e-12 2.58087e-12 5.12888e-12 9.79548e-12 1.79771e-11 3.16969e-11 5.36744e-11 8.72469e-11 1.36036e-10 2.03283e-10 2.90865e-10 3.98193e-10 5.21404e-10 6.53332e-10 7.84562e-10 9.05382e-10 1.00791e-09 1.08752e-09 1.14291e-09 1.17508e-09 1.18557e-09 1.17508e-09 1.14291e-09 1.08752e-09 1.00791e-09 9.05382e-10 7.84562e-10 6.53332e-10 5.21404e-10 3.98193e-10 2.90865e-10 2.03283e-10 1.36036e-10 8.72469e-11 5.36744e-11 3.16969e-11 1.79771e-11 9.79548e-12 5.12888e-12 2.58087e-12 1.24824e-12 5.803e-13 2.59337e-13 1.11419e-13 4.60197e-14 1.82722e-14 6.97334e-15 2.55735e-15 9.00956e-16 3.04805e-16 9.89862e-17 3.08459e-17 9.22016e-18 2.64287e-18 7.26301e-19 1.91338e-19 4.8317e-20 1.16955e-20 2.71383e-21 6.03729e-22 1.28784e-22 2.63462e-23 5.17001e-24 9.7335e-25 1.75847e-25 3.04909e-26 5.07513e-27 8.11029e-28 1.24492e-28 1.869e-29 
3.39069e-29 1.20386e-28 7.90011e-28 5.07513e-27 3.13289e-26 1.85738e-25 1.05739e-24 5.77909e-24 3.0317e-23 1.52622e-22 7.37148e-22 3.41511e-21 1.51732e-20 6.4639e-20 2.63994e-19 1.03355e-18 3.87878e-18 1.39539e-17 4.81268e-17 1.59166e-16 5.04904e-16 1.53678e-15 4.48987e-15 1.25967e-14 3.39516e-14 8.79431e-14 2.18982e-13 5.24285e-13 1.20705e-12 2.67233e-12 5.68924e-12 1.16465e-11 2.29236e-11 4.33799e-11 7.89169e-11 1.37992e-10 2.31853e-10 3.74152e-10 5.7953e-10 8.60874e-10 1.22535e-09 1.67e-09 2.17859e-09 2.72162e-09 3.26063e-09 3.75619e-09 4.17637e-09 4.50248e-09 4.72942e-09 4.8612e-09 4.90418e-09 4.8612e-09 4.72942e-09 4.50248e-09 4.17637e-09 3.75619e-09 3.26063e-09 2.72162e-09 2.17859e-09 1.67e-09 1.22535e-09 8.60874e-10 5.7953e-10 3.74152e-10 2.31853e-10 1.37992e-10 7.89169e-11 4.33799e-11 2.29236e-11 1.16465e-11 5.68924e-12 2.67233e-12 1.20705e-12 5.24285e-13 2.18982e-13 8.79431e-14 3.39516e-14 1.25967e-14 4.48987e-15 1.53678e-15 5.04904e-16 1.59166e-16 4.81268e-17 1.39539e-17 3.87878e-18 1.03355e-18 2.63994e-19 6.4639e-20 1.51732e-20 3.41511e-21 7.37148e-22 1.52622e-22 3.0317e-23 5.77909e-24 1.05739e-24 1.85738e-25 3.13289e-26 5.07513e-27 7.90011e-28 1.20386e-28 
2.12444e-28 7.4394e-28 4.8115e-27 3.04909e-26 1.85738e-25 1.08699e-24 6.11026e-24 3.29839e-23 1.70943e-22 8.50351e-22 4.05916e-21 1.8589e-20 8.16501e-20 3.4391e-19 1.38881e-18 5.37649e-18 1.99516e-17 7.09716e-17 2.42022e-16 7.91344e-16 2.4816e-15 7.4663e-15 2.15608e-14 5.97871e-14 1.59268e-13 4.07765e-13 1.00371e-12 2.37592e-12 5.40945e-12 1.18469e-11 2.49571e-11 5.05717e-11 9.85664e-11 1.84774e-10 3.33127e-10 5.77543e-10 9.62624e-10 1.54189e-09 2.37199e-09 3.50195e-09 4.95771e-09 6.72544e-09 8.73969e-09 1.08839e-08 1.30075e-08 1.49568e-08 1.66081e-08 1.78891e-08 1.87804e-08 1.92981e-08 1.94669e-08 1.92981e-08 1.87804e-08 1.78891e-08 1.66081e-08 1.49568e-08 1.30075e-08 1.08839e-08 8.73969e-09 6.72544e-09 4.95771e-09 3.50195e-09 2.37199e-09 1.54189e-09 9.62624e-10 5.77543e-10 3.33127e-10 1.84774e-10 9.85664e-11 5.05717e-11 2.49571e-11 1.18469e-11 5.40945e-12 2.37592e-12 1.00371e-12 4.07765e-13 1.59268e-13 5.97871e-14 2.15608e-14 7.4663e-15 2.4816e-15 7.91344e-16 2.42022e-16 7.09716e-17 1.99516e-17 5.37649e-18 1.38881e-18 3.4391e-19 8.16501e-20 1.8589e-20 4.05916e-21 8.50351e-22 1.70943e-22 3.29839e-23 6.11026e-24 1.08699e-24 1.85738e-25 3.04909e-26 4.8115e-27 7.4394e-28 
1.27641e-27 4.41011e-27 2.81209e-26 1.75847e-25 1.05739e-24 6.11026e-24 3.39244e-23 1.80919e-22 9.26541e-22 4.55547e-21 2.14966e-20 9.73312e-20 4.22734e-19 1.7608e-18 7.03213e-18 2.69233e-17 9.88073e-17 3.47581e-16 1.17207e-15 3.78922e-15 1.17476e-14 3.49385e-14 9.97231e-14 2.73296e-13 7.19498e-13 1.82051e-12 4.42898e-12 1.03635e-11 2.33289e-11 5.05275e-11 1.053e-10 2.11156e-10 4.07422e-10 7.56392e-10 1.35112e-09 2.32192e-09 3.83815e-09 6.10058e-09 9.31888e-09 1.36708e-08 1.92454e-08 2.59817e-08 3.36268e-08 4.17394e-08 4.97551e-08 5.71006e-08 6.33162e-08 6.81351e-08 7.14874e-08 7.34342e-08 7.40691e-08 7.34342e-08 7.14874e-08 6.81351e-08 6.33162e-08 5.71006e-08 4.97551e-08 4.17394e-08 3.36268e-08 2.59817e-08 1.92454e-08 1.36708e-08 9.31888e-09 6.10058e-09 3.83815e-09 2.32192e-09 1.35112e-09 7.56392e-10 4.07422e-10 2.11156e-10 1.053e-10 5.05275e-11 2.33289e-11 1.03635e-11 4.42898e-12 1.82051e-12 7.19498e-13 2.73296e-13 9.97231e-14 3.49385e-14 1.17476e-14 3.78922e-15 1.17207e-15 3.47581e-16 9.88073e-17 2.69233e-17 7.03213e-18 1.7608e-18 4.22734e-19 9.73312e-20 2.14966e-20 4.55547e-21 9.26541e-22 1.80919e-22 3.39244e-23 6.11026e-24 1.05739e-24 1.75847e-25 2.81209e-26 4.41011e-27 
7.35336e-27 2.50761e-26 1.57694e-25 9.7335e-25 5.77909e-24 3.29839e-23 1.80919e-22 9.53441e-22 4.82619e-21 2.34578e-20 1.09449e-19 4.90051e-19 2.105e-18 8.67209e-18 3.4257e-17 1.29731e-16 4.70917e-16 1.63842e-15 5.4638e-15 1.74666e-14 5.3538e-14 1.574e-13 4.44037e-13 1.20261e-12 3.12859e-12 7.82218e-12 1.88048e-11 4.34859e-11 9.67596e-11 2.07199e-10 4.2705e-10 8.47198e-10 1.61778e-09 2.9736e-09 5.26112e-09 8.9595e-09 1.46838e-08 2.31537e-08 3.51097e-08 5.11661e-08 7.161e-08 9.61881e-08 1.23965e-07 1.53342e-07 1.82294e-07 2.08776e-07 2.31158e-07 2.48498e-07 2.60556e-07 2.67559e-07 2.69842e-07 2.67559e-07 2.60556e-07 2.48498e-07 2.31158e-07 2.08776e-07 1.82294e-07 1.53342e-07 1.23965e-07 9.61881e-08 7.161e-08 5.11661e-08 3.51097e-08 2.31537e-08 1.46838e-08 8.9595e-09 5.26112e-09 2.9736e-09 1.61778e-09 8.47198e-10 4.2705e-10 2.07199e-10 9.67596e-11 4.34859e-11 1.88048e-11 7.82218e-12 3.12859e-12 1.20261e-12 4.44037e-13 1.574e-13 5.3538e-14 1.74666e-14 5.4638e-15 1.63842e-15 4.70917e-16 1.29731e-16 3.4257e-17 8.67209e-18 2.105e-18 4.90051e-19 1.09449e-19 2.34578e-20 4.82619e-21 9.53441e-22 1.80919e-22 3.29839e-23 5.77909e-24 9.7335e-25 1.57694e-25 2.50761e-26 
4.06153e-26 1.36746e-25 8.48341e-25 5.17001e-24 3.0317e-23 1.70943e-22 9.26541e-22 4.82619e-21 2.4151e-20 1.16069e-19 5.3556e-19 2.37172e-18 1.00773e-17 4.10687e-17 1.6049e-16 6.01248e-16 2.15898e-15 7.43002e-15 2.45059e-14 7.74696e-14 2.34779e-13 6.82327e-13 1.90247e-12 5.09164e-12 1.30876e-11 3.23283e-11 7.67829e-11 1.75433e-10 3.85736e-10 8.16416e-10 1.6636e-09 3.26396e-09 6.1663e-09 1.12178e-08 1.9652e-08 3.3153e-08 5.38538e-08 8.42158e-08 1.26731e-07 1.83416e-07 2.55135e-07 3.40894e-07 4.37383e-07 5.39068e-07 6.39008e-07 7.30242e-07 8.07241e-07 8.66844e-07 9.08274e-07 9.32328e-07 9.40172e-07 9.32328e-07 9.08274e-07 8.66844e-07 8.07241e-07 7.30242e-07 6.39008e-07 5.39068e-07 4.37383e-07 3.40894e-07 2.55135e-07 1.83416e-07 1.26731e-07 8.42158e-08 5.38538e-08 3.3153e-08 1.9652e-08 1.12178e-08 6.1663e-09 3.26396e-09 1.6636e-09 8.16416e-10 3.85736e-10 1.75433e-10 7.67829e-11 3.23283e-11 1.30876e-11 5.09164e-12 1.90247e-12 6.82327e-13 2.34779e-13 7.74696e-14 2.45059e-14 7.43002e-15 2.15898e-15 6.01248e-16 1.6049e-16 4.10687e-17 1.00773e-17 2.37172e-18 5.3556e-19 1.16069e-19 2.4151e-20 4.82619e-21 9.26541e-22 1.70943e-22 3.0317e-23 5.17001e-24 8.48341e-25 1.36746e-25 
2.15057e-25 7.15072e-25 4.37746e-24 2.63462e-23 1.52622e-22 8.50351e-22 4.55547e-21 2.34578e-20 1.16069e-19 5.51664e-19 2.5177e-18 1.10294e-17 4.63618e-17 1.86933e-16 7.22756e-16 2.67892e-15 9.51693e-15 3.23996e-14 1.05698e-13 3.30446e-13 9.90182e-13 2.84473e-12 7.839e-12 2.07301e-11 5.26415e-11 1.28445e-10 3.01326e-10 6.80038e-10 1.47709e-09 3.08893e-09 6.22069e-09 1.2066e-08 2.25437e-08 4.05753e-08 7.03565e-08 1.17536e-07 1.89167e-07 2.93269e-07 4.37813e-07 6.29075e-07 8.69453e-07 1.15525e-06 1.47529e-06 1.81128e-06 2.14053e-06 2.44045e-06 2.69318e-06 2.88862e-06 3.02438e-06 3.10319e-06 3.12888e-06 3.10319e-06 3.02438e-06 2.88862e-06 2.69318e-06 2.44045e-06 2.14053e-06 1.81128e-06 1.47529e-06 1.15525e-06 8.69453e-07 6.29075e-07 4.37813e-07 2.93269e-07 1.89167e-07 1.17536e-07 7.03565e-08 4.05753e-08 2.25437e-08 1.2066e-08 6.22069e-09 3.08893e-09 1.47709e-09 6.80038e-10 3.01326e-10 1.28445e-10 5.26415e-11 2.07301e-11 7.839e-12 2.84473e-12 9.90182e-13 3.30446e-13 1.05698e-13 3.23996e-14 9.51693e-15 2.67892e-15 7.22756e-16 1.86933e-16 4.63618e-17 1.10294e-17 2.5177e-18 5.51664e-19 1.16069e-19 2.34578e-20 4.55547e-21 8.50351e-22 1.52622e-22 2.63462e-23 4.37746e-24 7.15072e-25 
1.09152e-24 3.58517e-24 2.1662e-23 1.28784e-22 7.37148e-22 4.05916e-21 2.14966e-20 1.09449e-19 5.3556e-19 2.5177e-18 1.13667e-17 4.92637e-17 2.0489e-16 8.17439e-16 3.12735e-15 1.14697e-14 4.03154e-14 1.35785e-13 4.3818e-13 1.35482e-12 4.01415e-12 1.14001e-11 3.1046e-11 8.11169e-11 2.0347e-10 4.90309e-10 1.13586e-09 2.53128e-09 5.42955e-09 1.12145e-08 2.23115e-08 4.27663e-08 7.89888e-08 1.40597e-07 2.41202e-07 3.98858e-07 6.3577e-07 9.76763e-07 1.44604e-06 2.06203e-06 2.83075e-06 3.73919e-06 4.75133e-06 5.8096e-06 6.84336e-06 7.78274e-06 8.57298e-06 9.18335e-06 9.60707e-06 9.85291e-06 9.93307e-06 9.85291e-06 9.60707e-06 9.18335e-06 8.57298e-06 7.78274e-06 6.84336e-06 5.8096e-06 4.75133e-06 3.73919e-06 2.83075e-06 2.06203e-06 1.44604e-06 9.76763e-07 6.3577e-07 3.98858e-07 2.41202e-07 1.40597e-07 7.89888e-08 4.27663e-08 2.23115e-08 1.12145e-08 5.42955e-09 2.53128e-09 1.13586e-09 4.90309e-10 2.0347e-10 8.11169e-11 3.1046e-11 1.14001e-11 4.01415e-12 1.35482e-12 4.3818e-13 1.35785e-13 4.03154e-14 1.14697e-14 3.12735e-15 8.17439e-16 2.0489e-16 4.92637e-17 1.13667e-17 2.5177e-18 5.3556e-19 1.09449e-19 2.14966e-20 4.05916e-21 7.37148e-22 1.28784e-22 2.1662e-23 3.58517e-24 
5.30978e-24 1.72321e-23 1.02785e-22 6.03729e-22 3.41511e-21 1.8589e-20 9.73312e-20 4.90051e-19 2.37172e-18 1.10294e-17 4.92637e-17 2.11259e-16 8.69438e-16 3.43258e-15 1.29956e-14 4.71643e-14 1.64038e-13 5.46626e-13 1.74497e-12 5.33613e-12 1.56331e-11 4.3888e-11 1.18113e-10 3.04878e-10 7.55292e-10 1.79713e-09 4.11011e-09 9.04177e-09 1.91454e-08 3.9041e-08 7.67003e-08 1.45218e-07 2.65024e-07 4.663e-07 7.91098e-07 1.29432e-06 2.04236e-06 3.10814e-06 4.56115e-06 6.45225e-06 8.79454e-06 1.15447e-05 1.45923e-05 1.77648e-05 2.08531e-05 2.3652e-05 2.60021e-05 2.78148e-05 2.90721e-05 2.98013e-05 3.00389e-05 2.98013e-05 2.90721e-05 2.78148e-05 2.60021e-05 2.3652e-05 2.08531e-05 1.77648e-05 1.45923e-05 1.15447e-05 8.79454e-06 6.45225e-06 4.56115e-06 3.10814e-06 2.04236e-06 1.29432e-06 7.91098e-07 4.663e-07 2.65024e-07 1.45218e-07 7.67003e-08 3.9041e-08 1.91454e-08 9.04177e-09 4.11011e-09 1.79713e-09 7.55292e-10 3.04878e-10 1.18113e-10 4.3888e-11 1.56331e-11 5.33613e-12 1.74497e-12 5.46626e-13 1.64038e-13 4.71643e-14 1.29956e-14 3.43258e-15 8.69438e-16 2.11259e-16 4.92637e-17 1.10294e-17 2.37172e-18 4.90051e-19 9.73312e-20 1.8589e-20 3.41511e-21 6.03729e-22 1.02785e-22 1.72321e-23 
2.47545e-23 7.93929e-23 4.67574e-22 2.71383e-21 1.51732e-20 8.16501e-20 4.22734e-19 2.105e-18 1.00773e-17 4.63618e-17 2.0489e-16 8.69438e-16 3.54095e-15 1.3835e-14 5.18364e-14 1.86174e-13 6.40747e-13 2.1126e-12 6.67156e-12 2.01783e-11 5.84533e-11 1.62213e-10 4.31387e-10 1.09996e-09 2.69092e-09 6.32078e-09 1.42674e-08 3.09729e-08 6.4716e-08 1.30231e-07 2.52528e-07 4.72027e-07 8.50763e-07 1.47889e-06 2.47992e-06 4.01234e-06 6.26443e-06 9.43876e-06 1.37235e-05 1.92498e-05 2.60399e-05 3.39571e-05 4.26796e-05 5.17164e-05 6.04804e-05 6.84004e-05 7.50358e-05 8.01463e-05 8.36874e-05 8.57396e-05 8.64084e-05 8.57396e-05 8.36874e-05 8.01463e-05 7.50358e-05 6.84004e-05 6.04804e-05 5.17164e-05 4.26796e-05 3.39571e-05 2.60399e-05 1.92498e-05 1.37235e-05 9.43876e-06 6.26443e-06 4.01234e-06 2.47992e-06 1.47889e-06 8.50763e-07 4.72027e-07 2.52528e-07 1.30231e-07 6.4716e-08 3.09729e-08 1.42674e-08 6.32078e-09 2.69092e-09 1.09996e-09 4.31387e-10 1.62213e-10 5.84533e-11 2.01783e-11 6.67156e-12 2.1126e-12 6.40747e-13 1.86174e-13 5.18364e-14 1.3835e-14 3.54095e-15 8.69438e-16 2.0489e-16 4.63618e-17 1.00773e-17 2.105e-18 4.22734e-19 8.16501e-20 1.51732e-20 2.71383e-21 4.67574e-22 7.93929e-23 
1.10597e-22 3.50596e-22 2.03898e-21 1.16955e-20 6.4639e-20 3.4391e-19 1.7608e-18 8.67209e-18 4.10687e-17 1.86933e-16 8.17439e-16 3.43258e-15 1.3835e-14 5.34972e-14 1.98373e-13 7.05093e-13 2.40138e-12 7.834e-12 2.44745e-11 7.32135e-11 2.09709e-10 5.75245e-10 1.5116e-09 3.807e-09 9.19548e-09 2.13184e-08 4.74798e-08 1.01679e-07 2.09554e-07 4.15947e-07 7.95665e-07 1.46752e-06 2.6107e-06 4.48107e-06 7.4229e-06 1.18697e-05 1.83263e-05 2.73235e-05 3.93399e-05 5.4689e-05 7.33861e-05 9.5025e-05 0.000118715 0.000143132 0.000166714 0.000187957 0.000205713 0.000219364 0.000228811 0.000234283 0.000236065 0.000234283 0.000228811 0.000219364 0.000205713 0.000187957 0.000166714 0.000143132 0.000118715 9.5025e-05 7.33861e-05 5.4689e-05 3.93399e-05 2.73235e-05 1.83263e-05 1.18697e-05 7.4229e-06 4.48107e-06 2.6107e-06 1.46752e-06 7.95665e-07 4.15947e-07 2.09554e-07 1.01679e-07 4.74798e-08 2.13184e-08 9.19548e-09 3.807e-09 1.5116e-09 5.75245e-10 2.09709e-10 7.32135e-11 2.44745e-11 7.834e-12 2.40138e-12 7.05093e-13 1.98373e-13 5.34972e-14 1.3835e-14 3.43258e-15 8.17439e-16 1.86933e-16 4.10687e-17 8.67209e-18 1.7608e-18 3.4391e-19 6.4639e-20 1.16955e-20 2.03898e-21 3.50596e-22 
4.73508e-22 1.48385e-21 8.52275e-21 4.8317e-20 2.63994e-19 1.38881e-18 7.03213e-18 3.4257e-17 1.6049e-16 7.22756e-16 3.12735e-15 1.29956e-14 5.18364e-14 1.98373e-13 7.27993e-13 2.56077e-12 8.63038e-12 2.78576e-11 8.60968e-11 2.54729e-10 7.21424e-10 1.95599e-09 5.07834e-09 1.26315e-08 3.01192e-08 6.89031e-08 1.51372e-07 3.19663e-07 6.4954e-07 1.27107e-06 2.39727e-06 4.36021e-06 7.65148e-06 1.29598e-05 2.11938e-05 3.34742e-05 5.10775e-05 7.53112e-05 0.000107312 0.000147766 0.00019659 0.000252641 0.000313585 0.000376048 0.000436103 0.000490011 0.000534947 0.000569428 0.000593258 0.000607047 0.000611537 0.000607047 0.000593258 0.000569428 0.000534947 0.000490011 0.000436103 0.000376048 0.000313585 0.000252641 0.00019659 0.000147766 0.000107312 7.53112e-05 5.10775e-05 3.34742e-05 2.11938e-05 1.29598e-05 7.65148e-06 4.36021e-06 2.39727e-06 1.27107e-06 6.4954e-07 3.19663e-07 1.51372e-07 6.89031e-08 3.01192e-08 1.26315e-08 5.07834e-09 1.95599e-09 7.21424e-10 2.54729e-10 8.60968e-11 2.78576e-11 8.63038e-12 2.56077e-12 7.27993e-13 1.98373e-13 5.18364e-14 1.29956e-14 3.12735e-15 7.22756e-16 1.6049e-16 3.4257e-17 7.03213e-18 1.38881e-18 2.63994e-19 4.8317e-20 8.52275e-21 1.48385e-21 
1.94278e-21 6.01911e-21 3.41458e-20 1.91338e-19 1.03355e-18 5.37649e-18 2.69233e-17 1.29731e-16 6.01248e-16 2.67892e-15 1.14697e-14 4.71643e-14 1.86174e-13 7.05093e-13 2.56077e-12 8.91411e-12 2.9728e-11 9.49407e-11 2.90263e-10 8.49328e-10 2.37823e-09 6.37293e-09 1.63465e-08 4.01506e-08 9.44945e-08 2.13265e-07 4.62011e-07 9.61754e-07 1.92587e-06 3.71351e-06 6.90127e-06 1.23703e-05 2.1399e-05 3.57418e-05 5.76643e-05 8.98981e-05 0.000135476 0.000197412 0.000278211 0.000379221 0.000499914 0.000637264 0.000785494 0.000936482 0.00108093 0.00121009 0.00131742 0.0013996 0.00145631 0.00148909 0.00149976 0.00148909 0.00145631 0.0013996 0.00131742 0.00121009 0.00108093 0.000936482 0.000785494 0.000637264 0.000499914 0.000379221 0.000278211 0.000197412 0.000135476 8.98981e-05 5.76643e-05 3.57418e-05 2.1399e-05 1.23703e-05 6.90127e-06 3.71351e-06 1.92587e-06 9.61754e-07 4.62011e-07 2.13265e-07 9.44945e-08 4.01506e-08 1.63465e-08 6.37293e-09 2.37823e-09 8.49328e-10 2.90263e-10 9.49407e-11 2.9728e-11 8.91411e-12 2.56077e-12 7.05093e-13 1.86174e-13 4.71643e-14 1.14697e-14 2.67892e-15 6.01248e-16 1.29731e-16 2.69233e-17 5.37649e-18 1.03355e-18 1.91338e-19 3.41458e-20 6.01911e-21 
7.63943e-21 2.34021e-20 1.31128e-19 7.26301e-19 3.87878e-18 1.99516e-17 9.88073e-17 4.70917e-16 2.15898e-15 9.51693e-15 4.03154e-14 1.64038e-13 6.40747e-13 2.40138e-12 8.63038e-12 2.9728e-11 9.80948e-11 3.09937e-10 9.3729e-10 2.71217e-09 7.508e-09 1.9883e-08 5.03794e-08 1.22179e-07 2.83766e-07 6.31673e-07 1.34903e-06 2.76715e-06 5.45814e-06 1.03647e-05 1.89684e-05 3.34848e-05 5.70591e-05 9.39113e-05 0.000149364 0.000229671 0.000341578 0.000491552 0.000684664 0.000923194 0.00120513 0.00152292 0.0018631 0.00220726 0.00253471 0.00282622 0.00306767 0.00325207 0.00337908 0.00345241 0.00347627 0.00345241 0.00337908 0.00325207 0.00306767 0.00282622 0.00253471 0.00220726 0.0018631 0.00152292 0.00120513 0.000923194 0.000684664 0.000491552 0.000341578 0.000229671 0.000149364 9.39113e-05 5.70591e-05 3.34848e-05 1.89684e-05 1.03647e-05 5.45814e-06 2.76715e-06 1.34903e-06 6.31673e-07 2.83766e-07 1.22179e-07 5.03794e-08 1.9883e-08 7.508e-09 2.71217e-09 9.3729e-10 3.09937e-10 9.80948e-11 2.9728e-11 8.63038e-12 2.40138e-12 6.40747e-13 1.64038e-13 4.03154e-14 9.51693e-15 2.15898e-15 4.70917e-16 9.88073e-17 1.99516e-17 3.87878e-18 7.26301e-19 1.31128e-19 2.34021e-20 
2.87939e-20 8.72179e-20 4.82716e-19 2.64287e-18 1.39539e-17 7.09716e-17 3.47581e-16 1.63842e-15 7.43002e-15 3.23996e-14 1.35785e-13 5.46626e-13 2.1126e-12 7.834e-12 2.78576e-11 9.49407e-11 3.09937e-10 9.68692e-10 2.89732e-09 8.28988e-09 2.26847e-08 5.93621e-08 1.48563e-07 3.55682e-07 8.15073e-07 1.78914e-06 3.76566e-06 7.60834e-06 1.47757e-05 2.76169e-05 4.97386e-05 8.64105e-05 0.000144936 0.000234874 0.000367967 0.00055762 0.000817807 0.00116134 0.0015975 0.00212928 0.00275044 0.00344335 0.00417845 0.00491661 0.00561465 0.00623308 0.00674338 0.00713198 0.0073991 0.00755311 0.00760318 0.00755311 0.0073991 0.00713198 0.00674338 0.00623308 0.00561465 0.00491661 0.00417845 0.00344335 0.00275044 0.00212928 0.0015975 0.00116134 0.000817807 0.00055762 0.000367967 0.000234874 0.000144936 8.64105e-05 4.97386e-05 2.76169e-05 1.47757e-05 7.60834e-06 3.76566e-06 1.78914e-06 8.15073e-07 3.55682e-07 1.48563e-07 5.93621e-08 2.26847e-08 8.28988e-09 2.89732e-09 9.68692e-10 3.09937e-10 9.49407e-11 2.78576e-11 7.834e-12 2.1126e-12 5.46626e-13 1.35785e-13 3.23996e-14 7.43002e-15 1.63842e-15 3.47581e-16 7.09716e-17 1.39539e-17 2.64287e-18 4.82716e-19 8.72179e-20 
1.04046e-19 3.11648e-19 1.70371e-18 9.22016e-18 4.81268e-17 2.42022e-16 1.17207e-15 5.4638e-15 2.45059e-14 1.05698e-13 4.3818e-13 1.74497e-12 6.67156e-12 2.44745e-11 8.60968e-11 2.90263e-10 9.3729e-10 2.89732e-09 8.56926e-09 2.424e-08 6.5558e-08 1.69492e-07 4.18898e-07 9.89909e-07 2.23775e-06 4.84256e-06 1.00417e-05 1.9977e-05 3.81796e-05 7.0198e-05 0.000124339 0.000212429 0.000350434 0.000558683 0.000861418 0.0012854 0.0018574 0.00260061 0.00353002 0.00464727 0.00593564 0.0073565 0.00884907 0.0103355 0.0117316 0.0129618 0.0139726 0.0147399 0.0152661 0.015569 0.0156674 0.015569 0.0152661 0.0147399 0.0139726 0.0129618 0.0117316 0.0103355 0.00884907 0.0073565 0.00593564 0.00464727 0.00353002 0.00260061 0.0018574 0.0012854 0.000861418 0.000558683 0.000350434 0.000212429 0.000124339 7.0198e-05 3.81796e-05 1.9977e-05 1.00417e-05 4.84256e-06 2.23775e-06 9.89909e-07 4.18898e-07 1.69492e-07 6.5558e-08 2.424e-08 8.56926e-09 2.89732e-09 9.3729e-10 2.90263e-10 8.60968e-11 2.44745e-11 6.67156e-12 1.74497e-12 4.3818e-13 1.05698e-13 2.45059e-14 5.4638e-15 1.17207e-15 2.42022e-16 4.81268e-17 9.22016e-18 1.70371e-18 3.11648e-19 
3.60533e-19 1.06791e-18 5.76646e-18 3.08459e-17 1.59166e-16 7.91344e-16 3.78922e-15 1.74666e-14 7.74696e-14 3.30446e-13 1.35482e-12 5.33613e-12 2.01783e-11 7.32135e-11 2.54729e-10 8.49328e-10 2.71217e-09 8.28988e-09 2.424e-08 6.77736e-08 1.81121e-07 4.62545e-07 1.12871e-06 2.63216e-06 5.86836e-06 1.25165e-05 2.55635e-05 5.00559e-05 9.41024e-05 0.000170106 0.000296124 0.00049715 0.00080594 0.00126293 0.00191474 0.0028108 0.00399816 0.00551447 0.0073798 0.009588 0.0120989 0.0148334 0.0176749 0.0204787 0.0230923 0.0253814 0.0272533 0.0286691 0.0296374 0.0301938 0.0303744 0.0301938 0.0296374 0.0286691 0.0272533 0.0253814 0.0230923 0.0204787 0.0176749 0.0148334 0.0120989 0.009588 0.0073798 0.00551447 0.00399816 0.0028108 0.00191474 0.00126293 0.00080594 0.00049715 0.000296124 0.000170106 9.41024e-05 5.00559e-05 2.55635e-05 1.25165e-05 5.86836e-06 2.63216e-06 1.12871e-06 4.62545e-07 1.81121e-07 6.77736e-08 2.424e-08 8.28988e-09 2.71217e-09 8.49328e-10 2.54729e-10 7.32135e-11 2.01783e-11 5.33613e-12 1.35482e-12 3.30446e-13 7.74696e-14 1.74666e-14 3.78922e-15 7.91344e-16 1.59166e-16 3.08459e-17 5.76646e-18 1.06791e-18 
1.19835e-18 3.51028e-18 1.87221e-17 9.89862e-17 5.04904e-16 2.4816e-15 1.17476e-14 5.3538e-14 2.34779e-13 9.90182e-13 4.01415e-12 1.56331e-11 5.84533e-11 2.09709e-10 7.21424e-10 2.37823e-09 7.508e-09 2.26847e-08 6.5558e-08 1.81121e-07 4.78162e-07 1.20588e-06 2.90463e-06 6.68279e-06 1.46905e-05 3.08737e-05 6.20867e-05 0.000119615 0.000221096 0.000392724 0.00067148 0.00110694 0.00176196 0.00271144 0.00403831 0.00582642 0.00815044 0.0110635 0.014584 0.0186826 0.0232719 0.0282017 0.0332628 0.0382059 0.042775 0.0467494 0.0499822 0.0524172 0.0540775 0.0550298 0.0553385 0.0550298 0.0540775 0.0524172 0.0499822 0.0467494 0.042775 0.0382059 0.0332628 0.0282017 0.0232719 0.0186826 0.014584 0.0110635 0.00815044 0.00582642 0.00403831 0.00271144 0.00176196 0.00110694 0.00067148 0.000392724 0.000221096 0.000119615 6.20867e-05 3.08737e-05 1.46905e-05 6.68279e-06 2.90463e-06 1.20588e-06 4.78162e-07 1.81121e-07 6.5558e-08 2.26847e-08 7.508e-09 2.37823e-09 7.21424e-10 2.09709e-10 5.84533e-11 1.56331e-11 4.01415e-12 9.90182e-13 2.34779e-13 5.3538e-14 1.17476e-14 2.4816e-15 5.04904e-16 9.89862e-17 1.87221e-17 3.51028e-18 
3.82187e-18 1.10721e-17 5.83283e-17 3.04805e-16 1.53678e-15 7.4663e-15 3.49385e-14 1.574e-13 6.82327e-13 2.84473e-12 1.14001e-11 4.3888e-11 1.62213e-10 5.75245e-10 1.95599e-09 6.37293e-09 1.9883e-08 5.93621e-08 1.69492e-07 4.62545e-07 1.20588e-06 3.00216e-06 7.13576e-06 1.61924e-05 3.50864e-05 7.26346e-05 0.000143776 0.000272438 0.000494908 0.000863356 0.00144895 0.0023437 0.00365989 0.00552587 0.00807712 0.0114424 0.0157261 0.0209886 0.0272272 0.0343595 0.0422128 0.0505215 0.0589385 0.0670662 0.0745079 0.0809318 0.0861255 0.0900192 0.0926652 0.0941793 0.0946696 0.0941793 0.0926652 0.0900192 0.0861255 0.0809318 0.0745079 0.0670662 0.0589385 0.0505215 0.0422128 0.0343595 0.0272272 0.0209886 0.0157261 0.0114424 0.00807712 0.00552587 0.00365989 0.0023437 0.00144895 0.000863356 0.000494908 0.000272438 0.000143776 7.26346e-05 3.50864e-05 1.61924e-05 7.13576e-06 3.00216e-06 1.20588e-06 4.62545e-07 1.69492e-07 5.93621e-08 1.9883e-08 6.37293e-09 1.95599e-09 5.75245e-10 1.62213e-10 4.3888e-11 1.14001e-11 2.84473e-12 6.82327e-13 1.574e-13 3.49385e-14 7.4663e-15 1.53678e-15 3.04805e-16 5.83283e-17 1.10721e-17 
1.16994e-17 3.3523e-17 1.74438e-16 9.00956e-16 4.48987e-15 2.15608e-14 9.97231e-14 4.44037e-13 1.90247e-12 7.839e-12 3.1046e-11 1.18113e-10 4.31387e-10 1.5116e-09 5.07834e-09 1.63465e-08 5.03794e-08 1.48563e-07 4.18898e-07 1.12871e-06 2.90463e-06 7.13576e-06 1.67301e-05 3.74292e-05 7.99157e-05 0.000162908 0.000317297 0.000591128 0.00105491 0.00180646 0.00297407 0.00471686 0.00722046 0.0106866 0.0153158 0.0212832 0.0287107 0.0376392 0.0480052 0.0596247 0.0721858 0.0852552 0.0983008 0.110739 0.122007 0.131651 0.139395 0.14517 0.149079 0.15131 0.152032 0.15131 0.149079 0.14517 0.139395 0.131651 0.122007 0.110739 0.0983008 0.0852552 0.0721858 0.0596247 0.0480052 0.0376392 0.0287107 0.0212832 0.0153158 0.0106866 0.00722046 0.00471686 0.00297407 0.00180646 0.00105491 0.000591128 0.000317297 0.000162908 7.99157e-05 3.74292e-05 1.67301e-05 7.13576e-06 2.90463e-06 1.12871e-06 4.18898e-07 1.48563e-07 5.03794e-08 1.63465e-08 5.07834e-09 1.5116e-09 4.31387e-10 1.18113e-10 3.1046e-11 7.839e-12 1.90247e-12 4.44037e-13 9.97231e-14 2.15608e-14 4.48987e-15 9.00956e-16 1.74438e-16 3.3523e-17 
3.43852e-17 9.74596e-17 5.0095e-16 2.55735e-15 1.25967e-14 5.97871e-14 2.73296e-13 1.20261e-12 5.09164e-12 2.07301e-11 8.11169e-11 3.04878e-10 1.09996e-09 3.807e-09 1.26315e-08 4.01506e-08 1.22179e-07 3.55682e-07 9.89909e-07 2.63216e-06 6.68279e-06 1.61924e-05 3.74292e-05 8.25218e-05 0.000173541 0.000348213 0.000667089 0.00122142 0.00214043 0.00359629 0.00580501 0.0090215 0.0135273 0.0196096 0.027531 0.0374927 0.0495959 0.0638081 0.0799405 0.0976397 0.116393 0.135551 0.154364 0.172049 0.187881 0.201301 0.211994 0.219921 0.225264 0.228304 0.229286 0.228304 0.225264 0.219921 0.211994 0.201301 0.187881 0.172049 0.154364 0.135551 0.116393 0.0976397 0.0799405 0.0638081 0.0495959 0.0374927 0.027531 0.0196096 0.0135273 0.0090215 0.00580501 0.00359629 0.00214043 0.00122142 0.000667089 0.000348213 0.000173541 8.25218e-05 3.74292e-05 1.61924e-05 6.68279e-06 2.63216e-06 9.89909e-07 3.55682e-07 1.22179e-07 4.01506e-08 1.26315e-08 3.807e-09 1.09996e-09 3.04878e-10 8.11169e-11 2.07301e-11 5.09164e-12 1.20261e-12 2.73296e-13 5.97871e-14 1.25967e-14 2.55735e-15 5.0095e-16 9.74596e-17 
9.70526e-17 2.72142e-16 1.38192e-15 6.97334e-15 3.39516e-14 1.59268e-13 7.19498e-13 3.12859e-12 1.30876e-11 5.26415e-11 2.0347e-10 7.55292e-10 2.69092e-09 9.19548e-09 3.01192e-08 9.44945e-08 2.83766e-07 8.15073e-07 2.23775e-06 5.86836e-06 1.46905e-05 3.50864e-05 7.99157e-05 0.000173541 0.000359272 0.000709244 0.00133586 0.00240287 0.00413322 0.00681078 0.0107735 0.0163968 0.0240673 0.0341461 0.0469238 0.0625715 0.0810953 0.102304 0.125799 0.150983 0.17709 0.203229 0.228438 0.251768 0.272379 0.289659 0.303309 0.313361 0.320103 0.323927 0.325159 0.323927 0.320103 0.313361 0.303309 0.289659 0.272379 0.251768 0.228438 0.203229 0.17709 0.150983 0.125799 0.102304 0.0810953 0.0625715 0.0469238 0.0341461 0.0240673 0.0163968 0.0107735 0.00681078 0.00413322 0.00240287 0.00133586 0.000709244 0.000359272 0.000173541 7.99157e-05 3.50864e-05 1.46905e-05 5.86836e-06 2.23775e-06 8.15073e-07 2.83766e-07 9.44945e-08 3.01192e-08 9.19548e-09 2.69092e-09 7.55292e-10 2.0347e-10 5.26415e-11 1.30876e-11 3.12859e-12 7.19498e-13 1.59268e-13 3.39516e-14 6.97334e-15 1.38192e-15 2.72142e-16 
2.63114e-16 7.30042e-16 3.66282e-15 1.82722e-14 8.79431e-14 4.07765e-13 1.82051e-12 7.82218e-12 3.23283e-11 1.28445e-10 4.90309e-10 1.79713e-09 6.32078e-09 2.13184e-08 6.89031e-08 2.13265e-07 6.31673e-07 1.78914e-06 4.84256e-06 1.25165e-05 3.08737e-05 7.26346e-05 0.000162908 0.000348213 0.000709244 0.00137675 0.00254818 0.00450078 0.00759602 0.0122707 0.0190132 0.0283256 0.0406767 0.0564475 0.075875 0.0989983 0.125618 0.155278 0.187283 0.220737 0.254605 0.287777 0.319141 0.347667 0.372499 0.393067 0.409156 0.420916 0.428758 0.43319 0.434616 0.43319 0.428758 0.420916 0.409156 0.393067 0.372499 0.347667 0.319141 0.287777 0.254605 0.220737 0.187283 0.155278 0.125618 0.0989983 0.075875 0.0564475 0.0406767 0.0283256 0.0190132 0.0122707 0.00759602 0.00450078 0.00254818 0.00137675 0.000709244 0.000348213 0.000162908 7.26346e-05 3.08737e-05 1.25165e-05 4.84256e-06 1.78914e-06 6.31673e-07 2.13265e-07 6.89031e-08 2.13184e-08 6.32078e-09 1.79713e-09 4.90309e-10 1.28445e-10 3.23283e-11 7.82218e-12 1.82051e-12 4.07765e-13 8.79431e-14 1.82722e-14 3.66282e-15 7.30042e-16 
6.85202e-16 1.88164e-15 9.32988e-15 4.60197e-14 2.18982e-13 1.00371e-12 4.42898e-12 1.88048e-11 7.67829e-11 3.01326e-10 1.13586e-09 4.11011e-09 1.42674e-08 4.74798e-08 1.51372e-07 4.62011e-07 1.34903e-06 3.76566e-06 1.00417e-05 2.55635e-05 6.20867e-05 0.000143776 0.000317297 0.000667089 0.00133586 0.00254818 0.0046319 0.0080294 0.01329 0.0210384 0.0319197 0.0465306 0.0653467 0.0886565 0.116506 0.148658 0.18458 0.223454 0.264233 0.305718 0.346652 0.385799 0.422019 0.454336 0.482012 0.504626 0.522125 0.534806 0.543211 0.54794 0.549459 0.54794 0.543211 0.534806 0.522125 0.504626 0.482012 0.454336 0.422019 0.385799 0.346652 0.305718 0.264233 0.223454 0.18458 0.148658 0.116506 0.0886565 0.0653467 0.0465306 0.0319197 0.0210384 0.01329 0.0080294 0.0046319 0.00254818 0.00133586 0.000667089 0.000317297 0.000143776 6.20867e-05 2.55635e-05 1.00417e-05 3.76566e-06 1.34903e-06 4.62011e-07 1.51372e-07 4.74798e-08 1.42674e-08 4.11011e-09 1.13586e-09 3.01326e-10 7.67829e-11 1.88048e-11 4.42898e-12 1.00371e-12 2.18982e-13 4.60197e-14 9.32988e-15 1.88164e-15 
1.71411e-15 4.65998e-15 2.28403e-14 1.11419e-13 5.24285e-13 2.37592e-12 1.03635e-11 4.34859e-11 1.75433e-10 6.80038e-10 2.53128e-09 9.04177e-09 3.09729e-08 1.01679e-07 3.19663e-07 9.61754e-07 2.76715e-06 7.60834e-06 1.9977e-05 5.00559e-05 0.000119615 0.000272438 0.000591128 0.00122142 0.00240287 0.00450078 0.0080294 0.0136528 0.022151 0.0343485 0.051012 0.072742 0.0998792 0.132444 0.17011 0.212207 0.257756 0.305531 0.35415 0.402194 0.448307 0.491283 0.530119 0.56405 0.592589 0.61556 0.633119 0.645725 0.65402 0.658667 0.660156 0.658667 0.65402 0.645725 0.633119 0.61556 0.592589 0.56405 0.530119 0.491283 0.448307 0.402194 0.35415 0.305531 0.257756 0.212207 0.17011 0.132444 0.0998792 0.072742 0.051012 0.0343485 0.022151 0.0136528 0.0080294 0.00450078 0.00240287 0.00122142 0.000591128 0.000272438 0.000119615 5.00559e-05 1.9977e-05 7.60834e-06 2.76715e-06 9.61754e-07 3.19663e-07 1.01679e-07 3.09729e-08 9.04177e-09 2.53128e-09 6.80038e-10 1.75433e-10 4.34859e-11 1.03635e-11 2.37592e-12 5.24285e-13 1.11419e-13 2.28403e-14 4.65998e-15 
4.11883e-15 1.10886e-14 5.37403e-14 2.59337e-13 1.20705e-12 5.40945e-12 2.33289e-11 9.67596e-11 3.85736e-10 1.47709e-09 5.42955e-09 1.91454e-08 6.4716e-08 2.09554e-07 6.4954e-07 1.92587e-06 5.45814e-06 1.47757e-05 3.81796e-05 9.41024e-05 0.000221096 0.000494908 0.00105491 0.00214043 0.00413322 0.00759602 0.01329 0.022151 0.03521 0.0534597 0.077693 0.108354 0.145441 0.18849 0.236609 0.28857 0.342904 0.398019 0.452321 0.504334 0.552799 0.59673 0.635427 0.668475 0.695726 0.717298 0.733568 0.745124 0.752671 0.756876 0.758219 0.756876 0.752671 0.745124 0.733568 0.717298 0.695726 0.668475 0.635427 0.59673 0.552799 0.504334 0.452321 0.398019 0.342904 0.28857 0.236609 0.18849 0.145441 0.108354 0.077693 0.0534597 0.03521 0.022151 0.01329 0.00759602 0.00413322 0.00214043 0.00105491 0.000494908 0.000221096 9.41024e-05 3.81796e-05 1.47757e-05 5.45814e-06 1.92587e-06 6.4954e-07 2.09554e-07 6.4716e-08 1.91454e-08 5.42955e-09 1.47709e-09 3.85736e-10 9.67596e-11 2.33289e-11 5.40945e-12 1.20705e-12 2.59337e-13 5.37403e-14 1.10886e-14 
9.50566e-15 2.535e-14 1.2152e-13 5.803e-13 2.67233e-12 1.18469e-11 5.05275e-11 2.07199e-10 8.16416e-10 3.08893e-09 1.12145e-08 3.9041e-08 1.30231e-07 4.15947e-07 1.27107e-06 3.71351e-06 1.03647e-05 2.76169e-05 7.0198e-05 0.000170106 0.000392724 0.000863356 0.00180646 0.00359629 0.00681078 0.0122707 0.0210384 0.0343485 0.0534597 0.0794415 0.112947 0.154041 0.202138 0.256069 0.314235 0.374804 0.435884 0.495674 0.55258 0.605305 0.652903 0.694782 0.730673 0.760575 0.784706 0.803463 0.8174 0.827186 0.83352 0.837029 0.838147 0.837029 0.83352 0.827186 0.8174 0.803463 0.784706 0.760575 0.730673 0.694782 0.652903 0.605305 0.55258 0.495674 0.435884 0.374804 0.314235 0.256069 0.202138 0.154041 0.112947 0.0794415 0.0534597 0.0343485 0.0210384 0.0122707 0.00681078 0.00359629 0.00180646 0.000863356 0.000392724 0.000170106 7.0198e-05 2.76169e-05 1.03647e-05 3.71351e-06 1.27107e-06 4.15947e-07 1.30231e-07 3.9041e-08 1.12145e-08 3.08893e-09 8.16416e-10 2.07199e-10 5.05275e-11 1.18469e-11 2.67233e-12 5.803e-13 1.2152e-13 2.535e-14 
2.10673e-14 5.56726e-14 2.64065e-13 1.24824e-12 5.68924e-12 2.49571e-11 1.053e-10 4.2705e-10 1.6636e-09 6.22069e-09 2.23115e-08 7.67003e-08 2.52528e-07 7.95665e-07 2.39727e-06 6.90127e-06 1.89684e-05 4.97386e-05 0.000124339 0.000296124 0.00067148 0.00144895 0.00297407 0.00580501 0.0107735 0.0190132 0.0319197 0.051012 0.077693 0.112947 0.157062 0.209468 0.268763 0.33292 0.399592 0.466424 0.531288 0.592425 0.648511 0.698667 0.742443 0.779755 0.810804 0.835994 0.85585 0.870981 0.882042 0.889708 0.894623 0.897328 0.898187 0.897328 0.894623 0.889708 0.882042 0.870981 0.85585 0.835994 0.810804 0.779755 0.742443 0.698667 0.648511 0.592425 0.531288 0.466424 0.399592 0.33292 0.268763 0.209468 0.157062 0.112947 0.077693 0.051012 0.0319197 0.0190132 0.0107735 0.00580501 0.00297407 0.00144895 0.00067148 0.000296124 0.000124339 4.97386e-05 1.89684e-05 6.90127e-06 2.39727e-06 7.95665e-07 2.52528e-07 7.67003e-08 2.23115e-08 6.22069e-09 1.6636e-09 4.2705e-10 1.053e-10 2.49571e-11 5.68924e-12 1.24824e-12 2.64065e-13 5.56726e-14 
4.48327e-14 1.1744e-13 5.5137e-13 2.58087e-12 1.16465e-11 5.05717e-11 2.11156e-10 8.47198e-10 3.26396e-09 1.2066e-08 4.27663e-08 1.45218e-07 4.72027e-07 1.46752e-06 4.36021e-06 1.23703e-05 3.34848e-05 8.64105e-05 0.000212429 0.00049715 0.00110694 0.0023437 0.00471686 0.0090215 0.0163968 0.0283256 0.0465306 0.072742 0.108354 0.154041 0.209468 0.273192 0.342841 0.415493 0.488154 0.55816 0.62343 0.682537 0.73468 0.779585 0.817393 0.848545 0.873666 0.893472 0.908695 0.920047 0.928199 0.933769 0.937302 0.939233 0.939844 0.939233 0.937302 0.933769 0.928199 0.920047 0.908695 0.893472 0.873666 0.848545 0.817393 0.779585 0.73468 0.682537 0.62343 0.55816 0.488154 0.415493 0.342841 0.273192 0.209468 0.154041 0.108354 0.072742 0.0465306 0.0283256 0.0163968 0.0090215 0.00471686 0.0023437 0.00110694 0.00049715 0.000212429 8.64105e-05 3.34848e-05 1.23703e-05 4.36021e-06 1.46752e-06 4.72027e-07 1.45218e-07 4.27663e-08 1.2066e-08 3.26396e-09 8.47198e-10 2.11156e-10 5.05717e-11 1.16465e-11 2.58087e-12 5.5137e-13 1.1744e-13 
9.15969e-14 2.37928e-13 1.10612e-12 5.12888e-12 2.29236e-11 9.85664e-11 4.07422e-10 1.61778e-09 6.1663e-09 2.25437e-08 7.89888e-08 2.65024e-07 8.50763e-07 2.6107e-06 7.65148e-06 2.1399e-05 5.70591e-05 0.000144936 0.000350434 0.00080594 0.00176196 0.00365989 0.00722046 0.0135273 0.0240673 0.0406767 0.0653467 0.0998792 0.145441 0.202138 0.268763 0.342841 0.420995 0.499536 0.575064 0.644921 0.707379 0.761611 0.807511 0.845485 0.876255 0.900708 0.919776 0.934356 0.945262 0.953206 0.9588 0.962564 0.964924 0.966203 0.966607 0.966203 0.964924 0.962564 0.9588 0.953206 0.945262 0.934356 0.919776 0.900708 0.876255 0.845485 0.807511 0.761611 0.707379 0.644921 0.575064 0.499536 0.420995 0.342841 0.268763 0.202138 0.145441 0.0998792 0.0653467 0.0406767 0.0240673 0.0135273 0.00722046 0.00365989 0.00176196 0.00080594 0.000350434 0.000144936 5.70591e-05 2.1399e-05 7.65148e-06 2.6107e-06 8.50763e-07 2.65024e-07 7.89888e-08 2.25437e-08 6.1663e-09 1.61778e-09 4.07422e-10 9.85664e-11 2.29236e-11 5.12888e-12 1.10612e-12 2.37928e-13 
1.79638e-13 4.62884e-13 2.13175e-12 9.79548e-12 4.33799e-11 1.84774e-10 7.56392e-10 2.9736e-09 1.12178e-08 4.05753e-08 1.40597e-07 4.663e-07 1.47889e-06 4.48107e-06 1.29598e-05 3.57418e-05 9.39113e-05 0.000234874 0.000558683 0.00126293 0.00271144 0.00552587 0.0106866 0.0196096 0.0341461 0.0564475 0.0886565 0.132444 0.18849 0.256069 0.33292 0.415493 0.499536 0.580858 0.656004 0.722663 0.779741 0.827171 0.865596 0.896058 0.919752 0.937868 0.951496 0.96158 0.968904 0.974106 0.977692 0.980065 0.981533 0.982322 0.98257 0.982322 0.981533 0.980065 0.977692 0.974106 0.968904 0.96158 0.951496 0.937868 0.919752 0.896058 0.865596 0.827171 0.779741 0.722663 0.656004 0.580858 0.499536 0.415493 0.33292 0.256069 0.18849 0.132444 0.0886565 0.0564475 0.0341461 0.0196096 0.0106866 0.00552587 0.00271144 0.00126293 0.000558683 0.000234874 9.39113e-05 3.57418e-05 1.29598e-05 4.48107e-06 1.47889e-06 4.663e-07 1.40597e-07 4.05753e-08 1.12178e-08 2.9736e-09 7.56392e-10 1.84774e-10 4.33799e-11 9.79548e-12 2.13175e-12 4.62884e-13 
3.38109e-13 8.64596e-13 3.94618e-12 1.79771e-11 7.89169e-11 3.33127e-10 1.35112e-09 5.26112e-09 1.9652e-08 7.03565e-08 2.41202e-07 7.91098e-07 2.47992e-06 7.4229e-06 2.11938e-05 5.76643e-05 0.000149364 0.000367967 0.000861418 0.00191474 0.00403831 0.00807712 0.0153158 0.027531 0.0469238 0.075875 0.116506 0.17011 0.236609 0.314235 0.399592 0.488154 0.575064 0.656004 0.727844 0.788926 0.838967 0.878701 0.909449 0.932747 0.950094 0.962818 0.972028 0.978605 0.983234 0.986432 0.988586 0.989985 0.990839 0.991294 0.991436 0.991294 0.990839 0.989985 0.988586 0.986432 0.983234 0.978605 0.972028 0.962818 0.950094 0.932747 0.909449 0.878701 0.838967 0.788926 0.727844 0.656004 0.575064 0.488154 0.399592 0.314235 0.236609 0.17011 0.116506 0.075875 0.0469238 0.027531 0.0153158 0.00807712 0.00403831 0.00191474 0.000861418 0.000367967 0.000149364 5.76643e-05 2.11938e-05 7.4229e-06 2.47992e-06 7.91098e-07 2.41202e-07 7.03565e-08 1.9652e-08 5.26112e-09 1.35112e-09 3.33127e-10 7.89169e-11 1.79771e-11 3.94618e-12 8.64596e-13 
