9.51833e-06 9.98124e-06 1.14003e-05 1.38676e-05 1.75389e-05 2.26383e-05 2.94634e-05 3.83913e-05 4.98867e-05 6.45087e-05 8.29182e-05 0.000105885 0.000134293 0.000169141 0.000211547 0.00026274 0.000324053 0.000396911 0.000482811 0.000583297 0.000699925 0.000834231 0.000987684 0.00116163 0.00135727 0.00157554 0.00181714 0.0020824 0.00237129 0.00268331 0.00301753 0.00337247 0.00374617 0.00413612 0.00453929 0.00495218 0.00537083 0.00579089 0.00620768 0.00661629 0.00701165 0.00738864 0.00774222 0.00806749 0.00835985 0.00861504 0.00882931 0.00899944 0.00912286 0.00919767 0.00922274 0.00919767 0.00912286 0.00899944 0.00882931 0.00861504 0.00835985 0.00806749 0.00774222 0.00738864 0.00701165 0.00661629 0.00620768 0.00579089 0.00537083 0.00495218 0.00453929 0.00413612 0.00374617 0.00337247 0.00301753 0.00268331 0.00237129 0.0020824 0.00181714 0.00157554 0.00135727 0.00116163 0.000987684 0.000834231 0.000699925 0.000583297 0.000482811 0.000396911 0.000324053 0.00026274 0.000211547 0.000169141 0.000134293 0.000105885 8.29182e-05 6.45087e-05 4.98867e-05 3.83913e-05 2.94634e-05 2.26383e-05 1.75389e-05 1.38676e-05 1.14003e-05 9.98124e-06 
9.98124e-06 1.04655e-05 1.19499e-05 1.45303e-05 1.83692e-05 2.37e-05 3.08324e-05 4.01593e-05 5.21639e-05 6.74278e-05 8.66382e-05 0.000110595 0.000140214 0.000176535 0.000220714 0.000274026 0.000337851 0.000413663 0.000503011 0.000607487 0.0007287 0.00086823 0.00102759 0.00120816 0.00141117 0.00163759 0.00188811 0.00216307 0.00246241 0.00278562 0.0031317 0.00349913 0.00388584 0.00428926 0.00470623 0.00513314 0.0055659 0.006 0.00643062 0.0068527 0.00726101 0.00765028 0.00801531 0.00835107 0.00865281 0.00891617 0.00913727 0.00931281 0.00944015 0.00951734 0.0095432 0.00951734 0.00944015 0.00931281 0.00913727 0.00891617 0.00865281 0.00835107 0.00801531 0.00765028 0.00726101 0.0068527 0.00643062 0.006 0.0055659 0.00513314 0.00470623 0.00428926 0.00388584 0.00349913 0.0031317 0.00278562 0.00246241 0.00216307 0.00188811 0.00163759 0.00141117 0.00120816 0.00102759 0.00086823 0.0007287 0.000607487 0.000503011 0.000413663 0.000337851 0.000274026 0.000220714 0.000176535 0.000140214 0.000110595 8.66382e-05 6.74278e-05 5.21639e-05 4.01593e-05 3.08324e-05 2.37e-05 1.83692e-05 1.45303e-05 1.19499e-05 1.04655e-05 
1.14003e-05 1.19499e-05 1.36342e-05 1.65609e-05 2.09125e-05 2.69508e-05 3.50231e-05 4.55695e-05 5.91305e-05 7.63559e-05 9.80121e-05 0.00012499 0.000158309 0.000199122 0.000248711 0.000308485 0.00037997 0.000464787 0.000564639 0.000681271 0.000816441 0.000971872 0.0011492 0.00134994 0.00157537 0.00182655 0.00210418 0.00240861 0.00273971 0.00309688 0.00347897 0.00388428 0.0043105 0.00475476 0.0052136 0.00568301 0.00615851 0.00663516 0.0071077 0.00757058 0.00801811 0.00844457 0.00884428 0.00921179 0.00954194 0.00983 0.0100718 0.0102637 0.0104029 0.0104873 0.0105155 0.0104873 0.0104029 0.0102637 0.0100718 0.00983 0.00954194 0.00921179 0.00884428 0.00844457 0.00801811 0.00757058 0.0071077 0.00663516 0.00615851 0.00568301 0.0052136 0.00475476 0.0043105 0.00388428 0.00347897 0.00309688 0.00273971 0.00240861 0.00210418 0.00182655 0.00157537 0.00134994 0.0011492 0.000971872 0.000816441 0.000681271 0.000564639 0.000464787 0.00037997 0.000308485 0.000248711 0.000199122 0.000158309 0.00012499 9.80121e-05 7.63559e-05 5.91305e-05 4.55695e-05 3.50231e-05 2.69508e-05 2.09125e-05 1.65609e-05 1.36342e-05 1.19499e-05 
1.38676e-05 1.45303e-05 1.65609e-05 2.00874e-05 2.53265e-05 3.25894e-05 4.22879e-05 5.49431e-05 7.1194e-05 9.18074e-05 0.000117686 0.000149877 0.000189575 0.00023813 0.000297036 0.000367934 0.000452593 0.000552891 0.000670788 0.000808292 0.000967411 0.00115011 0.00135824 0.0015935 0.00185732 0.00215085 0.00247485 0.00282962 0.00321496 0.00363009 0.00407361 0.0045435 0.00503704 0.00555086 0.00608095 0.00662268 0.00717086 0.00771985 0.0082636 0.00879579 0.00930993 0.00979949 0.0102581 0.0106794 0.0110578 0.0113877 0.0116645 0.0118842 0.0120435 0.01214 0.0121724 0.01214 0.0120435 0.0118842 0.0116645 0.0113877 0.0110578 0.0106794 0.0102581 0.00979949 0.00930993 0.00879579 0.0082636 0.00771985 0.00717086 0.00662268 0.00608095 0.00555086 0.00503704 0.0045435 0.00407361 0.00363009 0.00321496 0.00282962 0.00247485 0.00215085 0.00185732 0.0015935 0.00135824 0.00115011 0.000967411 0.000808292 0.000670788 0.000552891 0.000452593 0.000367934 0.000297036 0.00023813 0.000189575 0.000149877 0.000117686 9.18074e-05 7.1194e-05 5.49431e-05 4.22879e-05 3.25894e-05 2.53265e-05 2.00874e-05 1.65609e-05 1.45303e-05 
1.75389e-05 1.83692e-05 2.09125e-05 2.53265e-05 3.18788e-05 4.09524e-05 5.30537e-05 6.88226e-05 8.90424e-05 0.000114651 0.00014675 0.000186613 0.000235693 0.000295622 0.000368207 0.000455421 0.000559387 0.000682351 0.000826647 0.000994655 0.00118875 0.00141123 0.00166426 0.00194979 0.00226947 0.00262458 0.00301592 0.00344376 0.00390774 0.00440685 0.00493931 0.00550262 0.00609346 0.00670776 0.00734069 0.00798672 0.00863968 0.00929287 0.00993914 0.010571 0.011181 0.0117612 0.0123043 0.0128031 0.0132506 0.0136406 0.0139678 0.0142273 0.0144154 0.0145294 0.0145675 0.0145294 0.0144154 0.0142273 0.0139678 0.0136406 0.0132506 0.0128031 0.0123043 0.0117612 0.011181 0.010571 0.00993914 0.00929287 0.00863968 0.00798672 0.00734069 0.00670776 0.00609346 0.00550262 0.00493931 0.00440685 0.00390774 0.00344376 0.00301592 0.00262458 0.00226947 0.00194979 0.00166426 0.00141123 0.00118875 0.000994655 0.000826647 0.000682351 0.000559387 0.000455421 0.000368207 0.000295622 0.000235693 0.000186613 0.00014675 0.000114651 8.90424e-05 6.88226e-05 5.30537e-05 4.09524e-05 3.18788e-05 2.53265e-05 2.09125e-05 1.83692e-05 
2.26383e-05 2.37e-05 2.69508e-05 3.25894e-05 4.09524e-05 5.25208e-05 6.79305e-05 8.79827e-05 0.000113657 0.000146123 0.000186753 0.000237129 0.00029905 0.000374529 0.000465794 0.000575265 0.000705539 0.000859351 0.00103954 0.00124897 0.0014905 0.00176688 0.00208068 0.00243417 0.00282928 0.00326744 0.00374951 0.00427569 0.00484541 0.00545729 0.00610908 0.00679758 0.0075187 0.0082674 0.00903776 0.00982305 0.0106158 0.0114079 0.0121907 0.0129553 0.0136926 0.0143934 0.0150489 0.0156503 0.0161896 0.0166594 0.0170532 0.0173655 0.0175919 0.017729 0.0177749 0.017729 0.0175919 0.0173655 0.0170532 0.0166594 0.0161896 0.0156503 0.0150489 0.0143934 0.0136926 0.0129553 0.0121907 0.0114079 0.0106158 0.00982305 0.00903776 0.0082674 0.0075187 0.00679758 0.00610908 0.00545729 0.00484541 0.00427569 0.00374951 0.00326744 0.00282928 0.00243417 0.00208068 0.00176688 0.0014905 0.00124897 0.00103954 0.000859351 0.000705539 0.000575265 0.000465794 0.000374529 0.00029905 0.000237129 0.000186753 0.000146123 0.000113657 8.79827e-05 6.79305e-05 5.25208e-05 4.09524e-05 3.25894e-05 2.69508e-05 2.37e-05 
2.94634e-05 3.08324e-05 3.50231e-05 4.22879e-05 5.30537e-05 6.79305e-05 8.77229e-05 0.000113444 0.000146329 0.000187851 0.000239732 0.000303956 0.000382768 0.00047868 0.000594455 0.000733094 0.000897797 0.00109193 0.00131896 0.00158239 0.00188567 0.00223213 0.00262481 0.00306643 0.00355921 0.00410477 0.00470401 0.00535701 0.00606292 0.00681989 0.00762498 0.00847416 0.00936226 0.010283 0.0112291 0.0121923 0.0131634 0.0141326 0.0150893 0.0160228 0.0169221 0.0177761 0.0185741 0.0193058 0.0199616 0.0205325 0.0210109 0.02139 0.0216647 0.0218311 0.0218868 0.0218311 0.0216647 0.02139 0.0210109 0.0205325 0.0199616 0.0193058 0.0185741 0.0177761 0.0169221 0.0160228 0.0150893 0.0141326 0.0131634 0.0121923 0.0112291 0.010283 0.00936226 0.00847416 0.00762498 0.00681989 0.00606292 0.00535701 0.00470401 0.00410477 0.00355921 0.00306643 0.00262481 0.00223213 0.00188567 0.00158239 0.00131896 0.00109193 0.000897797 0.000733094 0.000594455 0.00047868 0.000382768 0.000303956 0.000239732 0.000187851 0.000146329 0.000113444 8.77229e-05 6.79305e-05 5.30537e-05 4.22879e-05 3.50231e-05 3.08324e-05 
3.83913e-05 4.01593e-05 4.55695e-05 5.49431e-05 6.88226e-05 8.79827e-05 0.000113444 0.000146488 0.000188678 0.00024187 0.000308231 0.000390251 0.000490743 0.000612839 0.000759982 0.000935891 0.00114452 0.00139003 0.00167665 0.00200867 0.00239027 0.00282546 0.0033179 0.00387077 0.00448667 0.00516741 0.00591392 0.00672608 0.00760267 0.00854118 0.00953784 0.0105875 0.0116837 0.0128186 0.0139831 0.0151671 0.0163594 0.0175478 0.0187197 0.0198619 0.0209612 0.0220042 0.022978 0.0238702 0.0246692 0.0253645 0.0259468 0.0264081 0.0267423 0.0269446 0.0270124 0.0269446 0.0267423 0.0264081 0.0259468 0.0253645 0.0246692 0.0238702 0.022978 0.0220042 0.0209612 0.0198619 0.0187197 0.0175478 0.0163594 0.0151671 0.0139831 0.0128186 0.0116837 0.0105875 0.00953784 0.00854118 0.00760267 0.00672608 0.00591392 0.00516741 0.00448667 0.00387077 0.0033179 0.00282546 0.00239027 0.00200867 0.00167665 0.00139003 0.00114452 0.000935891 0.000759982 0.000612839 0.000490743 0.000390251 0.000308231 0.00024187 0.000188678 0.000146488 0.000113444 8.79827e-05 6.88226e-05 5.49431e-05 4.55695e-05 4.01593e-05 
4.98867e-05 5.21639e-05 5.91305e-05 7.1194e-05 8.90424e-05 0.000113657 0.000146329 0.000188678 0.000242673 0.000310651 0.000395333 0.000499835 0.000627672 0.000782747 0.000969332 0.00119203 0.00145573 0.00176552 0.00212659 0.00254416 0.00302329 0.00356879 0.00418503 0.00487575 0.00564394 0.00649162 0.00741969 0.00842777 0.00951409 0.0106753 0.0119067 0.0132015 0.0145518 0.0159478 0.0173784 0.0188309 0.0202917 0.0217461 0.0231786 0.0245733 0.0259143 0.0271854 0.0283712 0.0294569 0.0304285 0.0312735 0.0319808 0.032541 0.0329467 0.0331922 0.0332745 0.0331922 0.0329467 0.032541 0.0319808 0.0312735 0.0304285 0.0294569 0.0283712 0.0271854 0.0259143 0.0245733 0.0231786 0.0217461 0.0202917 0.0188309 0.0173784 0.0159478 0.0145518 0.0132015 0.0119067 0.0106753 0.00951409 0.00842777 0.00741969 0.00649162 0.00564394 0.00487575 0.00418503 0.00356879 0.00302329 0.00254416 0.00212659 0.00176552 0.00145573 0.00119203 0.000969332 0.000782747 0.000627672 0.000499835 0.000395333 0.000310651 0.000242673 0.000188678 0.000146329 0.000113657 8.90424e-05 7.1194e-05 5.91305e-05 5.21639e-05 
6.45087e-05 6.74278e-05 7.63559e-05 9.18074e-05 0.000114651 0.000146123 0.000187851 0.00024187 0.000310651 0.000397121 0.00050468 0.000637213 0.000799088 0.000995145 0.00123066 0.00151132 0.0018431 0.00223222 0.00268503 0.00320782 0.00380669 0.00448739 0.00525508 0.00611414 0.00706798 0.00811879 0.00926739 0.010513 0.0118532 0.0132836 0.0147979 0.016388 0.0180438 0.0197532 0.0215025 0.0232763 0.0250579 0.0268296 0.0285726 0.0302679 0.0318961 0.0334381 0.0348754 0.0361903 0.0373663 0.0383884 0.0392436 0.0399206 0.0404107 0.0407073 0.0408066 0.0407073 0.0404107 0.0399206 0.0392436 0.0383884 0.0373663 0.0361903 0.0348754 0.0334381 0.0318961 0.0302679 0.0285726 0.0268296 0.0250579 0.0232763 0.0215025 0.0197532 0.0180438 0.016388 0.0147979 0.0132836 0.0118532 0.010513 0.00926739 0.00811879 0.00706798 0.00611414 0.00525508 0.00448739 0.00380669 0.00320782 0.00268503 0.00223222 0.0018431 0.00151132 0.00123066 0.000995145 0.000799088 0.000637213 0.00050468 0.000397121 0.000310651 0.00024187 0.000187851 0.000146123 0.000114651 9.18074e-05 7.63559e-05 6.74278e-05 
8.29182e-05 8.66382e-05 9.80121e-05 0.000117686 0.00014675 0.000186753 0.000239732 0.000308231 0.000395333 0.00050468 0.000640496 0.000807595 0.00101137 0.00125779 0.00155334 0.00190497 0.00231997 0.0028059 0.00337043 0.00402113 0.0047653 0.00560973 0.0065605 0.00762266 0.00880005 0.010095 0.0115082 0.0130382 0.0146817 0.0164332 0.0182845 0.0202256 0.0222437 0.0243243 0.0264504 0.0286034 0.0307632 0.0329082 0.0350161 0.037064 0.0390288 0.0408879 0.0426192 0.0442019 0.0456163 0.046845 0.0478724 0.0486856 0.0492739 0.04963 0.0497492 0.04963 0.0492739 0.0486856 0.0478724 0.046845 0.0456163 0.0442019 0.0426192 0.0408879 0.0390288 0.037064 0.0350161 0.0329082 0.0307632 0.0286034 0.0264504 0.0243243 0.0222437 0.0202256 0.0182845 0.0164332 0.0146817 0.0130382 0.0115082 0.010095 0.00880005 0.00762266 0.0065605 0.00560973 0.0047653 0.00402113 0.00337043 0.0028059 0.00231997 0.00190497 0.00155334 0.00125779 0.00101137 0.000807595 0.000640496 0.00050468 0.000395333 0.000308231 0.000239732 0.000186753 0.00014675 0.000117686 9.80121e-05 8.66382e-05 
0.000105885 0.000110595 0.00012499 0.000149877 0.000186613 0.000237129 0.000303956 0.000390251 0.000499835 0.000637213 0.000807595 0.0010169 0.00127176 0.00157947 0.00194794 0.0023856 0.00290131 0.00350418 0.0042034 0.00500799 0.00592663 0.00696729 0.00813703 0.00944163 0.0108853 0.0124706 0.0141976 0.0160644 0.0180665 0.0201965 0.0224446 0.0247979 0.027241 0.029756 0.0323224 0.0349177 0.0375176 0.0400966 0.0426279 0.0450844 0.0474388 0.0496643 0.051735 0.0536264 0.0553155 0.056782 0.0580075 0.0589771 0.0596784 0.0601028 0.0602448 0.0601028 0.0596784 0.0589771 0.0580075 0.056782 0.0553155 0.0536264 0.051735 0.0496643 0.0474388 0.0450844 0.0426279 0.0400966 0.0375176 0.0349177 0.0323224 0.029756 0.027241 0.0247979 0.0224446 0.0201965 0.0180665 0.0160644 0.0141976 0.0124706 0.0108853 0.00944163 0.00813703 0.00696729 0.00592663 0.00500799 0.0042034 0.00350418 0.00290131 0.0023856 0.00194794 0.00157947 0.00127176 0.0010169 0.000807595 0.000637213 0.000499835 0.000390251 0.000303956 0.000237129 0.000186613 0.000149877 0.00012499 0.000110595 
0.000134293 0.000140214 0.000158309 0.000189575 0.000235693 0.00029905 0.000382768 0.000490743 0.000627672 0.000799088 0.00101137 0.00127176 0.00158833 0.00196994 0.00242616 0.00296718 0.00360364 0.00434642 0.00520647 0.00619448 0.00732062 0.00859418 0.0100233 0.0116144 0.0133722 0.0152991 0.0173948 0.0196564 0.0220778 0.0246497 0.0273598 0.0301923 0.0331284 0.0361463 0.0392213 0.0423267 0.0454334 0.048511 0.0515281 0.0544525 0.0572524 0.0598964 0.0623543 0.0645973 0.0665992 0.0683359 0.0697866 0.0709337 0.0717633 0.0722651 0.0724331 0.0722651 0.0717633 0.0709337 0.0697866 0.0683359 0.0665992 0.0645973 0.0623543 0.0598964 0.0572524 0.0544525 0.0515281 0.048511 0.0454334 0.0423267 0.0392213 0.0361463 0.0331284 0.0301923 0.0273598 0.0246497 0.0220778 0.0196564 0.0173948 0.0152991 0.0133722 0.0116144 0.0100233 0.00859418 0.00732062 0.00619448 0.00520647 0.00434642 0.00360364 0.00296718 0.00242616 0.00196994 0.00158833 0.00127176 0.00101137 0.000799088 0.000627672 0.000490743 0.000382768 0.00029905 0.000235693 0.000189575 0.000158309 0.000140214 
0.000169141 0.000176535 0.000199122 0.00023813 0.000295622 0.000374529 0.00047868 0.000612839 0.000782747 0.000995145 0.00125779 0.00157947 0.00196994 0.00243988 0.0030008 0.00366488 0.00444482 0.00535353 0.00640392 0.00760855 0.00897923 0.0105267 0.0122601 0.0141868 0.0163116 0.0186368 0.0211614 0.0238811 0.0267881 0.0298707 0.0331135 0.0364974 0.0399994 0.0435934 0.0472501 0.0509374 0.0546212 0.0582657 0.0618339 0.0652884 0.0685921 0.0717086 0.074603 0.0772421 0.0795957 0.0816362 0.0833397 0.0846861 0.0856595 0.0862481 0.0864452 0.0862481 0.0856595 0.0846861 0.0833397 0.0816362 0.0795957 0.0772421 0.074603 0.0717086 0.0685921 0.0652884 0.0618339 0.0582657 0.0546212 0.0509374 0.0472501 0.0435934 0.0399994 0.0364974 0.0331135 0.0298707 0.0267881 0.0238811 0.0211614 0.0186368 0.0163116 0.0141868 0.0122601 0.0105267 0.00897923 0.00760855 0.00640392 0.00535353 0.00444482 0.00366488 0.0030008 0.00243988 0.00196994 0.00157947 0.00125779 0.000995145 0.000782747 0.000612839 0.00047868 0.000374529 0.000295622 0.00023813 0.000199122 0.000176535 
0.000211547 0.000220714 0.000248711 0.000297036 0.000368207 0.000465794 0.000594455 0.000759982 0.000969332 0.00123066 0.00155334 0.00194794 0.00242616 0.0030008 0.00368556 0.00449494 0.00544391 0.00654771 0.00782142 0.00927963 0.010936 0.0128027 0.0148901 0.0172061 0.0197558 0.022541 0.0255598 0.0288063 0.0322703 0.0359374 0.0397885 0.0438005 0.0479458 0.0521933 0.0565081 0.0608526 0.0651868 0.0694687 0.0736555 0.077704 0.0815712 0.0852154 0.0885965 0.0916767 0.0944214 0.0967994 0.0987835 0.100351 0.101484 0.102169 0.102398 0.102169 0.101484 0.100351 0.0987835 0.0967994 0.0944214 0.0916767 0.0885965 0.0852154 0.0815712 0.077704 0.0736555 0.0694687 0.0651868 0.0608526 0.0565081 0.0521933 0.0479458 0.0438005 0.0397885 0.0359374 0.0322703 0.0288063 0.0255598 0.022541 0.0197558 0.0172061 0.0148901 0.0128027 0.010936 0.00927963 0.00782142 0.00654771 0.00544391 0.00449494 0.00368556 0.0030008 0.00242616 0.00194794 0.00155334 0.00123066 0.000969332 0.000759982 0.000594455 0.000465794 0.000368207 0.000297036 0.000248711 0.000220714 
0.00026274 0.000274026 0.000308485 0.000367934 0.000455421 0.000575265 0.000733094 0.000935891 0.00119203 0.00151132 0.00190497 0.0023856 0.00296718 0.00366488 0.00449494 0.0054744 0.00662086 0.00795207 0.00948555 0.0112381 0.0132253 0.0154608 0.0179563 0.02072 0.0237573 0.0270691 0.0306522 0.0344988 0.0385958 0.0429254 0.0474645 0.0521851 0.0570546 0.0620358 0.067088 0.0721671 0.0772265 0.0822179 0.0870918 0.0917986 0.0962893 0.100516 0.104434 0.108 0.111175 0.113923 0.116215 0.118025 0.119333 0.120123 0.120388 0.120123 0.119333 0.118025 0.116215 0.113923 0.111175 0.108 0.104434 0.100516 0.0962893 0.0917986 0.0870918 0.0822179 0.0772265 0.0721671 0.067088 0.0620358 0.0570546 0.0521851 0.0474645 0.0429254 0.0385958 0.0344988 0.0306522 0.0270691 0.0237573 0.02072 0.0179563 0.0154608 0.0132253 0.0112381 0.00948555 0.00795207 0.00662086 0.0054744 0.00449494 0.00366488 0.00296718 0.0023856 0.00190497 0.00151132 0.00119203 0.000935891 0.000733094 0.000575265 0.000455421 0.000367934 0.000308485 0.000274026 
0.000324053 0.000337851 0.00037997 0.000452593 0.000559387 0.000705539 0.000897797 0.00114452 0.00145573 0.0018431 0.00231997 0.00290131 0.00360364 0.00444482 0.00544391 0.00662086 0.00799612 0.00959023 0.0114233 0.0135146 0.0158817 0.0185398 0.0215015 0.0247758 0.0283674 0.0322766 0.0364984 0.0410223 0.0458322 0.0509059 0.0562157 0.0617281 0.0674046 0.0732016 0.0790716 0.0849635 0.0908236 0.0965963 0.102225 0.107654 0.112827 0.117691 0.122194 0.126288 0.129931 0.133082 0.135708 0.13778 0.139277 0.140182 0.140484 0.140182 0.139277 0.13778 0.135708 0.133082 0.129931 0.126288 0.122194 0.117691 0.112827 0.107654 0.102225 0.0965963 0.0908236 0.0849635 0.0790716 0.0732016 0.0674046 0.0617281 0.0562157 0.0509059 0.0458322 0.0410223 0.0364984 0.0322766 0.0283674 0.0247758 0.0215015 0.0185398 0.0158817 0.0135146 0.0114233 0.00959023 0.00799612 0.00662086 0.00544391 0.00444482 0.00360364 0.00290131 0.00231997 0.0018431 0.00145573 0.00114452 0.000897797 0.000705539 0.000559387 0.000452593 0.00037997 0.000337851 
0.000396911 0.000413663 0.000464787 0.000552891 0.000682351 0.000859351 0.00109193 0.00139003 0.00176552 0.00223222 0.0028059 0.00350418 0.00434642 0.00535353 0.00654771 0.00795207 0.00959023 0.0114858 0.0136616 0.0161395 0.018939 0.0220771 0.0255671 0.0294183 0.033635 0.038216 0.043154 0.0484356 0.0540406 0.0599423 0.0661074 0.0724963 0.0790636 0.0857588 0.0925268 0.0993089 0.106044 0.112668 0.119118 0.12533 0.131241 0.136793 0.141927 0.14659 0.150735 0.154319 0.157303 0.159657 0.161356 0.162382 0.162726 0.162382 0.161356 0.159657 0.157303 0.154319 0.150735 0.14659 0.141927 0.136793 0.131241 0.12533 0.119118 0.112668 0.106044 0.0993089 0.0925268 0.0857588 0.0790636 0.0724963 0.0661074 0.0599423 0.0540406 0.0484356 0.043154 0.038216 0.033635 0.0294183 0.0255671 0.0220771 0.018939 0.0161395 0.0136616 0.0114858 0.00959023 0.00795207 0.00654771 0.00535353 0.00434642 0.00350418 0.0028059 0.00223222 0.00176552 0.00139003 0.00109193 0.000859351 0.000682351 0.000552891 0.000464787 0.000413663 
0.000482811 0.000503011 0.000564639 0.000670788 0.000826647 0.00103954 0.00131896 0.00167665 0.00212659 0.00268503 0.00337043 0.0042034 0.00520647 0.00640392 0.00782142 0.00948555 0.0114233 0.0136616 0.0162264 0.0191417 0.0224295 0.0261081 0.0301917 0.0346893 0.0396045 0.0449342 0.0506684 0.05679 0.0632741 0.0700885 0.0771938 0.0845435 0.0920847 0.099759 0.107503 0.115251 0.122931 0.130474 0.137807 0.144859 0.151561 0.157847 0.163654 0.168923 0.173602 0.177644 0.181007 0.183659 0.185572 0.186727 0.187114 0.186727 0.185572 0.183659 0.181007 0.177644 0.173602 0.168923 0.163654 0.157847 0.151561 0.144859 0.137807 0.130474 0.122931 0.115251 0.107503 0.099759 0.0920847 0.0845435 0.0771938 0.0700885 0.0632741 0.05679 0.0506684 0.0449342 0.0396045 0.0346893 0.0301917 0.0261081 0.0224295 0.0191417 0.0162264 0.0136616 0.0114233 0.00948555 0.00782142 0.00640392 0.00520647 0.0042034 0.00337043 0.00268503 0.00212659 0.00167665 0.00131896 0.00103954 0.000826647 0.000670788 0.000564639 0.000503011 
0.000583297 0.000607487 0.000681271 0.000808292 0.000994655 0.00124897 0.00158239 0.00200867 0.00254416 0.00320782 0.00402113 0.00500799 0.00619448 0.00760855 0.00927963 0.0112381 0.0135146 0.0161395 0.0191417 0.0225482 0.0263827 0.0306649 0.0354096 0.0406254 0.0463145 0.0524714 0.0590828 0.0661272 0.0735743 0.0813857 0.0895149 0.0979078 0.106503 0.115235 0.12403 0.132812 0.141505 0.150027 0.1583 0.166244 0.173783 0.180845 0.187361 0.193267 0.198506 0.203028 0.206788 0.209751 0.211887 0.213178 0.213609 0.213178 0.211887 0.209751 0.206788 0.203028 0.198506 0.193267 0.187361 0.180845 0.173783 0.166244 0.1583 0.150027 0.141505 0.132812 0.12403 0.115235 0.106503 0.0979078 0.0895149 0.0813857 0.0735743 0.0661272 0.0590828 0.0524714 0.0463145 0.0406254 0.0354096 0.0306649 0.0263827 0.0225482 0.0191417 0.0161395 0.0135146 0.0112381 0.00927963 0.00760855 0.00619448 0.00500799 0.00402113 0.00320782 0.00254416 0.00200867 0.00158239 0.00124897 0.000994655 0.000808292 0.000681271 0.000607487 
0.000699925 0.0007287 0.000816441 0.000967411 0.00118875 0.0014905 0.00188567 0.00239027 0.00302329 0.00380669 0.0047653 0.00592663 0.00732062 0.00897923 0.010936 0.0132253 0.0158817 0.018939 0.0224295 0.0263827 0.0308243 0.035775 0.0412498 0.0472567 0.0537958 0.0608588 0.0684282 0.0764772 0.0849697 0.0938601 0.103094 0.112609 0.122335 0.132196 0.14211 0.151993 0.161757 0.171313 0.180575 0.189455 0.19787 0.205742 0.212995 0.219563 0.225383 0.230401 0.234572 0.237856 0.240223 0.241652 0.24213 0.241652 0.240223 0.237856 0.234572 0.230401 0.225383 0.219563 0.212995 0.205742 0.19787 0.189455 0.180575 0.171313 0.161757 0.151993 0.14211 0.132196 0.122335 0.112609 0.103094 0.0938601 0.0849697 0.0764772 0.0684282 0.0608588 0.0537958 0.0472567 0.0412498 0.035775 0.0308243 0.0263827 0.0224295 0.018939 0.0158817 0.0132253 0.010936 0.00897923 0.00732062 0.00592663 0.0047653 0.00380669 0.00302329 0.00239027 0.00188567 0.0014905 0.00118875 0.000967411 0.000816441 0.0007287 
0.000834231 0.00086823 0.000971872 0.00115011 0.00141123 0.00176688 0.00223213 0.00282546 0.00356879 0.00448739 0.00560973 0.00696729 0.00859418 0.0105267 0.0128027 0.0154608 0.0185398 0.0220771 0.0261081 0.0306649 0.035775 0.04146 0.0477345 0.0546054 0.0620702 0.0701169 0.0787232 0.0878565 0.0974735 0.107521 0.117935 0.128646 0.139572 0.150627 0.161722 0.172761 0.183647 0.194284 0.204574 0.214425 0.223747 0.232453 0.240466 0.247712 0.254127 0.259653 0.264241 0.267852 0.270454 0.272024 0.272549 0.272024 0.270454 0.267852 0.264241 0.259653 0.254127 0.247712 0.240466 0.232453 0.223747 0.214425 0.204574 0.194284 0.183647 0.172761 0.161722 0.150627 0.139572 0.128646 0.117935 0.107521 0.0974735 0.0878565 0.0787232 0.0701169 0.0620702 0.0546054 0.0477345 0.04146 0.035775 0.0306649 0.0261081 0.0220771 0.0185398 0.0154608 0.0128027 0.0105267 0.00859418 0.00696729 0.00560973 0.00448739 0.00356879 0.00282546 0.00223213 0.00176688 0.00141123 0.00115011 0.000971872 0.00086823 
0.000987684 0.00102759 0.0011492 0.00135824 0.00166426 0.00208068 0.00262481 0.0033179 0.00418503 0.00525508 0.0065605 0.00813703 0.0100233 0.0122601 0.0148901 0.0179563 0.0215015 0.0255671 0.0301917 0.0354096 0.0412498 0.0477345 0.0548778 0.0626842 0.0711485 0.0802541 0.0899731 0.100266 0.111082 0.122358 0.134023 0.145994 0.158181 0.170489 0.182816 0.195057 0.207106 0.218858 0.230207 0.241054 0.251301 0.260858 0.269641 0.277575 0.28459 0.290627 0.295637 0.299576 0.302413 0.304124 0.304696 0.304124 0.302413 0.299576 0.295637 0.290627 0.28459 0.277575 0.269641 0.260858 0.251301 0.241054 0.230207 0.218858 0.207106 0.195057 0.182816 0.170489 0.158181 0.145994 0.134023 0.122358 0.111082 0.100266 0.0899731 0.0802541 0.0711485 0.0626842 0.0548778 0.0477345 0.0412498 0.0354096 0.0301917 0.0255671 0.0215015 0.0179563 0.0148901 0.0122601 0.0100233 0.00813703 0.0065605 0.00525508 0.00418503 0.0033179 0.00262481 0.00208068 0.00166426 0.00135824 0.0011492 0.00102759 
0.00116163 0.00120816 0.00134994 0.0015935 0.00194979 0.00243417 0.00306643 0.00387077 0.00487575 0.00611414 0.00762266 0.00944163 0.0116144 0.0141868 0.0172061 0.02072 0.0247758 0.0294183 0.0346893 0.0406254 0.0472567 0.0546054 0.0626842 0.0714955 0.0810297 0.0912653 0.102168 0.11369 0.125772 0.138342 0.151318 0.164606 0.178107 0.191713 0.205313 0.218791 0.232032 0.244921 0.257347 0.269202 0.280383 0.290796 0.300352 0.308972 0.316585 0.323131 0.328557 0.332822 0.335891 0.337742 0.338361 0.337742 0.335891 0.332822 0.328557 0.323131 0.316585 0.308972 0.300352 0.290796 0.280383 0.269202 0.257347 0.244921 0.232032 0.218791 0.205313 0.191713 0.178107 0.164606 0.151318 0.138342 0.125772 0.11369 0.102168 0.0912653 0.0810297 0.0714955 0.0626842 0.0546054 0.0472567 0.0406254 0.0346893 0.0294183 0.0247758 0.02072 0.0172061 0.0141868 0.0116144 0.00944163 0.00762266 0.00611414 0.00487575 0.00387077 0.00306643 0.00243417 0.00194979 0.0015935 0.00134994 0.00120816 
0.00135727 0.00141117 0.00157537 0.00185732 0.00226947 0.00282928 0.00355921 0.00448667 0.00564394 0.00706798 0.00880005 0.0108853 0.0133722 0.0163116 0.0197558 0.0237573 0.0283674 0.033635 0.0396045 0.0463145 0.0537958 0.0620702 0.0711485 0.0810297 0.0916998 0.103131 0.115281 0.128095 0.141502 0.155422 0.169759 0.184411 0.199266 0.214204 0.229104 0.243841 0.25829 0.272328 0.285835 0.298699 0.310811 0.322072 0.332392 0.341688 0.349889 0.356932 0.362766 0.367347 0.370642 0.372628 0.373292 0.372628 0.370642 0.367347 0.362766 0.356932 0.349889 0.341688 0.332392 0.322072 0.310811 0.298699 0.285835 0.272328 0.25829 0.243841 0.229104 0.214204 0.199266 0.184411 0.169759 0.155422 0.141502 0.128095 0.115281 0.103131 0.0916998 0.0810297 0.0711485 0.0620702 0.0537958 0.0463145 0.0396045 0.033635 0.0283674 0.0237573 0.0197558 0.0163116 0.0133722 0.0108853 0.00880005 0.00706798 0.00564394 0.00448667 0.00355921 0.00282928 0.00226947 0.00185732 0.00157537 0.00141117 
0.00157554 0.00163759 0.00182655 0.00215085 0.00262458 0.00326744 0.00410477 0.00516741 0.00649162 0.00811879 0.010095 0.0124706 0.0152991 0.0186368 0.022541 0.0270691 0.0322766 0.038216 0.0449342 0.0524714 0.0608588 0.0701169 0.0802541 0.0912653 0.103131 0.115816 0.129271 0.143429 0.158212 0.173526 0.189265 0.205314 0.221549 0.237841 0.254056 0.27006 0.285718 0.300901 0.315482 0.329341 0.342368 0.35446 0.365524 0.375476 0.384245 0.391767 0.397992 0.402876 0.406387 0.408503 0.40921 0.408503 0.406387 0.402876 0.397992 0.391767 0.384245 0.375476 0.365524 0.35446 0.342368 0.329341 0.315482 0.300901 0.285718 0.27006 0.254056 0.237841 0.221549 0.205314 0.189265 0.173526 0.158212 0.143429 0.129271 0.115816 0.103131 0.0912653 0.0802541 0.0701169 0.0608588 0.0524714 0.0449342 0.038216 0.0322766 0.0270691 0.022541 0.0186368 0.0152991 0.0124706 0.010095 0.00811879 0.00649162 0.00516741 0.00410477 0.00326744 0.00262458 0.00215085 0.00182655 0.00163759 
0.00181714 0.00188811 0.00210418 0.00247485 0.00301592 0.00374951 0.00470401 0.00591392 0.00741969 0.00926739 0.0115082 0.0141976 0.0173948 0.0211614 0.0255598 0.0306522 0.0364984 0.043154 0.0506684 0.0590828 0.0684282 0.0787232 0.0899731 0.102168 0.115281 0.129271 0.144077 0.159623 0.17582 0.192561 0.209728 0.227195 0.244825 0.262478 0.280008 0.297273 0.314129 0.330439 0.346071 0.360901 0.374814 0.387707 0.399484 0.410062 0.41937 0.427346 0.433939 0.439108 0.442822 0.44506 0.445807 0.44506 0.442822 0.439108 0.433939 0.427346 0.41937 0.410062 0.399484 0.387707 0.374814 0.360901 0.346071 0.330439 0.314129 0.297273 0.280008 0.262478 0.244825 0.227195 0.209728 0.192561 0.17582 0.159623 0.144077 0.129271 0.115281 0.102168 0.0899731 0.0787232 0.0684282 0.0590828 0.0506684 0.043154 0.0364984 0.0306522 0.0255598 0.0211614 0.0173948 0.0141976 0.0115082 0.00926739 0.00741969 0.00591392 0.00470401 0.00374951 0.00301592 0.00247485 0.00210418 0.00188811 
0.0020824 0.00216307 0.00240861 0.00282962 0.00344376 0.00427569 0.00535701 0.00672608 0.00842777 0.010513 0.0130382 0.0160644 0.0196564 0.0238811 0.0288063 0.0344988 0.0410223 0.0484356 0.05679 0.0661272 0.0764772 0.0878565 0.100266 0.11369 0.128095 0.143429 0.159623 0.17659 0.194227 0.212416 0.231026 0.249917 0.268941 0.287947 0.306778 0.325283 0.34331 0.360716 0.377364 0.393126 0.407886 0.421538 0.433988 0.445154 0.454964 0.463361 0.470295 0.475726 0.479626 0.481975 0.482759 0.481975 0.479626 0.475726 0.470295 0.463361 0.454964 0.445154 0.433988 0.421538 0.407886 0.393126 0.377364 0.360716 0.34331 0.325283 0.306778 0.287947 0.268941 0.249917 0.231026 0.212416 0.194227 0.17659 0.159623 0.143429 0.128095 0.11369 0.100266 0.0878565 0.0764772 0.0661272 0.05679 0.0484356 0.0410223 0.0344988 0.0288063 0.0238811 0.0196564 0.0160644 0.0130382 0.010513 0.00842777 0.00672608 0.00535701 0.00427569 0.00344376 0.00282962 0.00240861 0.00216307 
0.00237129 0.00246241 0.00273971 0.00321496 0.00390774 0.00484541 0.00606292 0.00760267 0.00951409 0.0118532 0.0146817 0.0180665 0.0220778 0.0267881 0.0322703 0.0385958 0.0458322 0.0540406 0.0632741 0.0735743 0.0849697 0.0974735 0.111082 0.125772 0.141502 0.158212 0.17582 0.194227 0.213318 0.232961 0.253013 0.273322 0.293726 0.314062 0.334166 0.353876 0.373035 0.391492 0.409107 0.425751 0.441306 0.455666 0.468739 0.480444 0.490715 0.499493 0.506734 0.512402 0.516468 0.518916 0.519733 0.518916 0.516468 0.512402 0.506734 0.499493 0.490715 0.480444 0.468739 0.455666 0.441306 0.425751 0.409107 0.391492 0.373035 0.353876 0.334166 0.314062 0.293726 0.273322 0.253013 0.232961 0.213318 0.194227 0.17582 0.158212 0.141502 0.125772 0.111082 0.0974735 0.0849697 0.0735743 0.0632741 0.0540406 0.0458322 0.0385958 0.0322703 0.0267881 0.0220778 0.0180665 0.0146817 0.0118532 0.00951409 0.00760267 0.00606292 0.00484541 0.00390774 0.00321496 0.00273971 0.00246241 
0.00268331 0.00278562 0.00309688 0.00363009 0.00440685 0.00545729 0.00681989 0.00854118 0.0106753 0.0132836 0.0164332 0.0201965 0.0246497 0.0298707 0.0359374 0.0429254 0.0509059 0.0599423 0.0700885 0.0813857 0.0938601 0.107521 0.122358 0.138342 0.155422 0.173526 0.192561 0.212416 0.232961 0.254052 0.275533 0.297237 0.318992 0.340624 0.361958 0.382825 0.403062 0.422513 0.441036 0.458501 0.474789 0.489796 0.503434 0.515625 0.526305 0.535422 0.542933 0.548806 0.553018 0.555551 0.556397 0.555551 0.553018 0.548806 0.542933 0.535422 0.526305 0.515625 0.503434 0.489796 0.474789 0.458501 0.441036 0.422513 0.403062 0.382825 0.361958 0.340624 0.318992 0.297237 0.275533 0.254052 0.232961 0.212416 0.192561 0.173526 0.155422 0.138342 0.122358 0.107521 0.0938601 0.0813857 0.0700885 0.0599423 0.0509059 0.0429254 0.0359374 0.0298707 0.0246497 0.0201965 0.0164332 0.0132836 0.0106753 0.00854118 0.00681989 0.00545729 0.00440685 0.00363009 0.00309688 0.00278562 
0.00301753 0.0031317 0.00347897 0.00407361 0.00493931 0.00610908 0.00762498 0.00953784 0.0119067 0.0147979 0.0182845 0.0224446 0.0273598 0.0331135 0.0397885 0.0474645 0.0562157 0.0661074 0.0771938 0.0895149 0.103094 0.117935 0.134023 0.151318 0.169759 0.189265 0.209728 0.231026 0.253013 0.275533 0.298415 0.32148 0.344544 0.367422 0.389931 0.411895 0.433144 0.453522 0.472884 0.491098 0.508049 0.523637 0.537775 0.550391 0.561426 0.570832 0.578573 0.58462 0.588953 0.591557 0.592427 0.591557 0.588953 0.58462 0.578573 0.570832 0.561426 0.550391 0.537775 0.523637 0.508049 0.491098 0.472884 0.453522 0.433144 0.411895 0.389931 0.367422 0.344544 0.32148 0.298415 0.275533 0.253013 0.231026 0.209728 0.189265 0.169759 0.151318 0.134023 0.117935 0.103094 0.0895149 0.0771938 0.0661074 0.0562157 0.0474645 0.0397885 0.0331135 0.0273598 0.0224446 0.0182845 0.0147979 0.0119067 0.00953784 0.00762498 0.00610908 0.00493931 0.00407361 0.00347897 0.0031317 
0.00337247 0.00349913 0.00388428 0.0045435 0.00550262 0.00679758 0.00847416 0.0105875 0.0132015 0.016388 0.0202256 0.0247979 0.0301923 0.0364974 0.0438005 0.0521851 0.0617281 0.0724963 0.0845435 0.0979078 0.112609 0.128646 0.145994 0.164606 0.184411 0.205314 0.227195 0.249917 0.273322 0.297237 0.32148 0.345858 0.370176 0.39424 0.417858 0.440847 0.463036 0.484263 0.504385 0.523271 0.540809 0.556903 0.571472 0.584448 0.59578 0.605425 0.613352 0.619538 0.623968 0.626629 0.627517 0.626629 0.623968 0.619538 0.613352 0.605425 0.59578 0.584448 0.571472 0.556903 0.540809 0.523271 0.504385 0.484263 0.463036 0.440847 0.417858 0.39424 0.370176 0.345858 0.32148 0.297237 0.273322 0.249917 0.227195 0.205314 0.184411 0.164606 0.145994 0.128646 0.112609 0.0979078 0.0845435 0.0724963 0.0617281 0.0521851 0.0438005 0.0364974 0.0301923 0.0247979 0.0202256 0.016388 0.0132015 0.0105875 0.00847416 0.00679758 0.00550262 0.0045435 0.00388428 0.00349913 
0.00374617 0.00388584 0.0043105 0.00503704 0.00609346 0.0075187 0.00936226 0.0116837 0.0145518 0.0180438 0.0222437 0.027241 0.0331284 0.0399994 0.0479458 0.0570546 0.0674046 0.0790636 0.0920847 0.106503 0.122335 0.139572 0.158181 0.178107 0.199266 0.221549 0.244825 0.268941 0.293726 0.318992 0.344544 0.370176 0.395683 0.420861 0.445512 0.469448 0.492493 0.514486 0.535283 0.554759 0.572803 0.589326 0.604252 0.617522 0.62909 0.638921 0.646991 0.653282 0.657783 0.660486 0.661387 0.660486 0.657783 0.653282 0.646991 0.638921 0.62909 0.617522 0.604252 0.589326 0.572803 0.554759 0.535283 0.514486 0.492493 0.469448 0.445512 0.420861 0.395683 0.370176 0.344544 0.318992 0.293726 0.268941 0.244825 0.221549 0.199266 0.178107 0.158181 0.139572 0.122335 0.106503 0.0920847 0.0790636 0.0674046 0.0570546 0.0479458 0.0399994 0.0331284 0.027241 0.0222437 0.0180438 0.0145518 0.0116837 0.00936226 0.0075187 0.00609346 0.00503704 0.0043105 0.00388584 
0.00413612 0.00428926 0.00475476 0.00555086 0.00670776 0.0082674 0.010283 0.0128186 0.0159478 0.0197532 0.0243243 0.029756 0.0361463 0.0435934 0.0521933 0.0620358 0.0732016 0.0857588 0.099759 0.115235 0.132196 0.150627 0.170489 0.191713 0.214204 0.237841 0.262478 0.287947 0.314062 0.340624 0.367422 0.39424 0.420861 0.447075 0.472675 0.497471 0.521284 0.543954 0.565339 0.585317 0.603784 0.620656 0.635866 0.649362 0.661107 0.671072 0.679241 0.685602 0.690148 0.692877 0.693787 0.692877 0.690148 0.685602 0.679241 0.671072 0.661107 0.649362 0.635866 0.620656 0.603784 0.585317 0.565339 0.543954 0.521284 0.497471 0.472675 0.447075 0.420861 0.39424 0.367422 0.340624 0.314062 0.287947 0.262478 0.237841 0.214204 0.191713 0.170489 0.150627 0.132196 0.115235 0.099759 0.0857588 0.0732016 0.0620358 0.0521933 0.0435934 0.0361463 0.029756 0.0243243 0.0197532 0.0159478 0.0128186 0.010283 0.0082674 0.00670776 0.00555086 0.00475476 0.00428926 
0.00453929 0.00470623 0.0052136 0.00608095 0.00734069 0.00903776 0.0112291 0.0139831 0.0173784 0.0215025 0.0264504 0.0323224 0.0392213 0.0472501 0.0565081 0.067088 0.0790716 0.0925268 0.107503 0.12403 0.14211 0.161722 0.182816 0.205313 0.229104 0.254056 0.280008 0.306778 0.334166 0.361958 0.389931 0.417858 0.445512 0.472675 0.499137 0.524702 0.549192 0.572448 0.594331 0.614724 0.63353 0.650673 0.666094 0.67975 0.691611 0.701659 0.709885 0.716282 0.72085 0.723591 0.724504 0.723591 0.72085 0.716282 0.709885 0.701659 0.691611 0.67975 0.666094 0.650673 0.63353 0.614724 0.594331 0.572448 0.549192 0.524702 0.499137 0.472675 0.445512 0.417858 0.389931 0.361958 0.334166 0.306778 0.280008 0.254056 0.229104 0.205313 0.182816 0.161722 0.14211 0.12403 0.107503 0.0925268 0.0790716 0.067088 0.0565081 0.0472501 0.0392213 0.0323224 0.0264504 0.0215025 0.0173784 0.0139831 0.0112291 0.00903776 0.00734069 0.00608095 0.0052136 0.00470623 
0.00495218 0.00513314 0.00568301 0.00662268 0.00798672 0.00982305 0.0121923 0.0151671 0.0188309 0.0232763 0.0286034 0.0349177 0.0423267 0.0509374 0.0608526 0.0721671 0.0849635 0.0993089 0.115251 0.132812 0.151993 0.172761 0.195057 0.218791 0.243841 0.27006 0.297273 0.325283 0.353876 0.382825 0.411895 0.440847 0.469448 0.497471 0.524702 0.550944 0.576018 0.599768 0.62206 0.642783 0.661847 0.679185 0.694746 0.708498 0.72042 0.730503 0.738744 0.745146 0.749714 0.752452 0.753364 0.752452 0.749714 0.745146 0.738744 0.730503 0.72042 0.708498 0.694746 0.679185 0.661847 0.642783 0.62206 0.599768 0.576018 0.550944 0.524702 0.497471 0.469448 0.440847 0.411895 0.382825 0.353876 0.325283 0.297273 0.27006 0.243841 0.218791 0.195057 0.172761 0.151993 0.132812 0.115251 0.0993089 0.0849635 0.0721671 0.0608526 0.0509374 0.0423267 0.0349177 0.0286034 0.0232763 0.0188309 0.0151671 0.0121923 0.00982305 0.00798672 0.00662268 0.00568301 0.00513314 
0.00537083 0.0055659 0.00615851 0.00717086 0.00863968 0.0106158 0.0131634 0.0163594 0.0202917 0.0250579 0.0307632 0.0375176 0.0454334 0.0546212 0.0651868 0.0772265 0.0908236 0.106044 0.122931 0.141505 0.161757 0.183647 0.207106 0.232032 0.25829 0.285718 0.314129 0.34331 0.373035 0.403062 0.433144 0.463036 0.492493 0.521284 0.549192 0.576018 0.601585 0.625741 0.648356 0.669326 0.688571 0.706032 0.721668 0.735457 0.747387 0.75746 0.76568 0.772058 0.776604 0.779328 0.780235 0.779328 0.776604 0.772058 0.76568 0.75746 0.747387 0.735457 0.721668 0.706032 0.688571 0.669326 0.648356 0.625741 0.601585 0.576018 0.549192 0.521284 0.492493 0.463036 0.433144 0.403062 0.373035 0.34331 0.314129 0.285718 0.25829 0.232032 0.207106 0.183647 0.161757 0.141505 0.122931 0.106044 0.0908236 0.0772265 0.0651868 0.0546212 0.0454334 0.0375176 0.0307632 0.0250579 0.0202917 0.0163594 0.0131634 0.0106158 0.00863968 0.00717086 0.00615851 0.0055659 
0.00579089 0.006 0.00663516 0.00771985 0.00929287 0.0114079 0.0141326 0.0175478 0.0217461 0.0268296 0.0329082 0.0400966 0.048511 0.0582657 0.0694687 0.0822179 0.0965963 0.112668 0.130474 0.150027 0.171313 0.194284 0.218858 0.244921 0.272328 0.300901 0.330439 0.360716 0.391492 0.422513 0.453522 0.484263 0.514486 0.543954 0.572448 0.599768 0.625741 0.650217 0.673074 0.694215 0.713569 0.731087 0.746738 0.76051 0.772403 0.782426 0.790593 0.796921 0.801427 0.804125 0.805023 0.804125 0.801427 0.796921 0.790593 0.782426 0.772403 0.76051 0.746738 0.731087 0.713569 0.694215 0.673074 0.650217 0.625741 0.599768 0.572448 0.543954 0.514486 0.484263 0.453522 0.422513 0.391492 0.360716 0.330439 0.300901 0.272328 0.244921 0.218858 0.194284 0.171313 0.150027 0.130474 0.112668 0.0965963 0.0822179 0.0694687 0.0582657 0.048511 0.0400966 0.0329082 0.0268296 0.0217461 0.0175478 0.0141326 0.0114079 0.00929287 0.00771985 0.00663516 0.006 
0.00620768 0.00643062 0.0071077 0.0082636 0.00993914 0.0121907 0.0150893 0.0187197 0.0231786 0.0285726 0.0350161 0.0426279 0.0515281 0.0618339 0.0736555 0.0870918 0.102225 0.119118 0.137807 0.1583 0.180575 0.204574 0.230207 0.257347 0.285835 0.315482 0.346071 0.377364 0.409107 0.441036 0.472884 0.504385 0.535283 0.565339 0.594331 0.62206 0.648356 0.673074 0.696098 0.717341 0.736741 0.754257 0.769871 0.78358 0.795395 0.805334 0.813419 0.819677 0.824128 0.826791 0.827677 0.826791 0.824128 0.819677 0.813419 0.805334 0.795395 0.78358 0.769871 0.754257 0.736741 0.717341 0.696098 0.673074 0.648356 0.62206 0.594331 0.565339 0.535283 0.504385 0.472884 0.441036 0.409107 0.377364 0.346071 0.315482 0.285835 0.257347 0.230207 0.204574 0.180575 0.1583 0.137807 0.119118 0.102225 0.0870918 0.0736555 0.0618339 0.0515281 0.0426279 0.0350161 0.0285726 0.0231786 0.0187197 0.0150893 0.0121907 0.00993914 0.0082636 0.0071077 0.00643062 
