4.9451e-14 6.83e-14 1.37527e-13 3.02511e-13 6.66859e-13 1.44797e-12 3.08695e-12 6.45786e-12 1.32552e-11 2.66941e-11 5.2745e-11 1.02258e-10 1.94528e-10 3.63131e-10 6.65233e-10 1.19606e-09 2.11077e-09 3.65668e-09 6.21931e-09 1.03863e-08 1.70331e-08 2.74345e-08 4.34036e-08 6.74573e-08 1.03004e-07 1.54543e-07 2.27849e-07 3.30134e-07 4.70117e-07 6.57994e-07 9.05235e-07 1.22418e-06 1.62741e-06 2.12685e-06 2.73268e-06 3.45214e-06 4.28817e-06 5.23834e-06 6.29384e-06 7.43909e-06 8.65173e-06 9.90329e-06 1.11604e-05 1.23865e-05 1.35439e-05 1.45955e-05 1.55072e-05 1.62491e-05 1.67969e-05 1.71328e-05 1.7246e-05 1.71328e-05 1.67969e-05 1.62491e-05 1.55072e-05 1.45955e-05 1.35439e-05 1.23865e-05 1.11604e-05 9.90329e-06 8.65173e-06 7.43909e-06 6.29384e-06 5.23834e-06 4.28817e-06 3.45214e-06 2.73268e-06 2.12685e-06 1.62741e-06 1.22418e-06 9.05235e-07 6.57994e-07 4.70117e-07 3.30134e-07 2.27849e-07 1.54543e-07 1.03004e-07 6.74573e-08 4.34036e-08 2.74345e-08 1.70331e-08 1.03863e-08 6.21931e-09 3.65668e-09 2.11077e-09 1.19606e-09 6.65233e-10 3.63131e-10 1.94528e-10 1.02258e-10 5.2745e-11 2.66941e-11 1.32552e-11 6.45786e-12 3.08695e-12 1.44797e-12 6.66859e-13 3.02511e-13 1.37527e-13 6.83e-14 
6.83e-14 9.41984e-14 1.89212e-13 4.1525e-13 9.1339e-13 1.97897e-12 4.20979e-12 8.78733e-12 1.79961e-11 3.61589e-11 7.12808e-11 1.37868e-10 2.61643e-10 4.8723e-10 8.90374e-10 1.59685e-09 2.81095e-09 4.85723e-09 8.23993e-09 1.3725e-08 2.245e-08 3.60653e-08 5.69102e-08 8.8221e-08 1.34366e-07 2.01088e-07 2.95741e-07 4.27467e-07 6.07287e-07 8.48041e-07 1.16412e-06 1.57095e-06 2.08418e-06 2.71855e-06 3.48658e-06 4.39697e-06 5.45306e-06 6.6514e-06 7.98063e-06 9.42089e-06 1.0944e-05 1.25142e-05 1.40897e-05 1.5625e-05 1.7073e-05 1.83878e-05 1.9527e-05 2.04535e-05 2.11375e-05 2.15568e-05 2.1698e-05 2.15568e-05 2.11375e-05 2.04535e-05 1.9527e-05 1.83878e-05 1.7073e-05 1.5625e-05 1.40897e-05 1.25142e-05 1.0944e-05 9.42089e-06 7.98063e-06 6.6514e-06 5.45306e-06 4.39697e-06 3.48658e-06 2.71855e-06 2.08418e-06 1.57095e-06 1.16412e-06 8.48041e-07 6.07287e-07 4.27467e-07 2.95741e-07 2.01088e-07 1.34366e-07 8.8221e-08 5.69102e-08 3.60653e-08 2.245e-08 1.3725e-08 8.23993e-09 4.85723e-09 2.81095e-09 1.59685e-09 8.90374e-10 4.8723e-10 2.61643e-10 1.37868e-10 7.12808e-11 3.61589e-11 1.79961e-11 8.78733e-12 4.20979e-12 1.97897e-12 9.1339e-13 4.1525e-13 1.89212e-13 9.41984e-14 
1.37527e-13 1.89212e-13 3.78477e-13 8.27367e-13 1.81309e-12 3.91364e-12 8.29398e-12 1.72462e-11 3.51821e-11 7.04098e-11 1.3824e-10 2.66277e-10 5.03216e-10 9.33086e-10 1.69773e-09 3.03136e-09 5.31219e-09 9.13753e-09 1.54298e-08 2.55815e-08 4.16477e-08 6.65912e-08 1.04585e-07 1.61364e-07 2.44619e-07 3.64399e-07 5.33481e-07 7.67649e-07 1.0858e-06 1.50981e-06 2.06401e-06 2.77427e-06 3.66661e-06 4.76526e-06 6.09045e-06 7.65576e-06 9.46561e-06 1.15129e-05 1.37773e-05 1.62243e-05 1.88058e-05 2.14611e-05 2.41202e-05 2.67067e-05 2.91423e-05 3.13508e-05 3.32622e-05 3.48153e-05 3.5961e-05 3.66631e-05 3.68996e-05 3.66631e-05 3.5961e-05 3.48153e-05 3.32622e-05 3.13508e-05 2.91423e-05 2.67067e-05 2.41202e-05 2.14611e-05 1.88058e-05 1.62243e-05 1.37773e-05 1.15129e-05 9.46561e-06 7.65576e-06 6.09045e-06 4.76526e-06 3.66661e-06 2.77427e-06 2.06401e-06 1.50981e-06 1.0858e-06 7.67649e-07 5.33481e-07 3.64399e-07 2.44619e-07 1.61364e-07 1.04585e-07 6.65912e-08 4.16477e-08 2.55815e-08 1.54298e-08 9.13753e-09 5.31219e-09 3.03136e-09 1.69773e-09 9.33086e-10 5.03216e-10 2.66277e-10 1.3824e-10 7.04098e-11 3.51821e-11 1.72462e-11 8.29398e-12 3.91364e-12 1.81309e-12 8.27367e-13 3.78477e-13 1.89212e-13 
3.02511e-13 4.1525e-13 8.27367e-13 1.80202e-12 3.93508e-12 8.46438e-12 1.78746e-11 3.70343e-11 7.52726e-11 1.50081e-10 2.93541e-10 5.63223e-10 1.06018e-09 1.95789e-09 3.54768e-09 6.30795e-09 1.1007e-08 1.8851e-08 3.16922e-08 5.23096e-08 8.47793e-08 1.34942e-07 2.1097e-07 3.24026e-07 4.88982e-07 7.25142e-07 1.05689e-06 1.51415e-06 2.13251e-06 2.95285e-06 4.02034e-06 5.3826e-06 7.08706e-06 9.1774e-06 1.16894e-05 1.4646e-05 1.80532e-05 2.18954e-05 2.61327e-05 3.06996e-05 3.55054e-05 4.04376e-05 4.53667e-05 5.01526e-05 5.4652e-05 5.87263e-05 6.22482e-05 6.51075e-05 6.72151e-05 6.8506e-05 6.89407e-05 6.8506e-05 6.72151e-05 6.51075e-05 6.22482e-05 5.87263e-05 5.4652e-05 5.01526e-05 4.53667e-05 4.04376e-05 3.55054e-05 3.06996e-05 2.61327e-05 2.18954e-05 1.80532e-05 1.4646e-05 1.16894e-05 9.1774e-06 7.08706e-06 5.3826e-06 4.02034e-06 2.95285e-06 2.13251e-06 1.51415e-06 1.05689e-06 7.25142e-07 4.88982e-07 3.24026e-07 2.1097e-07 1.34942e-07 8.47793e-08 5.23096e-08 3.16922e-08 1.8851e-08 1.1007e-08 6.30795e-09 3.54768e-09 1.95789e-09 1.06018e-09 5.63223e-10 2.93541e-10 1.50081e-10 7.52726e-11 3.70343e-11 1.78746e-11 8.46438e-12 3.93508e-12 1.80202e-12 8.27367e-13 4.1525e-13 
6.66859e-13 9.1339e-13 1.81309e-12 3.93508e-12 8.56425e-12 1.83603e-11 3.86414e-11 7.97863e-11 1.61601e-10 3.21059e-10 6.25682e-10 1.19607e-09 2.24294e-09 4.12625e-09 7.44745e-09 1.31891e-08 2.29206e-08 3.90927e-08 6.54466e-08 1.07564e-07 1.73582e-07 2.75092e-07 4.28211e-07 6.54818e-07 9.83875e-07 1.45274e-06 2.10829e-06 3.00768e-06 4.21843e-06 5.81755e-06 7.88949e-06 1.05226e-05 1.38039e-05 1.78128e-05 2.26127e-05 2.82428e-05 3.47098e-05 4.19802e-05 4.99754e-05 5.85698e-05 6.7592e-05 7.68312e-05 8.60459e-05 9.49768e-05 0.00010336 0.000110941 0.000117486 0.000122795 0.000126706 0.0001291 0.000129906 0.0001291 0.000126706 0.000122795 0.000117486 0.000110941 0.00010336 9.49768e-05 8.60459e-05 7.68312e-05 6.7592e-05 5.85698e-05 4.99754e-05 4.19802e-05 3.47098e-05 2.82428e-05 2.26127e-05 1.78128e-05 1.38039e-05 1.05226e-05 7.88949e-06 5.81755e-06 4.21843e-06 3.00768e-06 2.10829e-06 1.45274e-06 9.83875e-07 6.54818e-07 4.28211e-07 2.75092e-07 1.73582e-07 1.07564e-07 6.54466e-08 3.90927e-08 2.29206e-08 1.31891e-08 7.44745e-09 4.12625e-09 2.24294e-09 1.19607e-09 6.25682e-10 3.21059e-10 1.61601e-10 7.97863e-11 3.86414e-11 1.83603e-11 8.56425e-12 3.93508e-12 1.81309e-12 9.1339e-13 
1.44797e-12 1.97897e-12 3.91364e-12 8.46438e-12 1.83603e-11 3.92305e-11 8.22885e-11 1.69329e-10 3.41775e-10 6.76623e-10 1.31387e-09 2.50243e-09 4.67515e-09 8.56793e-09 1.54041e-08 2.7172e-08 4.70302e-08 7.98844e-08 1.3318e-07 2.17962e-07 3.50235e-07 5.52655e-07 8.56535e-07 1.30411e-06 1.95092e-06 2.86815e-06 4.14453e-06 5.88751e-06 8.22314e-06 1.12942e-05 1.52559e-05 2.02694e-05 2.64919e-05 3.40644e-05 4.30975e-05 5.36561e-05 6.57438e-05 7.92911e-05 9.4146e-05 0.000110071 0.000126748 0.000143787 0.000160747 0.000177154 0.00019253 0.000206415 0.00021839 0.000228094 0.000235236 0.000239607 0.000241078 0.000239607 0.000235236 0.000228094 0.00021839 0.000206415 0.00019253 0.000177154 0.000160747 0.000143787 0.000126748 0.000110071 9.4146e-05 7.92911e-05 6.57438e-05 5.36561e-05 4.30975e-05 3.40644e-05 2.64919e-05 2.02694e-05 1.52559e-05 1.12942e-05 8.22314e-06 5.88751e-06 4.14453e-06 2.86815e-06 1.95092e-06 1.30411e-06 8.56535e-07 5.52655e-07 3.50235e-07 2.17962e-07 1.3318e-07 7.98844e-08 4.70302e-08 2.7172e-08 1.54041e-08 8.56793e-09 4.67515e-09 2.50243e-09 1.31387e-09 6.76623e-10 3.41775e-10 1.69329e-10 8.22885e-11 3.92305e-11 1.83603e-11 8.46438e-12 3.91364e-12 1.97897e-12 
3.08695e-12 4.20979e-12 8.29398e-12 1.78746e-11 3.86414e-11 8.22885e-11 1.7202e-10 3.52758e-10 7.09518e-10 1.39966e-09 2.708e-09 5.13869e-09 9.56415e-09 1.74604e-08 3.12689e-08 5.49361e-08 9.46985e-08 1.60186e-07 2.65932e-07 4.33364e-07 6.93343e-07 1.08928e-06 1.68079e-06 2.54774e-06 3.7945e-06 5.55387e-06 7.99029e-06 1.13014e-05 1.57175e-05 2.14972e-05 2.89198e-05 3.8272e-05 4.98308e-05 6.38407e-05 8.04888e-05 9.98774e-05 0.000121998 0.000146709 0.000173724 0.000202605 0.000232771 0.00026352 0.00029406 0.000323549 0.000351139 0.000376018 0.000397448 0.000414796 0.000427556 0.000435361 0.000437987 0.000435361 0.000427556 0.000414796 0.000397448 0.000376018 0.000351139 0.000323549 0.00029406 0.00026352 0.000232771 0.000202605 0.000173724 0.000146709 0.000121998 9.98774e-05 8.04888e-05 6.38407e-05 4.98308e-05 3.8272e-05 2.89198e-05 2.14972e-05 1.57175e-05 1.13014e-05 7.99029e-06 5.55387e-06 3.7945e-06 2.54774e-06 1.68079e-06 1.08928e-06 6.93343e-07 4.33364e-07 2.65932e-07 1.60186e-07 9.46985e-08 5.49361e-08 3.12689e-08 1.74604e-08 9.56415e-09 5.13869e-09 2.708e-09 1.39966e-09 7.09518e-10 3.52758e-10 1.7202e-10 8.22885e-11 3.86414e-11 1.78746e-11 8.29398e-12 4.20979e-12 
6.45786e-12 8.78733e-12 1.72462e-11 3.70343e-11 7.97863e-11 1.69329e-10 3.52758e-10 7.20868e-10 1.44477e-09 2.8398e-09 5.47415e-09 1.03488e-08 1.91877e-08 3.4893e-08 6.22397e-08 1.08906e-07 1.86957e-07 3.14916e-07 5.20571e-07 8.4464e-07 1.3454e-06 2.10428e-06 3.23238e-06 4.87752e-06 7.23147e-06 1.05366e-05 1.50907e-05 2.12492e-05 2.94227e-05 4.00689e-05 5.36774e-05 7.07461e-05 9.17496e-05 0.0001171 0.000147104 0.000181914 0.000221485 0.000265542 0.000313555 0.000364733 0.000418044 0.000472252 0.000525972 0.000577739 0.000626087 0.000669617 0.000707065 0.000737349 0.000759606 0.000773212 0.00077779 0.000773212 0.000759606 0.000737349 0.000707065 0.000669617 0.000626087 0.000577739 0.000525972 0.000472252 0.000418044 0.000364733 0.000313555 0.000265542 0.000221485 0.000181914 0.000147104 0.0001171 9.17496e-05 7.07461e-05 5.36774e-05 4.00689e-05 2.94227e-05 2.12492e-05 1.50907e-05 1.05366e-05 7.23147e-06 4.87752e-06 3.23238e-06 2.10428e-06 1.3454e-06 8.4464e-07 5.20571e-07 3.14916e-07 1.86957e-07 1.08906e-07 6.22397e-08 3.4893e-08 1.91877e-08 1.03488e-08 5.47415e-09 2.8398e-09 1.44477e-09 7.20868e-10 3.52758e-10 1.69329e-10 7.97863e-11 3.70343e-11 1.72462e-11 8.78733e-12 
1.32552e-11 1.79961e-11 3.51821e-11 7.52726e-11 1.61601e-10 3.41775e-10 7.09518e-10 1.44477e-09 2.8852e-09 5.65027e-09 1.08511e-08 2.04359e-08 3.77433e-08 6.83654e-08 1.21454e-07 2.11644e-07 3.61803e-07 6.06831e-07 9.9876e-07 1.61335e-06 2.55834e-06 3.98323e-06 6.09056e-06 9.14794e-06 1.35e-05 1.95789e-05 2.79118e-05 3.91225e-05 5.39259e-05 7.3112e-05 9.75175e-05 0.000127984 0.000165302 0.000210147 0.000263001 0.000324075 0.000393242 0.000469977 0.000553323 0.000641891 0.000733889 0.000827192 0.000919437 0.00100814 0.00109084 0.00116517 0.00122903 0.00128061 0.0013185 0.00134164 0.00134943 0.00134164 0.0013185 0.00128061 0.00122903 0.00116517 0.00109084 0.00100814 0.000919437 0.000827192 0.000733889 0.000641891 0.000553323 0.000469977 0.000393242 0.000324075 0.000263001 0.000210147 0.000165302 0.000127984 9.75175e-05 7.3112e-05 5.39259e-05 3.91225e-05 2.79118e-05 1.95789e-05 1.35e-05 9.14794e-06 6.09056e-06 3.98323e-06 2.55834e-06 1.61335e-06 9.9876e-07 6.06831e-07 3.61803e-07 2.11644e-07 1.21454e-07 6.83654e-08 3.77433e-08 2.04359e-08 1.08511e-08 5.65027e-09 2.8852e-09 1.44477e-09 7.09518e-10 3.41775e-10 1.61601e-10 7.52726e-11 3.51821e-11 1.79961e-11 
2.66941e-11 3.61589e-11 7.04098e-11 1.50081e-10 3.21059e-10 6.76623e-10 1.39966e-09 2.8398e-09 5.65027e-09 1.1024e-08 2.10909e-08 3.9567e-08 7.27892e-08 1.31315e-07 2.32332e-07 4.0317e-07 6.86278e-07 1.14606e-06 1.87792e-06 3.01987e-06 4.76681e-06 7.38738e-06 1.12428e-05 1.68068e-05 2.46848e-05 3.563e-05 5.05534e-05 7.05242e-05 9.67567e-05 0.00013058 0.000173386 0.00022656 0.000291383 0.000368922 0.000459905 0.000564599 0.000682697 0.000813227 0.00095451 0.00110416 0.00125913 0.00141588 0.00157046 0.00171879 0.00185678 0.00198062 0.00208685 0.00217257 0.00223547 0.00227387 0.00228678 0.00227387 0.00223547 0.00217257 0.00208685 0.00198062 0.00185678 0.00171879 0.00157046 0.00141588 0.00125913 0.00110416 0.00095451 0.000813227 0.000682697 0.000564599 0.000459905 0.000368922 0.000291383 0.00022656 0.000173386 0.00013058 9.67567e-05 7.05242e-05 5.05534e-05 3.563e-05 2.46848e-05 1.68068e-05 1.12428e-05 7.38738e-06 4.76681e-06 3.01987e-06 1.87792e-06 1.14606e-06 6.86278e-07 4.0317e-07 2.32332e-07 1.31315e-07 7.27892e-08 3.9567e-08 2.10909e-08 1.1024e-08 5.65027e-09 2.8398e-09 1.39966e-09 6.76623e-10 3.21059e-10 1.50081e-10 7.04098e-11 3.61589e-11 
5.2745e-11 7.12808e-11 1.3824e-10 2.93541e-10 6.25682e-10 1.31387e-09 2.708e-09 5.47415e-09 1.08511e-08 2.10909e-08 4.01948e-08 7.51101e-08 1.37623e-07 2.47265e-07 4.35658e-07 7.52795e-07 1.27587e-06 2.12125e-06 3.46023e-06 5.53891e-06 8.70242e-06 1.3423e-05 2.03308e-05 3.02458e-05 4.42074e-05 6.34981e-05 8.96552e-05 0.000124467 0.000169945 0.000228268 0.000301691 0.000392429 0.000502494 0.000633515 0.000786546 0.000961865 0.0011588 0.00137562 0.00160944 0.00185625 0.00211105 0.00236801 0.00262076 0.00286271 0.00308734 0.00328856 0.00346092 0.00359983 0.00370165 0.00376379 0.00378467 0.00376379 0.00370165 0.00359983 0.00346092 0.00328856 0.00308734 0.00286271 0.00262076 0.00236801 0.00211105 0.00185625 0.00160944 0.00137562 0.0011588 0.000961865 0.000786546 0.000633515 0.000502494 0.000392429 0.000301691 0.000228268 0.000169945 0.000124467 8.96552e-05 6.34981e-05 4.42074e-05 3.02458e-05 2.03308e-05 1.3423e-05 8.70242e-06 5.53891e-06 3.46023e-06 2.12125e-06 1.27587e-06 7.52795e-07 4.35658e-07 2.47265e-07 1.37623e-07 7.51101e-08 4.01948e-08 2.10909e-08 1.08511e-08 5.47415e-09 2.708e-09 1.31387e-09 6.25682e-10 2.93541e-10 1.3824e-10 7.12808e-11 
1.02258e-10 1.37868e-10 2.66277e-10 5.63223e-10 1.19607e-09 2.50243e-09 5.13869e-09 1.03488e-08 2.04359e-08 3.9567e-08 7.51101e-08 1.39793e-07 2.55097e-07 4.56428e-07 8.0078e-07 1.37774e-06 2.32477e-06 3.8478e-06 6.24792e-06 9.9547e-06 1.55662e-05 2.38945e-05 3.60148e-05 5.33148e-05 7.75383e-05 0.000110818 0.000155687 0.000215062 0.000292192 0.000390553 0.000513704 0.000665078 0.000847738 0.00106408 0.00131555 0.0016023 0.00192301 0.00227464 0.00265236 0.00304963 0.0034584 0.00386938 0.00427251 0.00465744 0.00501405 0.00533288 0.00560554 0.005825 0.00598572 0.00608372 0.00611666 0.00608372 0.00598572 0.005825 0.00560554 0.00533288 0.00501405 0.00465744 0.00427251 0.00386938 0.0034584 0.00304963 0.00265236 0.00227464 0.00192301 0.0016023 0.00131555 0.00106408 0.000847738 0.000665078 0.000513704 0.000390553 0.000292192 0.000215062 0.000155687 0.000110818 7.75383e-05 5.33148e-05 3.60148e-05 2.38945e-05 1.55662e-05 9.9547e-06 6.24792e-06 3.8478e-06 2.32477e-06 1.37774e-06 8.0078e-07 4.56428e-07 2.55097e-07 1.39793e-07 7.51101e-08 3.9567e-08 2.04359e-08 1.03488e-08 5.13869e-09 2.50243e-09 1.19607e-09 5.63223e-10 2.66277e-10 1.37868e-10 
1.94528e-10 2.61643e-10 5.03216e-10 1.06018e-09 2.24294e-09 4.67515e-09 9.56415e-09 1.91877e-08 3.77433e-08 7.27892e-08 1.37623e-07 2.55097e-07 4.63575e-07 8.25938e-07 1.44283e-06 2.47148e-06 4.15166e-06 6.84019e-06 1.10552e-05 1.75306e-05 2.72804e-05 4.16709e-05 6.24961e-05 9.20515e-05 0.000133196 0.000189392 0.000264713 0.0003638 0.000491763 0.000654005 0.000855976 0.00110285 0.00139911 0.00174816 0.00215182 0.0026099 0.00311985 0.00367652 0.00427207 0.00489607 0.00553586 0.00617703 0.00680411 0.00740132 0.00795328 0.00844579 0.00886627 0.00920423 0.00945148 0.00960215 0.00965276 0.00960215 0.00945148 0.00920423 0.00886627 0.00844579 0.00795328 0.00740132 0.00680411 0.00617703 0.00553586 0.00489607 0.00427207 0.00367652 0.00311985 0.0026099 0.00215182 0.00174816 0.00139911 0.00110285 0.000855976 0.000654005 0.000491763 0.0003638 0.000264713 0.000189392 0.000133196 9.20515e-05 6.24961e-05 4.16709e-05 2.72804e-05 1.75306e-05 1.10552e-05 6.84019e-06 4.15166e-06 2.47148e-06 1.44283e-06 8.25938e-07 4.63575e-07 2.55097e-07 1.37623e-07 7.27892e-08 3.77433e-08 1.91877e-08 9.56415e-09 4.67515e-09 2.24294e-09 1.06018e-09 5.03216e-10 2.61643e-10 
3.63131e-10 4.8723e-10 9.33086e-10 1.95789e-09 4.12625e-09 8.56793e-09 1.74604e-08 3.4893e-08 6.83654e-08 1.31315e-07 2.47265e-07 4.56428e-07 8.25938e-07 1.46522e-06 2.54837e-06 4.3457e-06 7.26677e-06 1.1917e-05 1.91692e-05 3.02506e-05 4.68438e-05 7.11969e-05 0.000106237 0.000155676 0.000224091 0.000316972 0.00044071 0.000602504 0.000810179 0.0010719 0.00139578 0.00178934 0.00225897 0.00280921 0.00344214 0.00415674 0.00494841 0.00580864 0.00672497 0.00768123 0.00865804 0.00963361 0.0105848 0.0114881 0.012321 0.0130625 0.0136945 0.0142017 0.0145723 0.014798 0.0148738 0.014798 0.0145723 0.0142017 0.0136945 0.0130625 0.012321 0.0114881 0.0105848 0.00963361 0.00865804 0.00768123 0.00672497 0.00580864 0.00494841 0.00415674 0.00344214 0.00280921 0.00225897 0.00178934 0.00139578 0.0010719 0.000810179 0.000602504 0.00044071 0.000316972 0.000224091 0.000155676 0.000106237 7.11969e-05 4.68438e-05 3.02506e-05 1.91692e-05 1.1917e-05 7.26677e-06 4.3457e-06 2.54837e-06 1.46522e-06 8.25938e-07 4.56428e-07 2.47265e-07 1.31315e-07 6.83654e-08 3.4893e-08 1.74604e-08 8.56793e-09 4.12625e-09 1.95789e-09 9.33086e-10 4.8723e-10 
6.65233e-10 8.90374e-10 1.69773e-09 3.54768e-09 7.44745e-09 1.54041e-08 3.12689e-08 6.22397e-08 1.21454e-07 2.32332e-07 4.35658e-07 8.0078e-07 1.44283e-06 2.54837e-06 4.41243e-06 7.49022e-06 1.24669e-05 2.03482e-05 3.25735e-05 5.11516e-05 7.88136e-05 0.000119179 0.000176916 0.000257889 0.00036926 0.000519525 0.000718462 0.000976949 0.00130666 0.00171958 0.0022274 0.00284073 0.00356824 0.0044157 0.00538508 0.00647367 0.00767349 0.00897092 0.0103467 0.0117763 0.0132309 0.0146784 0.016085 0.017417 0.0186418 0.0197298 0.0206554 0.021397 0.0219384 0.0222677 0.0223783 0.0222677 0.0219384 0.021397 0.0206554 0.0197298 0.0186418 0.017417 0.016085 0.0146784 0.0132309 0.0117763 0.0103467 0.00897092 0.00767349 0.00647367 0.00538508 0.0044157 0.00356824 0.00284073 0.0022274 0.00171958 0.00130666 0.000976949 0.000718462 0.000519525 0.00036926 0.000257889 0.000176916 0.000119179 7.88136e-05 5.11516e-05 3.25735e-05 2.03482e-05 1.24669e-05 7.49022e-06 4.41243e-06 2.54837e-06 1.44283e-06 8.0078e-07 4.35658e-07 2.32332e-07 1.21454e-07 6.22397e-08 3.12689e-08 1.54041e-08 7.44745e-09 3.54768e-09 1.69773e-09 8.90374e-10 
1.19606e-09 1.59685e-09 3.03136e-09 6.30795e-09 1.31891e-08 2.7172e-08 5.49361e-08 1.08906e-07 2.11644e-07 4.0317e-07 7.52795e-07 1.37774e-06 2.47148e-06 4.3457e-06 7.49022e-06 1.26559e-05 2.09654e-05 3.40545e-05 5.42474e-05 8.47614e-05 0.000129935 0.000195465 0.000288635 0.000418498 0.000595995 0.00083396 0.00114698 0.00155106 0.00206314 0.0027003 0.00347885 0.00441321 0.00551462 0.00678986 0.00824 0.00985931 0.0116345 0.0135442 0.0155596 0.0176444 0.0197568 0.0218508 0.0238787 0.0257929 0.0275482 0.0291038 0.0304242 0.0314807 0.0322508 0.032719 0.0328761 0.032719 0.0322508 0.0314807 0.0304242 0.0291038 0.0275482 0.0257929 0.0238787 0.0218508 0.0197568 0.0176444 0.0155596 0.0135442 0.0116345 0.00985931 0.00824 0.00678986 0.00551462 0.00441321 0.00347885 0.0027003 0.00206314 0.00155106 0.00114698 0.00083396 0.000595995 0.000418498 0.000288635 0.000195465 0.000129935 8.47614e-05 5.42474e-05 3.40545e-05 2.09654e-05 1.26559e-05 7.49022e-06 4.3457e-06 2.47148e-06 1.37774e-06 7.52795e-07 4.0317e-07 2.11644e-07 1.08906e-07 5.49361e-08 2.7172e-08 1.31891e-08 6.30795e-09 3.03136e-09 1.59685e-09 
2.11077e-09 2.81095e-09 5.31219e-09 1.1007e-08 2.29206e-08 4.70302e-08 9.46985e-08 1.86957e-07 3.61803e-07 6.86278e-07 1.27587e-06 2.32477e-06 4.15166e-06 7.26677e-06 1.24669e-05 2.09654e-05 3.45634e-05 5.5867e-05 8.85495e-05 0.000137655 0.000209925 0.000314133 0.000461383 0.000665335 0.00094231 0.00131122 0.00179327 0.00241142 0.00318951 0.00415115 0.00531835 0.00670988 0.00833954 0.0102144 0.0123334 0.0146855 0.0172494 0.0199928 0.0228732 0.0258387 0.0288301 0.0317836 0.0346331 0.0373139 0.039765 0.0419316 0.0437668 0.0452325 0.0462995 0.0469477 0.047165 0.0469477 0.0462995 0.0452325 0.0437668 0.0419316 0.039765 0.0373139 0.0346331 0.0317836 0.0288301 0.0258387 0.0228732 0.0199928 0.0172494 0.0146855 0.0123334 0.0102144 0.00833954 0.00670988 0.00531835 0.00415115 0.00318951 0.00241142 0.00179327 0.00131122 0.00094231 0.000665335 0.000461383 0.000314133 0.000209925 0.000137655 8.85495e-05 5.5867e-05 3.45634e-05 2.09654e-05 1.24669e-05 7.26677e-06 4.15166e-06 2.32477e-06 1.27587e-06 6.86278e-07 3.61803e-07 1.86957e-07 9.46985e-08 4.70302e-08 2.29206e-08 1.1007e-08 5.31219e-09 2.81095e-09 
3.65668e-09 4.85723e-09 9.13753e-09 1.8851e-08 3.90927e-08 7.98844e-08 1.60186e-07 3.14916e-07 6.06831e-07 1.14606e-06 2.12125e-06 3.8478e-06 6.84019e-06 1.1917e-05 2.03482e-05 3.40545e-05 5.5867e-05 8.98506e-05 0.00014169 0.000219124 0.000332405 0.000494746 0.000722698 0.0010364 0.00145961 0.00201953 0.00274621 0.00367162 0.0048284 0.00624813 0.00795939 0.00998551 0.0123423 0.0150357 0.0180601 0.0213964 0.0250113 0.0288574 0.0328739 0.0369881 0.041119 0.0451798 0.0490824 0.0527408 0.0560753 0.0590147 0.0614988 0.063479 0.0649186 0.0657923 0.0660851 0.0657923 0.0649186 0.063479 0.0614988 0.0590147 0.0560753 0.0527408 0.0490824 0.0451798 0.041119 0.0369881 0.0328739 0.0288574 0.0250113 0.0213964 0.0180601 0.0150357 0.0123423 0.00998551 0.00795939 0.00624813 0.0048284 0.00367162 0.00274621 0.00201953 0.00145961 0.0010364 0.000722698 0.000494746 0.000332405 0.000219124 0.00014169 8.98506e-05 5.5867e-05 3.40545e-05 2.03482e-05 1.1917e-05 6.84019e-06 3.8478e-06 2.12125e-06 1.14606e-06 6.06831e-07 3.14916e-07 1.60186e-07 7.98844e-08 3.90927e-08 1.8851e-08 9.13753e-09 4.85723e-09 
6.21931e-09 8.23993e-09 1.54298e-08 3.16922e-08 6.54466e-08 1.3318e-07 2.65932e-07 5.20571e-07 9.9876e-07 1.87792e-06 3.46023e-06 6.24792e-06 1.10552e-05 1.91692e-05 3.25735e-05 5.42474e-05 8.85495e-05 0.00014169 0.000222281 0.000341947 0.000515942 0.000763729 0.00110942 0.00158203 0.00221534 0.00304746 0.00411985 0.00547586 0.00715876 0.00920936 0.0116632 0.0145478 0.0178795 0.0216606 0.0258776 0.030499 0.0354749 0.0407373 0.0462015 0.0517689 0.0573311 0.0627738 0.0679826 0.0728472 0.0772662 0.0811504 0.0844248 0.0870299 0.088921 0.0900674 0.0904514 0.0900674 0.088921 0.0870299 0.0844248 0.0811504 0.0772662 0.0728472 0.0679826 0.0627738 0.0573311 0.0517689 0.0462015 0.0407373 0.0354749 0.030499 0.0258776 0.0216606 0.0178795 0.0145478 0.0116632 0.00920936 0.00715876 0.00547586 0.00411985 0.00304746 0.00221534 0.00158203 0.00110942 0.000763729 0.000515942 0.000341947 0.000222281 0.00014169 8.85495e-05 5.42474e-05 3.25735e-05 1.91692e-05 1.10552e-05 6.24792e-06 3.46023e-06 1.87792e-06 9.9876e-07 5.20571e-07 2.65932e-07 1.3318e-07 6.54466e-08 3.16922e-08 1.54298e-08 8.23993e-09 
1.03863e-08 1.3725e-08 2.55815e-08 5.23096e-08 1.07564e-07 2.17962e-07 4.33364e-07 8.4464e-07 1.61335e-06 3.01987e-06 5.53891e-06 9.9547e-06 1.75306e-05 3.02506e-05 5.11516e-05 8.47614e-05 0.000137655 0.000219124 0.000341947 0.000523212 0.000785133 0.00115575 0.00166941 0.00236693 0.00329519 0.00450627 0.00605585 0.00800097 0.0103972 0.0132952 0.0167374 0.0207536 0.025358 0.0305458 0.0362906 0.042543 0.0492304 0.0562579 0.063511 0.0708595 0.0781624 0.0852737 0.092049 0.0983512 0.104056 0.109054 0.113257 0.116594 0.119012 0.120477 0.120967 0.120477 0.119012 0.116594 0.113257 0.109054 0.104056 0.0983512 0.092049 0.0852737 0.0781624 0.0708595 0.063511 0.0562579 0.0492304 0.042543 0.0362906 0.0305458 0.025358 0.0207536 0.0167374 0.0132952 0.0103972 0.00800097 0.00605585 0.00450627 0.00329519 0.00236693 0.00166941 0.00115575 0.000785133 0.000523212 0.000341947 0.000219124 0.000137655 8.47614e-05 5.11516e-05 3.02506e-05 1.75306e-05 9.9547e-06 5.53891e-06 3.01987e-06 1.61335e-06 8.4464e-07 4.33364e-07 2.17962e-07 1.07564e-07 5.23096e-08 2.55815e-08 1.3725e-08 
1.70331e-08 2.245e-08 4.16477e-08 8.47793e-08 1.73582e-07 3.50235e-07 6.93343e-07 1.3454e-06 2.55834e-06 4.76681e-06 8.70242e-06 1.55662e-05 2.72804e-05 4.68438e-05 7.88136e-05 0.000129935 0.000209925 0.000332405 0.000515942 0.000785133 0.00117163 0.00171494 0.00246292 0.00347163 0.00480458 0.00653111 0.00872394 0.0114559 0.0147958 0.0188042 0.0235284 0.0289979 0.0352204 0.0421781 0.0498256 0.0580886 0.0668648 0.0760257 0.0854206 0.094882 0.104232 0.11329 0.121878 0.129833 0.137006 0.143271 0.148524 0.152685 0.155695 0.157516 0.158125 0.157516 0.155695 0.152685 0.148524 0.143271 0.137006 0.129833 0.121878 0.11329 0.104232 0.094882 0.0854206 0.0760257 0.0668648 0.0580886 0.0498256 0.0421781 0.0352204 0.0289979 0.0235284 0.0188042 0.0147958 0.0114559 0.00872394 0.00653111 0.00480458 0.00347163 0.00246292 0.00171494 0.00117163 0.000785133 0.000515942 0.000332405 0.000209925 0.000129935 7.88136e-05 4.68438e-05 2.72804e-05 1.55662e-05 8.70242e-06 4.76681e-06 2.55834e-06 1.3454e-06 6.93343e-07 3.50235e-07 1.73582e-07 8.47793e-08 4.16477e-08 2.245e-08 
2.74345e-08 3.60653e-08 6.65912e-08 1.34942e-07 2.75092e-07 5.52655e-07 1.08928e-06 2.10428e-06 3.98323e-06 7.38738e-06 1.3423e-05 2.38945e-05 4.16709e-05 7.11969e-05 0.000119179 0.000195465 0.000314133 0.000494746 0.000763729 0.00115575 0.00171494 0.0024958 0.00356344 0.00499312 0.00686875 0.00928027 0.01232 0.0160779 0.0206362 0.0260634 0.0324087 0.0396963 0.0479209 0.0570447 0.0669949 0.0776644 0.0889132 0.100572 0.112449 0.124333 0.136007 0.147255 0.157866 0.167649 0.176435 0.184081 0.190473 0.195524 0.199171 0.201375 0.202112 0.201375 0.199171 0.195524 0.190473 0.184081 0.176435 0.167649 0.157866 0.147255 0.136007 0.124333 0.112449 0.100572 0.0889132 0.0776644 0.0669949 0.0570447 0.0479209 0.0396963 0.0324087 0.0260634 0.0206362 0.0160779 0.01232 0.00928027 0.00686875 0.00499312 0.00356344 0.0024958 0.00171494 0.00115575 0.000763729 0.000494746 0.000314133 0.000195465 0.000119179 7.11969e-05 4.16709e-05 2.38945e-05 1.3423e-05 7.38738e-06 3.98323e-06 2.10428e-06 1.08928e-06 5.52655e-07 2.75092e-07 1.34942e-07 6.65912e-08 3.60653e-08 
4.34036e-08 5.69102e-08 1.04585e-07 2.1097e-07 4.28211e-07 8.56535e-07 1.68079e-06 3.23238e-06 6.09056e-06 1.12428e-05 2.03308e-05 3.60148e-05 6.24961e-05 0.000106237 0.000176916 0.000288635 0.000461383 0.000722698 0.00110942 0.00166941 0.00246292 0.00356344 0.00505763 0.00704416 0.00963115 0.0129322 0.017061 0.0221249 0.0282181 0.0354135 0.0437567 0.0532593 0.0638949 0.0755957 0.0882528 0.101717 0.115802 0.130292 0.144946 0.159512 0.17373 0.187348 0.200126 0.211849 0.222332 0.231421 0.238994 0.244963 0.249265 0.25186 0.252728 0.25186 0.249265 0.244963 0.238994 0.231421 0.222332 0.211849 0.200126 0.187348 0.17373 0.159512 0.144946 0.130292 0.115802 0.101717 0.0882528 0.0755957 0.0638949 0.0532593 0.0437567 0.0354135 0.0282181 0.0221249 0.017061 0.0129322 0.00963115 0.00704416 0.00505763 0.00356344 0.00246292 0.00166941 0.00110942 0.000722698 0.000461383 0.000288635 0.000176916 0.000106237 6.24961e-05 3.60148e-05 2.03308e-05 1.12428e-05 6.09056e-06 3.23238e-06 1.68079e-06 8.56535e-07 4.28211e-07 2.1097e-07 1.04585e-07 5.69102e-08 
6.74573e-08 8.8221e-08 1.61364e-07 3.24026e-07 6.54818e-07 1.30411e-06 2.54774e-06 4.87752e-06 9.14794e-06 1.68068e-05 3.02458e-05 5.33148e-05 9.20515e-05 0.000155676 0.000257889 0.000418498 0.000665335 0.0010364 0.00158203 0.00236693 0.00347163 0.00499312 0.00704416 0.00975107 0.0132497 0.0176795 0.0231763 0.0298636 0.0378435 0.0471879 0.0579306 0.070061 0.0835208 0.0982016 0.113947 0.130556 0.147791 0.16538 0.183036 0.20046 0.217352 0.23343 0.248431 0.262122 0.274307 0.284828 0.293565 0.300432 0.305371 0.308346 0.30934 0.308346 0.305371 0.300432 0.293565 0.284828 0.274307 0.262122 0.248431 0.23343 0.217352 0.20046 0.183036 0.16538 0.147791 0.130556 0.113947 0.0982016 0.0835208 0.070061 0.0579306 0.0471879 0.0378435 0.0298636 0.0231763 0.0176795 0.0132497 0.00975107 0.00704416 0.00499312 0.00347163 0.00236693 0.00158203 0.0010364 0.000665335 0.000418498 0.000257889 0.000155676 9.20515e-05 5.33148e-05 3.02458e-05 1.68068e-05 9.14794e-06 4.87752e-06 2.54774e-06 1.30411e-06 6.54818e-07 3.24026e-07 1.61364e-07 8.8221e-08 
1.03004e-07 1.34366e-07 2.44619e-07 4.88982e-07 9.83875e-07 1.95092e-06 3.7945e-06 7.23147e-06 1.35e-05 2.46848e-05 4.42074e-05 7.75383e-05 0.000133196 0.000224091 0.00036926 0.000595995 0.00094231 0.00145961 0.00221534 0.00329519 0.00480458 0.00686875 0.00963115 0.0132497 0.0178907 0.0237206 0.0308963 0.0395537 0.049797 0.0616882 0.0752388 0.0904042 0.107081 0.125108 0.144272 0.164309 0.184923 0.205787 0.226563 0.246909 0.266494 0.285011 0.30218 0.317763 0.331563 0.343427 0.353243 0.360934 0.366453 0.369773 0.370881 0.369773 0.366453 0.360934 0.353243 0.343427 0.331563 0.317763 0.30218 0.285011 0.266494 0.246909 0.226563 0.205787 0.184923 0.164309 0.144272 0.125108 0.107081 0.0904042 0.0752388 0.0616882 0.049797 0.0395537 0.0308963 0.0237206 0.0178907 0.0132497 0.00963115 0.00686875 0.00480458 0.00329519 0.00221534 0.00145961 0.00094231 0.000595995 0.00036926 0.000224091 0.000133196 7.75383e-05 4.42074e-05 2.46848e-05 1.35e-05 7.23147e-06 3.7945e-06 1.95092e-06 9.83875e-07 4.88982e-07 2.44619e-07 1.34366e-07 
1.54543e-07 2.01088e-07 3.64399e-07 7.25142e-07 1.45274e-06 2.86815e-06 5.55387e-06 1.05366e-05 1.95789e-05 3.563e-05 6.34981e-05 0.000110818 0.000189392 0.000316972 0.000519525 0.00083396 0.00131122 0.00201953 0.00304746 0.00450627 0.00653111 0.00928027 0.0129322 0.0176795 0.0237206 0.0312483 0.0404372 0.0514295 0.0643226 0.079157 0.0959089 0.114485 0.134724 0.156399 0.179227 0.202877 0.226989 0.25118 0.275065 0.298268 0.320433 0.34124 0.360405 0.377697 0.392927 0.40596 0.4167 0.425088 0.431093 0.434699 0.435901 0.434699 0.431093 0.425088 0.4167 0.40596 0.392927 0.377697 0.360405 0.34124 0.320433 0.298268 0.275065 0.25118 0.226989 0.202877 0.179227 0.156399 0.134724 0.114485 0.0959089 0.079157 0.0643226 0.0514295 0.0404372 0.0312483 0.0237206 0.0176795 0.0129322 0.00928027 0.00653111 0.00450627 0.00304746 0.00201953 0.00131122 0.00083396 0.000519525 0.000316972 0.000189392 0.000110818 6.34981e-05 3.563e-05 1.95789e-05 1.05366e-05 5.55387e-06 2.86815e-06 1.45274e-06 7.25142e-07 3.64399e-07 2.01088e-07 
2.27849e-07 2.95741e-07 5.33481e-07 1.05689e-06 2.10829e-06 4.14453e-06 7.99029e-06 1.50907e-05 2.79118e-05 5.05534e-05 8.96552e-05 0.000155687 0.000264713 0.00044071 0.000718462 0.00114698 0.00179327 0.00274621 0.00411985 0.00605585 0.00872394 0.01232 0.017061 0.0231763 0.0308963 0.0404372 0.0519853 0.0656803 0.0816006 0.0997517 0.120059 0.142365 0.166435 0.191965 0.218593 0.245917 0.273511 0.300942 0.327783 0.353635 0.378131 0.40095 0.421822 0.440531 0.456917 0.470867 0.482314 0.491223 0.497583 0.501396 0.502666 0.501396 0.497583 0.491223 0.482314 0.470867 0.456917 0.440531 0.421822 0.40095 0.378131 0.353635 0.327783 0.300942 0.273511 0.245917 0.218593 0.191965 0.166435 0.142365 0.120059 0.0997517 0.0816006 0.0656803 0.0519853 0.0404372 0.0308963 0.0231763 0.017061 0.01232 0.00872394 0.00605585 0.00411985 0.00274621 0.00179327 0.00114698 0.000718462 0.00044071 0.000264713 0.000155687 8.96552e-05 5.05534e-05 2.79118e-05 1.50907e-05 7.99029e-06 4.14453e-06 2.10829e-06 1.05689e-06 5.33481e-07 2.95741e-07 
3.30134e-07 4.27467e-07 7.67649e-07 1.51415e-06 3.00768e-06 5.88751e-06 1.13014e-05 2.12492e-05 3.91225e-05 7.05242e-05 0.000124467 0.000215062 0.0003638 0.000602504 0.000976949 0.00155106 0.00241142 0.00367162 0.00547586 0.00800097 0.0114559 0.0160779 0.0221249 0.0298636 0.0395537 0.0514295 0.0656803 0.0824311 0.101727 0.123522 0.147673 0.173944 0.202014 0.231488 0.261924 0.292842 0.323758 0.354192 0.383692 0.411846 0.438293 0.46273 0.484913 0.504661 0.521849 0.536403 0.54829 0.557507 0.564068 0.567994 0.5693 0.567994 0.564068 0.557507 0.54829 0.536403 0.521849 0.504661 0.484913 0.46273 0.438293 0.411846 0.383692 0.354192 0.323758 0.292842 0.261924 0.231488 0.202014 0.173944 0.147673 0.123522 0.101727 0.0824311 0.0656803 0.0514295 0.0395537 0.0298636 0.0221249 0.0160779 0.0114559 0.00800097 0.00547586 0.00367162 0.00241142 0.00155106 0.000976949 0.000602504 0.0003638 0.000215062 0.000124467 7.05242e-05 3.91225e-05 2.12492e-05 1.13014e-05 5.88751e-06 3.00768e-06 1.51415e-06 7.67649e-07 4.27467e-07 
4.70117e-07 6.07287e-07 1.0858e-06 2.13251e-06 4.21843e-06 8.22314e-06 1.57175e-05 2.94227e-05 5.39259e-05 9.67567e-05 0.000169945 0.000292192 0.000491763 0.000810179 0.00130666 0.00206314 0.00318951 0.0048284 0.00715876 0.0103972 0.0147958 0.0206362 0.0282181 0.0378435 0.049797 0.0643226 0.0816006 0.101727 0.124697 0.150395 0.178593 0.20896 0.241076 0.274453 0.308559 0.342847 0.376776 0.409837 0.441564 0.471552 0.499463 0.525029 0.548049 0.568391 0.585978 0.600782 0.612813 0.622103 0.628696 0.632632 0.633941 0.632632 0.628696 0.622103 0.612813 0.600782 0.585978 0.568391 0.548049 0.525029 0.499463 0.471552 0.441564 0.409837 0.376776 0.342847 0.308559 0.274453 0.241076 0.20896 0.178593 0.150395 0.124697 0.101727 0.0816006 0.0643226 0.049797 0.0378435 0.0282181 0.0206362 0.0147958 0.0103972 0.00715876 0.0048284 0.00318951 0.00206314 0.00130666 0.000810179 0.000491763 0.000292192 0.000169945 9.67567e-05 5.39259e-05 2.94227e-05 1.57175e-05 8.22314e-06 4.21843e-06 2.13251e-06 1.0858e-06 6.07287e-07 
6.57994e-07 8.48041e-07 1.50981e-06 2.95285e-06 5.81755e-06 1.12942e-05 2.14972e-05 4.00689e-05 7.3112e-05 0.00013058 0.000228268 0.000390553 0.000654005 0.0010719 0.00171958 0.0027003 0.00415115 0.00624813 0.00920936 0.0132952 0.0188042 0.0260634 0.0354135 0.0471879 0.0616882 0.079157 0.0997517 0.123522 0.150395 0.180167 0.21251 0.246985 0.283065 0.320162 0.357662 0.394954 0.431457 0.466645 0.500059 0.53132 0.560132 0.586277 0.609616 0.630074 0.647634 0.662322 0.674194 0.683321 0.689776 0.693621 0.694898 0.693621 0.689776 0.683321 0.674194 0.662322 0.647634 0.630074 0.609616 0.586277 0.560132 0.53132 0.500059 0.466645 0.431457 0.394954 0.357662 0.320162 0.283065 0.246985 0.21251 0.180167 0.150395 0.123522 0.0997517 0.079157 0.0616882 0.0471879 0.0354135 0.0260634 0.0188042 0.0132952 0.00920936 0.00624813 0.00415115 0.0027003 0.00171958 0.0010719 0.000654005 0.000390553 0.000228268 0.00013058 7.3112e-05 4.00689e-05 2.14972e-05 1.12942e-05 5.81755e-06 2.95285e-06 1.50981e-06 8.48041e-07 
9.05235e-07 1.16412e-06 2.06401e-06 4.02034e-06 7.88949e-06 1.52559e-05 2.89198e-05 5.36774e-05 9.75175e-05 0.000173386 0.000301691 0.000513704 0.000855976 0.00139578 0.0022274 0.00347885 0.00531835 0.00795939 0.0116632 0.0167374 0.0235284 0.0324087 0.0437567 0.0579306 0.0752388 0.0959089 0.120059 0.147673 0.178593 0.21251 0.248981 0.28745 0.327278 0.367781 0.408269 0.44808 0.48661 0.523335 0.557823 0.589741 0.618852 0.645007 0.668138 0.68824 0.70536 0.719581 0.731008 0.73975 0.74591 0.74957 0.750784 0.74957 0.74591 0.73975 0.731008 0.719581 0.70536 0.68824 0.668138 0.645007 0.618852 0.589741 0.557823 0.523335 0.48661 0.44808 0.408269 0.367781 0.327278 0.28745 0.248981 0.21251 0.178593 0.147673 0.120059 0.0959089 0.0752388 0.0579306 0.0437567 0.0324087 0.0235284 0.0167374 0.0116632 0.00795939 0.00531835 0.00347885 0.0022274 0.00139578 0.000855976 0.000513704 0.000301691 0.000173386 9.75175e-05 5.36774e-05 2.89198e-05 1.52559e-05 7.88949e-06 4.02034e-06 2.06401e-06 1.16412e-06 
1.22418e-06 1.57095e-06 2.77427e-06 5.3826e-06 1.05226e-05 2.02694e-05 3.8272e-05 7.07461e-05 0.000127984 0.00022656 0.000392429 0.000665078 0.00110285 0.00178934 0.00284073 0.00441321 0.00670988 0.00998551 0.0145478 0.0207536 0.0289979 0.0396963 0.0532593 0.070061 0.0904042 0.114485 0.142365 0.173944 0.20896 0.246985 0.28745 0.329676 0.372914 0.416391 0.459355 0.501108 0.541045 0.578664 0.613582 0.645529 0.674344 0.69996 0.722387 0.741697 0.758004 0.771449 0.782183 0.790351 0.796084 0.799481 0.800606 0.799481 0.796084 0.790351 0.782183 0.771449 0.758004 0.741697 0.722387 0.69996 0.674344 0.645529 0.613582 0.578664 0.541045 0.501108 0.459355 0.416391 0.372914 0.329676 0.28745 0.246985 0.20896 0.173944 0.142365 0.114485 0.0904042 0.070061 0.0532593 0.0396963 0.0289979 0.0207536 0.0145478 0.00998551 0.00670988 0.00441321 0.00284073 0.00178934 0.00110285 0.000665078 0.000392429 0.00022656 0.000127984 7.07461e-05 3.8272e-05 2.02694e-05 1.05226e-05 5.3826e-06 2.77427e-06 1.57095e-06 
1.62741e-06 2.08418e-06 3.66661e-06 7.08706e-06 1.38039e-05 2.64919e-05 4.98308e-05 9.17496e-05 0.000165302 0.000291383 0.000502494 0.000847738 0.00139911 0.00225897 0.00356824 0.00551462 0.00833954 0.0123423 0.0178795 0.025358 0.0352204 0.0479209 0.0638949 0.0835208 0.107081 0.134724 0.166435 0.202014 0.241076 0.283065 0.327278 0.372914 0.419121 0.46505 0.509901 0.552967 0.593657 0.631517 0.66623 0.697608 0.725578 0.750161 0.771453 0.789603 0.804791 0.817211 0.827056 0.834506 0.83971 0.842785 0.843802 0.842785 0.83971 0.834506 0.827056 0.817211 0.804791 0.789603 0.771453 0.750161 0.725578 0.697608 0.66623 0.631517 0.593657 0.552967 0.509901 0.46505 0.419121 0.372914 0.327278 0.283065 0.241076 0.202014 0.166435 0.134724 0.107081 0.0835208 0.0638949 0.0479209 0.0352204 0.025358 0.0178795 0.0123423 0.00833954 0.00551462 0.00356824 0.00225897 0.00139911 0.000847738 0.000502494 0.000291383 0.000165302 9.17496e-05 4.98308e-05 2.64919e-05 1.38039e-05 7.08706e-06 3.66661e-06 2.08418e-06 
2.12685e-06 2.71855e-06 4.76526e-06 9.1774e-06 1.78128e-05 3.40644e-05 6.38407e-05 0.0001171 0.000210147 0.000368922 0.000633515 0.00106408 0.00174816 0.00280921 0.0044157 0.00678986 0.0102144 0.0150357 0.0216606 0.0305458 0.0421781 0.0570447 0.0755957 0.0982016 0.125108 0.156399 0.191965 0.231488 0.274453 0.320162 0.367781 0.416391 0.46505 0.512848 0.558961 0.60269 0.643489 0.680967 0.714891 0.745168 0.77182 0.794963 0.814777 0.831485 0.845327 0.856547 0.865373 0.872009 0.876622 0.879338 0.880235 0.879338 0.876622 0.872009 0.865373 0.856547 0.845327 0.831485 0.814777 0.794963 0.77182 0.745168 0.714891 0.680967 0.643489 0.60269 0.558961 0.512848 0.46505 0.416391 0.367781 0.320162 0.274453 0.231488 0.191965 0.156399 0.125108 0.0982016 0.0755957 0.0570447 0.0421781 0.0305458 0.0216606 0.0150357 0.0102144 0.00678986 0.0044157 0.00280921 0.00174816 0.00106408 0.000633515 0.000368922 0.000210147 0.0001171 6.38407e-05 3.40644e-05 1.78128e-05 9.1774e-06 4.76526e-06 2.71855e-06 
2.73268e-06 3.48658e-06 6.09045e-06 1.16894e-05 2.26127e-05 4.30975e-05 8.04888e-05 0.000147104 0.000263001 0.000459905 0.000786546 0.00131555 0.00215182 0.00344214 0.00538508 0.00824 0.0123334 0.0180601 0.0258776 0.0362906 0.0498256 0.0669949 0.0882528 0.113947 0.144272 0.179227 0.218593 0.261924 0.308559 0.357662 0.408269 0.459355 0.509901 0.558961 0.605707 0.649477 0.689782 0.72632 0.758953 0.787689 0.812653 0.834052 0.852147 0.867227 0.879587 0.889508 0.897247 0.903024 0.907019 0.909362 0.910135 0.909362 0.907019 0.903024 0.897247 0.889508 0.879587 0.867227 0.852147 0.834052 0.812653 0.787689 0.758953 0.72632 0.689782 0.649477 0.605707 0.558961 0.509901 0.459355 0.408269 0.357662 0.308559 0.261924 0.218593 0.179227 0.144272 0.113947 0.0882528 0.0669949 0.0498256 0.0362906 0.0258776 0.0180601 0.0123334 0.00824 0.00538508 0.00344214 0.00215182 0.00131555 0.000786546 0.000459905 0.000263001 0.000147104 8.04888e-05 4.30975e-05 2.26127e-05 1.16894e-05 6.09045e-06 3.48658e-06 
3.45214e-06 4.39697e-06 7.65576e-06 1.4646e-05 2.82428e-05 5.36561e-05 9.98774e-05 0.000181914 0.000324075 0.000564599 0.000961865 0.0016023 0.0026099 0.00415674 0.00647367 0.00985931 0.0146855 0.0213964 0.030499 0.042543 0.0580886 0.0776644 0.101717 0.130556 0.164309 0.202877 0.245917 0.292842 0.342847 0.394954 0.44808 0.501108 0.552967 0.60269 0.649477 0.692716 0.732004 0.767134 0.798075 0.824943 0.847959 0.86742 0.883659 0.897023 0.907848 0.916444 0.923088 0.928009 0.931392 0.933368 0.934018 0.933368 0.931392 0.928009 0.923088 0.916444 0.907848 0.897023 0.883659 0.86742 0.847959 0.824943 0.798075 0.767134 0.732004 0.692716 0.649477 0.60269 0.552967 0.501108 0.44808 0.394954 0.342847 0.292842 0.245917 0.202877 0.164309 0.130556 0.101717 0.0776644 0.0580886 0.042543 0.030499 0.0213964 0.0146855 0.00985931 0.00647367 0.00415674 0.0026099 0.0016023 0.000961865 0.000564599 0.000324075 0.000181914 9.98774e-05 5.36561e-05 2.82428e-05 1.4646e-05 7.65576e-06 4.39697e-06 
