2.78113e-31 9.79856e-31 6.37828e-30 4.06675e-29 2.49238e-28 1.46756e-27 8.30102e-27 4.50988e-26 2.35306e-25 1.17889e-24 5.67051e-24 2.61835e-23 1.16049e-22 4.93665e-22 2.01551e-21 7.89772e-21 2.97037e-20 1.07242e-19 3.71738e-19 1.23745e-18 3.95687e-18 1.21572e-17 3.59003e-17 1.0192e-16 2.78236e-16 7.30503e-16 1.84467e-15 4.4803e-15 1.04655e-14 2.35092e-14 5.07793e-14 1.05451e-13 2.10506e-13 4.03888e-13 7.44626e-13 1.31873e-12 2.24239e-12 3.65865e-12 5.72314e-12 8.57537e-12 1.22967e-11 1.68638e-11 2.21151e-11 2.775e-11 3.33727e-11 3.85725e-11 4.30109e-11 4.64809e-11 4.89133e-11 5.03345e-11 5.07997e-11 5.03345e-11 4.89133e-11 4.64809e-11 4.30109e-11 3.85725e-11 3.33727e-11 2.775e-11 2.21151e-11 1.68638e-11 1.22967e-11 8.57537e-12 5.72314e-12 3.65865e-12 2.24239e-12 1.31873e-12 7.44626e-13 4.03888e-13 2.10506e-13 1.05451e-13 5.07793e-14 2.35092e-14 1.04655e-14 4.4803e-15 1.84467e-15 7.30503e-16 2.78236e-16 1.0192e-16 3.59003e-17 1.21572e-17 3.95687e-18 1.23745e-18 3.71738e-19 1.07242e-19 2.97037e-20 7.89772e-21 2.01551e-21 4.93665e-22 1.16049e-22 2.61835e-23 5.67051e-24 1.17889e-24 2.35306e-25 4.50988e-26 8.30102e-27 1.46756e-27 2.49238e-28 4.06675e-29 6.37828e-30 9.79856e-31 
9.79856e-31 3.40682e-30 2.1869e-29 1.37624e-28 8.32803e-28 4.84332e-27 2.70662e-26 1.45321e-25 7.49496e-25 3.7126e-24 1.76597e-23 8.06526e-23 3.53611e-22 1.4882e-21 6.01172e-21 2.33094e-20 8.67515e-20 3.09942e-19 1.0632e-18 3.50244e-18 1.10833e-17 3.3701e-17 9.84967e-17 2.76781e-16 7.4799e-16 1.94439e-15 4.86238e-15 1.16979e-14 2.70739e-14 6.0276e-14 1.29075e-13 2.65826e-13 5.26445e-13 1.00241e-12 1.83478e-12 3.22733e-12 5.45299e-12 8.84495e-12 1.37623e-11 2.05229e-11 2.93065e-11 4.00484e-11 5.23643e-11 6.55507e-11 7.86875e-11 9.08233e-11 1.01176e-10 1.09269e-10 1.14942e-10 1.18258e-10 1.19343e-10 1.18258e-10 1.14942e-10 1.09269e-10 1.01176e-10 9.08233e-11 7.86875e-11 6.55507e-11 5.23643e-11 4.00484e-11 2.93065e-11 2.05229e-11 1.37623e-11 8.84495e-12 5.45299e-12 3.22733e-12 1.83478e-12 1.00241e-12 5.26445e-13 2.65826e-13 1.29075e-13 6.0276e-14 2.70739e-14 1.16979e-14 4.86238e-15 1.94439e-15 7.4799e-16 2.76781e-16 9.84967e-17 3.3701e-17 1.10833e-17 3.50244e-18 1.0632e-18 3.09942e-19 8.67515e-20 2.33094e-20 6.01172e-21 1.4882e-21 3.53611e-22 8.06526e-23 1.76597e-23 3.7126e-24 7.49496e-25 1.45321e-25 2.70662e-26 4.84332e-27 8.32803e-28 1.37624e-28 2.1869e-29 3.40682e-30 
6.37828e-30 2.1869e-29 1.38322e-28 8.58488e-28 5.12521e-27 2.94153e-26 1.6227e-25 8.60263e-25 4.38191e-24 2.14414e-23 1.00766e-22 4.54746e-22 1.97037e-21 8.19589e-21 3.27245e-20 1.25418e-19 4.61387e-19 1.62938e-18 5.52456e-18 1.7988e-17 5.62592e-17 1.69071e-16 4.88377e-16 1.35642e-15 3.62337e-15 9.31146e-15 2.3024e-14 5.47821e-14 1.25429e-13 2.76335e-13 5.85767e-13 1.19459e-12 2.34357e-12 4.42227e-12 8.02503e-12 1.40014e-11 2.34775e-11 3.78137e-11 5.8459e-11 8.66757e-11 1.23148e-10 1.6756e-10 2.18302e-10 2.72482e-10 3.2635e-10 3.76047e-10 4.18411e-10 4.51516e-10 4.74725e-10 4.88293e-10 4.92734e-10 4.88293e-10 4.74725e-10 4.51516e-10 4.18411e-10 3.76047e-10 3.2635e-10 2.72482e-10 2.18302e-10 1.6756e-10 1.23148e-10 8.66757e-11 5.8459e-11 3.78137e-11 2.34775e-11 1.40014e-11 8.02503e-12 4.42227e-12 2.34357e-12 1.19459e-12 5.85767e-13 2.76335e-13 1.25429e-13 5.47821e-14 2.3024e-14 9.31146e-15 3.62337e-15 1.35642e-15 4.88377e-16 1.69071e-16 5.62592e-17 1.7988e-17 5.52456e-18 1.62938e-18 4.61387e-19 1.25418e-19 3.27245e-20 8.19589e-21 1.97037e-21 4.54746e-22 1.00766e-22 2.14414e-23 4.38191e-24 8.60263e-25 1.6227e-25 2.94153e-26 5.12521e-27 8.58488e-28 1.38322e-28 2.1869e-29 
4.06675e-29 1.37624e-28 8.58488e-28 5.25932e-27 3.10031e-26 1.75747e-25 9.57835e-25 5.01791e-24 2.52633e-23 1.22207e-22 5.67867e-22 2.53426e-21 1.086e-20 4.46799e-20 1.76461e-19 6.68967e-19 2.43434e-18 8.50353e-18 2.85179e-17 9.18385e-17 2.84078e-16 8.44296e-16 2.41187e-15 6.62476e-15 1.75022e-14 4.44886e-14 1.08825e-13 2.56209e-13 5.80587e-13 1.26633e-12 2.65832e-12 5.37057e-12 1.04412e-11 1.95323e-11 3.51535e-11 6.08557e-11 1.01298e-10 1.62052e-10 2.48984e-10 3.67121e-10 5.19069e-10 7.03324e-10 9.13122e-10 1.13654e-09 1.35823e-09 1.56248e-09 1.73645e-09 1.87235e-09 1.96762e-09 2.02331e-09 2.04155e-09 2.02331e-09 1.96762e-09 1.87235e-09 1.73645e-09 1.56248e-09 1.35823e-09 1.13654e-09 9.13122e-10 7.03324e-10 5.19069e-10 3.67121e-10 2.48984e-10 1.62052e-10 1.01298e-10 6.08557e-11 3.51535e-11 1.95323e-11 1.04412e-11 5.37057e-12 2.65832e-12 1.26633e-12 5.80587e-13 2.56209e-13 1.08825e-13 4.44886e-14 1.75022e-14 6.62476e-15 2.41187e-15 8.44296e-16 2.84078e-16 9.18385e-17 2.85179e-17 8.50353e-18 2.43434e-18 6.68967e-19 1.76461e-19 4.46799e-20 1.086e-20 2.53426e-21 5.67867e-22 1.22207e-22 2.52633e-23 5.01791e-24 9.57835e-25 1.75747e-25 3.10031e-26 5.25932e-27 8.58488e-28 1.37624e-28 
2.49238e-28 8.32803e-28 5.12521e-27 3.10031e-26 1.80516e-25 1.011e-24 5.44526e-24 2.81976e-23 1.40355e-22 6.71374e-22 3.0854e-21 1.36197e-20 5.77355e-20 2.34992e-19 9.18193e-19 3.44384e-18 1.23984e-17 4.28463e-17 1.42146e-16 4.52808e-16 1.38537e-15 4.07221e-15 1.15046e-14 3.12512e-14 8.16538e-14 2.05282e-13 4.96715e-13 1.15699e-12 2.59453e-12 5.6016e-12 1.16434e-11 2.32994e-11 4.48827e-11 8.32245e-11 1.4853e-10 2.55085e-10 4.21446e-10 6.69554e-10 1.02224e-09 1.49872e-09 2.10847e-09 2.84468e-09 3.68e-09 4.56708e-09 5.44548e-09 6.25358e-09 6.94124e-09 7.47815e-09 7.8545e-09 8.07453e-09 8.14657e-09 8.07453e-09 7.8545e-09 7.47815e-09 6.94124e-09 6.25358e-09 5.44548e-09 4.56708e-09 3.68e-09 2.84468e-09 2.10847e-09 1.49872e-09 1.02224e-09 6.69554e-10 4.21446e-10 2.55085e-10 1.4853e-10 8.32245e-11 4.48827e-11 2.32994e-11 1.16434e-11 5.6016e-12 2.59453e-12 1.15699e-12 4.96715e-13 2.05282e-13 8.16538e-14 3.12512e-14 1.15046e-14 4.07221e-15 1.38537e-15 4.52808e-16 1.42146e-16 4.28463e-17 1.23984e-17 3.44384e-18 9.18193e-19 2.34992e-19 5.77355e-20 1.36197e-20 3.0854e-21 6.71374e-22 1.40355e-22 2.81976e-23 5.44526e-24 1.011e-24 1.80516e-25 3.10031e-26 5.12521e-27 8.32803e-28 
1.46756e-27 4.84332e-27 2.94153e-26 1.75747e-25 1.011e-24 5.59573e-24 2.97914e-23 1.52528e-22 7.50781e-22 3.55197e-21 1.61473e-20 7.05168e-20 2.95761e-19 1.19111e-18 4.6052e-18 1.70912e-17 6.08834e-17 2.08173e-16 6.83268e-16 2.15314e-15 6.51594e-15 1.89432e-14 5.29262e-14 1.42172e-13 3.6734e-13 9.1328e-13 2.18557e-12 5.03571e-12 1.11727e-11 2.38721e-11 4.9121e-11 9.73378e-11 1.85746e-10 3.41317e-10 6.03901e-10 1.02868e-09 1.68653e-09 2.66032e-09 4.03516e-09 5.88135e-09 8.23137e-09 1.10561e-08 1.42493e-08 1.76305e-08 2.09712e-08 2.40396e-08 2.6648e-08 2.86834e-08 3.01098e-08 3.09437e-08 3.12168e-08 3.09437e-08 3.01098e-08 2.86834e-08 2.6648e-08 2.40396e-08 2.09712e-08 1.76305e-08 1.42493e-08 1.10561e-08 8.23137e-09 5.88135e-09 4.03516e-09 2.66032e-09 1.68653e-09 1.02868e-09 6.03901e-10 3.41317e-10 1.85746e-10 9.73378e-11 4.9121e-11 2.38721e-11 1.11727e-11 5.03571e-12 2.18557e-12 9.1328e-13 3.6734e-13 1.42172e-13 5.29262e-14 1.89432e-14 6.51594e-15 2.15314e-15 6.83268e-16 2.08173e-16 6.08834e-17 1.70912e-17 4.6052e-18 1.19111e-18 2.95761e-19 7.05168e-20 1.61473e-20 3.55197e-21 7.50781e-22 1.52528e-22 2.97914e-23 5.59573e-24 1.011e-24 1.75747e-25 2.94153e-26 4.84332e-27 
8.30102e-27 2.70662e-26 1.6227e-25 9.57835e-25 5.44526e-24 2.97914e-23 1.56817e-22 7.93976e-22 3.86552e-21 1.80913e-20 8.13699e-20 3.51615e-19 1.45936e-18 5.81625e-18 2.22544e-17 8.17362e-17 2.88134e-16 9.74863e-16 3.16584e-15 9.86954e-15 2.95442e-14 8.49494e-14 2.34712e-13 6.23443e-13 1.59274e-12 3.91541e-12 9.26539e-12 2.11125e-11 4.63341e-11 9.79497e-11 1.99469e-10 3.91312e-10 7.39516e-10 1.34629e-09 2.3609e-09 3.98767e-09 6.48603e-09 1.01557e-08 1.53e-08 2.21644e-08 3.08539e-08 4.12498e-08 5.29564e-08 6.53137e-08 7.74941e-08 8.86627e-08 9.81461e-08 1.05541e-07 1.10721e-07 1.1375e-07 1.14741e-07 1.1375e-07 1.10721e-07 1.05541e-07 9.81461e-08 8.86627e-08 7.74941e-08 6.53137e-08 5.29564e-08 4.12498e-08 3.08539e-08 2.21644e-08 1.53e-08 1.01557e-08 6.48603e-09 3.98767e-09 2.3609e-09 1.34629e-09 7.39516e-10 3.91312e-10 1.99469e-10 9.79497e-11 4.63341e-11 2.11125e-11 9.26539e-12 3.91541e-12 1.59274e-12 6.23443e-13 2.34712e-13 8.49494e-14 2.95442e-14 9.86954e-15 3.16584e-15 9.74863e-16 2.88134e-16 8.17362e-17 2.22544e-17 5.81625e-18 1.45936e-18 3.51615e-19 8.13699e-20 1.80913e-20 3.86552e-21 7.93976e-22 1.56817e-22 2.97914e-23 5.44526e-24 9.57835e-25 1.6227e-25 2.70662e-26 
4.50988e-26 1.45321e-25 8.60263e-25 5.01791e-24 2.81976e-23 1.52528e-22 7.93976e-22 3.97614e-21 1.91504e-20 8.86789e-20 3.94686e-19 1.68785e-18 6.93332e-18 2.73496e-17 1.03576e-16 3.76516e-16 1.3136e-15 4.39822e-15 1.4133e-14 4.35906e-14 1.29077e-13 3.67068e-13 1.00291e-12 2.63393e-12 6.65264e-12 1.61678e-11 3.78245e-11 8.52171e-11 1.84943e-10 3.86712e-10 7.7916e-10 1.51279e-09 2.83048e-09 5.10354e-09 8.86772e-09 1.48475e-08 2.39516e-08 3.72161e-08 5.56741e-08 8.01411e-08 1.10934e-07 1.47593e-07 1.88705e-07 2.3196e-07 2.74488e-07 3.13411e-07 3.46417e-07 3.72134e-07 3.90142e-07 4.00666e-07 4.04112e-07 4.00666e-07 3.90142e-07 3.72134e-07 3.46417e-07 3.13411e-07 2.74488e-07 2.3196e-07 1.88705e-07 1.47593e-07 1.10934e-07 8.01411e-08 5.56741e-08 3.72161e-08 2.39516e-08 1.48475e-08 8.86772e-09 5.10354e-09 2.83048e-09 1.51279e-09 7.7916e-10 3.86712e-10 1.84943e-10 8.52171e-11 3.78245e-11 1.61678e-11 6.65264e-12 2.63393e-12 1.00291e-12 3.67068e-13 1.29077e-13 4.35906e-14 1.4133e-14 4.39822e-15 1.3136e-15 3.76516e-16 1.03576e-16 2.73496e-17 6.93332e-18 1.68785e-18 3.94686e-19 8.86789e-20 1.91504e-20 3.97614e-21 7.93976e-22 1.52528e-22 2.81976e-23 5.01791e-24 8.60263e-25 1.45321e-25 
2.35306e-25 7.49496e-25 4.38191e-24 2.52633e-23 1.40355e-22 7.50781e-22 3.86552e-21 1.91504e-20 9.12602e-20 4.18189e-19 1.84206e-18 7.79702e-18 3.17033e-17 1.23794e-16 4.64079e-16 1.66989e-15 5.7665e-15 1.91084e-14 6.07608e-14 1.85418e-13 5.43121e-13 1.52755e-12 4.12697e-12 1.07156e-11 2.6754e-11 6.42676e-11 1.48612e-10 3.30958e-10 7.1008e-10 1.46815e-09 2.92573e-09 5.62013e-09 1.04072e-08 1.8579e-08 3.19757e-08 5.30541e-08 8.48554e-08 1.30799e-07 1.94239e-07 2.77748e-07 3.82211e-07 5.05924e-07 6.44066e-07 7.88902e-07 9.30917e-07 1.06063e-06 1.17046e-06 1.25596e-06 1.3158e-06 1.35076e-06 1.3622e-06 1.35076e-06 1.3158e-06 1.25596e-06 1.17046e-06 1.06063e-06 9.30917e-07 7.88902e-07 6.44066e-07 5.05924e-07 3.82211e-07 2.77748e-07 1.94239e-07 1.30799e-07 8.48554e-08 5.30541e-08 3.19757e-08 1.8579e-08 1.04072e-08 5.62013e-09 2.92573e-09 1.46815e-09 7.1008e-10 3.30958e-10 1.48612e-10 6.42676e-11 2.6754e-11 1.07156e-11 4.12697e-12 1.52755e-12 5.43121e-13 1.85418e-13 6.07608e-14 1.91084e-14 5.7665e-15 1.66989e-15 4.64079e-16 1.23794e-16 3.17033e-17 7.79702e-18 1.84206e-18 4.18189e-19 9.12602e-20 1.91504e-20 3.86552e-21 7.50781e-22 1.40355e-22 2.52633e-23 4.38191e-24 7.49496e-25 
1.17889e-24 3.7126e-24 2.14414e-23 1.22207e-22 6.71374e-22 3.55197e-21 1.80913e-20 8.86789e-20 4.18189e-19 1.89658e-18 8.2691e-18 3.46478e-17 1.39466e-16 5.39132e-16 2.00087e-15 7.12731e-15 2.43629e-14 7.99045e-14 2.51441e-13 7.59187e-13 2.19983e-12 6.11905e-12 1.63461e-11 4.19566e-11 1.03537e-10 2.45788e-10 5.61642e-10 1.23601e-09 2.62085e-09 5.35632e-09 1.05536e-08 2.00497e-08 3.6732e-08 6.48998e-08 1.10595e-07 1.81774e-07 2.88148e-07 4.40473e-07 6.49098e-07 9.2172e-07 1.26055e-06 1.65962e-06 2.10317e-06 2.56648e-06 3.01944e-06 3.43224e-06 3.78123e-06 4.05259e-06 4.24237e-06 4.35321e-06 4.38949e-06 4.35321e-06 4.24237e-06 4.05259e-06 3.78123e-06 3.43224e-06 3.01944e-06 2.56648e-06 2.10317e-06 1.65962e-06 1.26055e-06 9.2172e-07 6.49098e-07 4.40473e-07 2.88148e-07 1.81774e-07 1.10595e-07 6.48998e-08 3.6732e-08 2.00497e-08 1.05536e-08 5.35632e-09 2.62085e-09 1.23601e-09 5.61642e-10 2.45788e-10 1.03537e-10 4.19566e-11 1.63461e-11 6.11905e-12 2.19983e-12 7.59187e-13 2.51441e-13 7.99045e-14 2.43629e-14 7.12731e-15 2.00087e-15 5.39132e-16 1.39466e-16 3.46478e-17 8.2691e-18 1.89658e-18 4.18189e-19 8.86789e-20 1.80913e-20 3.55197e-21 6.71374e-22 1.22207e-22 2.14414e-23 3.7126e-24 
5.67051e-24 1.76597e-23 1.00766e-22 5.67867e-22 3.0854e-21 1.61473e-20 8.13699e-20 3.94686e-19 1.84206e-18 8.2691e-18 3.569e-17 1.48047e-16 5.90001e-16 2.25812e-15 8.29725e-15 2.92608e-14 9.90145e-14 3.21437e-13 1.00102e-12 2.99058e-12 8.57218e-12 2.35815e-11 6.22833e-11 1.58021e-10 3.85358e-10 9.03872e-10 2.04047e-09 4.43614e-09 9.29314e-09 1.87666e-08 3.65438e-08 6.86345e-08 1.24349e-07 2.17357e-07 3.66589e-07 5.96618e-07 9.36977e-07 1.41984e-06 2.07552e-06 2.92572e-06 3.97521e-06 5.20399e-06 6.56305e-06 7.97698e-06 9.35494e-06 1.06077e-05 1.16649e-05 1.24859e-05 1.30597e-05 1.33946e-05 1.35042e-05 1.33946e-05 1.30597e-05 1.24859e-05 1.16649e-05 1.06077e-05 9.35494e-06 7.97698e-06 6.56305e-06 5.20399e-06 3.97521e-06 2.92572e-06 2.07552e-06 1.41984e-06 9.36977e-07 5.96618e-07 3.66589e-07 2.17357e-07 1.24349e-07 6.86345e-08 3.65438e-08 1.87666e-08 9.29314e-09 4.43614e-09 2.04047e-09 9.03872e-10 3.85358e-10 1.58021e-10 6.22833e-11 2.35815e-11 8.57218e-12 2.99058e-12 1.00102e-12 3.21437e-13 9.90145e-14 2.92608e-14 8.29725e-15 2.25812e-15 5.90001e-16 1.48047e-16 3.569e-17 8.2691e-18 1.84206e-18 3.94686e-19 8.13699e-20 1.61473e-20 3.0854e-21 5.67867e-22 1.00766e-22 1.76597e-23 
2.61835e-23 8.06526e-23 4.54746e-22 2.53426e-21 1.36197e-20 7.05168e-20 3.51615e-19 1.68785e-18 7.79702e-18 3.46478e-17 1.48047e-16 6.08025e-16 2.39918e-15 9.09191e-15 3.30776e-14 1.15493e-13 3.86899e-13 1.24328e-12 3.8319e-12 1.13274e-11 3.21188e-11 8.73799e-11 2.28166e-10 5.72143e-10 1.37861e-09 3.19425e-09 7.12202e-09 1.52915e-08 3.16362e-08 6.31001e-08 1.21385e-07 2.25276e-07 4.03443e-07 6.97336e-07 1.16349e-06 1.87414e-06 2.91467e-06 4.3764e-06 6.34335e-06 8.87293e-06 1.19728e-05 1.55795e-05 1.95476e-05 2.3658e-05 2.76502e-05 3.12699e-05 3.43187e-05 3.66829e-05 3.83335e-05 3.92966e-05 3.96116e-05 3.92966e-05 3.83335e-05 3.66829e-05 3.43187e-05 3.12699e-05 2.76502e-05 2.3658e-05 1.95476e-05 1.55795e-05 1.19728e-05 8.87293e-06 6.34335e-06 4.3764e-06 2.91467e-06 1.87414e-06 1.16349e-06 6.97336e-07 4.03443e-07 2.25276e-07 1.21385e-07 6.31001e-08 3.16362e-08 1.52915e-08 7.12202e-09 3.19425e-09 1.37861e-09 5.72143e-10 2.28166e-10 8.73799e-11 3.21188e-11 1.13274e-11 3.8319e-12 1.24328e-12 3.86899e-13 1.15493e-13 3.30776e-14 9.09191e-15 2.39918e-15 6.08025e-16 1.48047e-16 3.46478e-17 7.79702e-18 1.68785e-18 3.51615e-19 7.05168e-20 1.36197e-20 2.53426e-21 4.54746e-22 8.06526e-23 
1.16049e-22 3.53611e-22 1.97037e-21 1.086e-20 5.77355e-20 2.95761e-19 1.45936e-18 6.93332e-18 3.17033e-17 1.39466e-16 5.90001e-16 2.39918e-15 9.37378e-15 3.51739e-14 1.26709e-13 4.38038e-13 1.45277e-12 4.62115e-12 1.40961e-11 4.12306e-11 1.15648e-10 3.11132e-10 8.03144e-10 1.99025e-09 4.73763e-09 1.08412e-08 2.38672e-08 5.05913e-08 1.03327e-07 2.03467e-07 3.86482e-07 7.08416e-07 1.25343e-06 2.14126e-06 3.53252e-06 5.62895e-06 8.66474e-06 1.28852e-05 1.85099e-05 2.56803e-05 3.43992e-05 4.44755e-05 5.54984e-05 6.68636e-05 7.78604e-05 8.78023e-05 9.61576e-05 0.000102627 0.000107138 0.000109768 0.000110629 0.000109768 0.000107138 0.000102627 9.61576e-05 8.78023e-05 7.78604e-05 6.68636e-05 5.54984e-05 4.44755e-05 3.43992e-05 2.56803e-05 1.85099e-05 1.28852e-05 8.66474e-06 5.62895e-06 3.53252e-06 2.14126e-06 1.25343e-06 7.08416e-07 3.86482e-07 2.03467e-07 1.03327e-07 5.05913e-08 2.38672e-08 1.08412e-08 4.73763e-09 1.99025e-09 8.03144e-10 3.11132e-10 1.15648e-10 4.12306e-11 1.40961e-11 4.62115e-12 1.45277e-12 4.38038e-13 1.26709e-13 3.51739e-14 9.37378e-15 2.39918e-15 5.90001e-16 1.39466e-16 3.17033e-17 6.93332e-18 1.45936e-18 2.95761e-19 5.77355e-20 1.086e-20 1.97037e-21 3.53611e-22 
4.93665e-22 1.4882e-21 8.19589e-21 4.46799e-20 2.34992e-19 1.19111e-18 5.81625e-18 2.73496e-17 1.23794e-16 5.39132e-16 2.25812e-15 9.09191e-15 3.51739e-14 1.30691e-13 4.6617e-13 1.59565e-12 5.23921e-12 1.64969e-11 4.98028e-11 1.44136e-10 3.99912e-10 1.06391e-09 2.71473e-09 6.64737e-09 1.56297e-08 3.5315e-08 7.67446e-08 1.60544e-07 3.23564e-07 6.28735e-07 1.17865e-06 2.13264e-06 3.72593e-06 6.28737e-06 1.02503e-05 1.61489e-05 2.4591e-05 3.61983e-05 5.15094e-05 7.08463e-05 9.41636e-05 0.000120916 0.000150002 0.000179839 0.000208591 0.000234502 0.000256224 0.000273013 0.000284706 0.000291518 0.000293745 0.000291518 0.000284706 0.000273013 0.000256224 0.000234502 0.000208591 0.000179839 0.000150002 0.000120916 9.41636e-05 7.08463e-05 5.15094e-05 3.61983e-05 2.4591e-05 1.61489e-05 1.02503e-05 6.28737e-06 3.72593e-06 2.13264e-06 1.17865e-06 6.28735e-07 3.23564e-07 1.60544e-07 7.67446e-08 3.5315e-08 1.56297e-08 6.64737e-09 2.71473e-09 1.06391e-09 3.99912e-10 1.44136e-10 4.98028e-11 1.64969e-11 5.23921e-12 1.59565e-12 4.6617e-13 1.30691e-13 3.51739e-14 9.09191e-15 2.25812e-15 5.39132e-16 1.23794e-16 2.73496e-17 5.81625e-18 1.19111e-18 2.34992e-19 4.46799e-20 8.19589e-21 1.4882e-21 
2.01551e-21 6.01172e-21 3.27245e-20 1.76461e-19 9.18193e-19 4.6052e-18 2.22544e-17 1.03576e-16 4.64079e-16 2.00087e-15 8.29725e-15 3.30776e-14 1.26709e-13 4.6617e-13 1.64643e-12 5.57972e-12 1.81374e-11 5.65307e-11 1.68898e-10 4.83644e-10 1.32731e-09 3.49153e-09 8.80594e-09 2.13036e-08 4.94679e-08 1.10338e-07 2.36621e-07 4.88332e-07 9.7078e-07 1.86056e-06 3.44035e-06 6.14128e-06 1.05882e-05 1.76383e-05 2.83995e-05 4.42096e-05 6.65569e-05 9.69231e-05 0.000136541 0.000186077 0.000245274 0.000312661 0.000385439 0.000459683 0.000530908 0.000594867 0.000648342 0.000689586 0.000718272 0.000734968 0.000740425 0.000734968 0.000718272 0.000689586 0.000648342 0.000594867 0.000530908 0.000459683 0.000385439 0.000312661 0.000245274 0.000186077 0.000136541 9.69231e-05 6.65569e-05 4.42096e-05 2.83995e-05 1.76383e-05 1.05882e-05 6.14128e-06 3.44035e-06 1.86056e-06 9.7078e-07 4.88332e-07 2.36621e-07 1.10338e-07 4.94679e-08 2.13036e-08 8.80594e-09 3.49153e-09 1.32731e-09 4.83644e-10 1.68898e-10 5.65307e-11 1.81374e-11 5.57972e-12 1.64643e-12 4.6617e-13 1.26709e-13 3.30776e-14 8.29725e-15 2.00087e-15 4.64079e-16 1.03576e-16 2.22544e-17 4.6052e-18 9.18193e-19 1.76461e-19 3.27245e-20 6.01172e-21 
7.89772e-21 2.33094e-20 1.25418e-19 6.68967e-19 3.44384e-18 1.70912e-17 8.17362e-17 3.76516e-16 1.66989e-15 7.12731e-15 2.92608e-14 1.15493e-13 4.38038e-13 1.59565e-12 5.57972e-12 1.87211e-11 6.02428e-11 1.85849e-10 5.49496e-10 1.55676e-09 4.22566e-09 1.09902e-08 2.73941e-08 6.54685e-08 1.50105e-07 3.3044e-07 6.99081e-07 1.4228e-06 2.78866e-06 5.26877e-06 9.60423e-06 1.69034e-05 2.87408e-05 4.72331e-05 7.50581e-05 0.000115376 0.000171614 0.000247076 0.000344378 0.00046473 0.000607165 0.000767931 0.000940298 0.00111508 0.00128192 0.00143116 0.00155556 0.00165128 0.00171775 0.0017564 0.00176902 0.0017564 0.00171775 0.00165128 0.00155556 0.00143116 0.00128192 0.00111508 0.000940298 0.000767931 0.000607165 0.00046473 0.000344378 0.000247076 0.000171614 0.000115376 7.50581e-05 4.72331e-05 2.87408e-05 1.69034e-05 9.60423e-06 5.26877e-06 2.78866e-06 1.4228e-06 6.99081e-07 3.3044e-07 1.50105e-07 6.54685e-08 2.73941e-08 1.09902e-08 4.22566e-09 1.55676e-09 5.49496e-10 1.85849e-10 6.02428e-11 1.87211e-11 5.57972e-12 1.59565e-12 4.38038e-13 1.15493e-13 2.92608e-14 7.12731e-15 1.66989e-15 3.76516e-16 8.17362e-17 1.70912e-17 3.44384e-18 6.68967e-19 1.25418e-19 2.33094e-20 
2.97037e-20 8.67515e-20 4.61387e-19 2.43434e-18 1.23984e-17 6.08834e-17 2.88134e-16 1.3136e-15 5.7665e-15 2.43629e-14 9.90145e-14 3.86899e-13 1.45277e-12 5.23921e-12 1.81374e-11 6.02428e-11 1.91887e-10 5.85878e-10 1.71409e-09 4.80405e-09 1.28962e-08 3.31588e-08 8.16752e-08 1.92797e-07 4.36393e-07 9.47908e-07 1.97779e-06 3.96816e-06 7.6646e-06 1.4268e-05 2.56241e-05 4.44353e-05 7.44586e-05 0.000120633 0.00018906 0.000286761 0.000421121 0.000598998 0.000825474 0.00110235 0.00142661 0.00178921 0.0021749 0.00256339 0.00293224 0.00326073 0.00353362 0.00374308 0.00388824 0.00397255 0.00400007 0.00397255 0.00388824 0.00374308 0.00353362 0.00326073 0.00293224 0.00256339 0.0021749 0.00178921 0.00142661 0.00110235 0.000825474 0.000598998 0.000421121 0.000286761 0.00018906 0.000120633 7.44586e-05 4.44353e-05 2.56241e-05 1.4268e-05 7.6646e-06 3.96816e-06 1.97779e-06 9.47908e-07 4.36393e-07 1.92797e-07 8.16752e-08 3.31588e-08 1.28962e-08 4.80405e-09 1.71409e-09 5.85878e-10 1.91887e-10 6.02428e-11 1.81374e-11 5.23921e-12 1.45277e-12 3.86899e-13 9.90145e-14 2.43629e-14 5.7665e-15 1.3136e-15 2.88134e-16 6.08834e-17 1.23984e-17 2.43434e-18 4.61387e-19 8.67515e-20 
1.07242e-19 3.09942e-19 1.62938e-18 8.50353e-18 4.28463e-17 2.08173e-16 9.74863e-16 4.39822e-15 1.91084e-14 7.99045e-14 3.21437e-13 1.24328e-12 4.62115e-12 1.64969e-11 5.65307e-11 1.85849e-10 5.85878e-10 1.77017e-09 5.12399e-09 1.4205e-08 3.77071e-08 9.58353e-08 2.33236e-07 5.43712e-07 1.21473e-06 2.60289e-06 5.35449e-06 1.05867e-05 2.01423e-05 3.69237e-05 6.52912e-05 0.000111482 0.000183965 0.0002936 0.00045346 0.000678144 0.000982487 0.00137962 0.00187841 0.00248057 0.00317775 0.00394955 0.00476334 0.00557704 0.00634496 0.00702558 0.00758885 0.00801994 0.00831809 0.00849099 0.00854739 0.00849099 0.00831809 0.00801994 0.00758885 0.00702558 0.00634496 0.00557704 0.00476334 0.00394955 0.00317775 0.00248057 0.00187841 0.00137962 0.000982487 0.000678144 0.00045346 0.0002936 0.000183965 0.000111482 6.52912e-05 3.69237e-05 2.01423e-05 1.05867e-05 5.35449e-06 2.60289e-06 1.21473e-06 5.43712e-07 2.33236e-07 9.58353e-08 3.77071e-08 1.4205e-08 5.12399e-09 1.77017e-09 5.85878e-10 1.85849e-10 5.65307e-11 1.64969e-11 4.62115e-12 1.24328e-12 3.21437e-13 7.99045e-14 1.91084e-14 4.39822e-15 9.74863e-16 2.08173e-16 4.28463e-17 8.50353e-18 1.62938e-18 3.09942e-19 
3.71738e-19 1.0632e-18 5.52456e-18 2.85179e-17 1.42146e-16 6.83268e-16 3.16584e-15 1.4133e-14 6.07608e-14 2.51441e-13 1.00102e-12 3.8319e-12 1.40961e-11 4.98028e-11 1.68898e-10 5.49496e-10 1.71409e-09 5.12399e-09 1.46719e-08 4.02256e-08 1.05569e-07 2.65175e-07 6.37539e-07 1.46746e-06 3.23532e-06 6.83716e-06 1.3863e-05 2.70002e-05 5.0579e-05 9.12545e-05 0.000158779 0.00026675 0.000433156 0.000680438 0.00103481 0.00152457 0.00217729 0.00301586 0.00405374 0.00528969 0.00670297 0.00825028 0.0098662 0.0114689 0.0129713 0.0142958 0.0153873 0.01622 0.0167945 0.0171271 0.0172355 0.0171271 0.0167945 0.01622 0.0153873 0.0142958 0.0129713 0.0114689 0.0098662 0.00825028 0.00670297 0.00528969 0.00405374 0.00301586 0.00217729 0.00152457 0.00103481 0.000680438 0.000433156 0.00026675 0.000158779 9.12545e-05 5.0579e-05 2.70002e-05 1.3863e-05 6.83716e-06 3.23532e-06 1.46746e-06 6.37539e-07 2.65175e-07 1.05569e-07 4.02256e-08 1.46719e-08 5.12399e-09 1.71409e-09 5.49496e-10 1.68898e-10 4.98028e-11 1.40961e-11 3.8319e-12 1.00102e-12 2.51441e-13 6.07608e-14 1.4133e-14 3.16584e-15 6.83268e-16 1.42146e-16 2.85179e-17 5.52456e-18 1.0632e-18 
1.23745e-18 3.50244e-18 1.7988e-17 9.18385e-17 4.52808e-16 2.15314e-15 9.86954e-15 4.35906e-14 1.85418e-13 7.59187e-13 2.99058e-12 1.13274e-11 4.12306e-11 1.44136e-10 4.83644e-10 1.55676e-09 4.80405e-09 1.4205e-08 4.02256e-08 1.09044e-07 2.82874e-07 7.02085e-07 1.66715e-06 3.78815e-06 8.23992e-06 1.71693e-05 3.43023e-05 6.57877e-05 0.000121285 0.00021525 0.000368294 0.000608355 0.000971321 0.0015006 0.0022452 0.00325588 0.00457953 0.00625187 0.00828906 0.0106793 0.0133757 0.0162921 0.0193058 0.0222681 0.0250245 0.0274399 0.029421 0.0309267 0.0319628 0.0325617 0.0327567 0.0325617 0.0319628 0.0309267 0.029421 0.0274399 0.0250245 0.0222681 0.0193058 0.0162921 0.0133757 0.0106793 0.00828906 0.00625187 0.00457953 0.00325588 0.0022452 0.0015006 0.000971321 0.000608355 0.000368294 0.00021525 0.000121285 6.57877e-05 3.43023e-05 1.71693e-05 8.23992e-06 3.78815e-06 1.66715e-06 7.02085e-07 2.82874e-07 1.09044e-07 4.02256e-08 1.4205e-08 4.80405e-09 1.55676e-09 4.83644e-10 1.44136e-10 4.12306e-11 1.13274e-11 2.99058e-12 7.59187e-13 1.85418e-13 4.35906e-14 9.86954e-15 2.15314e-15 4.52808e-16 9.18385e-17 1.7988e-17 3.50244e-18 
3.95687e-18 1.10833e-17 5.62592e-17 2.84078e-16 1.38537e-15 6.51594e-15 2.95442e-14 1.29077e-13 5.43121e-13 2.19983e-12 8.57218e-12 3.21188e-11 1.15648e-10 3.99912e-10 1.32731e-09 4.22566e-09 1.28962e-08 3.77071e-08 1.05569e-07 2.82874e-07 7.25137e-07 1.77787e-06 4.16858e-06 9.34808e-06 2.00563e-05 4.11939e-05 8.10699e-05 0.000153051 0.000277566 0.000484317 0.000814374 0.00132168 0.00207326 0.00314734 0.00462871 0.00660097 0.00913599 0.0122815 0.016048 0.0203966 0.02523 0.0303885 0.0356573 0.0407848 0.0455166 0.0496353 0.0529953 0.0555387 0.0572835 0.0582899 0.0586173 0.0582899 0.0572835 0.0555387 0.0529953 0.0496353 0.0455166 0.0407848 0.0356573 0.0303885 0.02523 0.0203966 0.016048 0.0122815 0.00913599 0.00660097 0.00462871 0.00314734 0.00207326 0.00132168 0.000814374 0.000484317 0.000277566 0.000153051 8.10699e-05 4.11939e-05 2.00563e-05 9.34808e-06 4.16858e-06 1.77787e-06 7.25137e-07 2.82874e-07 1.05569e-07 3.77071e-08 1.28962e-08 4.22566e-09 1.32731e-09 3.99912e-10 1.15648e-10 3.21188e-11 8.57218e-12 2.19983e-12 5.43121e-13 1.29077e-13 2.95442e-14 6.51594e-15 1.38537e-15 2.84078e-16 5.62592e-17 1.10833e-17 
1.21572e-17 3.3701e-17 1.69071e-16 8.44296e-16 4.07221e-15 1.89432e-14 8.49494e-14 3.67068e-13 1.52755e-12 6.11905e-12 2.35815e-11 8.73799e-11 3.11132e-10 1.06391e-09 3.49153e-09 1.09902e-08 3.31588e-08 9.58353e-08 2.65175e-07 7.02085e-07 1.77787e-06 4.30448e-06 9.96255e-06 2.20423e-05 4.66324e-05 9.43832e-05 0.00018291 0.000339792 0.000605945 0.00103897 0.00171586 0.00273415 0.00421045 0.00627531 0.00906337 0.0126991 0.0172789 0.0228521 0.0294026 0.0368342 0.0449615 0.0535096 0.0621282 0.0704237 0.0780085 0.0845608 0.0898743 0.0938777 0.0966148 0.09819 0.0987018 0.09819 0.0966148 0.0938777 0.0898743 0.0845608 0.0780085 0.0704237 0.0621282 0.0535096 0.0449615 0.0368342 0.0294026 0.0228521 0.0172789 0.0126991 0.00906337 0.00627531 0.00421045 0.00273415 0.00171586 0.00103897 0.000605945 0.000339792 0.00018291 9.43832e-05 4.66324e-05 2.20423e-05 9.96255e-06 4.30448e-06 1.77787e-06 7.02085e-07 2.65175e-07 9.58353e-08 3.31588e-08 1.09902e-08 3.49153e-09 1.06391e-09 3.11132e-10 8.73799e-11 2.35815e-11 6.11905e-12 1.52755e-12 3.67068e-13 8.49494e-14 1.89432e-14 4.07221e-15 8.44296e-16 1.69071e-16 3.3701e-17 
3.59003e-17 9.84967e-17 4.88377e-16 2.41187e-15 1.15046e-14 5.29262e-14 2.34712e-13 1.00291e-12 4.12697e-12 1.63461e-11 6.22833e-11 2.28166e-10 8.03144e-10 2.71473e-09 8.80594e-09 2.73941e-08 8.16752e-08 2.33236e-07 6.37539e-07 1.66715e-06 4.16858e-06 9.96255e-06 2.27518e-05 4.9647e-05 0.000103533 0.000206425 0.0003938 0.000719603 0.00126132 0.00212422 0.00344365 0.00538405 0.00813335 0.0118914 0.0168516 0.0231773 0.0309746 0.0402661 0.0509695 0.0628837 0.0756848 0.088934 0.102104 0.114624 0.125955 0.135661 0.143479 0.149339 0.153329 0.15562 0.156364 0.15562 0.153329 0.149339 0.143479 0.135661 0.125955 0.114624 0.102104 0.088934 0.0756848 0.0628837 0.0509695 0.0402661 0.0309746 0.0231773 0.0168516 0.0118914 0.00813335 0.00538405 0.00344365 0.00212422 0.00126132 0.000719603 0.0003938 0.000206425 0.000103533 4.9647e-05 2.27518e-05 9.96255e-06 4.16858e-06 1.66715e-06 6.37539e-07 2.33236e-07 8.16752e-08 2.73941e-08 8.80594e-09 2.71473e-09 8.03144e-10 2.28166e-10 6.22833e-11 1.63461e-11 4.12697e-12 1.00291e-12 2.34712e-13 5.29262e-14 1.15046e-14 2.41187e-15 4.88377e-16 9.84967e-17 
1.0192e-16 2.76781e-16 1.35642e-15 6.62476e-15 3.12512e-14 1.42172e-13 6.23443e-13 2.63393e-12 1.07156e-11 4.19566e-11 1.58021e-10 5.72143e-10 1.99025e-09 6.64737e-09 2.13036e-08 6.54685e-08 1.92797e-07 5.43712e-07 1.46746e-06 3.78815e-06 9.34808e-06 2.20423e-05 4.9647e-05 0.0001068 0.000219447 0.000430847 0.000808809 0.00145326 0.00250275 0.00413812 0.00658173 0.0100907 0.0149429 0.0214149 0.0297521 0.0401331 0.0526338 0.0671967 0.0836119 0.101511 0.120375 0.139558 0.158328 0.175932 0.19168 0.205043 0.215725 0.223685 0.229083 0.232172 0.233173 0.232172 0.229083 0.223685 0.215725 0.205043 0.19168 0.175932 0.158328 0.139558 0.120375 0.101511 0.0836119 0.0671967 0.0526338 0.0401331 0.0297521 0.0214149 0.0149429 0.0100907 0.00658173 0.00413812 0.00250275 0.00145326 0.000808809 0.000430847 0.000219447 0.0001068 4.9647e-05 2.20423e-05 9.34808e-06 3.78815e-06 1.46746e-06 5.43712e-07 1.92797e-07 6.54685e-08 2.13036e-08 6.64737e-09 1.99025e-09 5.72143e-10 1.58021e-10 4.19566e-11 1.07156e-11 2.63393e-12 6.23443e-13 1.42172e-13 3.12512e-14 6.62476e-15 1.35642e-15 2.76781e-16 
2.78236e-16 7.4799e-16 3.62337e-15 1.75022e-14 8.16538e-14 3.6734e-13 1.59274e-12 6.65264e-12 2.6754e-11 1.03537e-10 3.85358e-10 1.37861e-09 4.73763e-09 1.56297e-08 4.94679e-08 1.50105e-07 4.36393e-07 1.21473e-06 3.23532e-06 8.23992e-06 2.00563e-05 4.66324e-05 0.000103533 0.000219447 0.000444068 0.000858134 0.00158454 0.00279841 0.00473322 0.00768021 0.0119792 0.0179999 0.0261139 0.0366586 0.0498935 0.0659555 0.084818 0.106263 0.129876 0.155054 0.181038 0.206957 0.231883 0.254909 0.275246 0.292321 0.305855 0.315874 0.322634 0.326491 0.327738 0.326491 0.322634 0.315874 0.305855 0.292321 0.275246 0.254909 0.231883 0.206957 0.181038 0.155054 0.129876 0.106263 0.084818 0.0659555 0.0498935 0.0366586 0.0261139 0.0179999 0.0119792 0.00768021 0.00473322 0.00279841 0.00158454 0.000858134 0.000444068 0.000219447 0.000103533 4.66324e-05 2.00563e-05 8.23992e-06 3.23532e-06 1.21473e-06 4.36393e-07 1.50105e-07 4.94679e-08 1.56297e-08 4.73763e-09 1.37861e-09 3.85358e-10 1.03537e-10 2.6754e-11 6.65264e-12 1.59274e-12 3.6734e-13 8.16538e-14 1.75022e-14 3.62337e-15 7.4799e-16 
7.30503e-16 1.94439e-15 9.31146e-15 4.44886e-14 2.05282e-13 9.1328e-13 3.91541e-12 1.61678e-11 6.42676e-11 2.45788e-10 9.03872e-10 3.19425e-09 1.08412e-08 3.5315e-08 1.10338e-07 3.3044e-07 9.47908e-07 2.60289e-06 6.83716e-06 1.71693e-05 4.11939e-05 9.43832e-05 0.000206425 0.000430847 0.000858134 0.00163134 0.0029615 0.00513854 0.00853258 0.0135819 0.0207663 0.0305682 0.0434253 0.0596789 0.0795217 0.102951 0.129734 0.159398 0.191244 0.224391 0.257831 0.290492 0.321311 0.34931 0.373689 0.393918 0.4098 0.42147 0.429301 0.433752 0.43519 0.433752 0.429301 0.42147 0.4098 0.393918 0.373689 0.34931 0.321311 0.290492 0.257831 0.224391 0.191244 0.159398 0.129734 0.102951 0.0795217 0.0596789 0.0434253 0.0305682 0.0207663 0.0135819 0.00853258 0.00513854 0.0029615 0.00163134 0.000858134 0.000430847 0.000206425 9.43832e-05 4.11939e-05 1.71693e-05 6.83716e-06 2.60289e-06 9.47908e-07 3.3044e-07 1.10338e-07 3.5315e-08 1.08412e-08 3.19425e-09 9.03872e-10 2.45788e-10 6.42676e-11 1.61678e-11 3.91541e-12 9.1328e-13 2.05282e-13 4.44886e-14 9.31146e-15 1.94439e-15 
1.84467e-15 4.86238e-15 2.3024e-14 1.08825e-13 4.96715e-13 2.18557e-12 9.26539e-12 3.78245e-11 1.48612e-10 5.61642e-10 2.04047e-09 7.12202e-09 2.38672e-08 7.67446e-08 2.36621e-07 6.99081e-07 1.97779e-06 5.35449e-06 1.3863e-05 3.43023e-05 8.10699e-05 0.00018291 0.0003938 0.000808809 0.00158454 0.0029615 0.00528275 0.00900115 0.0146673 0.0228944 0.034302 0.0494477 0.0687586 0.0924698 0.120577 0.152806 0.1886 0.227146 0.26742 0.308263 0.348465 0.386845 0.422316 0.453956 0.481075 0.503283 0.520536 0.533108 0.541493 0.546239 0.547768 0.546239 0.541493 0.533108 0.520536 0.503283 0.481075 0.453956 0.422316 0.386845 0.348465 0.308263 0.26742 0.227146 0.1886 0.152806 0.120577 0.0924698 0.0687586 0.0494477 0.034302 0.0228944 0.0146673 0.00900115 0.00528275 0.0029615 0.00158454 0.000808809 0.0003938 0.00018291 8.10699e-05 3.43023e-05 1.3863e-05 5.35449e-06 1.97779e-06 6.99081e-07 2.36621e-07 7.67446e-08 2.38672e-08 7.12202e-09 2.04047e-09 5.61642e-10 1.48612e-10 3.78245e-11 9.26539e-12 2.18557e-12 4.96715e-13 1.08825e-13 2.3024e-14 4.86238e-15 
4.4803e-15 1.16979e-14 5.47821e-14 2.56209e-13 1.15699e-12 5.03571e-12 2.11125e-11 8.52171e-11 3.30958e-10 1.23601e-09 4.43614e-09 1.52915e-08 5.05913e-08 1.60544e-07 4.88332e-07 1.4228e-06 3.96816e-06 1.05867e-05 2.70002e-05 6.57877e-05 0.000153051 0.000339792 0.000719603 0.00145326 0.00279841 0.00513854 0.00900115 0.0150526 0.024059 0.0368123 0.0540306 0.0762553 0.103766 0.136527 0.174171 0.216008 0.261065 0.308148 0.35593 0.403053 0.448225 0.490298 0.528315 0.561552 0.589549 0.612147 0.629496 0.642022 0.650318 0.654993 0.656496 0.654993 0.650318 0.642022 0.629496 0.612147 0.589549 0.561552 0.528315 0.490298 0.448225 0.403053 0.35593 0.308148 0.261065 0.216008 0.174171 0.136527 0.103766 0.0762553 0.0540306 0.0368123 0.024059 0.0150526 0.00900115 0.00513854 0.00279841 0.00145326 0.000719603 0.000339792 0.000153051 6.57877e-05 2.70002e-05 1.05867e-05 3.96816e-06 1.4228e-06 4.88332e-07 1.60544e-07 5.05913e-08 1.52915e-08 4.43614e-09 1.23601e-09 3.30958e-10 8.52171e-11 2.11125e-11 5.03571e-12 1.15699e-12 2.56209e-13 5.47821e-14 1.16979e-14 
1.04655e-14 2.70739e-14 1.25429e-13 5.80587e-13 2.59453e-12 1.11727e-11 4.63341e-11 1.84943e-10 7.1008e-10 2.62085e-09 9.29314e-09 3.16362e-08 1.03327e-07 3.23564e-07 9.7078e-07 2.78866e-06 7.6646e-06 2.01423e-05 5.0579e-05 0.000121285 0.000277566 0.000605945 0.00126132 0.00250275 0.00473322 0.00853258 0.0146673 0.024059 0.0377002 0.0565236 0.0812488 0.112247 0.149457 0.192376 0.240101 0.291418 0.3449 0.399021 0.452262 0.503223 0.550707 0.593773 0.631749 0.664233 0.691082 0.712408 0.728569 0.740117 0.747707 0.751962 0.753327 0.751962 0.747707 0.740117 0.728569 0.712408 0.691082 0.664233 0.631749 0.593773 0.550707 0.503223 0.452262 0.399021 0.3449 0.291418 0.240101 0.192376 0.149457 0.112247 0.0812488 0.0565236 0.0377002 0.024059 0.0146673 0.00853258 0.00473322 0.00250275 0.00126132 0.000605945 0.000277566 0.000121285 5.0579e-05 2.01423e-05 7.6646e-06 2.78866e-06 9.7078e-07 3.23564e-07 1.03327e-07 3.16362e-08 9.29314e-09 2.62085e-09 7.1008e-10 1.84943e-10 4.63341e-11 1.11727e-11 2.59453e-12 5.80587e-13 1.25429e-13 2.70739e-14 
2.35092e-14 6.0276e-14 2.76335e-13 1.26633e-12 5.6016e-12 2.38721e-11 9.79497e-11 3.86712e-10 1.46815e-09 5.35632e-09 1.87666e-08 6.31001e-08 2.03467e-07 6.28735e-07 1.86056e-06 5.26877e-06 1.4268e-05 3.69237e-05 9.12545e-05 0.00021525 0.000484317 0.00103897 0.00212422 0.00413812 0.00768021 0.0135819 0.0228944 0.0368123 0.0565236 0.0830074 0.116826 0.157972 0.205826 0.259218 0.316589 0.376165 0.436134 0.494777 0.550583 0.602322 0.649089 0.690313 0.725722 0.755303 0.779251 0.797942 0.811903 0.821767 0.828196 0.831779 0.832925 0.831779 0.828196 0.821767 0.811903 0.797942 0.779251 0.755303 0.725722 0.690313 0.649089 0.602322 0.550583 0.494777 0.436134 0.376165 0.316589 0.259218 0.205826 0.157972 0.116826 0.0830074 0.0565236 0.0368123 0.0228944 0.0135819 0.00768021 0.00413812 0.00212422 0.00103897 0.000484317 0.00021525 9.12545e-05 3.69237e-05 1.4268e-05 5.26877e-06 1.86056e-06 6.28735e-07 2.03467e-07 6.31001e-08 1.87666e-08 5.35632e-09 1.46815e-09 3.86712e-10 9.79497e-11 2.38721e-11 5.6016e-12 1.26633e-12 2.76335e-13 6.0276e-14 
5.07793e-14 1.29075e-13 5.85767e-13 2.65832e-12 1.16434e-11 4.9121e-11 1.99469e-10 7.7916e-10 2.92573e-09 1.05536e-08 3.65438e-08 1.21385e-07 3.86482e-07 1.17865e-06 3.44035e-06 9.60423e-06 2.56241e-05 6.52912e-05 0.000158779 0.000368294 0.000814374 0.00171586 0.00344365 0.00658173 0.0119792 0.0207663 0.034302 0.0540306 0.0812488 0.116826 0.160955 0.213021 0.271635 0.334833 0.400365 0.465979 0.529644 0.589684 0.644834 0.694254 0.737501 0.774477 0.805356 0.830502 0.850408 0.86565 0.876857 0.884676 0.889724 0.89252 0.893411 0.89252 0.889724 0.884676 0.876857 0.86565 0.850408 0.830502 0.805356 0.774477 0.737501 0.694254 0.644834 0.589684 0.529644 0.465979 0.400365 0.334833 0.271635 0.213021 0.160955 0.116826 0.0812488 0.0540306 0.034302 0.0207663 0.0119792 0.00658173 0.00344365 0.00171586 0.000814374 0.000368294 0.000158779 6.52912e-05 2.56241e-05 9.60423e-06 3.44035e-06 1.17865e-06 3.86482e-07 1.21385e-07 3.65438e-08 1.05536e-08 2.92573e-09 7.7916e-10 1.99469e-10 4.9121e-11 1.16434e-11 2.65832e-12 5.85767e-13 1.29075e-13 
1.05451e-13 2.65826e-13 1.19459e-12 5.37057e-12 2.32994e-11 9.73378e-11 3.91312e-10 1.51279e-09 5.62013e-09 2.00497e-08 6.86345e-08 2.25276e-07 7.08416e-07 2.13264e-06 6.14128e-06 1.69034e-05 4.44353e-05 0.000111482 0.00026675 0.000608355 0.00132168 0.00273415 0.00538405 0.0100907 0.0179999 0.0305682 0.0494477 0.0762553 0.112247 0.157972 0.213021 0.275955 0.344487 0.41583 0.48714 0.555883 0.620066 0.678316 0.729849 0.774384 0.812033 0.843192 0.86844 0.888444 0.9039 0.915491 0.923867 0.929632 0.933315 0.935341 0.935984 0.935341 0.933315 0.929632 0.923867 0.915491 0.9039 0.888444 0.86844 0.843192 0.812033 0.774384 0.729849 0.678316 0.620066 0.555883 0.48714 0.41583 0.344487 0.275955 0.213021 0.157972 0.112247 0.0762553 0.0494477 0.0305682 0.0179999 0.0100907 0.00538405 0.00273415 0.00132168 0.000608355 0.00026675 0.000111482 4.44353e-05 1.69034e-05 6.14128e-06 2.13264e-06 7.08416e-07 2.25276e-07 6.86345e-08 2.00497e-08 5.62013e-09 1.51279e-09 3.91312e-10 9.73378e-11 2.32994e-11 5.37057e-12 1.19459e-12 2.65826e-13 
2.10506e-13 5.26445e-13 2.34357e-12 1.04412e-11 4.48827e-11 1.85746e-10 7.39516e-10 2.83048e-09 1.04072e-08 3.6732e-08 1.24349e-07 4.03443e-07 1.25343e-06 3.72593e-06 1.05882e-05 2.87408e-05 7.44586e-05 0.000183965 0.000433156 0.000971321 0.00207326 0.00421045 0.00813335 0.0149429 0.0261139 0.0434253 0.0687586 0.103766 0.149457 0.205826 0.271635 0.344487 0.42117 0.498194 0.572341 0.641078 0.702733 0.756477 0.80217 0.840163 0.871118 0.895862 0.915274 0.930209 0.941451 0.949693 0.955537 0.959499 0.962003 0.963369 0.963801 0.963369 0.962003 0.959499 0.955537 0.949693 0.941451 0.930209 0.915274 0.895862 0.871118 0.840163 0.80217 0.756477 0.702733 0.641078 0.572341 0.498194 0.42117 0.344487 0.271635 0.205826 0.149457 0.103766 0.0687586 0.0434253 0.0261139 0.0149429 0.00813335 0.00421045 0.00207326 0.000971321 0.000433156 0.000183965 7.44586e-05 2.87408e-05 1.05882e-05 3.72593e-06 1.25343e-06 4.03443e-07 1.24349e-07 3.6732e-08 1.04072e-08 2.83048e-09 7.39516e-10 1.85746e-10 4.48827e-11 1.04412e-11 2.34357e-12 5.26445e-13 
4.03888e-13 1.00241e-12 4.42227e-12 1.95323e-11 8.32245e-11 3.41317e-10 1.34629e-09 5.10354e-09 1.8579e-08 6.48998e-08 2.17357e-07 6.97336e-07 2.14126e-06 6.28737e-06 1.76383e-05 4.72331e-05 0.000120633 0.0002936 0.000680438 0.0015006 0.00314734 0.00627531 0.0118914 0.0214149 0.0366586 0.0596789 0.0924698 0.136527 0.192376 0.259218 0.334833 0.41583 0.498194 0.577971 0.65189 0.717725 0.774384 0.821738 0.860343 0.891152 0.915285 0.933871 0.947955 0.958453 0.966135 0.971631 0.97545 0.977996 0.979585 0.980444 0.980715 0.980444 0.979585 0.977996 0.97545 0.971631 0.966135 0.958453 0.947955 0.933871 0.915285 0.891152 0.860343 0.821738 0.774384 0.717725 0.65189 0.577971 0.498194 0.41583 0.334833 0.259218 0.192376 0.136527 0.0924698 0.0596789 0.0366586 0.0214149 0.0118914 0.00627531 0.00314734 0.0015006 0.000680438 0.0002936 0.000120633 4.72331e-05 1.76383e-05 6.28737e-06 2.14126e-06 6.97336e-07 2.17357e-07 6.48998e-08 1.8579e-08 5.10354e-09 1.34629e-09 3.41317e-10 8.32245e-11 1.95323e-11 4.42227e-12 1.00241e-12 
7.44626e-13 1.83478e-12 8.02503e-12 3.51535e-11 1.4853e-10 6.03901e-10 2.3609e-09 8.86772e-09 3.19757e-08 1.10595e-07 3.66589e-07 1.16349e-06 3.53252e-06 1.02503e-05 2.83995e-05 7.50581e-05 0.00018906 0.00045346 0.00103481 0.0022452 0.00462871 0.00906337 0.0168516 0.0297521 0.0498935 0.0795217 0.120577 0.174171 0.240101 0.316589 0.400365 0.48714 0.572341 0.65189 0.7228 0.783444 0.83347 0.873498 0.904727 0.92859 0.946511 0.959772 0.969453 0.976427 0.981377 0.984825 0.987168 0.988702 0.989646 0.990152 0.990311 0.990152 0.989646 0.988702 0.987168 0.984825 0.981377 0.976427 0.969453 0.959772 0.946511 0.92859 0.904727 0.873498 0.83347 0.783444 0.7228 0.65189 0.572341 0.48714 0.400365 0.316589 0.240101 0.174171 0.120577 0.0795217 0.0498935 0.0297521 0.0168516 0.00906337 0.00462871 0.0022452 0.00103481 0.00045346 0.00018906 7.50581e-05 2.83995e-05 1.02503e-05 3.53252e-06 1.16349e-06 3.66589e-07 1.10595e-07 3.19757e-08 8.86772e-09 2.3609e-09 6.03901e-10 1.4853e-10 3.51535e-11 8.02503e-12 1.83478e-12 
