7.6443e-08 8.432e-08 1.09212e-07 1.5504e-07 2.288e-07 3.41286e-07 5.08126e-07 7.51196e-07 1.10042e-06 1.59604e-06 2.29128e-06 3.2556e-06 4.57829e-06 6.37253e-06 8.77972e-06 1.19739e-05 1.61663e-05 2.16089e-05 2.85978e-05 3.74752e-05 4.86295e-05 6.24934e-05 7.95389e-05 0.00010027 0.000125211 0.000154893 0.000189832 0.000230511 0.000277354 0.000330699 0.000390772 0.000457657 0.000531277 0.000611367 0.000697461 0.000788882 0.00088474 0.000983941 0.0010852 0.00118706 0.00128795 0.00138619 0.00148006 0.00156783 0.00164784 0.00171851 0.00177844 0.0018264 0.00186139 0.00188269 0.00188984 0.00188269 0.00186139 0.0018264 0.00177844 0.00171851 0.00164784 0.00156783 0.00148006 0.00138619 0.00128795 0.00118706 0.0010852 0.000983941 0.00088474 0.000788882 0.000697461 0.000611367 0.000531277 0.000457657 0.000390772 0.000330699 0.000277354 0.000230511 0.000189832 0.000154893 0.000125211 0.00010027 7.95389e-05 6.24934e-05 4.86295e-05 3.74752e-05 2.85978e-05 2.16089e-05 1.61663e-05 1.19739e-05 8.77972e-06 6.37253e-06 4.57829e-06 3.2556e-06 2.29128e-06 1.59604e-06 1.10042e-06 7.51196e-07 5.08126e-07 3.41286e-07 2.288e-07 1.5504e-07 1.09212e-07 8.432e-08 
8.432e-08 9.29791e-08 1.20336e-07 1.70681e-07 2.51665e-07 3.75083e-07 5.58e-07 8.2428e-07 1.20654e-06 1.74859e-06 2.50833e-06 3.5612e-06 5.00412e-06 6.95977e-06 9.58125e-06 1.30568e-05 1.76144e-05 2.35261e-05 3.11107e-05 4.07366e-05 5.28209e-05 6.78278e-05 8.62632e-05 0.000108666 0.000135596 0.000167619 0.000205283 0.000249102 0.000299522 0.000356898 0.000421464 0.000493303 0.000572322 0.00065823 0.000750522 0.000848467 0.00095111 0.00105728 0.00116559 0.0012745 0.00138233 0.00148728 0.00158753 0.00168123 0.00176663 0.00184204 0.00190598 0.00195714 0.00199446 0.00201717 0.00202479 0.00201717 0.00199446 0.00195714 0.00190598 0.00184204 0.00176663 0.00168123 0.00158753 0.00148728 0.00138233 0.0012745 0.00116559 0.00105728 0.00095111 0.000848467 0.000750522 0.00065823 0.000572322 0.000493303 0.000421464 0.000356898 0.000299522 0.000249102 0.000205283 0.000167619 0.000135596 0.000108666 8.62632e-05 6.78278e-05 5.28209e-05 4.07366e-05 3.11107e-05 2.35261e-05 1.76144e-05 1.30568e-05 9.58125e-06 6.95977e-06 5.00412e-06 3.5612e-06 2.50833e-06 1.74859e-06 1.20654e-06 8.2428e-07 5.58e-07 3.75083e-07 2.51665e-07 1.70681e-07 1.20336e-07 9.29791e-08 
1.09212e-07 1.20336e-07 1.55463e-07 2.2004e-07 3.23773e-07 4.81599e-07 7.15092e-07 1.05435e-06 1.54042e-06 2.22827e-06 3.19041e-06 4.52104e-06 6.3408e-06 8.80203e-06 1.20942e-05 1.64498e-05 2.21493e-05 2.95263e-05 3.89709e-05 5.09317e-05 6.59155e-05 8.4484e-05 0.000107247 0.000134851 0.000167966 0.000207264 0.000253394 0.000306957 0.000368471 0.000438344 0.00051683 0.000604005 0.000699732 0.000803636 0.000915089 0.00103319 0.00115679 0.00128446 0.00141455 0.0015452 0.00167441 0.00180006 0.00191996 0.00203195 0.00213393 0.00222395 0.00230022 0.00236122 0.00240571 0.00243278 0.00244186 0.00243278 0.00240571 0.00236122 0.00230022 0.00222395 0.00213393 0.00203195 0.00191996 0.00180006 0.00167441 0.0015452 0.00141455 0.00128446 0.00115679 0.00103319 0.000915089 0.000803636 0.000699732 0.000604005 0.00051683 0.000438344 0.000368471 0.000306957 0.000253394 0.000207264 0.000167966 0.000134851 0.000107247 8.4484e-05 6.59155e-05 5.09317e-05 3.89709e-05 2.95263e-05 2.21493e-05 1.64498e-05 1.20942e-05 8.80203e-06 6.3408e-06 4.52104e-06 3.19041e-06 2.22827e-06 1.54042e-06 1.05435e-06 7.15092e-07 4.81599e-07 3.23773e-07 2.2004e-07 1.55463e-07 1.20336e-07 
1.5504e-07 1.70681e-07 2.2004e-07 3.1067e-07 4.56016e-07 6.76725e-07 1.00255e-06 1.47489e-06 2.15005e-06 3.1032e-06 4.43316e-06 6.26792e-06 8.77086e-06 1.21475e-05 1.66528e-05 2.25979e-05 3.03573e-05 4.03744e-05 5.31658e-05 6.93229e-05 8.95111e-05 0.000114464 0.000144975 0.00018188 0.000226041 0.000278315 0.000339526 0.000410428 0.000491662 0.000583718 0.000686889 0.00080123 0.000926521 0.00106224 0.00120752 0.00136119 0.00152172 0.00168726 0.00185566 0.00202455 0.00219134 0.00235332 0.00250772 0.00265178 0.00278286 0.00289845 0.00299634 0.00307458 0.00313162 0.00316632 0.00317796 0.00316632 0.00313162 0.00307458 0.00299634 0.00289845 0.00278286 0.00265178 0.00250772 0.00235332 0.00219134 0.00202455 0.00185566 0.00168726 0.00152172 0.00136119 0.00120752 0.00106224 0.000926521 0.00080123 0.000686889 0.000583718 0.000491662 0.000410428 0.000339526 0.000278315 0.000226041 0.00018188 0.000144975 0.000114464 8.95111e-05 6.93229e-05 5.31658e-05 4.03744e-05 3.03573e-05 2.25979e-05 1.66528e-05 1.21475e-05 8.77086e-06 6.26792e-06 4.43316e-06 3.1032e-06 2.15005e-06 1.47489e-06 1.00255e-06 6.76725e-07 4.56016e-07 3.1067e-07 2.2004e-07 1.70681e-07 
2.288e-07 2.51665e-07 3.23773e-07 4.56016e-07 6.67754e-07 9.88663e-07 1.46141e-06 2.14519e-06 3.1203e-06 4.49362e-06 6.40519e-06 9.03581e-06 1.26155e-05 1.74325e-05 2.3843e-05 3.22805e-05 4.32643e-05 5.74068e-05 7.54187e-05 9.81101e-05 0.000126388 0.000161248 0.00020376 0.000255047 0.000316258 0.000388528 0.000472938 0.000570468 0.000681936 0.000807949 0.000948846 0.00110464 0.00127498 0.00145909 0.00165579 0.00186342 0.00207991 0.00230276 0.0025291 0.00275573 0.00297921 0.00319596 0.00340231 0.00359464 0.00376946 0.0039235 0.00405385 0.00415799 0.00423388 0.00428002 0.0042955 0.00428002 0.00423388 0.00415799 0.00405385 0.0039235 0.00376946 0.00359464 0.00340231 0.00319596 0.00297921 0.00275573 0.0025291 0.00230276 0.00207991 0.00186342 0.00165579 0.00145909 0.00127498 0.00110464 0.000948846 0.000807949 0.000681936 0.000570468 0.000472938 0.000388528 0.000316258 0.000255047 0.00020376 0.000161248 0.000126388 9.81101e-05 7.54187e-05 5.74068e-05 4.32643e-05 3.22805e-05 2.3843e-05 1.74325e-05 1.26155e-05 9.03581e-06 6.40519e-06 4.49362e-06 3.1203e-06 2.14519e-06 1.46141e-06 9.88663e-07 6.67754e-07 4.56016e-07 3.23773e-07 2.51665e-07 
3.41286e-07 3.75083e-07 4.81599e-07 6.76725e-07 9.88663e-07 1.46056e-06 2.15432e-06 3.15563e-06 4.58035e-06 6.58226e-06 9.36228e-06 1.31789e-05 1.83599e-05 2.53147e-05 3.45474e-05 4.6669e-05 6.2409e-05 8.26243e-05 0.000108305 0.000140574 0.000180684 0.000230003 0.000289995 0.000362185 0.000448123 0.000549331 0.000667248 0.000803155 0.000958109 0.00113287 0.00132781 0.00154289 0.00177752 0.00203059 0.0023004 0.00258466 0.00288049 0.00318447 0.00349269 0.00380083 0.00410425 0.00439813 0.00467757 0.00493773 0.00517398 0.00538198 0.00555786 0.0056983 0.00580059 0.00586277 0.00588364 0.00586277 0.00580059 0.0056983 0.00555786 0.00538198 0.00517398 0.00493773 0.00467757 0.00439813 0.00410425 0.00380083 0.00349269 0.00318447 0.00288049 0.00258466 0.0023004 0.00203059 0.00177752 0.00154289 0.00132781 0.00113287 0.000958109 0.000803155 0.000667248 0.000549331 0.000448123 0.000362185 0.000289995 0.000230003 0.000180684 0.000140574 0.000108305 8.26243e-05 6.2409e-05 4.6669e-05 3.45474e-05 2.53147e-05 1.83599e-05 1.31789e-05 9.36228e-06 6.58226e-06 4.58035e-06 3.15563e-06 2.15432e-06 1.46056e-06 9.88663e-07 6.76725e-07 4.81599e-07 3.75083e-07 
5.08126e-07 5.58e-07 7.15092e-07 1.00255e-06 1.46141e-06 2.15432e-06 3.171e-06 4.63531e-06 6.71428e-06 9.62897e-06 1.36673e-05 1.91986e-05 2.66896e-05 3.67215e-05 5.00069e-05 6.74069e-05 8.99454e-05 0.000118821 0.00015541 0.000201273 0.000258136 0.000327879 0.000412499 0.00051407 0.000634683 0.000776375 0.000941053 0.00113039 0.00134576 0.00158807 0.00185776 0.00215462 0.00247778 0.0028256 0.00319568 0.00358481 0.00398903 0.00440366 0.00482336 0.00524229 0.00565422 0.00605266 0.00643106 0.00678297 0.00710221 0.00738306 0.00762037 0.00780974 0.00794762 0.00803141 0.00805952 0.00803141 0.00794762 0.00780974 0.00762037 0.00738306 0.00710221 0.00678297 0.00643106 0.00605266 0.00565422 0.00524229 0.00482336 0.00440366 0.00398903 0.00358481 0.00319568 0.0028256 0.00247778 0.00215462 0.00185776 0.00158807 0.00134576 0.00113039 0.000941053 0.000776375 0.000634683 0.00051407 0.000412499 0.000327879 0.000258136 0.000201273 0.00015541 0.000118821 8.99454e-05 6.74069e-05 5.00069e-05 3.67215e-05 2.66896e-05 1.91986e-05 1.36673e-05 9.62897e-06 6.71428e-06 4.63531e-06 3.171e-06 2.15432e-06 1.46141e-06 1.00255e-06 7.15092e-07 5.58e-07 
7.51196e-07 8.2428e-07 1.05435e-06 1.47489e-06 2.14519e-06 3.15563e-06 4.63531e-06 6.76207e-06 9.77506e-06 1.39899e-05 1.98166e-05 2.7779e-05 3.85374e-05 5.29109e-05 7.19008e-05 9.67121e-05 0.000128772 0.000169745 0.000221537 0.000286292 0.000366379 0.000464359 0.000582943 0.000724925 0.000893104 0.00109019 0.00131868 0.00158075 0.00187813 0.00221194 0.0025826 0.00298969 0.00343187 0.00390679 0.00441107 0.00494028 0.00548897 0.00605078 0.00661852 0.00718432 0.00773984 0.00827644 0.00878542 0.00925825 0.00968676 0.0100634 0.0103815 0.0106351 0.0108197 0.0109319 0.0109695 0.0109319 0.0108197 0.0106351 0.0103815 0.0100634 0.00968676 0.00925825 0.00878542 0.00827644 0.00773984 0.00718432 0.00661852 0.00605078 0.00548897 0.00494028 0.00441107 0.00390679 0.00343187 0.00298969 0.0025826 0.00221194 0.00187813 0.00158075 0.00131868 0.00109019 0.000893104 0.000724925 0.000582943 0.000464359 0.000366379 0.000286292 0.000221537 0.000169745 0.000128772 9.67121e-05 7.19008e-05 5.29109e-05 3.85374e-05 2.7779e-05 1.98166e-05 1.39899e-05 9.77506e-06 6.76207e-06 4.63531e-06 3.15563e-06 2.14519e-06 1.47489e-06 1.05435e-06 8.2428e-07 
1.10042e-06 1.20654e-06 1.54042e-06 2.15005e-06 3.1203e-06 4.58035e-06 6.71428e-06 9.77506e-06 1.4102e-05 2.01416e-05 2.84719e-05 3.98298e-05 5.51402e-05 7.5547e-05 0.000102444 0.000137501 0.00018269 0.000240299 0.000312938 0.000403532 0.000515295 0.000651684 0.000816336 0.00101298 0.00124532 0.00151691 0.00183099 0.00219036 0.00259715 0.00305269 0.00355734 0.00411031 0.00470962 0.00535191 0.00603248 0.00674527 0.00748289 0.00823677 0.0089973 0.00975401 0.0104958 0.0112114 0.0118893 0.0125183 0.0130878 0.013588 0.01401 0.0143463 0.014591 0.0147396 0.0147895 0.0147396 0.014591 0.0143463 0.01401 0.013588 0.0130878 0.0125183 0.0118893 0.0112114 0.0104958 0.00975401 0.0089973 0.00823677 0.00748289 0.00674527 0.00603248 0.00535191 0.00470962 0.00411031 0.00355734 0.00305269 0.00259715 0.00219036 0.00183099 0.00151691 0.00124532 0.00101298 0.000816336 0.000651684 0.000515295 0.000403532 0.000312938 0.000240299 0.00018269 0.000137501 0.000102444 7.5547e-05 5.51402e-05 3.98298e-05 2.84719e-05 2.01416e-05 1.4102e-05 9.77506e-06 6.71428e-06 4.58035e-06 3.1203e-06 2.15005e-06 1.54042e-06 1.20654e-06 
1.59604e-06 1.74859e-06 2.22827e-06 3.1032e-06 4.49362e-06 6.58226e-06 9.62897e-06 1.39899e-05 2.01416e-05 2.87092e-05 4.04995e-05 5.65377e-05 7.81066e-05 0.000106787 0.000144497 0.000193529 0.000256576 0.000336752 0.000437591 0.000563038 0.000717403 0.000905301 0.00113156 0.00140108 0.00171871 0.00208906 0.00251627 0.00300385 0.00355441 0.00416944 0.00484914 0.0055922 0.00639567 0.00725487 0.00816333 0.00911284 0.0100935 0.0110939 0.0121013 0.013102 0.0140815 0.015025 0.0159176 0.0167449 0.0174931 0.0181496 0.0187032 0.0191441 0.0194647 0.0196593 0.0197246 0.0196593 0.0194647 0.0191441 0.0187032 0.0181496 0.0174931 0.0167449 0.0159176 0.015025 0.0140815 0.013102 0.0121013 0.0110939 0.0100935 0.00911284 0.00816333 0.00725487 0.00639567 0.0055922 0.00484914 0.00416944 0.00355441 0.00300385 0.00251627 0.00208906 0.00171871 0.00140108 0.00113156 0.000905301 0.000717403 0.000563038 0.000437591 0.000336752 0.000256576 0.000193529 0.000144497 0.000106787 7.81066e-05 5.65377e-05 4.04995e-05 2.87092e-05 2.01416e-05 1.39899e-05 9.62897e-06 6.58226e-06 4.49362e-06 3.1032e-06 2.22827e-06 1.74859e-06 
2.29128e-06 2.50833e-06 3.19041e-06 4.43316e-06 6.40519e-06 9.36228e-06 1.36673e-05 1.98166e-05 2.84719e-05 4.04995e-05 5.70134e-05 7.94248e-05 0.000109493 0.00014938 0.000201696 0.000269552 0.000356585 0.000466984 0.000605484 0.000777338 0.000988262 0.00124434 0.00155188 0.00191728 0.00234679 0.00284627 0.00342096 0.00407517 0.004812 0.00563306 0.00653823 0.00752538 0.0085903 0.00972647 0.0109251 0.0121753 0.0134638 0.0147758 0.0160945 0.0174021 0.01868 0.0199091 0.0210703 0.0221453 0.0231164 0.0239677 0.0246849 0.0252558 0.0256708 0.0259226 0.0260071 0.0259226 0.0256708 0.0252558 0.0246849 0.0239677 0.0231164 0.0221453 0.0210703 0.0199091 0.01868 0.0174021 0.0160945 0.0147758 0.0134638 0.0121753 0.0109251 0.00972647 0.0085903 0.00752538 0.00653823 0.00563306 0.004812 0.00407517 0.00342096 0.00284627 0.00234679 0.00191728 0.00155188 0.00124434 0.000988262 0.000777338 0.000605484 0.000466984 0.000356585 0.000269552 0.000201696 0.00014938 0.000109493 7.94248e-05 5.70134e-05 4.04995e-05 2.84719e-05 1.98166e-05 1.36673e-05 9.36228e-06 6.40519e-06 4.43316e-06 3.19041e-06 2.50833e-06 
3.2556e-06 3.5612e-06 4.52104e-06 6.26792e-06 9.03581e-06 1.31789e-05 1.91986e-05 2.7779e-05 3.98298e-05 5.65377e-05 7.94248e-05 0.000110412 0.000151887 0.00020677 0.00027858 0.000371485 0.000490346 0.000640731 0.000828906 0.00106179 0.00134686 0.00169204 0.0021055 0.00259543 0.00316977 0.00383591 0.00460032 0.0054682 0.00644315 0.00752676 0.00871833 0.0100146 0.0114096 0.0128945 0.0144574 0.0160839 0.0177567 0.0194565 0.0211619 0.0228499 0.0244967 0.0260781 0.0275702 0.0289496 0.0301944 0.0312845 0.0322021 0.0329321 0.0334624 0.0337842 0.033892 0.0337842 0.0334624 0.0329321 0.0322021 0.0312845 0.0301944 0.0289496 0.0275702 0.0260781 0.0244967 0.0228499 0.0211619 0.0194565 0.0177567 0.0160839 0.0144574 0.0128945 0.0114096 0.0100146 0.00871833 0.00752676 0.00644315 0.0054682 0.00460032 0.00383591 0.00316977 0.00259543 0.0021055 0.00169204 0.00134686 0.00106179 0.000828906 0.000640731 0.000490346 0.000371485 0.00027858 0.00020677 0.000151887 0.000110412 7.94248e-05 5.65377e-05 3.98298e-05 2.7779e-05 1.91986e-05 1.31789e-05 9.03581e-06 6.26792e-06 4.52104e-06 3.5612e-06 
4.57829e-06 5.00412e-06 6.3408e-06 8.77086e-06 1.26155e-05 1.83599e-05 2.66896e-05 3.85374e-05 5.51402e-05 7.81066e-05 0.000109493 0.000151887 0.000208491 0.00028321 0.000380728 0.000506574 0.000667164 0.000869817 0.00112273 0.00143489 0.00181599 0.00227619 0.00282593 0.00347556 0.00423505 0.00511352 0.00611884 0.00725717 0.00853249 0.0099462 0.0114967 0.0131791 0.0149851 0.0169028 0.0189165 0.0210073 0.023153 0.0253286 0.027507 0.0296593 0.0317553 0.0337649 0.0356581 0.0374061 0.0389816 0.0403599 0.0415191 0.0424407 0.0431097 0.0435156 0.0436516 0.0435156 0.0431097 0.0424407 0.0415191 0.0403599 0.0389816 0.0374061 0.0356581 0.0337649 0.0317553 0.0296593 0.027507 0.0253286 0.023153 0.0210073 0.0189165 0.0169028 0.0149851 0.0131791 0.0114967 0.0099462 0.00853249 0.00725717 0.00611884 0.00511352 0.00423505 0.00347556 0.00282593 0.00227619 0.00181599 0.00143489 0.00112273 0.000869817 0.000667164 0.000506574 0.000380728 0.00028321 0.000208491 0.000151887 0.000109493 7.81066e-05 5.51402e-05 3.85374e-05 2.66896e-05 1.83599e-05 1.26155e-05 8.77086e-06 6.3408e-06 5.00412e-06 
6.37253e-06 6.95977e-06 8.80203e-06 1.21475e-05 1.74325e-05 2.53147e-05 3.67215e-05 5.29109e-05 7.5547e-05 0.000106787 0.00014938 0.00020677 0.00028321 0.00038386 0.000514889 0.000683545 0.000898202 0.00116837 0.00150463 0.00191855 0.00242249 0.00302936 0.00375229 0.0046042 0.00559739 0.00674296 0.0080503 0.00952649 0.0111758 0.012999 0.0149933 0.0171515 0.0194623 0.0219097 0.0244734 0.0271289 0.0298479 0.0325989 0.0353477 0.0380581 0.0406929 0.0432148 0.045587 0.0477741 0.049743 0.0514636 0.0529093 0.0540579 0.0548913 0.0553966 0.0555659 0.0553966 0.0548913 0.0540579 0.0529093 0.0514636 0.049743 0.0477741 0.045587 0.0432148 0.0406929 0.0380581 0.0353477 0.0325989 0.0298479 0.0271289 0.0244734 0.0219097 0.0194623 0.0171515 0.0149933 0.012999 0.0111758 0.00952649 0.0080503 0.00674296 0.00559739 0.0046042 0.00375229 0.00302936 0.00242249 0.00191855 0.00150463 0.00116837 0.000898202 0.000683545 0.000514889 0.00038386 0.00028321 0.00020677 0.00014938 0.000106787 7.5547e-05 5.29109e-05 3.67215e-05 2.53147e-05 1.74325e-05 1.21475e-05 8.80203e-06 6.95977e-06 
8.77972e-06 9.58125e-06 1.20942e-05 1.66528e-05 2.3843e-05 3.45474e-05 5.00069e-05 7.19008e-05 0.000102444 0.000144497 0.000201696 0.00027858 0.000380728 0.000514889 0.000689094 0.000912738 0.00119663 0.00155297 0.00199528 0.00253824 0.00319745 0.00398907 0.0049294 0.00603436 0.00731886 0.00879621 0.0104773 0.0123702 0.0144789 0.0168036 0.0193393 0.0220759 0.0249981 0.0280849 0.0313101 0.0346427 0.0380468 0.0414832 0.0449093 0.0482808 0.051552 0.0546775 0.0576126 0.0603147 0.0627442 0.0648648 0.0666451 0.0680582 0.0690831 0.0697042 0.0699123 0.0697042 0.0690831 0.0680582 0.0666451 0.0648648 0.0627442 0.0603147 0.0576126 0.0546775 0.051552 0.0482808 0.0449093 0.0414832 0.0380468 0.0346427 0.0313101 0.0280849 0.0249981 0.0220759 0.0193393 0.0168036 0.0144789 0.0123702 0.0104773 0.00879621 0.00731886 0.00603436 0.0049294 0.00398907 0.00319745 0.00253824 0.00199528 0.00155297 0.00119663 0.000912738 0.000689094 0.000514889 0.000380728 0.00027858 0.000201696 0.000144497 0.000102444 7.19008e-05 5.00069e-05 3.45474e-05 2.3843e-05 1.66528e-05 1.20942e-05 9.58125e-06 
1.19739e-05 1.30568e-05 1.64498e-05 2.25979e-05 3.22805e-05 4.6669e-05 6.74069e-05 9.67121e-05 0.000137501 0.000193529 0.000269552 0.000371485 0.000506574 0.000683545 0.000912738 0.0012062 0.00157771 0.00204276 0.00261841 0.00332307 0.00417617 0.0051977 0.00640762 0.00782522 0.00946836 0.0113526 0.0134905 0.0158905 0.0185566 0.021487 0.0246743 0.0281045 0.0317571 0.035605 0.0396148 0.0437474 0.0479584 0.0521991 0.0564177 0.0605602 0.0645714 0.0683969 0.0719832 0.0752798 0.0782397 0.0808203 0.0829845 0.0847011 0.0859452 0.0866989 0.0869514 0.0866989 0.0859452 0.0847011 0.0829845 0.0808203 0.0782397 0.0752798 0.0719832 0.0683969 0.0645714 0.0605602 0.0564177 0.0521991 0.0479584 0.0437474 0.0396148 0.035605 0.0317571 0.0281045 0.0246743 0.021487 0.0185566 0.0158905 0.0134905 0.0113526 0.00946836 0.00782522 0.00640762 0.0051977 0.00417617 0.00332307 0.00261841 0.00204276 0.00157771 0.0012062 0.000912738 0.000683545 0.000506574 0.000371485 0.000269552 0.000193529 0.000137501 9.67121e-05 6.74069e-05 4.6669e-05 3.22805e-05 2.25979e-05 1.64498e-05 1.30568e-05 
1.61663e-05 1.76144e-05 2.21493e-05 3.03573e-05 4.32643e-05 6.2409e-05 8.99454e-05 0.000128772 0.00018269 0.000256576 0.000356585 0.000490346 0.000667164 0.000898202 0.00119663 0.00157771 0.00205883 0.00265942 0.00340075 0.00430564 0.00539799 0.00670218 0.00824234 0.0100415 0.0121207 0.0144978 0.0171867 0.0201963 0.0235294 0.0271822 0.0311433 0.0353939 0.039907 0.044648 0.0495751 0.0546394 0.0597866 0.0649573 0.070089 0.0751167 0.0799752 0.0845995 0.0889271 0.0928987 0.0964595 0.0995601 0.102158 0.104216 0.105707 0.10661 0.106913 0.10661 0.105707 0.104216 0.102158 0.0995601 0.0964595 0.0928987 0.0889271 0.0845995 0.0799752 0.0751167 0.070089 0.0649573 0.0597866 0.0546394 0.0495751 0.044648 0.039907 0.0353939 0.0311433 0.0271822 0.0235294 0.0201963 0.0171867 0.0144978 0.0121207 0.0100415 0.00824234 0.00670218 0.00539799 0.00430564 0.00340075 0.00265942 0.00205883 0.00157771 0.00119663 0.000898202 0.000667164 0.000490346 0.000356585 0.000256576 0.00018269 0.000128772 8.99454e-05 6.2409e-05 4.32643e-05 3.03573e-05 2.21493e-05 1.76144e-05 
2.16089e-05 2.35261e-05 2.95263e-05 4.03744e-05 5.74068e-05 8.26243e-05 0.000118821 0.000169745 0.000240299 0.000336752 0.000466984 0.000640731 0.000869817 0.00116837 0.00155297 0.00204276 0.00265942 0.00342703 0.00437184 0.00552176 0.00690583 0.00855339 0.0104932 0.0127524 0.0153551 0.0183217 0.0216671 0.0253998 0.029521 0.0340236 0.0388914 0.0440991 0.0496121 0.0553867 0.0613706 0.0675043 0.0737216 0.0799513 0.0861188 0.0921473 0.09796 0.103481 0.108639 0.113364 0.117594 0.121273 0.124351 0.126789 0.128553 0.129621 0.129978 0.129621 0.128553 0.126789 0.124351 0.121273 0.117594 0.113364 0.108639 0.103481 0.09796 0.0921473 0.0861188 0.0799513 0.0737216 0.0675043 0.0613706 0.0553867 0.0496121 0.0440991 0.0388914 0.0340236 0.029521 0.0253998 0.0216671 0.0183217 0.0153551 0.0127524 0.0104932 0.00855339 0.00690583 0.00552176 0.00437184 0.00342703 0.00265942 0.00204276 0.00155297 0.00116837 0.000869817 0.000640731 0.000466984 0.000336752 0.000240299 0.000169745 0.000118821 8.26243e-05 5.74068e-05 4.03744e-05 2.95263e-05 2.35261e-05 
2.85978e-05 3.11107e-05 3.89709e-05 5.31658e-05 7.54187e-05 0.000108305 0.00015541 0.000221537 0.000312938 0.000437591 0.000605484 0.000828906 0.00112273 0.00150463 0.00199528 0.00261841 0.00340075 0.00437184 0.00556363 0.00700989 0.00874544 0.0108052 0.0132228 0.0160298 0.0192535 0.0229164 0.0270338 0.0316135 0.0366538 0.0421431 0.048059 0.0543683 0.0610269 0.0679803 0.0751646 0.0825074 0.0899296 0.0973467 0.104671 0.111812 0.118683 0.125195 0.131266 0.136818 0.14178 0.14609 0.149692 0.152542 0.154603 0.15585 0.156267 0.15585 0.154603 0.152542 0.149692 0.14609 0.14178 0.136818 0.131266 0.125195 0.118683 0.111812 0.104671 0.0973467 0.0899296 0.0825074 0.0751646 0.0679803 0.0610269 0.0543683 0.048059 0.0421431 0.0366538 0.0316135 0.0270338 0.0229164 0.0192535 0.0160298 0.0132228 0.0108052 0.00874544 0.00700989 0.00556363 0.00437184 0.00340075 0.00261841 0.00199528 0.00150463 0.00112273 0.000828906 0.000605484 0.000437591 0.000312938 0.000221537 0.00015541 0.000108305 7.54187e-05 5.31658e-05 3.89709e-05 3.11107e-05 
3.74752e-05 4.07366e-05 5.09317e-05 6.93229e-05 9.81101e-05 0.000140574 0.000201273 0.000286292 0.000403532 0.000563038 0.000777338 0.00106179 0.00143489 0.00191855 0.00253824 0.00332307 0.00430564 0.00552176 0.00700989 0.00881038 0.0109645 0.0135131 0.0164952 0.0199466 0.0238979 0.028373 0.0333872 0.0389462 0.0450443 0.0516641 0.0587752 0.0663349 0.0742877 0.0825667 0.0910943 0.099784 0.108542 0.11727 0.125865 0.134225 0.142247 0.149835 0.156894 0.163337 0.169087 0.174073 0.178235 0.181524 0.183902 0.185339 0.18582 0.185339 0.183902 0.181524 0.178235 0.174073 0.169087 0.163337 0.156894 0.149835 0.142247 0.134225 0.125865 0.11727 0.108542 0.099784 0.0910943 0.0825667 0.0742877 0.0663349 0.0587752 0.0516641 0.0450443 0.0389462 0.0333872 0.028373 0.0238979 0.0199466 0.0164952 0.0135131 0.0109645 0.00881038 0.00700989 0.00552176 0.00430564 0.00332307 0.00253824 0.00191855 0.00143489 0.00106179 0.000777338 0.000563038 0.000403532 0.000286292 0.000201273 0.000140574 9.81101e-05 6.93229e-05 5.09317e-05 4.07366e-05 
4.86295e-05 5.28209e-05 6.59155e-05 8.95111e-05 0.000126388 0.000180684 0.000258136 0.000366379 0.000515295 0.000717403 0.000988262 0.00134686 0.00181599 0.00242249 0.00319745 0.00417617 0.00539799 0.00690583 0.00874544 0.0109645 0.0136112 0.0167328 0.0203739 0.0245744 0.0293676 0.0347784 0.0408211 0.0474979 0.0547979 0.0626958 0.0711517 0.0801111 0.0895055 0.0992535 0.109262 0.11943 0.129646 0.139797 0.149766 0.159436 0.168693 0.177428 0.185536 0.192922 0.199502 0.205199 0.209949 0.213698 0.216406 0.218043 0.21859 0.218043 0.216406 0.213698 0.209949 0.205199 0.199502 0.192922 0.185536 0.177428 0.168693 0.159436 0.149766 0.139797 0.129646 0.11943 0.109262 0.0992535 0.0895055 0.0801111 0.0711517 0.0626958 0.0547979 0.0474979 0.0408211 0.0347784 0.0293676 0.0245744 0.0203739 0.0167328 0.0136112 0.0109645 0.00874544 0.00690583 0.00539799 0.00417617 0.00319745 0.00242249 0.00181599 0.00134686 0.000988262 0.000717403 0.000515295 0.000366379 0.000258136 0.000180684 0.000126388 8.95111e-05 6.59155e-05 5.28209e-05 
6.24934e-05 6.78278e-05 8.4484e-05 0.000114464 0.000161248 0.000230003 0.000327879 0.000464359 0.000651684 0.000905301 0.00124434 0.00169204 0.00227619 0.00302936 0.00398907 0.0051977 0.00670218 0.00855339 0.0108052 0.0135131 0.0167328 0.0205182 0.0249194 0.0299802 0.035736 0.0422116 0.049419 0.0573557 0.0660034 0.0753273 0.0852756 0.0957803 0.106758 0.11811 0.129728 0.141491 0.153274 0.164947 0.176376 0.187432 0.197987 0.207922 0.217123 0.225489 0.232926 0.239356 0.244709 0.24893 0.251976 0.253815 0.254431 0.253815 0.251976 0.24893 0.244709 0.239356 0.232926 0.225489 0.217123 0.207922 0.197987 0.187432 0.176376 0.164947 0.153274 0.141491 0.129728 0.11811 0.106758 0.0957803 0.0852756 0.0753273 0.0660034 0.0573557 0.049419 0.0422116 0.035736 0.0299802 0.0249194 0.0205182 0.0167328 0.0135131 0.0108052 0.00855339 0.00670218 0.0051977 0.00398907 0.00302936 0.00227619 0.00169204 0.00124434 0.000905301 0.000651684 0.000464359 0.000327879 0.000230003 0.000161248 0.000114464 8.4484e-05 6.78278e-05 
7.95389e-05 8.62632e-05 0.000107247 0.000144975 0.00020376 0.000289995 0.000412499 0.000582943 0.000816336 0.00113156 0.00155188 0.0021055 0.00282593 0.00375229 0.0049294 0.00640762 0.00824234 0.0104932 0.0132228 0.0164952 0.0203739 0.0249194 0.030187 0.036224 0.0430671 0.0507396 0.0592496 0.0685881 0.0787276 0.0896213 0.101204 0.113391 0.126081 0.13916 0.152499 0.16596 0.179399 0.192669 0.205624 0.218118 0.230014 0.241181 0.2515 0.26086 0.269166 0.276334 0.282293 0.286986 0.29037 0.292412 0.293095 0.292412 0.29037 0.286986 0.282293 0.276334 0.269166 0.26086 0.2515 0.241181 0.230014 0.218118 0.205624 0.192669 0.179399 0.16596 0.152499 0.13916 0.126081 0.113391 0.101204 0.0896213 0.0787276 0.0685881 0.0592496 0.0507396 0.0430671 0.036224 0.030187 0.0249194 0.0203739 0.0164952 0.0132228 0.0104932 0.00824234 0.00640762 0.0049294 0.00375229 0.00282593 0.0021055 0.00155188 0.00113156 0.000816336 0.000582943 0.000412499 0.000289995 0.00020376 0.000144975 0.000107247 8.62632e-05 
0.00010027 0.000108666 0.000134851 0.00018188 0.000255047 0.000362185 0.00051407 0.000724925 0.00101298 0.00140108 0.00191728 0.00259543 0.00347556 0.0046042 0.00603436 0.00782522 0.0100415 0.0127524 0.0160298 0.0199466 0.0245744 0.0299802 0.036224 0.0433558 0.0514121 0.0604135 0.0703624 0.081241 0.0930102 0.105609 0.118956 0.132949 0.147468 0.162377 0.177528 0.192765 0.207925 0.222846 0.237364 0.251324 0.264577 0.276985 0.28842 0.29877 0.307934 0.315829 0.322382 0.327537 0.331249 0.333489 0.334238 0.333489 0.331249 0.327537 0.322382 0.315829 0.307934 0.29877 0.28842 0.276985 0.264577 0.251324 0.237364 0.222846 0.207925 0.192765 0.177528 0.162377 0.147468 0.132949 0.118956 0.105609 0.0930102 0.081241 0.0703624 0.0604135 0.0514121 0.0433558 0.036224 0.0299802 0.0245744 0.0199466 0.0160298 0.0127524 0.0100415 0.00782522 0.00603436 0.0046042 0.00347556 0.00259543 0.00191728 0.00140108 0.00101298 0.000724925 0.00051407 0.000362185 0.000255047 0.00018188 0.000134851 0.000108666 
0.000125211 0.000135596 0.000167966 0.000226041 0.000316258 0.000448123 0.000634683 0.000893104 0.00124532 0.00171871 0.00234679 0.00316977 0.00423505 0.00559739 0.00731886 0.00946836 0.0121207 0.0153551 0.0192535 0.0238979 0.0293676 0.035736 0.0430671 0.0514121 0.0608061 0.0712652 0.0827838 0.095333 0.10886 0.123287 0.138514 0.154417 0.170858 0.187677 0.204708 0.221772 0.238691 0.255284 0.271377 0.286801 0.301399 0.315027 0.327553 0.338863 0.348856 0.357447 0.364567 0.37016 0.374185 0.376611 0.377422 0.376611 0.374185 0.37016 0.364567 0.357447 0.348856 0.338863 0.327553 0.315027 0.301399 0.286801 0.271377 0.255284 0.238691 0.221772 0.204708 0.187677 0.170858 0.154417 0.138514 0.123287 0.10886 0.095333 0.0827838 0.0712652 0.0608061 0.0514121 0.0430671 0.035736 0.0293676 0.0238979 0.0192535 0.0153551 0.0121207 0.00946836 0.00731886 0.00559739 0.00423505 0.00316977 0.00234679 0.00171871 0.00124532 0.000893104 0.000634683 0.000448123 0.000316258 0.000226041 0.000167966 0.000135596 
0.000154893 0.000167619 0.000207264 0.000278315 0.000388528 0.000549331 0.000776375 0.00109019 0.00151691 0.00208906 0.00284627 0.00383591 0.00511352 0.00674296 0.00879621 0.0113526 0.0144978 0.0183217 0.0229164 0.028373 0.0347784 0.0422116 0.0507396 0.0604135 0.0712652 0.0833039 0.0965138 0.110853 0.12625 0.142611 0.159812 0.17771 0.19614 0.214924 0.233871 0.252784 0.271467 0.289725 0.30737 0.324226 0.340127 0.354927 0.368493 0.380709 0.391478 0.400718 0.408362 0.414359 0.418669 0.421265 0.422132 0.421265 0.418669 0.414359 0.408362 0.400718 0.391478 0.380709 0.368493 0.354927 0.340127 0.324226 0.30737 0.289725 0.271467 0.252784 0.233871 0.214924 0.19614 0.17771 0.159812 0.142611 0.12625 0.110853 0.0965138 0.0833039 0.0712652 0.0604135 0.0507396 0.0422116 0.0347784 0.028373 0.0229164 0.0183217 0.0144978 0.0113526 0.00879621 0.00674296 0.00511352 0.00383591 0.00284627 0.00208906 0.00151691 0.00109019 0.000776375 0.000549331 0.000388528 0.000278315 0.000207264 0.000167619 
0.000189832 0.000205283 0.000253394 0.000339526 0.000472938 0.000667248 0.000941053 0.00131868 0.00183099 0.00251627 0.00342096 0.00460032 0.00611884 0.0080503 0.0104773 0.0134905 0.0171867 0.0216671 0.0270338 0.0333872 0.0408211 0.049419 0.0592496 0.0703624 0.0827838 0.0965138 0.111524 0.127755 0.145119 0.163498 0.182745 0.202693 0.223154 0.243924 0.264793 0.285545 0.305965 0.325845 0.344988 0.363211 0.380344 0.39624 0.410767 0.423814 0.435286 0.445109 0.45322 0.459573 0.464134 0.46688 0.467797 0.46688 0.464134 0.459573 0.45322 0.445109 0.435286 0.423814 0.410767 0.39624 0.380344 0.363211 0.344988 0.325845 0.305965 0.285545 0.264793 0.243924 0.223154 0.202693 0.182745 0.163498 0.145119 0.127755 0.111524 0.0965138 0.0827838 0.0703624 0.0592496 0.049419 0.0408211 0.0333872 0.0270338 0.0216671 0.0171867 0.0134905 0.0104773 0.0080503 0.00611884 0.00460032 0.00342096 0.00251627 0.00183099 0.00131868 0.000941053 0.000667248 0.000472938 0.000339526 0.000253394 0.000205283 
0.000230511 0.000249102 0.000306957 0.000410428 0.000570468 0.000803155 0.00113039 0.00158075 0.00219036 0.00300385 0.00407517 0.0054682 0.00725717 0.00952649 0.0123702 0.0158905 0.0201963 0.0253998 0.0316135 0.0389462 0.0474979 0.0573557 0.0685881 0.081241 0.095333 0.110853 0.127755 0.145964 0.165367 0.185823 0.207161 0.229187 0.251687 0.274435 0.297199 0.319743 0.341839 0.363268 0.383823 0.403317 0.421583 0.438472 0.453858 0.467637 0.479722 0.490045 0.498553 0.505207 0.509978 0.512847 0.513805 0.512847 0.509978 0.505207 0.498553 0.490045 0.479722 0.467637 0.453858 0.438472 0.421583 0.403317 0.383823 0.363268 0.341839 0.319743 0.297199 0.274435 0.251687 0.229187 0.207161 0.185823 0.165367 0.145964 0.127755 0.110853 0.095333 0.081241 0.0685881 0.0573557 0.0474979 0.0389462 0.0316135 0.0253998 0.0201963 0.0158905 0.0123702 0.00952649 0.00725717 0.0054682 0.00407517 0.00300385 0.00219036 0.00158075 0.00113039 0.000803155 0.000570468 0.000410428 0.000306957 0.000249102 
0.000277354 0.000299522 0.000368471 0.000491662 0.000681936 0.000958109 0.00134576 0.00187813 0.00259715 0.00355441 0.004812 0.00644315 0.00853249 0.0111758 0.0144789 0.0185566 0.0235294 0.029521 0.0366538 0.0450443 0.0547979 0.0660034 0.0787276 0.0930102 0.10886 0.12625 0.145119 0.165367 0.186859 0.209425 0.232869 0.256969 0.281486 0.30617 0.330767 0.355026 0.378705 0.401576 0.423427 0.444071 0.463342 0.481098 0.497222 0.511617 0.524207 0.534936 0.54376 0.550648 0.555582 0.558546 0.559535 0.558546 0.555582 0.550648 0.54376 0.534936 0.524207 0.511617 0.497222 0.481098 0.463342 0.444071 0.423427 0.401576 0.378705 0.355026 0.330767 0.30617 0.281486 0.256969 0.232869 0.209425 0.186859 0.165367 0.145119 0.12625 0.10886 0.0930102 0.0787276 0.0660034 0.0547979 0.0450443 0.0366538 0.029521 0.0235294 0.0185566 0.0144789 0.0111758 0.00853249 0.00644315 0.004812 0.00355441 0.00259715 0.00187813 0.00134576 0.000958109 0.000681936 0.000491662 0.000368471 0.000299522 
0.000330699 0.000356898 0.000438344 0.000583718 0.000807949 0.00113287 0.00158807 0.00221194 0.00305269 0.00416944 0.00563306 0.00752676 0.0099462 0.012999 0.0168036 0.021487 0.0271822 0.0340236 0.0421431 0.0516641 0.0626958 0.0753273 0.0896213 0.105609 0.123287 0.142611 0.163498 0.185823 0.209425 0.234107 0.259642 0.285782 0.312261 0.338807 0.365145 0.39101 0.416149 0.440327 0.463332 0.484979 0.505108 0.523586 0.540306 0.555186 0.568163 0.579192 0.588243 0.595297 0.60034 0.603369 0.604379 0.603369 0.60034 0.595297 0.588243 0.579192 0.568163 0.555186 0.540306 0.523586 0.505108 0.484979 0.463332 0.440327 0.416149 0.39101 0.365145 0.338807 0.312261 0.285782 0.259642 0.234107 0.209425 0.185823 0.163498 0.142611 0.123287 0.105609 0.0896213 0.0753273 0.0626958 0.0516641 0.0421431 0.0340236 0.0271822 0.021487 0.0168036 0.012999 0.0099462 0.00752676 0.00563306 0.00416944 0.00305269 0.00221194 0.00158807 0.00113287 0.000807949 0.000583718 0.000438344 0.000356898 
0.000390772 0.000421464 0.00051683 0.000686889 0.000948846 0.00132781 0.00185776 0.0025826 0.00355734 0.00484914 0.00653823 0.00871833 0.0114967 0.0149933 0.0193393 0.0246743 0.0311433 0.0388914 0.048059 0.0587752 0.0711517 0.0852756 0.101204 0.118956 0.138514 0.159812 0.182745 0.207161 0.232869 0.259642 0.287225 0.31534 0.343696 0.371999 0.399958 0.427292 0.453742 0.479069 0.503065 0.525549 0.546371 0.565411 0.582577 0.597802 0.611038 0.622257 0.631441 0.638585 0.643686 0.646745 0.647765 0.646745 0.643686 0.638585 0.631441 0.622257 0.611038 0.597802 0.582577 0.565411 0.546371 0.525549 0.503065 0.479069 0.453742 0.427292 0.399958 0.371999 0.343696 0.31534 0.287225 0.259642 0.232869 0.207161 0.182745 0.159812 0.138514 0.118956 0.101204 0.0852756 0.0711517 0.0587752 0.048059 0.0388914 0.0311433 0.0246743 0.0193393 0.0149933 0.0114967 0.00871833 0.00653823 0.00484914 0.00355734 0.0025826 0.00185776 0.00132781 0.000948846 0.000686889 0.00051683 0.000421464 
0.000457657 0.000493303 0.000604005 0.00080123 0.00110464 0.00154289 0.00215462 0.00298969 0.00411031 0.0055922 0.00752538 0.0100146 0.0131791 0.0171515 0.0220759 0.0281045 0.0353939 0.0440991 0.0543683 0.0663349 0.0801111 0.0957803 0.113391 0.132949 0.154417 0.17771 0.202693 0.229187 0.256969 0.285782 0.31534 0.345337 0.375459 0.405389 0.434821 0.463466 0.491057 0.517358 0.542164 0.565306 0.586646 0.606081 0.623535 0.638959 0.652324 0.663619 0.672843 0.680003 0.685106 0.688164 0.689183 0.688164 0.685106 0.680003 0.672843 0.663619 0.652324 0.638959 0.623535 0.606081 0.586646 0.565306 0.542164 0.517358 0.491057 0.463466 0.434821 0.405389 0.375459 0.345337 0.31534 0.285782 0.256969 0.229187 0.202693 0.17771 0.154417 0.132949 0.113391 0.0957803 0.0801111 0.0663349 0.0543683 0.0440991 0.0353939 0.0281045 0.0220759 0.0171515 0.0131791 0.0100146 0.00752538 0.0055922 0.00411031 0.00298969 0.00215462 0.00154289 0.00110464 0.00080123 0.000604005 0.000493303 
0.000531277 0.000572322 0.000699732 0.000926521 0.00127498 0.00177752 0.00247778 0.00343187 0.00470962 0.00639567 0.0085903 0.0114096 0.0149851 0.0194623 0.0249981 0.0317571 0.039907 0.0496121 0.0610269 0.0742877 0.0895055 0.106758 0.126081 0.147468 0.170858 0.19614 0.223154 0.251687 0.281486 0.312261 0.343696 0.375459 0.40721 0.438616 0.469356 0.499134 0.527682 0.554768 0.580197 0.603811 0.62549 0.645149 0.662732 0.678211 0.691578 0.702839 0.71201 0.719112 0.724167 0.727192 0.728199 0.727192 0.724167 0.719112 0.71201 0.702839 0.691578 0.678211 0.662732 0.645149 0.62549 0.603811 0.580197 0.554768 0.527682 0.499134 0.469356 0.438616 0.40721 0.375459 0.343696 0.312261 0.281486 0.251687 0.223154 0.19614 0.170858 0.147468 0.126081 0.106758 0.0895055 0.0742877 0.0610269 0.0496121 0.039907 0.0317571 0.0249981 0.0194623 0.0149851 0.0114096 0.0085903 0.00639567 0.00470962 0.00343187 0.00247778 0.00177752 0.00127498 0.000926521 0.000699732 0.000572322 
0.000611367 0.00065823 0.000803636 0.00106224 0.00145909 0.00203059 0.0028256 0.00390679 0.00535191 0.00725487 0.00972647 0.0128945 0.0169028 0.0219097 0.0280849 0.035605 0.044648 0.0553867 0.0679803 0.0825667 0.0992535 0.11811 0.13916 0.162377 0.187677 0.214924 0.243924 0.274435 0.30617 0.338807 0.371999 0.405389 0.438616 0.471328 0.503197 0.533921 0.563235 0.590914 0.616774 0.640674 0.662515 0.682231 0.69979 0.715186 0.728432 0.739554 0.748586 0.755564 0.760521 0.763484 0.76447 0.763484 0.760521 0.755564 0.748586 0.739554 0.728432 0.715186 0.69979 0.682231 0.662515 0.640674 0.616774 0.590914 0.563235 0.533921 0.503197 0.471328 0.438616 0.405389 0.371999 0.338807 0.30617 0.274435 0.243924 0.214924 0.187677 0.162377 0.13916 0.11811 0.0992535 0.0825667 0.0679803 0.0553867 0.044648 0.035605 0.0280849 0.0219097 0.0169028 0.0128945 0.00972647 0.00725487 0.00535191 0.00390679 0.0028256 0.00203059 0.00145909 0.00106224 0.000803636 0.00065823 
0.000697461 0.000750522 0.000915089 0.00120752 0.00165579 0.0023004 0.00319568 0.00441107 0.00603248 0.00816333 0.0109251 0.0144574 0.0189165 0.0244734 0.0313101 0.0396148 0.0495751 0.0613706 0.0751646 0.0910943 0.109262 0.129728 0.152499 0.177528 0.204708 0.233871 0.264793 0.297199 0.330767 0.365145 0.399958 0.434821 0.469356 0.503197 0.536008 0.567487 0.597373 0.625452 0.651556 0.675565 0.697397 0.717014 0.734407 0.749592 0.762604 0.773492 0.782307 0.7891 0.793916 0.796791 0.797747 0.796791 0.793916 0.7891 0.782307 0.773492 0.762604 0.749592 0.734407 0.717014 0.697397 0.675565 0.651556 0.625452 0.597373 0.567487 0.536008 0.503197 0.469356 0.434821 0.399958 0.365145 0.330767 0.297199 0.264793 0.233871 0.204708 0.177528 0.152499 0.129728 0.109262 0.0910943 0.0751646 0.0613706 0.0495751 0.0396148 0.0313101 0.0244734 0.0189165 0.0144574 0.0109251 0.00816333 0.00603248 0.00441107 0.00319568 0.0023004 0.00165579 0.00120752 0.000915089 0.000750522 
0.000788882 0.000848467 0.00103319 0.00136119 0.00186342 0.00258466 0.00358481 0.00494028 0.00674527 0.00911284 0.0121753 0.0160839 0.0210073 0.0271289 0.0346427 0.0437474 0.0546394 0.0675043 0.0825074 0.099784 0.11943 0.141491 0.16596 0.192765 0.221772 0.252784 0.285545 0.319743 0.355026 0.39101 0.427292 0.463466 0.499134 0.533921 0.567487 0.599531 0.629801 0.658097 0.68427 0.708218 0.729888 0.749263 0.76636 0.78122 0.793902 0.804473 0.813004 0.81956 0.824198 0.826963 0.827881 0.826963 0.824198 0.81956 0.813004 0.804473 0.793902 0.78122 0.76636 0.749263 0.729888 0.708218 0.68427 0.658097 0.629801 0.599531 0.567487 0.533921 0.499134 0.463466 0.427292 0.39101 0.355026 0.319743 0.285545 0.252784 0.221772 0.192765 0.16596 0.141491 0.11943 0.099784 0.0825074 0.0675043 0.0546394 0.0437474 0.0346427 0.0271289 0.0210073 0.0160839 0.0121753 0.00911284 0.00674527 0.00494028 0.00358481 0.00258466 0.00186342 0.00136119 0.00103319 0.000848467 
0.00088474 0.00095111 0.00115679 0.00152172 0.00207991 0.00288049 0.00398903 0.00548897 0.00748289 0.0100935 0.0134638 0.0177567 0.023153 0.0298479 0.0380468 0.0479584 0.0597866 0.0737216 0.0899296 0.108542 0.129646 0.153274 0.179399 0.207925 0.238691 0.271467 0.305965 0.341839 0.378705 0.416149 0.453742 0.491057 0.527682 0.563235 0.597373 0.629801 0.660279 0.688623 0.714702 0.738441 0.75981 0.778819 0.795511 0.809951 0.82222 0.832407 0.840598 0.846875 0.851307 0.853944 0.854819 0.853944 0.851307 0.846875 0.840598 0.832407 0.82222 0.809951 0.795511 0.778819 0.75981 0.738441 0.714702 0.688623 0.660279 0.629801 0.597373 0.563235 0.527682 0.491057 0.453742 0.416149 0.378705 0.341839 0.305965 0.271467 0.238691 0.207925 0.179399 0.153274 0.129646 0.108542 0.0899296 0.0737216 0.0597866 0.0479584 0.0380468 0.0298479 0.023153 0.0177567 0.0134638 0.0100935 0.00748289 0.00548897 0.00398903 0.00288049 0.00207991 0.00152172 0.00115679 0.00095111 
0.000983941 0.00105728 0.00128446 0.00168726 0.00230276 0.00318447 0.00440366 0.00605078 0.00823677 0.0110939 0.0147758 0.0194565 0.0253286 0.0325989 0.0414832 0.0521991 0.0649573 0.0799513 0.0973467 0.11727 0.139797 0.164947 0.192669 0.222846 0.255284 0.289725 0.325845 0.363268 0.401576 0.440327 0.479069 0.517358 0.554768 0.590914 0.625452 0.658097 0.688623 0.716862 0.742708 0.766109 0.787061 0.805602 0.821799 0.835742 0.847535 0.857285 0.865097 0.871064 0.875266 0.877763 0.878591 0.877763 0.875266 0.871064 0.865097 0.857285 0.847535 0.835742 0.821799 0.805602 0.787061 0.766109 0.742708 0.716862 0.688623 0.658097 0.625452 0.590914 0.554768 0.517358 0.479069 0.440327 0.401576 0.363268 0.325845 0.289725 0.255284 0.222846 0.192669 0.164947 0.139797 0.11727 0.0973467 0.0799513 0.0649573 0.0521991 0.0414832 0.0325989 0.0253286 0.0194565 0.0147758 0.0110939 0.00823677 0.00605078 0.00440366 0.00318447 0.00230276 0.00168726 0.00128446 0.00105728 
