3.40109e-05 3.52916e-05 3.91943e-05 4.5902e-05 5.57219e-05 6.90891e-05 8.65713e-05 0.000108873 0.000136842 0.000171472 0.000213906 0.000265436 0.000327504 0.000401689 0.000489703 0.00059337 0.000714603 0.000855377 0.00101769 0.00120353 0.00141481 0.00165333 0.00192069 0.00221827 0.00254712 0.00290795 0.003301 0.00372603 0.00418225 0.00466831 0.00518221 0.00572133 0.00628241 0.00686156 0.00745432 0.00805564 0.00866 0.00926148 0.00985382 0.0104306 0.0109851 0.011511 0.0120017 0.0124512 0.0128536 0.0132037 0.0134969 0.0137291 0.0138974 0.0139992 0.0140333 0.0139992 0.0138974 0.0137291 0.0134969 0.0132037 0.0128536 0.0124512 0.0120017 0.011511 0.0109851 0.0104306 0.00985382 0.00926148 0.00866 0.00805564 0.00745432 0.00686156 0.00628241 0.00572133 0.00518221 0.00466831 0.00418225 0.00372603 0.003301 0.00290795 0.00254712 0.00221827 0.00192069 0.00165333 0.00141481 0.00120353 0.00101769 0.000855377 0.000714603 0.00059337 0.000489703 0.000401689 0.000327504 0.000265436 0.000213906 0.000171472 0.000136842 0.000108873 8.65713e-05 6.90891e-05 5.57219e-05 4.5902e-05 3.91943e-05 3.52916e-05 
3.52916e-05 3.66177e-05 4.06587e-05 4.76033e-05 5.77685e-05 7.16032e-05 8.96927e-05 0.000112764 0.00014169 0.000177494 0.000221355 0.000274602 0.000338717 0.000415327 0.00050619 0.000613179 0.000738259 0.000883456 0.00105082 0.00124238 0.0014601 0.00170581 0.00198115 0.00228753 0.00262601 0.00299729 0.00340162 0.00383872 0.00430778 0.00480739 0.00533547 0.00588934 0.00646564 0.00706037 0.00766893 0.00828615 0.00890637 0.00952352 0.0101312 0.0107228 0.0112915 0.0118307 0.0123338 0.0127946 0.0132071 0.0135659 0.0138664 0.0141045 0.0142768 0.0143812 0.0144162 0.0143812 0.0142768 0.0141045 0.0138664 0.0135659 0.0132071 0.0127946 0.0123338 0.0118307 0.0112915 0.0107228 0.0101312 0.00952352 0.00890637 0.00828615 0.00766893 0.00706037 0.00646564 0.00588934 0.00533547 0.00480739 0.00430778 0.00383872 0.00340162 0.00299729 0.00262601 0.00228753 0.00198115 0.00170581 0.0014601 0.00124238 0.00105082 0.000883456 0.000738259 0.000613179 0.00050619 0.000415327 0.000338717 0.000274602 0.000221355 0.000177494 0.00014169 0.000112764 8.96927e-05 7.16032e-05 5.77685e-05 4.76033e-05 4.06587e-05 3.66177e-05 
3.91943e-05 4.06587e-05 4.51204e-05 5.27857e-05 6.40013e-05 7.92578e-05 9.91942e-05 0.000124604 0.000156438 0.000195813 0.000244009 0.00030247 0.000372807 0.00045678 0.000556291 0.000673364 0.000810116 0.000968729 0.0011514 0.00136031 0.00159755 0.00186507 0.0021646 0.00249763 0.00286526 0.00326819 0.00370665 0.0041803 0.0046882 0.00522878 0.00579978 0.00639825 0.00702055 0.00766234 0.00831865 0.00898392 0.00965206 0.0103165 0.0109705 0.0116068 0.0122183 0.0127979 0.0133384 0.0138333 0.0142762 0.0146614 0.0149839 0.0152393 0.0154243 0.0155363 0.0155738 0.0155363 0.0154243 0.0152393 0.0149839 0.0146614 0.0142762 0.0138333 0.0133384 0.0127979 0.0122183 0.0116068 0.0109705 0.0103165 0.00965206 0.00898392 0.00831865 0.00766234 0.00702055 0.00639825 0.00579978 0.00522878 0.0046882 0.0041803 0.00370665 0.00326819 0.00286526 0.00249763 0.0021646 0.00186507 0.00159755 0.00136031 0.0011514 0.000968729 0.000810116 0.000673364 0.000556291 0.00045678 0.000372807 0.00030247 0.000244009 0.000195813 0.000156438 0.000124604 9.91942e-05 7.92578e-05 6.40013e-05 5.27857e-05 4.51204e-05 4.06587e-05 
4.5902e-05 4.76033e-05 5.27857e-05 6.16858e-05 7.47005e-05 9.23913e-05 0.000115489 0.0001449 0.00018171 0.000227189 0.000282793 0.000350164 0.000431122 0.000527661 0.000641925 0.000776192 0.00093284 0.00111431 0.00132305 0.00156148 0.00183192 0.00213651 0.00247716 0.00285545 0.00327257 0.00372923 0.00422559 0.00476119 0.00533492 0.00594492 0.00658858 0.00726255 0.00796266 0.00868404 0.00942108 0.0101676 0.0109166 0.011661 0.0123931 0.013105 0.0137886 0.0144362 0.0150399 0.0155923 0.0160864 0.0165161 0.0168757 0.0171604 0.0173666 0.0174914 0.0175332 0.0174914 0.0173666 0.0171604 0.0168757 0.0165161 0.0160864 0.0155923 0.0150399 0.0144362 0.0137886 0.013105 0.0123931 0.011661 0.0109166 0.0101676 0.00942108 0.00868404 0.00796266 0.00726255 0.00658858 0.00594492 0.00533492 0.00476119 0.00422559 0.00372923 0.00327257 0.00285545 0.00247716 0.00213651 0.00183192 0.00156148 0.00132305 0.00111431 0.00093284 0.000776192 0.000641925 0.000527661 0.000431122 0.000350164 0.000282793 0.000227189 0.00018171 0.0001449 0.000115489 9.23913e-05 7.47005e-05 6.16858e-05 5.27857e-05 4.76033e-05 
5.57219e-05 5.77685e-05 6.40013e-05 7.47005e-05 9.03358e-05 0.000111571 0.000139271 0.000174502 0.000218545 0.000272893 0.000339255 0.000419554 0.000515917 0.000630666 0.000766297 0.000925449 0.00111087 0.00132536 0.00157175 0.0018528 0.00217112 0.00252915 0.00292901 0.00337245 0.00386075 0.00439462 0.00497414 0.00559868 0.00626683 0.00697633 0.0077241 0.00850614 0.0093176 0.0101528 0.0110052 0.0118677 0.0127323 0.0135907 0.0144342 0.0152538 0.0160403 0.0167847 0.0174783 0.0181126 0.0186798 0.0191727 0.019585 0.0199115 0.0201478 0.0202908 0.0203387 0.0202908 0.0201478 0.0199115 0.019585 0.0191727 0.0186798 0.0181126 0.0174783 0.0167847 0.0160403 0.0152538 0.0144342 0.0135907 0.0127323 0.0118677 0.0110052 0.0101528 0.0093176 0.00850614 0.0077241 0.00697633 0.00626683 0.00559868 0.00497414 0.00439462 0.00386075 0.00337245 0.00292901 0.00252915 0.00217112 0.0018528 0.00157175 0.00132536 0.00111087 0.000925449 0.000766297 0.000630666 0.000515917 0.000419554 0.000339255 0.000272893 0.000218545 0.000174502 0.000139271 0.000111571 9.03358e-05 7.47005e-05 6.40013e-05 5.77685e-05 
6.90891e-05 7.16032e-05 7.92578e-05 9.23913e-05 0.000111571 0.000137599 0.000171516 0.000214607 0.000268409 0.000334716 0.000415571 0.000513271 0.000630353 0.000769576 0.000933895 0.00112643 0.00135041 0.00160914 0.0019059 0.0022439 0.00262618 0.00305552 0.00353432 0.00406454 0.00464755 0.00528409 0.00597409 0.00671668 0.00751004 0.00835141 0.009237 0.010162 0.0111207 0.0121062 0.0131109 0.0141264 0.0151433 0.016152 0.0171422 0.0181034 0.0190251 0.0198969 0.0207085 0.0214504 0.0221133 0.0226892 0.0231708 0.023552 0.0238278 0.0239947 0.0240506 0.0239947 0.0238278 0.023552 0.0231708 0.0226892 0.0221133 0.0214504 0.0207085 0.0198969 0.0190251 0.0181034 0.0171422 0.016152 0.0151433 0.0141264 0.0131109 0.0121062 0.0111207 0.010162 0.009237 0.00835141 0.00751004 0.00671668 0.00597409 0.00528409 0.00464755 0.00406454 0.00353432 0.00305552 0.00262618 0.0022439 0.0019059 0.00160914 0.00135041 0.00112643 0.000933895 0.000769576 0.000630353 0.000513271 0.000415571 0.000334716 0.000268409 0.000214607 0.000171516 0.000137599 0.000111571 9.23913e-05 7.92578e-05 7.16032e-05 
8.65713e-05 8.96927e-05 9.91942e-05 0.000115489 0.000139271 0.000171516 0.000213492 0.000266764 0.000333199 0.000414969 0.000514549 0.000634711 0.000778508 0.000949255 0.00115049 0.00138594 0.00165944 0.00197491 0.00233621 0.00274712 0.00321118 0.00373159 0.00431111 0.00495193 0.00565555 0.00642266 0.00725304 0.00814545 0.00909758 0.010106 0.011166 0.0122717 0.0134163 0.0145915 0.0157882 0.0169964 0.018205 0.0194026 0.0205771 0.0217162 0.0228076 0.0238391 0.0247988 0.0256753 0.0264583 0.027138 0.0277063 0.0281558 0.0284811 0.0286779 0.0287438 0.0286779 0.0284811 0.0281558 0.0277063 0.027138 0.0264583 0.0256753 0.0247988 0.0238391 0.0228076 0.0217162 0.0205771 0.0194026 0.018205 0.0169964 0.0157882 0.0145915 0.0134163 0.0122717 0.011166 0.010106 0.00909758 0.00814545 0.00725304 0.00642266 0.00565555 0.00495193 0.00431111 0.00373159 0.00321118 0.00274712 0.00233621 0.00197491 0.00165944 0.00138594 0.00115049 0.000949255 0.000778508 0.000634711 0.000514549 0.000414969 0.000333199 0.000266764 0.000213492 0.000171516 0.000139271 0.000115489 9.91942e-05 8.96927e-05 
0.000108873 0.000112764 0.000124604 0.0001449 0.000174502 0.000214607 0.000266764 0.000332886 0.000415249 0.000516498 0.00063964 0.000788034 0.000965373 0.00117565 0.00142313 0.00171226 0.00204765 0.00243394 0.00287571 0.0033774 0.00394315 0.00457668 0.00528115 0.00605901 0.00691188 0.00784038 0.00884406 0.00992121 0.0110689 0.0122827 0.013557 0.0148847 0.0162571 0.0176647 0.0190963 0.0205399 0.0219826 0.0234107 0.0248099 0.0261657 0.0274636 0.0286893 0.0298288 0.030869 0.0317975 0.0326034 0.0332767 0.0338092 0.0341944 0.0344274 0.0345054 0.0344274 0.0341944 0.0338092 0.0332767 0.0326034 0.0317975 0.030869 0.0298288 0.0286893 0.0274636 0.0261657 0.0248099 0.0234107 0.0219826 0.0205399 0.0190963 0.0176647 0.0162571 0.0148847 0.013557 0.0122827 0.0110689 0.00992121 0.00884406 0.00784038 0.00691188 0.00605901 0.00528115 0.00457668 0.00394315 0.0033774 0.00287571 0.00243394 0.00204765 0.00171226 0.00142313 0.00117565 0.000965373 0.000788034 0.00063964 0.000516498 0.000415249 0.000332886 0.000266764 0.000214607 0.000174502 0.0001449 0.000124604 0.000112764 
0.000136842 0.00014169 0.000156438 0.00018171 0.000218545 0.000268409 0.000333199 0.000415249 0.000517337 0.00064268 0.000794932 0.000978165 0.00119684 0.00145579 0.00176011 0.00211517 0.00252643 0.00299943 0.00353961 0.00415216 0.00484194 0.00561325 0.0064697 0.00741402 0.00844793 0.00957194 0.0107853 0.0120856 0.0134692 0.0149306 0.0164628 0.0180571 0.0197032 0.0213893 0.0231022 0.0248276 0.02655 0.0282531 0.0299202 0.0315342 0.0330779 0.0345346 0.0358879 0.0371224 0.0382238 0.0391792 0.0399771 0.040608 0.0410642 0.0413402 0.0414326 0.0413402 0.0410642 0.040608 0.0399771 0.0391792 0.0382238 0.0371224 0.0358879 0.0345346 0.0330779 0.0315342 0.0299202 0.0282531 0.02655 0.0248276 0.0231022 0.0213893 0.0197032 0.0180571 0.0164628 0.0149306 0.0134692 0.0120856 0.0107853 0.00957194 0.00844793 0.00741402 0.0064697 0.00561325 0.00484194 0.00415216 0.00353961 0.00299943 0.00252643 0.00211517 0.00176011 0.00145579 0.00119684 0.000978165 0.000794932 0.00064268 0.000517337 0.000415249 0.000333199 0.000268409 0.000218545 0.00018171 0.000156438 0.00014169 
0.000171472 0.000177494 0.000195813 0.000227189 0.000272893 0.000334716 0.000414969 0.000516498 0.00064268 0.000797421 0.000985148 0.00121078 0.00147971 0.00179772 0.00217096 0.0026058 0.00310878 0.00368646 0.00434523 0.00509121 0.00593005 0.00686669 0.00790524 0.00904872 0.0102989 0.0116562 0.0131192 0.014685 0.0163488 0.0181039 0.0199415 0.0218512 0.0238204 0.0258351 0.0278794 0.0299363 0.0319873 0.0340134 0.0359946 0.037911 0.0397423 0.041469 0.0430721 0.0445335 0.0458366 0.0469663 0.0479094 0.0486549 0.0491938 0.0495197 0.0496288 0.0495197 0.0491938 0.0486549 0.0479094 0.0469663 0.0458366 0.0445335 0.0430721 0.041469 0.0397423 0.037911 0.0359946 0.0340134 0.0319873 0.0299363 0.0278794 0.0258351 0.0238204 0.0218512 0.0199415 0.0181039 0.0163488 0.014685 0.0131192 0.0116562 0.0102989 0.00904872 0.00790524 0.00686669 0.00593005 0.00509121 0.00434523 0.00368646 0.00310878 0.0026058 0.00217096 0.00179772 0.00147971 0.00121078 0.000985148 0.000797421 0.00064268 0.000516498 0.000414969 0.000334716 0.000272893 0.000227189 0.000195813 0.000177494 
0.000213906 0.000221355 0.000244009 0.000282793 0.000339255 0.000415571 0.000514549 0.00063964 0.000794932 0.000985148 0.00121563 0.00149229 0.00182161 0.00221051 0.00266632 0.00319664 0.00380921 0.00451176 0.0053118 0.00621648 0.00723231 0.00836498 0.00961909 0.010998 0.0125034 0.0141354 0.0158922 0.0177698 0.0197622 0.0218611 0.0240558 0.0263336 0.0286795 0.0310765 0.033506 0.0359476 0.0383797 0.0407796 0.0431241 0.0453896 0.0475529 0.0495908 0.0514815 0.0532039 0.0547388 0.0560689 0.0571788 0.0580558 0.0586896 0.0590729 0.0592012 0.0590729 0.0586896 0.0580558 0.0571788 0.0560689 0.0547388 0.0532039 0.0514815 0.0495908 0.0475529 0.0453896 0.0431241 0.0407796 0.0383797 0.0359476 0.033506 0.0310765 0.0286795 0.0263336 0.0240558 0.0218611 0.0197622 0.0177698 0.0158922 0.0141354 0.0125034 0.010998 0.00961909 0.00836498 0.00723231 0.00621648 0.0053118 0.00451176 0.00380921 0.00319664 0.00266632 0.00221051 0.00182161 0.00149229 0.00121563 0.000985148 0.000794932 0.00063964 0.000514549 0.000415571 0.000339255 0.000282793 0.000244009 0.000221355 
0.000265436 0.000274602 0.00030247 0.000350164 0.000419554 0.000513271 0.000634711 0.000788034 0.000978165 0.00121078 0.00149229 0.00182978 0.00223097 0.00270413 0.00325793 0.00390138 0.00464359 0.00549362 0.00646026 0.00755176 0.00877563 0.0101383 0.0116449 0.0132991 0.0151025 0.0170548 0.0191534 0.0213933 0.0237668 0.0262637 0.0288711 0.0315738 0.0343537 0.0371907 0.0400627 0.0429456 0.0458141 0.0486416 0.0514011 0.0540651 0.0566066 0.0589989 0.0612166 0.0632357 0.0650339 0.0665912 0.0678903 0.0689163 0.0696577 0.0701059 0.0702559 0.0701059 0.0696577 0.0689163 0.0678903 0.0665912 0.0650339 0.0632357 0.0612166 0.0589989 0.0566066 0.0540651 0.0514011 0.0486416 0.0458141 0.0429456 0.0400627 0.0371907 0.0343537 0.0315738 0.0288711 0.0262637 0.0237668 0.0213933 0.0191534 0.0170548 0.0151025 0.0132991 0.0116449 0.0101383 0.00877563 0.00755176 0.00646026 0.00549362 0.00464359 0.00390138 0.00325793 0.00270413 0.00223097 0.00182978 0.00149229 0.00121078 0.000978165 0.000788034 0.000634711 0.000513271 0.000419554 0.000350164 0.00030247 0.000274602 
0.000327504 0.000338717 0.000372807 0.000431122 0.000515917 0.000630353 0.000778508 0.000965373 0.00119684 0.00147971 0.00182161 0.00223097 0.00271698 0.00328938 0.00395846 0.00473475 0.00562896 0.00665162 0.00781292 0.00912237 0.0105885 0.0122186 0.0140183 0.0159914 0.0181394 0.0204614 0.0229539 0.0256104 0.0284215 0.0313747 0.0344545 0.0376425 0.0409174 0.0442554 0.0476303 0.0510141 0.054377 0.0576884 0.0609168 0.0640305 0.0669983 0.0697896 0.0723751 0.0747274 0.0768211 0.0786334 0.0801444 0.0813375 0.0821993 0.0827202 0.0828945 0.0827202 0.0821993 0.0813375 0.0801444 0.0786334 0.0768211 0.0747274 0.0723751 0.0697896 0.0669983 0.0640305 0.0609168 0.0576884 0.054377 0.0510141 0.0476303 0.0442554 0.0409174 0.0376425 0.0344545 0.0313747 0.0284215 0.0256104 0.0229539 0.0204614 0.0181394 0.0159914 0.0140183 0.0122186 0.0105885 0.00912237 0.00781292 0.00665162 0.00562896 0.00473475 0.00395846 0.00328938 0.00271698 0.00223097 0.00182161 0.00147971 0.00119684 0.000965373 0.000778508 0.000630353 0.000515917 0.000431122 0.000372807 0.000338717 
0.000401689 0.000415327 0.00045678 0.000527661 0.000630666 0.000769576 0.000949255 0.00117565 0.00145579 0.00179772 0.00221051 0.00270413 0.00328938 0.00397777 0.00478131 0.00571234 0.00678327 0.00800631 0.00939317 0.0109547 0.0127006 0.0146388 0.0167757 0.019115 0.021658 0.024403 0.0273454 0.0304768 0.0337858 0.0372572 0.0408724 0.0446096 0.0484436 0.0523463 0.0562874 0.0602339 0.0641517 0.0680051 0.0717579 0.0753739 0.0788171 0.0820527 0.0850475 0.0877702 0.090192 0.0922872 0.0940333 0.0954114 0.0964067 0.0970082 0.0972094 0.0970082 0.0964067 0.0954114 0.0940333 0.0922872 0.090192 0.0877702 0.0850475 0.0820527 0.0788171 0.0753739 0.0717579 0.0680051 0.0641517 0.0602339 0.0562874 0.0523463 0.0484436 0.0446096 0.0408724 0.0372572 0.0337858 0.0304768 0.0273454 0.024403 0.021658 0.019115 0.0167757 0.0146388 0.0127006 0.0109547 0.00939317 0.00800631 0.00678327 0.00571234 0.00478131 0.00397777 0.00328938 0.00270413 0.00221051 0.00179772 0.00145579 0.00117565 0.000949255 0.000769576 0.000630666 0.000527661 0.00045678 0.000415327 
0.000489703 0.00050619 0.000556291 0.000641925 0.000766297 0.000933895 0.00115049 0.00142313 0.00176011 0.00217096 0.00266632 0.00325793 0.00395846 0.00478131 0.00574049 0.00685031 0.0081251 0.00957887 0.011225 0.0130758 0.015142 0.0174325 0.019954 0.0227104 0.0257023 0.0289272 0.0323788 0.036047 0.0399174 0.0439721 0.0481889 0.0525418 0.0570015 0.0615352 0.0661075 0.0706805 0.0752147 0.0796694 0.084003 0.0881743 0.0921425 0.0958682 0.0993137 0.102444 0.105226 0.107632 0.109636 0.111217 0.112359 0.113048 0.113279 0.113048 0.112359 0.111217 0.109636 0.107632 0.105226 0.102444 0.0993137 0.0958682 0.0921425 0.0881743 0.084003 0.0796694 0.0752147 0.0706805 0.0661075 0.0615352 0.0570015 0.0525418 0.0481889 0.0439721 0.0399174 0.036047 0.0323788 0.0289272 0.0257023 0.0227104 0.019954 0.0174325 0.015142 0.0130758 0.011225 0.00957887 0.0081251 0.00685031 0.00574049 0.00478131 0.00395846 0.00325793 0.00266632 0.00217096 0.00176011 0.00142313 0.00115049 0.000933895 0.000766297 0.000641925 0.000556291 0.00050619 
0.00059337 0.000613179 0.000673364 0.000776192 0.000925449 0.00112643 0.00138594 0.00171226 0.00211517 0.0026058 0.00319664 0.00390138 0.00473475 0.00571234 0.00685031 0.00816515 0.00967328 0.0113907 0.0133325 0.0155125 0.0179427 0.0206328 0.0235896 0.0268171 0.0303151 0.0340799 0.0381033 0.0423728 0.0468712 0.0515768 0.0564635 0.0615008 0.0666545 0.0718867 0.0771564 0.0824203 0.0876331 0.0927484 0.0977191 0.102499 0.107041 0.111302 0.115239 0.118813 0.121987 0.124731 0.127015 0.128816 0.130116 0.130902 0.131164 0.130902 0.130116 0.128816 0.127015 0.124731 0.121987 0.118813 0.115239 0.111302 0.107041 0.102499 0.0977191 0.0927484 0.0876331 0.0824203 0.0771564 0.0718867 0.0666545 0.0615008 0.0564635 0.0515768 0.0468712 0.0423728 0.0381033 0.0340799 0.0303151 0.0268171 0.0235896 0.0206328 0.0179427 0.0155125 0.0133325 0.0113907 0.00967328 0.00816515 0.00685031 0.00571234 0.00473475 0.00390138 0.00319664 0.0026058 0.00211517 0.00171226 0.00138594 0.00112643 0.000925449 0.000776192 0.000673364 0.000613179 
0.000714603 0.000738259 0.000810116 0.00093284 0.00111087 0.00135041 0.00165944 0.00204765 0.00252643 0.00310878 0.00380921 0.00464359 0.00562896 0.00678327 0.0081251 0.00967328 0.0114465 0.0134629 0.0157394 0.0182914 0.0211319 0.0242715 0.0277173 0.0314726 0.0355366 0.0399039 0.0445642 0.0495019 0.0546966 0.0601226 0.065749 0.0715405 0.0774573 0.0834559 0.0894894 0.0955083 0.101461 0.107296 0.112959 0.118398 0.123562 0.128401 0.132869 0.136921 0.140518 0.143625 0.14621 0.148248 0.149718 0.150607 0.150904 0.150607 0.149718 0.148248 0.14621 0.143625 0.140518 0.136921 0.132869 0.128401 0.123562 0.118398 0.112959 0.107296 0.101461 0.0955083 0.0894894 0.0834559 0.0774573 0.0715405 0.065749 0.0601226 0.0546966 0.0495019 0.0445642 0.0399039 0.0355366 0.0314726 0.0277173 0.0242715 0.0211319 0.0182914 0.0157394 0.0134629 0.0114465 0.00967328 0.0081251 0.00678327 0.00562896 0.00464359 0.00380921 0.00310878 0.00252643 0.00204765 0.00165944 0.00135041 0.00111087 0.00093284 0.000810116 0.000738259 
0.000855377 0.000883456 0.000968729 0.00111431 0.00132536 0.00160914 0.00197491 0.00243394 0.00299943 0.00368646 0.00451176 0.00549362 0.00665162 0.00800631 0.00957887 0.0113907 0.0134629 0.0158158 0.0184683 0.0214372 0.024737 0.0283785 0.0323691 0.0367114 0.0414035 0.0464379 0.0518016 0.057476 0.0634366 0.069653 0.0760894 0.0827048 0.0894536 0.0962858 0.103148 0.109985 0.116737 0.123348 0.129756 0.135904 0.141734 0.147193 0.152228 0.156791 0.160839 0.164332 0.167238 0.169527 0.171179 0.172176 0.172509 0.172176 0.171179 0.169527 0.167238 0.164332 0.160839 0.156791 0.152228 0.147193 0.141734 0.135904 0.129756 0.123348 0.116737 0.109985 0.103148 0.0962858 0.0894536 0.0827048 0.0760894 0.069653 0.0634366 0.057476 0.0518016 0.0464379 0.0414035 0.0367114 0.0323691 0.0283785 0.024737 0.0214372 0.0184683 0.0158158 0.0134629 0.0113907 0.00957887 0.00800631 0.00665162 0.00549362 0.00451176 0.00368646 0.00299943 0.00243394 0.00197491 0.00160914 0.00132536 0.00111431 0.000968729 0.000883456 
0.00101769 0.00105082 0.0011514 0.00132305 0.00157175 0.0019059 0.00233621 0.00287571 0.00353961 0.00434523 0.0053118 0.00646026 0.00781292 0.00939317 0.011225 0.0133325 0.0157394 0.0184683 0.02154 0.024973 0.0287827 0.0329805 0.0375735 0.0425636 0.047947 0.0537142 0.059849 0.066329 0.073125 0.0802018 0.0875177 0.0950257 0.102673 0.110405 0.118159 0.125873 0.133482 0.140921 0.148124 0.155026 0.161565 0.16768 0.173315 0.178418 0.182942 0.186843 0.190086 0.19264 0.194481 0.195593 0.195965 0.195593 0.194481 0.19264 0.190086 0.186843 0.182942 0.178418 0.173315 0.16768 0.161565 0.155026 0.148124 0.140921 0.133482 0.125873 0.118159 0.110405 0.102673 0.0950257 0.0875177 0.0802018 0.073125 0.066329 0.059849 0.0537142 0.047947 0.0425636 0.0375735 0.0329805 0.0287827 0.024973 0.02154 0.0184683 0.0157394 0.0133325 0.011225 0.00939317 0.00781292 0.00646026 0.0053118 0.00434523 0.00353961 0.00287571 0.00233621 0.0019059 0.00157175 0.00132305 0.0011514 0.00105082 
0.00120353 0.00124238 0.00136031 0.00156148 0.0018528 0.0022439 0.00274712 0.0033774 0.00415216 0.00509121 0.00621648 0.00755176 0.00912237 0.0109547 0.0130758 0.0155125 0.0182914 0.0214372 0.024973 0.0289187 0.0332904 0.0381001 0.0433542 0.0490536 0.0551924 0.0617583 0.0687315 0.0760853 0.0837855 0.0917909 0.100054 0.108521 0.117132 0.125824 0.134528 0.143176 0.151694 0.160011 0.168053 0.17575 0.183034 0.189838 0.196103 0.20177 0.20679 0.211117 0.214711 0.21754 0.21958 0.220811 0.221222 0.220811 0.21958 0.21754 0.214711 0.211117 0.20679 0.20177 0.196103 0.189838 0.183034 0.17575 0.168053 0.160011 0.151694 0.143176 0.134528 0.125824 0.117132 0.108521 0.100054 0.0917909 0.0837855 0.0760853 0.0687315 0.0617583 0.0551924 0.0490536 0.0433542 0.0381001 0.0332904 0.0289187 0.024973 0.0214372 0.0182914 0.0155125 0.0130758 0.0109547 0.00912237 0.00755176 0.00621648 0.00509121 0.00415216 0.0033774 0.00274712 0.0022439 0.0018528 0.00156148 0.00136031 0.00124238 
0.00141481 0.0014601 0.00159755 0.00183192 0.00217112 0.00262618 0.00321118 0.00394315 0.00484194 0.00593005 0.00723231 0.00877563 0.0105885 0.0127006 0.015142 0.0179427 0.0211319 0.024737 0.0287827 0.0332904 0.0382772 0.0437548 0.0497291 0.0561992 0.0631569 0.0705866 0.0784644 0.0867586 0.0954293 0.104429 0.113704 0.123191 0.132826 0.142536 0.152246 0.161877 0.171351 0.180588 0.189508 0.198035 0.206094 0.213615 0.220532 0.226784 0.232317 0.237082 0.241039 0.244152 0.246395 0.247748 0.248201 0.247748 0.246395 0.244152 0.241039 0.237082 0.232317 0.226784 0.220532 0.213615 0.206094 0.198035 0.189508 0.180588 0.171351 0.161877 0.152246 0.142536 0.132826 0.123191 0.113704 0.104429 0.0954293 0.0867586 0.0784644 0.0705866 0.0631569 0.0561992 0.0497291 0.0437548 0.0382772 0.0332904 0.0287827 0.024737 0.0211319 0.0179427 0.015142 0.0127006 0.0105885 0.00877563 0.00723231 0.00593005 0.00484194 0.00394315 0.00321118 0.00262618 0.00217112 0.00183192 0.00159755 0.0014601 
0.00165333 0.00170581 0.00186507 0.00213651 0.00252915 0.00305552 0.00373159 0.00457668 0.00561325 0.00686669 0.00836498 0.0101383 0.0122186 0.0146388 0.0174325 0.0206328 0.0242715 0.0283785 0.0329805 0.0381001 0.0437548 0.0499562 0.056709 0.0640104 0.0718492 0.0802059 0.089052 0.0983501 0.108054 0.11811 0.128456 0.139022 0.149735 0.160514 0.171276 0.181935 0.192405 0.202597 0.212427 0.221812 0.230671 0.238928 0.246515 0.253366 0.259423 0.264637 0.268962 0.272364 0.274814 0.276293 0.276787 0.276293 0.274814 0.272364 0.268962 0.264637 0.259423 0.253366 0.246515 0.238928 0.230671 0.221812 0.212427 0.202597 0.192405 0.181935 0.171276 0.160514 0.149735 0.139022 0.128456 0.11811 0.108054 0.0983501 0.089052 0.0802059 0.0718492 0.0640104 0.056709 0.0499562 0.0437548 0.0381001 0.0329805 0.0283785 0.0242715 0.0206328 0.0174325 0.0146388 0.0122186 0.0101383 0.00836498 0.00686669 0.00561325 0.00457668 0.00373159 0.00305552 0.00252915 0.00213651 0.00186507 0.00170581 
0.00192069 0.00198115 0.0021646 0.00247716 0.00292901 0.00353432 0.00431111 0.00528115 0.0064697 0.00790524 0.00961909 0.0116449 0.0140183 0.0167757 0.019954 0.0235896 0.0277173 0.0323691 0.0375735 0.0433542 0.0497291 0.056709 0.0642972 0.0724884 0.0812679 0.0906118 0.100486 0.110848 0.121644 0.132812 0.144283 0.155979 0.167817 0.179709 0.191564 0.203287 0.214783 0.22596 0.236723 0.246985 0.25666 0.265668 0.273934 0.281391 0.287979 0.293645 0.298342 0.302035 0.304693 0.306297 0.306832 0.306297 0.304693 0.302035 0.298342 0.293645 0.287979 0.281391 0.273934 0.265668 0.25666 0.246985 0.236723 0.22596 0.214783 0.203287 0.191564 0.179709 0.167817 0.155979 0.144283 0.132812 0.121644 0.110848 0.100486 0.0906118 0.0812679 0.0724884 0.0642972 0.056709 0.0497291 0.0433542 0.0375735 0.0323691 0.0277173 0.0235896 0.019954 0.0167757 0.0140183 0.0116449 0.00961909 0.00790524 0.0064697 0.00528115 0.00431111 0.00353432 0.00292901 0.00247716 0.0021646 0.00198115 
0.00221827 0.00228753 0.00249763 0.00285545 0.00337245 0.00406454 0.00495193 0.00605901 0.00741402 0.00904872 0.010998 0.0132991 0.0159914 0.019115 0.0227104 0.0268171 0.0314726 0.0367114 0.0425636 0.0490536 0.0561992 0.0640104 0.0724884 0.0816248 0.0914012 0.101788 0.112747 0.124226 0.136166 0.148496 0.161139 0.174008 0.187011 0.200052 0.213031 0.225844 0.238391 0.25057 0.262281 0.273432 0.28393 0.293693 0.302642 0.310707 0.317825 0.323941 0.329009 0.332991 0.335856 0.337584 0.338161 0.337584 0.335856 0.332991 0.329009 0.323941 0.317825 0.310707 0.302642 0.293693 0.28393 0.273432 0.262281 0.25057 0.238391 0.225844 0.213031 0.200052 0.187011 0.174008 0.161139 0.148496 0.136166 0.124226 0.112747 0.101788 0.0914012 0.0816248 0.0724884 0.0640104 0.0561992 0.0490536 0.0425636 0.0367114 0.0314726 0.0268171 0.0227104 0.019115 0.0159914 0.0132991 0.010998 0.00904872 0.00741402 0.00605901 0.00495193 0.00406454 0.00337245 0.00285545 0.00249763 0.00228753 
0.00254712 0.00262601 0.00286526 0.00327257 0.00386075 0.00464755 0.00565555 0.00691188 0.00844793 0.0102989 0.0125034 0.0151025 0.0181394 0.021658 0.0257023 0.0303151 0.0355366 0.0414035 0.047947 0.0551924 0.0631569 0.0718492 0.0812679 0.0914012 0.102226 0.113707 0.125799 0.138443 0.151572 0.165107 0.17896 0.193037 0.207237 0.221453 0.235576 0.249498 0.263108 0.276297 0.288963 0.301003 0.312324 0.322839 0.332466 0.341132 0.348774 0.355334 0.360766 0.365031 0.368099 0.369949 0.370567 0.369949 0.368099 0.365031 0.360766 0.355334 0.348774 0.341132 0.332466 0.322839 0.312324 0.301003 0.288963 0.276297 0.263108 0.249498 0.235576 0.221453 0.207237 0.193037 0.17896 0.165107 0.151572 0.138443 0.125799 0.113707 0.102226 0.0914012 0.0812679 0.0718492 0.0631569 0.0551924 0.047947 0.0414035 0.0355366 0.0303151 0.0257023 0.021658 0.0181394 0.0151025 0.0125034 0.0102989 0.00844793 0.00691188 0.00565555 0.00464755 0.00386075 0.00327257 0.00286526 0.00262601 
0.00290795 0.00299729 0.00326819 0.00372923 0.00439462 0.00528409 0.00642266 0.00784038 0.00957194 0.0116562 0.0141354 0.0170548 0.0204614 0.024403 0.0289272 0.0340799 0.0399039 0.0464379 0.0537142 0.0617583 0.0705866 0.0802059 0.0906118 0.101788 0.113707 0.126327 0.139595 0.153445 0.1678 0.182573 0.197666 0.212976 0.228392 0.243799 0.25908 0.274116 0.288791 0.302991 0.316605 0.329528 0.341662 0.352916 0.363208 0.372462 0.380614 0.387607 0.393392 0.397932 0.401196 0.403163 0.40382 0.403163 0.401196 0.397932 0.393392 0.387607 0.380614 0.372462 0.363208 0.352916 0.341662 0.329528 0.316605 0.302991 0.288791 0.274116 0.25908 0.243799 0.228392 0.212976 0.197666 0.182573 0.1678 0.153445 0.139595 0.126327 0.113707 0.101788 0.0906118 0.0802059 0.0705866 0.0617583 0.0537142 0.0464379 0.0399039 0.0340799 0.0289272 0.024403 0.0204614 0.0170548 0.0141354 0.0116562 0.00957194 0.00784038 0.00642266 0.00528409 0.00439462 0.00372923 0.00326819 0.00299729 
0.003301 0.00340162 0.00370665 0.00422559 0.00497414 0.00597409 0.00725304 0.00884406 0.0107853 0.0131192 0.0158922 0.0191534 0.0229539 0.0273454 0.0323788 0.0381033 0.0445642 0.0518016 0.059849 0.0687315 0.0784644 0.089052 0.100486 0.112747 0.125799 0.139595 0.154074 0.169161 0.184771 0.200805 0.217159 0.233717 0.250359 0.266963 0.283401 0.299548 0.315281 0.330478 0.345026 0.358814 0.371741 0.383715 0.394651 0.404473 0.413116 0.420523 0.426647 0.431449 0.4349 0.436979 0.437673 0.436979 0.4349 0.431449 0.426647 0.420523 0.413116 0.404473 0.394651 0.383715 0.371741 0.358814 0.345026 0.330478 0.315281 0.299548 0.283401 0.266963 0.250359 0.233717 0.217159 0.200805 0.184771 0.169161 0.154074 0.139595 0.125799 0.112747 0.100486 0.089052 0.0784644 0.0687315 0.059849 0.0518016 0.0445642 0.0381033 0.0323788 0.0273454 0.0229539 0.0191534 0.0158922 0.0131192 0.0107853 0.00884406 0.00725304 0.00597409 0.00497414 0.00422559 0.00370665 0.00340162 
0.00372603 0.00383872 0.0041803 0.00476119 0.00559868 0.00671668 0.00814545 0.00992121 0.0120856 0.014685 0.0177698 0.0213933 0.0256104 0.0304768 0.036047 0.0423728 0.0495019 0.057476 0.066329 0.0760853 0.0867586 0.0983501 0.110848 0.124226 0.138443 0.153445 0.169161 0.185508 0.202391 0.219702 0.237324 0.255135 0.273003 0.290798 0.308383 0.325627 0.342398 0.358572 0.374028 0.388654 0.402347 0.415011 0.426563 0.436925 0.446034 0.453833 0.460275 0.465324 0.46895 0.471134 0.471863 0.471134 0.46895 0.465324 0.460275 0.453833 0.446034 0.436925 0.426563 0.415011 0.402347 0.388654 0.374028 0.358572 0.342398 0.325627 0.308383 0.290798 0.273003 0.255135 0.237324 0.219702 0.202391 0.185508 0.169161 0.153445 0.138443 0.124226 0.110848 0.0983501 0.0867586 0.0760853 0.066329 0.057476 0.0495019 0.0423728 0.036047 0.0304768 0.0256104 0.0213933 0.0177698 0.014685 0.0120856 0.00992121 0.00814545 0.00671668 0.00559868 0.00476119 0.0041803 0.00383872 
0.00418225 0.00430778 0.0046882 0.00533492 0.00626683 0.00751004 0.00909758 0.0110689 0.0134692 0.0163488 0.0197622 0.0237668 0.0284215 0.0337858 0.0399174 0.0468712 0.0546966 0.0634366 0.073125 0.0837855 0.0954293 0.108054 0.121644 0.136166 0.151572 0.1678 0.184771 0.202391 0.220555 0.239146 0.258036 0.277093 0.296176 0.315144 0.333856 0.35217 0.369952 0.387069 0.4034 0.418828 0.43325 0.446569 0.458701 0.469571 0.479114 0.487278 0.494015 0.499292 0.50308 0.50536 0.506121 0.50536 0.50308 0.499292 0.494015 0.487278 0.479114 0.469571 0.458701 0.446569 0.43325 0.418828 0.4034 0.387069 0.369952 0.35217 0.333856 0.315144 0.296176 0.277093 0.258036 0.239146 0.220555 0.202391 0.184771 0.1678 0.151572 0.136166 0.121644 0.108054 0.0954293 0.0837855 0.073125 0.0634366 0.0546966 0.0468712 0.0399174 0.0337858 0.0284215 0.0237668 0.0197622 0.0163488 0.0134692 0.0110689 0.00909758 0.00751004 0.00626683 0.00533492 0.0046882 0.00430778 
0.00466831 0.00480739 0.00522878 0.00594492 0.00697633 0.00835141 0.010106 0.0122827 0.0149306 0.0181039 0.0218611 0.0262637 0.0313747 0.0372572 0.0439721 0.0515768 0.0601226 0.069653 0.0802018 0.0917909 0.104429 0.11811 0.132812 0.148496 0.165107 0.182573 0.200805 0.219702 0.239146 0.259009 0.279156 0.299441 0.319717 0.339832 0.359639 0.378989 0.397741 0.415762 0.432923 0.449111 0.464217 0.478147 0.490818 0.502156 0.512099 0.520595 0.527602 0.533085 0.537019 0.539386 0.540176 0.539386 0.537019 0.533085 0.527602 0.520595 0.512099 0.502156 0.490818 0.478147 0.464217 0.449111 0.432923 0.415762 0.397741 0.378989 0.359639 0.339832 0.319717 0.299441 0.279156 0.259009 0.239146 0.219702 0.200805 0.182573 0.165107 0.148496 0.132812 0.11811 0.104429 0.0917909 0.0802018 0.069653 0.0601226 0.0515768 0.0439721 0.0372572 0.0313747 0.0262637 0.0218611 0.0181039 0.0149306 0.0122827 0.010106 0.00835141 0.00697633 0.00594492 0.00522878 0.00480739 
0.00518221 0.00533547 0.00579978 0.00658858 0.0077241 0.009237 0.011166 0.013557 0.0164628 0.0199415 0.0240558 0.0288711 0.0344545 0.0408724 0.0481889 0.0564635 0.065749 0.0760894 0.0875177 0.100054 0.113704 0.128456 0.144283 0.161139 0.17896 0.197666 0.217159 0.237324 0.258036 0.279156 0.300536 0.322022 0.343458 0.364684 0.385544 0.405885 0.425561 0.444435 0.462377 0.479272 0.495012 0.509505 0.522668 0.534431 0.544734 0.553528 0.560774 0.56644 0.570503 0.572947 0.573763 0.572947 0.570503 0.56644 0.560774 0.553528 0.544734 0.534431 0.522668 0.509505 0.495012 0.479272 0.462377 0.444435 0.425561 0.405885 0.385544 0.364684 0.343458 0.322022 0.300536 0.279156 0.258036 0.237324 0.217159 0.197666 0.17896 0.161139 0.144283 0.128456 0.113704 0.100054 0.0875177 0.0760894 0.065749 0.0564635 0.0481889 0.0408724 0.0344545 0.0288711 0.0240558 0.0199415 0.0164628 0.013557 0.011166 0.009237 0.0077241 0.00658858 0.00579978 0.00533547 
0.00572133 0.00588934 0.00639825 0.00726255 0.00850614 0.010162 0.0122717 0.0148847 0.0180571 0.0218512 0.0263336 0.0315738 0.0376425 0.0446096 0.0525418 0.0615008 0.0715405 0.0827048 0.0950257 0.108521 0.123191 0.139022 0.155979 0.174008 0.193037 0.212976 0.233717 0.255135 0.277093 0.299441 0.322022 0.344673 0.367227 0.389517 0.411381 0.43266 0.453205 0.472875 0.491541 0.509085 0.525404 0.540405 0.554009 0.56615 0.57677 0.585826 0.593279 0.599103 0.603277 0.605787 0.606625 0.605787 0.603277 0.599103 0.593279 0.585826 0.57677 0.56615 0.554009 0.540405 0.525404 0.509085 0.491541 0.472875 0.453205 0.43266 0.411381 0.389517 0.367227 0.344673 0.322022 0.299441 0.277093 0.255135 0.233717 0.212976 0.193037 0.174008 0.155979 0.139022 0.123191 0.108521 0.0950257 0.0827048 0.0715405 0.0615008 0.0525418 0.0446096 0.0376425 0.0315738 0.0263336 0.0218512 0.0180571 0.0148847 0.0122717 0.010162 0.00850614 0.00726255 0.00639825 0.00588934 
0.00628241 0.00646564 0.00702055 0.00796266 0.0093176 0.0111207 0.0134163 0.0162571 0.0197032 0.0238204 0.0286795 0.0343537 0.0409174 0.0484436 0.0570015 0.0666545 0.0774573 0.0894536 0.102673 0.117132 0.132826 0.149735 0.167817 0.187011 0.207237 0.228392 0.250359 0.273003 0.296176 0.319717 0.343458 0.367227 0.390848 0.414148 0.436959 0.459116 0.480468 0.500872 0.520199 0.538332 0.555169 0.570622 0.584614 0.597082 0.607976 0.617253 0.624882 0.630838 0.635105 0.637669 0.638524 0.637669 0.635105 0.630838 0.624882 0.617253 0.607976 0.597082 0.584614 0.570622 0.555169 0.538332 0.520199 0.500872 0.480468 0.459116 0.436959 0.414148 0.390848 0.367227 0.343458 0.319717 0.296176 0.273003 0.250359 0.228392 0.207237 0.187011 0.167817 0.149735 0.132826 0.117132 0.102673 0.0894536 0.0774573 0.0666545 0.0570015 0.0484436 0.0409174 0.0343537 0.0286795 0.0238204 0.0197032 0.0162571 0.0134163 0.0111207 0.0093176 0.00796266 0.00702055 0.00646564 
0.00686156 0.00706037 0.00766234 0.00868404 0.0101528 0.0121062 0.0145915 0.0176647 0.0213893 0.0258351 0.0310765 0.0371907 0.0442554 0.0523463 0.0615352 0.0718867 0.0834559 0.0962858 0.110405 0.125824 0.142536 0.160514 0.179709 0.200052 0.221453 0.243799 0.266963 0.290798 0.315144 0.339832 0.364684 0.389517 0.414148 0.438398 0.462091 0.485062 0.507154 0.528226 0.548148 0.566805 0.584098 0.599942 0.614266 0.627012 0.638133 0.647593 0.655365 0.661427 0.665767 0.668374 0.669244 0.668374 0.665767 0.661427 0.655365 0.647593 0.638133 0.627012 0.614266 0.599942 0.584098 0.566805 0.548148 0.528226 0.507154 0.485062 0.462091 0.438398 0.414148 0.389517 0.364684 0.339832 0.315144 0.290798 0.266963 0.243799 0.221453 0.200052 0.179709 0.160514 0.142536 0.125824 0.110405 0.0962858 0.0834559 0.0718867 0.0615352 0.0523463 0.0442554 0.0371907 0.0310765 0.0258351 0.0213893 0.0176647 0.0145915 0.0121062 0.0101528 0.00868404 0.00766234 0.00706037 
0.00745432 0.00766893 0.00831865 0.00942108 0.0110052 0.0131109 0.0157882 0.0190963 0.0231022 0.0278794 0.033506 0.0400627 0.0476303 0.0562874 0.0661075 0.0771564 0.0894894 0.103148 0.118159 0.134528 0.152246 0.171276 0.191564 0.213031 0.235576 0.25908 0.283401 0.308383 0.333856 0.359639 0.385544 0.411381 0.436959 0.462091 0.486599 0.510314 0.533077 0.554747 0.575195 0.59431 0.611996 0.628172 0.642773 0.655746 0.667049 0.676653 0.684534 0.690677 0.695072 0.697711 0.698591 0.697711 0.695072 0.690677 0.684534 0.676653 0.667049 0.655746 0.642773 0.628172 0.611996 0.59431 0.575195 0.554747 0.533077 0.510314 0.486599 0.462091 0.436959 0.411381 0.385544 0.359639 0.333856 0.308383 0.283401 0.25908 0.235576 0.213031 0.191564 0.171276 0.152246 0.134528 0.118159 0.103148 0.0894894 0.0771564 0.0661075 0.0562874 0.0476303 0.0400627 0.033506 0.0278794 0.0231022 0.0190963 0.0157882 0.0131109 0.0110052 0.00942108 0.00831865 0.00766893 
0.00805564 0.00828615 0.00898392 0.0101676 0.0118677 0.0141264 0.0169964 0.0205399 0.0248276 0.0299363 0.0359476 0.0429456 0.0510141 0.0602339 0.0706805 0.0824203 0.0955083 0.109985 0.125873 0.143176 0.161877 0.181935 0.203287 0.225844 0.249498 0.274116 0.299548 0.325627 0.35217 0.378989 0.405885 0.43266 0.459116 0.485062 0.510314 0.5347 0.558063 0.58026 0.601166 0.620673 0.638689 0.655138 0.669961 0.683111 0.694554 0.704263 0.712223 0.718422 0.722853 0.725513 0.726399 0.725513 0.722853 0.718422 0.712223 0.704263 0.694554 0.683111 0.669961 0.655138 0.638689 0.620673 0.601166 0.58026 0.558063 0.5347 0.510314 0.485062 0.459116 0.43266 0.405885 0.378989 0.35217 0.325627 0.299548 0.274116 0.249498 0.225844 0.203287 0.181935 0.161877 0.143176 0.125873 0.109985 0.0955083 0.0824203 0.0706805 0.0602339 0.0510141 0.0429456 0.0359476 0.0299363 0.0248276 0.0205399 0.0169964 0.0141264 0.0118677 0.0101676 0.00898392 0.00828615 
0.00866 0.00890637 0.00965206 0.0109166 0.0127323 0.0151433 0.018205 0.0219826 0.02655 0.0319873 0.0383797 0.0458141 0.054377 0.0641517 0.0752147 0.0876331 0.101461 0.116737 0.133482 0.151694 0.171351 0.192405 0.214783 0.238391 0.263108 0.288791 0.315281 0.342398 0.369952 0.397741 0.425561 0.453205 0.480468 0.507154 0.533077 0.558063 0.581954 0.604609 0.625905 0.645739 0.664024 0.68069 0.695683 0.708963 0.720503 0.730282 0.738291 0.744522 0.748973 0.751644 0.752534 0.751644 0.748973 0.744522 0.738291 0.730282 0.720503 0.708963 0.695683 0.68069 0.664024 0.645739 0.625905 0.604609 0.581954 0.558063 0.533077 0.507154 0.480468 0.453205 0.425561 0.397741 0.369952 0.342398 0.315281 0.288791 0.263108 0.238391 0.214783 0.192405 0.171351 0.151694 0.133482 0.116737 0.101461 0.0876331 0.0752147 0.0641517 0.054377 0.0458141 0.0383797 0.0319873 0.02655 0.0219826 0.018205 0.0151433 0.0127323 0.0109166 0.00965206 0.00890637 
0.00926148 0.00952352 0.0103165 0.011661 0.0135907 0.016152 0.0194026 0.0234107 0.0282531 0.0340134 0.0407796 0.0486416 0.0576884 0.0680051 0.0796694 0.0927484 0.107296 0.123348 0.140921 0.160011 0.180588 0.202597 0.22596 0.25057 0.276297 0.302991 0.330478 0.358572 0.387069 0.415762 0.444435 0.472875 0.500872 0.528226 0.554747 0.58026 0.604609 0.627654 0.649276 0.669375 0.687871 0.7047 0.719814 0.733182 0.74478 0.754597 0.762627 0.76887 0.773326 0.775998 0.776889 0.775998 0.773326 0.76887 0.762627 0.754597 0.74478 0.733182 0.719814 0.7047 0.687871 0.669375 0.649276 0.627654 0.604609 0.58026 0.554747 0.528226 0.500872 0.472875 0.444435 0.415762 0.387069 0.358572 0.330478 0.302991 0.276297 0.25057 0.22596 0.202597 0.180588 0.160011 0.140921 0.123348 0.107296 0.0927484 0.0796694 0.0680051 0.0576884 0.0486416 0.0407796 0.0340134 0.0282531 0.0234107 0.0194026 0.016152 0.0135907 0.011661 0.0103165 0.00952352 
0.00985382 0.0101312 0.0109705 0.0123931 0.0144342 0.0171422 0.0205771 0.0248099 0.0299202 0.0359946 0.0431241 0.0514011 0.0609168 0.0717579 0.084003 0.0977191 0.112959 0.129756 0.148124 0.168053 0.189508 0.212427 0.236723 0.262281 0.288963 0.316605 0.345026 0.374028 0.4034 0.432923 0.462377 0.491541 0.520199 0.548148 0.575195 0.601166 0.625905 0.649276 0.671163 0.69147 0.710124 0.727066 0.742258 0.755673 0.767296 0.777121 0.785149 0.791384 0.795832 0.798498 0.799386 0.798498 0.795832 0.791384 0.785149 0.777121 0.767296 0.755673 0.742258 0.727066 0.710124 0.69147 0.671163 0.649276 0.625905 0.601166 0.575195 0.548148 0.520199 0.491541 0.462377 0.432923 0.4034 0.374028 0.345026 0.316605 0.288963 0.262281 0.236723 0.212427 0.189508 0.168053 0.148124 0.129756 0.112959 0.0977191 0.084003 0.0717579 0.0609168 0.0514011 0.0431241 0.0359946 0.0299202 0.0248099 0.0205771 0.0171422 0.0144342 0.0123931 0.0109705 0.0101312 
0.0104306 0.0107228 0.0116068 0.013105 0.0152538 0.0181034 0.0217162 0.0261657 0.0315342 0.037911 0.0453896 0.0540651 0.0640305 0.0753739 0.0881743 0.102499 0.118398 0.135904 0.155026 0.17575 0.198035 0.221812 0.246985 0.273432 0.301003 0.329528 0.358814 0.388654 0.418828 0.449111 0.479272 0.509085 0.538332 0.566805 0.59431 0.620673 0.645739 0.669375 0.69147 0.711934 0.730697 0.747711 0.762941 0.776369 0.787986 0.797795 0.8058 0.812012 0.81644 0.819094 0.819977 0.819094 0.81644 0.812012 0.8058 0.797795 0.787986 0.776369 0.762941 0.747711 0.730697 0.711934 0.69147 0.669375 0.645739 0.620673 0.59431 0.566805 0.538332 0.509085 0.479272 0.449111 0.418828 0.388654 0.358814 0.329528 0.301003 0.273432 0.246985 0.221812 0.198035 0.17575 0.155026 0.135904 0.118398 0.102499 0.0881743 0.0753739 0.0640305 0.0540651 0.0453896 0.037911 0.0315342 0.0261657 0.0217162 0.0181034 0.0152538 0.013105 0.0116068 0.0107228 
