9.49477e-13 1.2428e-12 2.28045e-12 4.60698e-12 9.39391e-12 1.89328e-11 3.75444e-11 7.3185e-11 1.40204e-10 2.63966e-10 4.88422e-10 8.88222e-10 1.58763e-09 2.78939e-09 4.81765e-09 8.18022e-09 1.36566e-08 2.24187e-08 3.61925e-08 5.7467e-08 8.97551e-08 1.37909e-07 2.08481e-07 3.10121e-07 4.53975e-07 6.54055e-07 9.27508e-07 1.29473e-06 1.77924e-06 2.40723e-06 3.20668e-06 4.20609e-06 5.43273e-06 6.91044e-06 8.65715e-06 1.06824e-05 1.29846e-05 1.55495e-05 1.83483e-05 2.13373e-05 2.44588e-05 2.76428e-05 3.08097e-05 3.38738e-05 3.67478e-05 3.93466e-05 4.15916e-05 4.34139e-05 4.47573e-05 4.55803e-05 4.58575e-05 4.55803e-05 4.47573e-05 4.34139e-05 4.15916e-05 3.93466e-05 3.67478e-05 3.38738e-05 3.08097e-05 2.76428e-05 2.44588e-05 2.13373e-05 1.83483e-05 1.55495e-05 1.29846e-05 1.06824e-05 8.65715e-06 6.91044e-06 5.43273e-06 4.20609e-06 3.20668e-06 2.40723e-06 1.77924e-06 1.29473e-06 9.27508e-07 6.54055e-07 4.53975e-07 3.10121e-07 2.08481e-07 1.37909e-07 8.97551e-08 5.7467e-08 3.61925e-08 2.24187e-08 1.36566e-08 8.18022e-09 4.81765e-09 2.78939e-09 1.58763e-09 8.88222e-10 4.88422e-10 2.63966e-10 1.40204e-10 7.3185e-11 3.75444e-11 1.89328e-11 9.39391e-12 4.60698e-12 2.28045e-12 1.2428e-12 
1.2428e-12 1.62485e-12 2.97526e-12 5.99861e-12 1.22084e-11 2.45591e-11 4.86102e-11 9.45754e-11 1.80833e-10 3.39795e-10 6.27484e-10 1.13882e-09 2.0314e-09 3.5617e-09 6.13865e-09 1.04012e-08 1.73273e-08 2.83832e-08 4.57223e-08 7.24405e-08 1.12895e-07 1.73086e-07 2.61092e-07 3.87547e-07 5.66111e-07 8.13904e-07 1.15181e-06 1.60461e-06 2.20077e-06 2.97189e-06 3.9516e-06 5.17406e-06 6.67173e-06 8.47282e-06 1.05983e-05 1.30589e-05 1.5852e-05 1.89595e-05 2.23461e-05 2.59586e-05 2.97272e-05 3.35675e-05 3.73838e-05 4.10733e-05 4.45314e-05 4.76566e-05 5.03549e-05 5.25443e-05 5.41578e-05 5.51461e-05 5.54789e-05 5.51461e-05 5.41578e-05 5.25443e-05 5.03549e-05 4.76566e-05 4.45314e-05 4.10733e-05 3.73838e-05 3.35675e-05 2.97272e-05 2.59586e-05 2.23461e-05 1.89595e-05 1.5852e-05 1.30589e-05 1.05983e-05 8.47282e-06 6.67173e-06 5.17406e-06 3.9516e-06 2.97189e-06 2.20077e-06 1.60461e-06 1.15181e-06 8.13904e-07 5.66111e-07 3.87547e-07 2.61092e-07 1.73086e-07 1.12895e-07 7.24405e-08 4.57223e-08 2.83832e-08 1.73273e-08 1.04012e-08 6.13865e-09 3.5617e-09 2.0314e-09 1.13882e-09 6.27484e-10 3.39795e-10 1.80833e-10 9.45754e-11 4.86102e-11 2.45591e-11 1.22084e-11 5.99861e-12 2.97526e-12 1.62485e-12 
2.28045e-12 2.97526e-12 5.42724e-12 1.09022e-11 2.21113e-11 4.43282e-11 8.74365e-11 1.6952e-10 3.22978e-10 6.04695e-10 1.11256e-09 2.01161e-09 3.57463e-09 6.24323e-09 1.07181e-08 1.80881e-08 3.00112e-08 4.89598e-08 7.8544e-08 1.23925e-07 1.92326e-07 2.93634e-07 4.41084e-07 6.51993e-07 9.48472e-07 1.35806e-06 1.91417e-06 2.65616e-06 3.62896e-06 4.88212e-06 6.46801e-06 8.43931e-06 1.08456e-05 1.37293e-05 1.71211e-05 2.10353e-05 2.54655e-05 3.03805e-05 3.57231e-05 4.14085e-05 4.73266e-05 5.33451e-05 5.93148e-05 6.50769e-05 7.04699e-05 7.53376e-05 7.9536e-05 8.29397e-05 8.54466e-05 8.69814e-05 8.74982e-05 8.69814e-05 8.54466e-05 8.29397e-05 7.9536e-05 7.53376e-05 7.04699e-05 6.50769e-05 5.93148e-05 5.33451e-05 4.73266e-05 4.14085e-05 3.57231e-05 3.03805e-05 2.54655e-05 2.10353e-05 1.71211e-05 1.37293e-05 1.08456e-05 8.43931e-06 6.46801e-06 4.88212e-06 3.62896e-06 2.65616e-06 1.91417e-06 1.35806e-06 9.48472e-07 6.51993e-07 4.41084e-07 2.93634e-07 1.92326e-07 1.23925e-07 7.8544e-08 4.89598e-08 3.00112e-08 1.80881e-08 1.07181e-08 6.24323e-09 3.57463e-09 2.01161e-09 1.11256e-09 6.04695e-10 3.22978e-10 1.6952e-10 8.74365e-11 4.43282e-11 2.21113e-11 1.09022e-11 5.42724e-12 2.97526e-12 
4.60698e-12 5.99861e-12 1.09022e-11 2.18234e-11 4.41136e-11 8.81462e-11 1.73289e-10 3.34835e-10 6.35754e-10 1.18613e-09 2.17455e-09 3.91755e-09 6.93577e-09 1.20681e-08 2.06387e-08 3.4695e-08 5.73379e-08 9.3166e-08 1.48857e-07 2.33905e-07 3.61515e-07 5.4966e-07 8.22255e-07 1.21039e-06 1.75354e-06 2.50054e-06 3.51026e-06 4.85159e-06 6.60269e-06 8.84905e-06 1.16804e-05 1.5186e-05 1.94491e-05 2.45397e-05 3.05067e-05 3.73704e-05 4.51148e-05 5.36823e-05 6.29698e-05 7.28287e-05 8.30673e-05 9.34576e-05 0.000103744 0.000113656 0.000122919 0.000131268 0.000138462 0.000144289 0.000148577 0.000151202 0.000152085 0.000151202 0.000148577 0.000144289 0.000138462 0.000131268 0.000122919 0.000113656 0.000103744 9.34576e-05 8.30673e-05 7.28287e-05 6.29698e-05 5.36823e-05 4.51148e-05 3.73704e-05 3.05067e-05 2.45397e-05 1.94491e-05 1.5186e-05 1.16804e-05 8.84905e-06 6.60269e-06 4.85159e-06 3.51026e-06 2.50054e-06 1.75354e-06 1.21039e-06 8.22255e-07 5.4966e-07 3.61515e-07 2.33905e-07 1.48857e-07 9.3166e-08 5.73379e-08 3.4695e-08 2.06387e-08 1.20681e-08 6.93577e-09 3.91755e-09 2.17455e-09 1.18613e-09 6.35754e-10 3.34835e-10 1.73289e-10 8.81462e-11 4.41136e-11 2.18234e-11 1.09022e-11 5.99861e-12 
9.39391e-12 1.22084e-11 2.21113e-11 4.41136e-11 8.88889e-11 1.7706e-10 3.46992e-10 6.68328e-10 1.26484e-09 2.35202e-09 4.29748e-09 7.71558e-09 1.36122e-08 2.36008e-08 4.02158e-08 6.7357e-08 1.109e-07 1.79515e-07 2.85721e-07 4.47223e-07 6.88507e-07 1.04271e-06 1.55367e-06 2.27803e-06 3.28728e-06 4.66933e-06 6.52946e-06 8.99011e-06 1.21892e-05 1.62766e-05 2.14081e-05 2.77377e-05 3.54069e-05 4.45325e-05 5.51937e-05 6.7418e-05 8.11697e-05 9.634e-05 0.000112742 0.000130111 0.000148107 0.000166333 0.000184343 0.000201667 0.000217834 0.000232387 0.000244913 0.000255049 0.000262505 0.000267066 0.000268601 0.000267066 0.000262505 0.000255049 0.000244913 0.000232387 0.000217834 0.000201667 0.000184343 0.000166333 0.000148107 0.000130111 0.000112742 9.634e-05 8.11697e-05 6.7418e-05 5.51937e-05 4.45325e-05 3.54069e-05 2.77377e-05 2.14081e-05 1.62766e-05 1.21892e-05 8.99011e-06 6.52946e-06 4.66933e-06 3.28728e-06 2.27803e-06 1.55367e-06 1.04271e-06 6.88507e-07 4.47223e-07 2.85721e-07 1.79515e-07 1.109e-07 6.7357e-08 4.02158e-08 2.36008e-08 1.36122e-08 7.71558e-09 4.29748e-09 2.35202e-09 1.26484e-09 6.68328e-10 3.46992e-10 1.7706e-10 8.88889e-11 4.41136e-11 2.21113e-11 1.22084e-11 
1.89328e-11 2.45591e-11 4.43282e-11 8.81462e-11 1.7706e-10 3.51604e-10 6.86911e-10 1.31887e-09 2.48803e-09 4.61152e-09 8.39797e-09 1.50266e-08 2.64196e-08 4.5646e-08 7.7504e-08 1.29341e-07 2.1217e-07 3.42159e-07 5.42531e-07 8.45944e-07 1.29732e-06 1.95708e-06 2.90472e-06 4.24234e-06 6.09797e-06 8.62812e-06 1.2019e-05 1.64857e-05 2.22689e-05 2.9628e-05 3.88308e-05 5.0139e-05 6.37902e-05 7.99769e-05 9.88235e-05 0.000120364 0.000144524 0.0001711 0.000199757 0.000230028 0.000261323 0.00029295 0.000324143 0.000354098 0.000382008 0.000407102 0.000428676 0.000446119 0.000458942 0.000466781 0.000469419 0.000466781 0.000458942 0.000446119 0.000428676 0.000407102 0.000382008 0.000354098 0.000324143 0.00029295 0.000261323 0.000230028 0.000199757 0.0001711 0.000144524 0.000120364 9.88235e-05 7.99769e-05 6.37902e-05 5.0139e-05 3.88308e-05 2.9628e-05 2.22689e-05 1.64857e-05 1.2019e-05 8.62812e-06 6.09797e-06 4.24234e-06 2.90472e-06 1.95708e-06 1.29732e-06 8.45944e-07 5.42531e-07 3.42159e-07 2.1217e-07 1.29341e-07 7.7504e-08 4.5646e-08 2.64196e-08 1.50266e-08 8.39797e-09 4.61152e-09 2.48803e-09 1.31887e-09 6.86911e-10 3.51604e-10 1.7706e-10 8.81462e-11 4.43282e-11 2.45591e-11 
3.75444e-11 4.86102e-11 8.74365e-11 1.73289e-10 3.46992e-10 6.86911e-10 1.33779e-09 2.56041e-09 4.81463e-09 8.89463e-09 1.61439e-08 2.87885e-08 5.0441e-08 8.6842e-08 1.46925e-07 2.44299e-07 3.99266e-07 6.41464e-07 1.01324e-06 1.57381e-06 2.40416e-06 3.61259e-06 5.3407e-06 7.76924e-06 1.11235e-05 1.56769e-05 2.17528e-05 2.97221e-05 3.99966e-05 5.30169e-05 6.92334e-05 8.90821e-05 0.000112953 0.000141155 0.000173877 0.000211155 0.000252833 0.000298546 0.000347704 0.000399498 0.000452917 0.000506786 0.000559813 0.000610646 0.000657936 0.000700397 0.000736859 0.000766316 0.000787953 0.000801176 0.000805624 0.000801176 0.000787953 0.000766316 0.000736859 0.000700397 0.000657936 0.000610646 0.000559813 0.000506786 0.000452917 0.000399498 0.000347704 0.000298546 0.000252833 0.000211155 0.000173877 0.000141155 0.000112953 8.90821e-05 6.92334e-05 5.30169e-05 3.99966e-05 2.97221e-05 2.17528e-05 1.56769e-05 1.11235e-05 7.76924e-06 5.3407e-06 3.61259e-06 2.40416e-06 1.57381e-06 1.01324e-06 6.41464e-07 3.99266e-07 2.44299e-07 1.46925e-07 8.6842e-08 5.0441e-08 2.87885e-08 1.61439e-08 8.89463e-09 4.81463e-09 2.56041e-09 1.33779e-09 6.86911e-10 3.46992e-10 1.73289e-10 8.74365e-11 4.86102e-11 
7.3185e-11 9.45754e-11 1.6952e-10 3.34835e-10 6.68328e-10 1.31887e-09 2.56041e-09 4.88467e-09 9.15524e-09 1.68574e-08 3.04933e-08 5.41903e-08 9.4616e-08 1.62316e-07 2.73622e-07 4.5329e-07 7.38051e-07 1.18124e-06 1.85866e-06 2.87566e-06 4.3755e-06 6.54859e-06 9.64228e-06 1.39704e-05 1.99212e-05 2.79633e-05 3.86463e-05 5.25963e-05 7.0503e-05 9.3098e-05 0.000121122 0.000155285 0.000196208 0.000244375 0.000300061 0.000363281 0.000433735 0.000510774 0.000593381 0.000680185 0.000769494 0.000859351 0.000947622 0.00103209 0.00111053 0.00118087 0.00124121 0.0012899 0.00132564 0.00134747 0.00135481 0.00134747 0.00132564 0.0012899 0.00124121 0.00118087 0.00111053 0.00103209 0.000947622 0.000859351 0.000769494 0.000680185 0.000593381 0.000510774 0.000433735 0.000363281 0.000300061 0.000244375 0.000196208 0.000155285 0.000121122 9.3098e-05 7.0503e-05 5.25963e-05 3.86463e-05 2.79633e-05 1.99212e-05 1.39704e-05 9.64228e-06 6.54859e-06 4.3755e-06 2.87566e-06 1.85866e-06 1.18124e-06 7.38051e-07 4.5329e-07 2.73622e-07 1.62316e-07 9.4616e-08 5.41903e-08 3.04933e-08 1.68574e-08 9.15524e-09 4.88467e-09 2.56041e-09 1.31887e-09 6.68328e-10 3.34835e-10 1.6952e-10 9.45754e-11 
1.40204e-10 1.80833e-10 3.22978e-10 6.35754e-10 1.26484e-09 2.48803e-09 4.81463e-09 9.15524e-09 1.71026e-08 3.13848e-08 5.65773e-08 1.00194e-07 1.74318e-07 2.97968e-07 5.00449e-07 8.25955e-07 1.33971e-06 2.13591e-06 3.34762e-06 5.15873e-06 7.81773e-06 1.16528e-05 1.70876e-05 2.46558e-05 3.50134e-05 4.89459e-05 6.73683e-05 9.13145e-05 0.000121914 0.000160353 0.000207823 0.000265445 0.00033419 0.000414785 0.00050761 0.000612616 0.00072924 0.000856354 0.000992248 0.00113465 0.00128078 0.00142746 0.00157124 0.00170855 0.00183587 0.00194985 0.0020475 0.00212623 0.00218398 0.00221924 0.00223109 0.00221924 0.00218398 0.00212623 0.0020475 0.00194985 0.00183587 0.00170855 0.00157124 0.00142746 0.00128078 0.00113465 0.000992248 0.000856354 0.00072924 0.000612616 0.00050761 0.000414785 0.00033419 0.000265445 0.000207823 0.000160353 0.000121914 9.13145e-05 6.73683e-05 4.89459e-05 3.50134e-05 2.46558e-05 1.70876e-05 1.16528e-05 7.81773e-06 5.15873e-06 3.34762e-06 2.13591e-06 1.33971e-06 8.25955e-07 5.00449e-07 2.97968e-07 1.74318e-07 1.00194e-07 5.65773e-08 3.13848e-08 1.71026e-08 9.15524e-09 4.81463e-09 2.48803e-09 1.26484e-09 6.35754e-10 3.22978e-10 1.80833e-10 
2.63966e-10 3.39795e-10 6.04695e-10 1.18613e-09 2.35202e-09 4.61152e-09 8.89463e-09 1.68574e-08 3.13848e-08 5.73968e-08 1.03109e-07 1.81952e-07 3.15419e-07 5.37179e-07 8.98845e-07 1.47784e-06 2.38782e-06 3.79195e-06 5.91941e-06 9.08498e-06 1.37113e-05 2.03529e-05 2.97205e-05 4.27036e-05 6.03873e-05 8.40609e-05 0.000115215 0.000155518 0.000206778 0.000270876 0.000349674 0.000444905 0.000558036 0.000690122 0.000841654 0.00101243 0.00120142 0.00140672 0.0016255 0.00185409 0.00208803 0.00232226 0.00255134 0.00276968 0.00297176 0.0031524 0.00330694 0.00343142 0.00352264 0.00357831 0.00359702 0.00357831 0.00352264 0.00343142 0.00330694 0.0031524 0.00297176 0.00276968 0.00255134 0.00232226 0.00208803 0.00185409 0.0016255 0.00140672 0.00120142 0.00101243 0.000841654 0.000690122 0.000558036 0.000444905 0.000349674 0.000270876 0.000206778 0.000155518 0.000115215 8.40609e-05 6.03873e-05 4.27036e-05 2.97205e-05 2.03529e-05 1.37113e-05 9.08498e-06 5.91941e-06 3.79195e-06 2.38782e-06 1.47784e-06 8.98845e-07 5.37179e-07 3.15419e-07 1.81952e-07 1.03109e-07 5.73968e-08 3.13848e-08 1.68574e-08 8.89463e-09 4.61152e-09 2.35202e-09 1.18613e-09 6.04695e-10 3.39795e-10 
4.88422e-10 6.27484e-10 1.11256e-09 2.17455e-09 4.29748e-09 8.39797e-09 1.61439e-08 3.04933e-08 5.65773e-08 1.03109e-07 1.84572e-07 3.24533e-07 5.60528e-07 9.51057e-07 1.58533e-06 2.59647e-06 4.17876e-06 6.60952e-06 1.02759e-05 1.57062e-05 2.36053e-05 3.48914e-05 5.07335e-05 7.25829e-05 0.000102197 0.000141648 0.000193309 0.000259815 0.000343992 0.000448747 0.000576924 0.000731122 0.00091349 0.0011255 0.00136772 0.00163962 0.00193941 0.00226391 0.00260859 0.0029676 0.00333395 0.00369981 0.00405677 0.00439625 0.00470986 0.00498975 0.00522887 0.00542124 0.00556211 0.00564802 0.00567689 0.00564802 0.00556211 0.00542124 0.00522887 0.00498975 0.00470986 0.00439625 0.00405677 0.00369981 0.00333395 0.0029676 0.00260859 0.00226391 0.00193941 0.00163962 0.00136772 0.0011255 0.00091349 0.000731122 0.000576924 0.000448747 0.000343992 0.000259815 0.000193309 0.000141648 0.000102197 7.25829e-05 5.07335e-05 3.48914e-05 2.36053e-05 1.57062e-05 1.02759e-05 6.60952e-06 4.17876e-06 2.59647e-06 1.58533e-06 9.51057e-07 5.60528e-07 3.24533e-07 1.84572e-07 1.03109e-07 5.65773e-08 3.04933e-08 1.61439e-08 8.39797e-09 4.29748e-09 2.17455e-09 1.11256e-09 6.27484e-10 
8.88222e-10 1.13882e-09 2.01161e-09 3.91755e-09 7.71558e-09 1.50266e-08 2.87885e-08 5.41903e-08 1.00194e-07 1.81952e-07 3.24533e-07 5.6854e-07 9.78314e-07 1.65363e-06 2.74583e-06 4.47949e-06 7.18048e-06 1.13112e-05 1.7513e-05 2.66557e-05 3.98911e-05 5.87101e-05 8.49957e-05 0.000121068 0.000169714 0.000234189 0.000318192 0.000425787 0.000561287 0.000729076 0.00093338 0.00117799 0.00146594 0.0017992 0.0021783 0.00260211 0.00306753 0.00356947 0.00410075 0.00465232 0.00521349 0.00577234 0.00631623 0.00683232 0.00730813 0.00773203 0.00809366 0.00838426 0.00859687 0.00872645 0.00876998 0.00872645 0.00859687 0.00838426 0.00809366 0.00773203 0.00730813 0.00683232 0.00631623 0.00577234 0.00521349 0.00465232 0.00410075 0.00356947 0.00306753 0.00260211 0.0021783 0.0017992 0.00146594 0.00117799 0.00093338 0.000729076 0.000561287 0.000425787 0.000318192 0.000234189 0.000169714 0.000121068 8.49957e-05 5.87101e-05 3.98911e-05 2.66557e-05 1.7513e-05 1.13112e-05 7.18048e-06 4.47949e-06 2.74583e-06 1.65363e-06 9.78314e-07 5.6854e-07 3.24533e-07 1.81952e-07 1.00194e-07 5.41903e-08 2.87885e-08 1.50266e-08 7.71558e-09 3.91755e-09 2.01161e-09 1.13882e-09 
1.58763e-09 2.0314e-09 3.57463e-09 6.93577e-09 1.36122e-08 2.64196e-08 5.0441e-08 9.4616e-08 1.74318e-07 3.15419e-07 5.60528e-07 9.78314e-07 1.67706e-06 2.82377e-06 4.67045e-06 7.58886e-06 1.21153e-05 1.9006e-05 2.93033e-05 4.44108e-05 6.61747e-05 9.69662e-05 0.000139757 0.000198181 0.00027656 0.000379905 0.000513845 0.000684507 0.000898314 0.00116171 0.0014808 0.00186094 0.00230628 0.00281927 0.0034002 0.00404682 0.00475401 0.00551371 0.00631488 0.00714378 0.00798444 0.00881918 0.00962941 0.0103964 0.011102 0.0117295 0.012264 0.012693 0.0130065 0.0131975 0.0132617 0.0131975 0.0130065 0.012693 0.012264 0.0117295 0.011102 0.0103964 0.00962941 0.00881918 0.00798444 0.00714378 0.00631488 0.00551371 0.00475401 0.00404682 0.0034002 0.00281927 0.00230628 0.00186094 0.0014808 0.00116171 0.000898314 0.000684507 0.000513845 0.000379905 0.00027656 0.000198181 0.000139757 9.69662e-05 6.61747e-05 4.44108e-05 2.93033e-05 1.9006e-05 1.21153e-05 7.58886e-06 4.67045e-06 2.82377e-06 1.67706e-06 9.78314e-07 5.60528e-07 3.15419e-07 1.74318e-07 9.4616e-08 5.0441e-08 2.64196e-08 1.36122e-08 6.93577e-09 3.57463e-09 2.0314e-09 
2.78939e-09 3.5617e-09 6.24323e-09 1.20681e-08 2.36008e-08 4.5646e-08 8.6842e-08 1.62316e-07 2.97968e-07 5.37179e-07 9.51057e-07 1.65363e-06 2.82377e-06 4.73594e-06 7.80187e-06 1.26255e-05 2.00729e-05 3.13573e-05 4.81399e-05 7.2642e-05 0.000107764 0.000157203 0.000225553 0.000318383 0.000442262 0.000604722 0.000814145 0.00107955 0.00141026 0.0018155 0.00230384 0.00288261 0.00355723 0.00433052 0.00520207 0.00616778 0.00721938 0.00834443 0.0095263 0.0107447 0.0119762 0.0131953 0.0143752 0.0154894 0.0165122 0.0174199 0.0181918 0.0188106 0.0192623 0.0195373 0.0196297 0.0195373 0.0192623 0.0188106 0.0181918 0.0174199 0.0165122 0.0154894 0.0143752 0.0131953 0.0119762 0.0107447 0.0095263 0.00834443 0.00721938 0.00616778 0.00520207 0.00433052 0.00355723 0.00288261 0.00230384 0.0018155 0.00141026 0.00107955 0.000814145 0.000604722 0.000442262 0.000318383 0.000225553 0.000157203 0.000107764 7.2642e-05 4.81399e-05 3.13573e-05 2.00729e-05 1.26255e-05 7.80187e-06 4.73594e-06 2.82377e-06 1.65363e-06 9.51057e-07 5.37179e-07 2.97968e-07 1.62316e-07 8.6842e-08 4.5646e-08 2.36008e-08 1.20681e-08 6.24323e-09 3.5617e-09 
4.81765e-09 6.13865e-09 1.07181e-08 2.06387e-08 4.02158e-08 7.7504e-08 1.46925e-07 2.73622e-07 5.00449e-07 8.98845e-07 1.58533e-06 2.74583e-06 4.67045e-06 7.80187e-06 1.28005e-05 2.06291e-05 3.26596e-05 5.08019e-05 7.76525e-05 0.000116659 0.000172287 0.000250185 0.000357312 0.000502025 0.000694087 0.000944581 0.00126569 0.00167038 0.00217184 0.00278292 0.00351528 0.00437859 0.00537957 0.00652107 0.00780127 0.009213 0.0107433 0.0123734 0.0140789 0.0158304 0.0175945 0.0193351 0.0210149 0.0225967 0.0240454 0.0253285 0.0264177 0.0272896 0.0279255 0.0283123 0.0284421 0.0283123 0.0279255 0.0272896 0.0264177 0.0253285 0.0240454 0.0225967 0.0210149 0.0193351 0.0175945 0.0158304 0.0140789 0.0123734 0.0107433 0.009213 0.00780127 0.00652107 0.00537957 0.00437859 0.00351528 0.00278292 0.00217184 0.00167038 0.00126569 0.000944581 0.000694087 0.000502025 0.000357312 0.000250185 0.000172287 0.000116659 7.76525e-05 5.08019e-05 3.26596e-05 2.06291e-05 1.28005e-05 7.80187e-06 4.67045e-06 2.74583e-06 1.58533e-06 8.98845e-07 5.00449e-07 2.73622e-07 1.46925e-07 7.7504e-08 4.02158e-08 2.06387e-08 1.07181e-08 6.13865e-09 
8.18022e-09 1.04012e-08 1.80881e-08 3.4695e-08 6.7357e-08 1.29341e-07 2.44299e-07 4.5329e-07 8.25955e-07 1.47784e-06 2.59647e-06 4.47949e-06 7.58886e-06 1.26255e-05 2.06291e-05 3.31059e-05 5.21888e-05 8.08267e-05 0.000123001 0.000183956 0.000270437 0.000390895 0.000555658 0.000777005 0.00106913 0.00144798 0.00193087 0.00253593 0.00328139 0.00418459 0.00526092 0.00652259 0.00797743 0.00962761 0.0114687 0.0134888 0.0156682 0.0179791 0.0203865 0.0228489 0.0253198 0.0277494 0.0300866 0.0322814 0.0342864 0.0360583 0.0375599 0.0387599 0.0396342 0.0401657 0.040344 0.0401657 0.0396342 0.0387599 0.0375599 0.0360583 0.0342864 0.0322814 0.0300866 0.0277494 0.0253198 0.0228489 0.0203865 0.0179791 0.0156682 0.0134888 0.0114687 0.00962761 0.00797743 0.00652259 0.00526092 0.00418459 0.00328139 0.00253593 0.00193087 0.00144798 0.00106913 0.000777005 0.000555658 0.000390895 0.000270437 0.000183956 0.000123001 8.08267e-05 5.21888e-05 3.31059e-05 2.06291e-05 1.26255e-05 7.58886e-06 4.47949e-06 2.59647e-06 1.47784e-06 8.25955e-07 4.5329e-07 2.44299e-07 1.29341e-07 6.7357e-08 3.4695e-08 1.80881e-08 1.04012e-08 
1.36566e-08 1.73273e-08 3.00112e-08 5.73379e-08 1.109e-07 2.1217e-07 3.99266e-07 7.38051e-07 1.33971e-06 2.38782e-06 4.17876e-06 7.18048e-06 1.21153e-05 2.00729e-05 3.26596e-05 5.21888e-05 8.1914e-05 0.000126302 0.000191341 0.000284857 0.000416831 0.000599662 0.000848356 0.00118058 0.00161653 0.00217861 0.00289084 0.003778 0.00486452 0.00617315 0.00772345 0.00953012 0.0116015 0.0139378 0.0165303 0.01936 0.0223973 0.0256027 0.0289268 0.0323123 0.0356961 0.0390112 0.0421898 0.0451657 0.0478769 0.0502675 0.0522894 0.0539027 0.0550768 0.0557898 0.0560289 0.0557898 0.0550768 0.0539027 0.0522894 0.0502675 0.0478769 0.0451657 0.0421898 0.0390112 0.0356961 0.0323123 0.0289268 0.0256027 0.0223973 0.01936 0.0165303 0.0139378 0.0116015 0.00953012 0.00772345 0.00617315 0.00486452 0.003778 0.00289084 0.00217861 0.00161653 0.00118058 0.000848356 0.000599662 0.000416831 0.000284857 0.000191341 0.000126302 8.1914e-05 5.21888e-05 3.26596e-05 2.00729e-05 1.21153e-05 7.18048e-06 4.17876e-06 2.38782e-06 1.33971e-06 7.38051e-07 3.99266e-07 2.1217e-07 1.109e-07 5.73379e-08 3.00112e-08 1.73273e-08 
2.24187e-08 2.83832e-08 4.89598e-08 9.3166e-08 1.79515e-07 3.42159e-07 6.41464e-07 1.18124e-06 2.13591e-06 3.79195e-06 6.60952e-06 1.13112e-05 1.9006e-05 3.13573e-05 5.08019e-05 8.08267e-05 0.000126302 0.000193869 0.000292359 0.000433225 0.000630948 0.000903353 0.0012718 0.00176115 0.00239954 0.00321772 0.0042482 0.00552396 0.00707684 0.0089357 0.0111244 0.0136596 0.0165488 0.0197887 0.0233633 0.0272435 0.0313865 0.0357366 0.0402264 0.0447787 0.0493095 0.0537313 0.0579561 0.0618988 0.0654808 0.0686315 0.0712907 0.073409 0.0749486 0.0758829 0.076196 0.0758829 0.0749486 0.073409 0.0712907 0.0686315 0.0654808 0.0618988 0.0579561 0.0537313 0.0493095 0.0447787 0.0402264 0.0357366 0.0313865 0.0272435 0.0233633 0.0197887 0.0165488 0.0136596 0.0111244 0.0089357 0.00707684 0.00552396 0.0042482 0.00321772 0.00239954 0.00176115 0.0012718 0.000903353 0.000630948 0.000433225 0.000292359 0.000193869 0.000126302 8.08267e-05 5.08019e-05 3.13573e-05 1.9006e-05 1.13112e-05 6.60952e-06 3.79195e-06 2.13591e-06 1.18124e-06 6.41464e-07 3.42159e-07 1.79515e-07 9.3166e-08 4.89598e-08 2.83832e-08 
3.61925e-08 4.57223e-08 7.8544e-08 1.48857e-07 2.85721e-07 5.42531e-07 1.01324e-06 1.85866e-06 3.34762e-06 5.91941e-06 1.02759e-05 1.7513e-05 2.93033e-05 4.81399e-05 7.76525e-05 0.000123001 0.000191341 0.000292359 0.000438835 0.000647209 0.000938074 0.00133654 0.00187239 0.0025799 0.00349732 0.00466596 0.00612871 0.00792827 0.0101049 0.0126939 0.015723 0.0192095 0.0231584 0.0275594 0.0323862 0.0375955 0.0431267 0.0489036 0.054836 0.0608224 0.0667544 0.0725198 0.0780077 0.0831121 0.0877355 0.0917916 0.0952074 0.0979236 0.0998952 0.10109 0.101491 0.10109 0.0998952 0.0979236 0.0952074 0.0917916 0.0877355 0.0831121 0.0780077 0.0725198 0.0667544 0.0608224 0.054836 0.0489036 0.0431267 0.0375955 0.0323862 0.0275594 0.0231584 0.0192095 0.015723 0.0126939 0.0101049 0.00792827 0.00612871 0.00466596 0.00349732 0.0025799 0.00187239 0.00133654 0.000938074 0.000647209 0.000438835 0.000292359 0.000191341 0.000123001 7.76525e-05 4.81399e-05 2.93033e-05 1.7513e-05 1.02759e-05 5.91941e-06 3.34762e-06 1.85866e-06 1.01324e-06 5.42531e-07 2.85721e-07 1.48857e-07 7.8544e-08 4.57223e-08 
5.7467e-08 7.24405e-08 1.23925e-07 2.33905e-07 4.47223e-07 8.45944e-07 1.57381e-06 2.87566e-06 5.15873e-06 9.08498e-06 1.57062e-05 2.66557e-05 4.44108e-05 7.2642e-05 0.000116659 0.000183956 0.000284857 0.000433225 0.000647209 0.000949947 0.00137016 0.00194252 0.00270767 0.00371187 0.00500601 0.0066442 0.00868165 0.0111721 0.0141647 0.017701 0.0218113 0.0265115 0.0318005 0.0376576 0.0440414 0.0508893 0.0581181 0.0656257 0.0732943 0.0809942 0.0885881 0.095937 0.102904 0.109361 0.115191 0.120292 0.124577 0.127978 0.130444 0.131937 0.132437 0.131937 0.130444 0.127978 0.124577 0.120292 0.115191 0.109361 0.102904 0.095937 0.0885881 0.0809942 0.0732943 0.0656257 0.0581181 0.0508893 0.0440414 0.0376576 0.0318005 0.0265115 0.0218113 0.017701 0.0141647 0.0111721 0.00868165 0.0066442 0.00500601 0.00371187 0.00270767 0.00194252 0.00137016 0.000949947 0.000647209 0.000433225 0.000284857 0.000183956 0.000116659 7.2642e-05 4.44108e-05 2.66557e-05 1.57062e-05 9.08498e-06 5.15873e-06 2.87566e-06 1.57381e-06 8.45944e-07 4.47223e-07 2.33905e-07 1.23925e-07 7.24405e-08 
8.97551e-08 1.12895e-07 1.92326e-07 3.61515e-07 6.88507e-07 1.29732e-06 2.40416e-06 4.3755e-06 7.81773e-06 1.37113e-05 2.36053e-05 3.98911e-05 6.61747e-05 0.000107764 0.000172287 0.000270437 0.000416831 0.000630948 0.000938074 0.00137016 0.00196648 0.00277394 0.00384691 0.00524643 0.00703871 0.00929293 0.0120783 0.0154603 0.0194971 0.024235 0.0297046 0.035917 0.0428605 0.0504988 0.0587698 0.0675859 0.0768352 0.0863847 0.0960843 0.105772 0.115279 0.124436 0.133082 0.141064 0.148246 0.154511 0.159761 0.16392 0.16693 0.168751 0.16936 0.168751 0.16693 0.16392 0.159761 0.154511 0.148246 0.141064 0.133082 0.124436 0.115279 0.105772 0.0960843 0.0863847 0.0768352 0.0675859 0.0587698 0.0504988 0.0428605 0.035917 0.0297046 0.024235 0.0194971 0.0154603 0.0120783 0.00929293 0.00703871 0.00524643 0.00384691 0.00277394 0.00196648 0.00137016 0.000938074 0.000630948 0.000416831 0.000270437 0.000172287 0.000107764 6.61747e-05 3.98911e-05 2.36053e-05 1.37113e-05 7.81773e-06 4.3755e-06 2.40416e-06 1.29732e-06 6.88507e-07 3.61515e-07 1.92326e-07 1.12895e-07 
1.37909e-07 1.73086e-07 2.93634e-07 5.4966e-07 1.04271e-06 1.95708e-06 3.61259e-06 6.54859e-06 1.16528e-05 2.03529e-05 3.48914e-05 5.87101e-05 9.69662e-05 0.000157203 0.000250185 0.000390895 0.000599662 0.000903353 0.00133654 0.00194252 0.00277394 0.00389302 0.00537096 0.0072866 0.00972411 0.0127697 0.0165078 0.0210158 0.0263595 0.0325876 0.0397272 0.0477793 0.0567163 0.0664796 0.0769797 0.0880974 0.0996862 0.111577 0.123583 0.135507 0.147147 0.158304 0.16879 0.178433 0.187077 0.194594 0.200877 0.205843 0.20943 0.211599 0.212324 0.211599 0.20943 0.205843 0.200877 0.194594 0.187077 0.178433 0.16879 0.158304 0.147147 0.135507 0.123583 0.111577 0.0996862 0.0880974 0.0769797 0.0664796 0.0567163 0.0477793 0.0397272 0.0325876 0.0263595 0.0210158 0.0165078 0.0127697 0.00972411 0.0072866 0.00537096 0.00389302 0.00277394 0.00194252 0.00133654 0.000903353 0.000599662 0.000390895 0.000250185 0.000157203 9.69662e-05 5.87101e-05 3.48914e-05 2.03529e-05 1.16528e-05 6.54859e-06 3.61259e-06 1.95708e-06 1.04271e-06 5.4966e-07 2.93634e-07 1.73086e-07 
2.08481e-07 2.61092e-07 4.41084e-07 8.22255e-07 1.55367e-06 2.90472e-06 5.3407e-06 9.64228e-06 1.70876e-05 2.97205e-05 5.07335e-05 8.49957e-05 0.000139757 0.000225553 0.000357312 0.000555658 0.000848356 0.0012718 0.00187239 0.00270767 0.00384691 0.00537096 0.00737116 0.00994713 0.0132034 0.0172448 0.022171 0.0280705 0.0350141 0.0430488 0.0521928 0.0624307 0.0737112 0.085946 0.0990107 0.112747 0.126969 0.141466 0.156012 0.170373 0.184313 0.197607 0.210041 0.221424 0.23159 0.240401 0.247744 0.253534 0.25771 0.260231 0.261074 0.260231 0.25771 0.253534 0.247744 0.240401 0.23159 0.221424 0.210041 0.197607 0.184313 0.170373 0.156012 0.141466 0.126969 0.112747 0.0990107 0.085946 0.0737112 0.0624307 0.0521928 0.0430488 0.0350141 0.0280705 0.022171 0.0172448 0.0132034 0.00994713 0.00737116 0.00537096 0.00384691 0.00270767 0.00187239 0.0012718 0.000848356 0.000555658 0.000357312 0.000225553 0.000139757 8.49957e-05 5.07335e-05 2.97205e-05 1.70876e-05 9.64228e-06 5.3407e-06 2.90472e-06 1.55367e-06 8.22255e-07 4.41084e-07 2.61092e-07 
3.10121e-07 3.87547e-07 6.51993e-07 1.21039e-06 2.27803e-06 4.24234e-06 7.76924e-06 1.39704e-05 2.46558e-05 4.27036e-05 7.25829e-05 0.000121068 0.000198181 0.000318383 0.000502025 0.000777005 0.00118058 0.00176115 0.0025799 0.00371187 0.00524643 0.0072866 0.00994713 0.0133512 0.0176254 0.0228939 0.0292709 0.0368532 0.0457126 0.0558887 0.0673831 0.080156 0.0941238 0.10916 0.125097 0.141731 0.15883 0.176141 0.193395 0.210322 0.226657 0.242147 0.256562 0.269698 0.281382 0.29147 0.299853 0.306446 0.311193 0.314054 0.31501 0.314054 0.311193 0.306446 0.299853 0.29147 0.281382 0.269698 0.256562 0.242147 0.226657 0.210322 0.193395 0.176141 0.15883 0.141731 0.125097 0.10916 0.0941238 0.080156 0.0673831 0.0558887 0.0457126 0.0368532 0.0292709 0.0228939 0.0176254 0.0133512 0.00994713 0.0072866 0.00524643 0.00371187 0.0025799 0.00176115 0.00118058 0.000777005 0.000502025 0.000318383 0.000198181 0.000121068 7.25829e-05 4.27036e-05 2.46558e-05 1.39704e-05 7.76924e-06 4.24234e-06 2.27803e-06 1.21039e-06 6.51993e-07 3.87547e-07 
4.53975e-07 5.66111e-07 9.48472e-07 1.75354e-06 3.28728e-06 6.09797e-06 1.11235e-05 1.99212e-05 3.50134e-05 6.03873e-05 0.000102197 0.000169714 0.00027656 0.000442262 0.000694087 0.00106913 0.00161653 0.00239954 0.00349732 0.00500601 0.00703871 0.00972411 0.0132034 0.0176254 0.02314 0.0298898 0.0380014 0.0475758 0.0586792 0.0713361 0.0855229 0.101165 0.118138 0.136266 0.155332 0.175081 0.19523 0.215481 0.235524 0.255057 0.273787 0.291445 0.307789 0.322608 0.335731 0.347018 0.356366 0.363699 0.368968 0.37214 0.373199 0.37214 0.368968 0.363699 0.356366 0.347018 0.335731 0.322608 0.307789 0.291445 0.273787 0.255057 0.235524 0.215481 0.19523 0.175081 0.155332 0.136266 0.118138 0.101165 0.0855229 0.0713361 0.0586792 0.0475758 0.0380014 0.0298898 0.02314 0.0176254 0.0132034 0.00972411 0.00703871 0.00500601 0.00349732 0.00239954 0.00161653 0.00106913 0.000694087 0.000442262 0.00027656 0.000169714 0.000102197 6.03873e-05 3.50134e-05 1.99212e-05 1.11235e-05 6.09797e-06 3.28728e-06 1.75354e-06 9.48472e-07 5.66111e-07 
6.54055e-07 8.13904e-07 1.35806e-06 2.50054e-06 4.66933e-06 8.62812e-06 1.56769e-05 2.79633e-05 4.89459e-05 8.40609e-05 0.000141648 0.000234189 0.000379905 0.000604722 0.000944581 0.00144798 0.00217861 0.00321772 0.00466596 0.0066442 0.00929293 0.0127697 0.0172448 0.0228939 0.0298898 0.0383918 0.0485346 0.0604167 0.0740914 0.0895579 0.106757 0.125569 0.145816 0.167267 0.189646 0.212642 0.235921 0.259138 0.281949 0.304022 0.325047 0.344743 0.362868 0.379217 0.393624 0.405966 0.416151 0.424118 0.429829 0.433262 0.434408 0.433262 0.429829 0.424118 0.416151 0.405966 0.393624 0.379217 0.362868 0.344743 0.325047 0.304022 0.281949 0.259138 0.235921 0.212642 0.189646 0.167267 0.145816 0.125569 0.106757 0.0895579 0.0740914 0.0604167 0.0485346 0.0383918 0.0298898 0.0228939 0.0172448 0.0127697 0.00929293 0.0066442 0.00466596 0.00321772 0.00217861 0.00144798 0.000944581 0.000604722 0.000379905 0.000234189 0.000141648 8.40609e-05 4.89459e-05 2.79633e-05 1.56769e-05 8.62812e-06 4.66933e-06 2.50054e-06 1.35806e-06 8.13904e-07 
9.27508e-07 1.15181e-06 1.91417e-06 3.51026e-06 6.52946e-06 1.2019e-05 2.17528e-05 3.86463e-05 6.73683e-05 0.000115215 0.000193309 0.000318192 0.000513845 0.000814145 0.00126569 0.00193087 0.00289084 0.0042482 0.00612871 0.00868165 0.0120783 0.0165078 0.022171 0.0292709 0.0380014 0.0485346 0.0610068 0.0755065 0.0920632 0.11064 0.13113 0.153357 0.17708 0.202003 0.227787 0.254062 0.280442 0.306541 0.331984 0.35642 0.379531 0.401038 0.420705 0.438345 0.453812 0.467002 0.477846 0.486302 0.492349 0.495979 0.49719 0.495979 0.492349 0.486302 0.477846 0.467002 0.453812 0.438345 0.420705 0.401038 0.379531 0.35642 0.331984 0.306541 0.280442 0.254062 0.227787 0.202003 0.17708 0.153357 0.13113 0.11064 0.0920632 0.0755065 0.0610068 0.0485346 0.0380014 0.0292709 0.022171 0.0165078 0.0120783 0.00868165 0.00612871 0.0042482 0.00289084 0.00193087 0.00126569 0.000814145 0.000513845 0.000318192 0.000193309 0.000115215 6.73683e-05 3.86463e-05 2.17528e-05 1.2019e-05 6.52946e-06 3.51026e-06 1.91417e-06 1.15181e-06 
1.29473e-06 1.60461e-06 2.65616e-06 4.85159e-06 8.99011e-06 1.64857e-05 2.97221e-05 5.25963e-05 9.13145e-05 0.000155518 0.000259815 0.000425787 0.000684507 0.00107955 0.00167038 0.00253593 0.003778 0.00552396 0.00792827 0.0111721 0.0154603 0.0210158 0.0280705 0.0368532 0.0475758 0.0604167 0.0755065 0.0929127 0.11263 0.134572 0.158572 0.184386 0.211701 0.24015 0.269325 0.298797 0.328134 0.356914 0.384741 0.411255 0.436142 0.459138 0.480028 0.49865 0.51489 0.528672 0.539957 0.548728 0.554984 0.558733 0.559982 0.558733 0.554984 0.548728 0.539957 0.528672 0.51489 0.49865 0.480028 0.459138 0.436142 0.411255 0.384741 0.356914 0.328134 0.298797 0.269325 0.24015 0.211701 0.184386 0.158572 0.134572 0.11263 0.0929127 0.0755065 0.0604167 0.0475758 0.0368532 0.0280705 0.0210158 0.0154603 0.0111721 0.00792827 0.00552396 0.003778 0.00253593 0.00167038 0.00107955 0.000684507 0.000425787 0.000259815 0.000155518 9.13145e-05 5.25963e-05 2.97221e-05 1.64857e-05 8.99011e-06 4.85159e-06 2.65616e-06 1.60461e-06 
1.77924e-06 2.20077e-06 3.62896e-06 6.60269e-06 1.21892e-05 2.22689e-05 3.99966e-05 7.0503e-05 0.000121914 0.000206778 0.000343992 0.000561287 0.000898314 0.00141026 0.00217184 0.00328139 0.00486452 0.00707684 0.0101049 0.0141647 0.0194971 0.0263595 0.0350141 0.0457126 0.0586792 0.0740914 0.0920632 0.11263 0.135737 0.161238 0.188893 0.218379 0.249303 0.281222 0.313661 0.346136 0.378171 0.409321 0.439178 0.46739 0.493658 0.517746 0.539474 0.558717 0.575399 0.589485 0.600966 0.609858 0.616183 0.619967 0.621226 0.619967 0.616183 0.609858 0.600966 0.589485 0.575399 0.558717 0.539474 0.517746 0.493658 0.46739 0.439178 0.409321 0.378171 0.346136 0.313661 0.281222 0.249303 0.218379 0.188893 0.161238 0.135737 0.11263 0.0920632 0.0740914 0.0586792 0.0457126 0.0350141 0.0263595 0.0194971 0.0141647 0.0101049 0.00707684 0.00486452 0.00328139 0.00217184 0.00141026 0.000898314 0.000561287 0.000343992 0.000206778 0.000121914 7.0503e-05 3.99966e-05 2.22689e-05 1.21892e-05 6.60269e-06 3.62896e-06 2.20077e-06 
2.40723e-06 2.97189e-06 4.88212e-06 8.84905e-06 1.62766e-05 2.9628e-05 5.30169e-05 9.3098e-05 0.000160353 0.000270876 0.000448747 0.000729076 0.00116171 0.0018155 0.00278292 0.00418459 0.00617315 0.0089357 0.0126939 0.017701 0.024235 0.0325876 0.0430488 0.0558887 0.0713361 0.0895579 0.11064 0.134572 0.161238 0.190416 0.221782 0.254927 0.289374 0.324599 0.360065 0.395237 0.429608 0.46272 0.494169 0.523623 0.550814 0.575547 0.597687 0.617159 0.633934 0.648017 0.659443 0.668257 0.674508 0.678239 0.67948 0.678239 0.674508 0.668257 0.659443 0.648017 0.633934 0.617159 0.597687 0.575547 0.550814 0.523623 0.494169 0.46272 0.429608 0.395237 0.360065 0.324599 0.289374 0.254927 0.221782 0.190416 0.161238 0.134572 0.11064 0.0895579 0.0713361 0.0558887 0.0430488 0.0325876 0.024235 0.017701 0.0126939 0.0089357 0.00617315 0.00418459 0.00278292 0.0018155 0.00116171 0.000729076 0.000448747 0.000270876 0.000160353 9.3098e-05 5.30169e-05 2.9628e-05 1.62766e-05 8.84905e-06 4.88212e-06 2.97189e-06 
3.20668e-06 3.9516e-06 6.46801e-06 1.16804e-05 2.14081e-05 3.88308e-05 6.92334e-05 0.000121122 0.000207823 0.000349674 0.000576924 0.00093338 0.0014808 0.00230384 0.00351528 0.00526092 0.00772345 0.0111244 0.015723 0.0218113 0.0297046 0.0397272 0.0521928 0.0673831 0.0855229 0.106757 0.13113 0.158572 0.188893 0.221782 0.256825 0.293516 0.331293 0.369557 0.407711 0.44518 0.481441 0.516033 0.548575 0.578767 0.606389 0.631297 0.653414 0.67272 0.689237 0.703021 0.714146 0.722691 0.728732 0.73233 0.733525 0.73233 0.728732 0.722691 0.714146 0.703021 0.689237 0.67272 0.653414 0.631297 0.606389 0.578767 0.548575 0.516033 0.481441 0.44518 0.407711 0.369557 0.331293 0.293516 0.256825 0.221782 0.188893 0.158572 0.13113 0.106757 0.0855229 0.0673831 0.0521928 0.0397272 0.0297046 0.0218113 0.015723 0.0111244 0.00772345 0.00526092 0.00351528 0.00230384 0.0014808 0.00093338 0.000576924 0.000349674 0.000207823 0.000121122 6.92334e-05 3.88308e-05 2.14081e-05 1.16804e-05 6.46801e-06 3.9516e-06 
4.20609e-06 5.17406e-06 8.43931e-06 1.5186e-05 2.77377e-05 5.0139e-05 8.90821e-05 0.000155285 0.000265445 0.000444905 0.000731122 0.00117799 0.00186094 0.00288261 0.00437859 0.00652259 0.00953012 0.0136596 0.0192095 0.0265115 0.035917 0.0477793 0.0624307 0.080156 0.101165 0.125569 0.153357 0.184386 0.218379 0.254927 0.293516 0.333546 0.374365 0.415309 0.455729 0.495025 0.532667 0.568214 0.60132 0.631731 0.659288 0.683909 0.705581 0.724346 0.740283 0.753496 0.764099 0.772207 0.777918 0.781311 0.782437 0.781311 0.777918 0.772207 0.764099 0.753496 0.740283 0.724346 0.705581 0.683909 0.659288 0.631731 0.60132 0.568214 0.532667 0.495025 0.455729 0.415309 0.374365 0.333546 0.293516 0.254927 0.218379 0.184386 0.153357 0.125569 0.101165 0.080156 0.0624307 0.0477793 0.035917 0.0265115 0.0192095 0.0136596 0.00953012 0.00652259 0.00437859 0.00288261 0.00186094 0.00117799 0.000731122 0.000444905 0.000265445 0.000155285 8.90821e-05 5.0139e-05 2.77377e-05 1.5186e-05 8.43931e-06 5.17406e-06 
5.43273e-06 6.67173e-06 1.08456e-05 1.94491e-05 3.54069e-05 6.37902e-05 0.000112953 0.000196208 0.00033419 0.000558036 0.00091349 0.00146594 0.00230628 0.00355723 0.00537957 0.00797743 0.0116015 0.0165488 0.0231584 0.0318005 0.0428605 0.0567163 0.0737112 0.0941238 0.118138 0.145816 0.17708 0.211701 0.249303 0.289374 0.331293 0.374365 0.417861 0.461053 0.503257 0.543862 0.582349 0.618312 0.651451 0.681578 0.7086 0.732507 0.753356 0.771251 0.786329 0.79874 0.80864 0.81617 0.821455 0.824586 0.825623 0.824586 0.821455 0.81617 0.80864 0.79874 0.786329 0.771251 0.753356 0.732507 0.7086 0.681578 0.651451 0.618312 0.582349 0.543862 0.503257 0.461053 0.417861 0.374365 0.331293 0.289374 0.249303 0.211701 0.17708 0.145816 0.118138 0.0941238 0.0737112 0.0567163 0.0428605 0.0318005 0.0231584 0.0165488 0.0116015 0.00797743 0.00537957 0.00355723 0.00230628 0.00146594 0.00091349 0.000558036 0.00033419 0.000196208 0.000112953 6.37902e-05 3.54069e-05 1.94491e-05 1.08456e-05 6.67173e-06 
6.91044e-06 8.47282e-06 1.37293e-05 2.45397e-05 4.45325e-05 7.99769e-05 0.000141155 0.000244375 0.000414785 0.000690122 0.0011255 0.0017992 0.00281927 0.00433052 0.00652107 0.00962761 0.0139378 0.0197887 0.0275594 0.0376576 0.0504988 0.0664796 0.085946 0.10916 0.136266 0.167267 0.202003 0.24015 0.281222 0.324599 0.369557 0.415309 0.461053 0.506015 0.549489 0.590869 0.629665 0.665518 0.698194 0.727575 0.753646 0.776472 0.79618 0.812937 0.826935 0.838369 0.847427 0.85428 0.859068 0.861898 0.862833 0.861898 0.859068 0.85428 0.847427 0.838369 0.826935 0.812937 0.79618 0.776472 0.753646 0.727575 0.698194 0.665518 0.629665 0.590869 0.549489 0.506015 0.461053 0.415309 0.369557 0.324599 0.281222 0.24015 0.202003 0.167267 0.136266 0.10916 0.085946 0.0664796 0.0504988 0.0376576 0.0275594 0.0197887 0.0139378 0.00962761 0.00652107 0.00433052 0.00281927 0.0017992 0.0011255 0.000690122 0.000414785 0.000244375 0.000141155 7.99769e-05 4.45325e-05 2.45397e-05 1.37293e-05 8.47282e-06 
8.65715e-06 1.05983e-05 1.71211e-05 3.05067e-05 5.51937e-05 9.88235e-05 0.000173877 0.000300061 0.00050761 0.000841654 0.00136772 0.0021783 0.0034002 0.00520207 0.00780127 0.0114687 0.0165303 0.0233633 0.0323862 0.0440414 0.0587698 0.0769797 0.0990107 0.125097 0.155332 0.189646 0.227787 0.269325 0.313661 0.360065 0.407711 0.455729 0.503257 0.549489 0.593715 0.635348 0.673945 0.709209 0.740979 0.769219 0.793994 0.815446 0.83377 0.849195 0.861959 0.872298 0.880429 0.886543 0.890794 0.893299 0.894125 0.893299 0.890794 0.886543 0.880429 0.872298 0.861959 0.849195 0.83377 0.815446 0.793994 0.769219 0.740979 0.709209 0.673945 0.635348 0.593715 0.549489 0.503257 0.455729 0.407711 0.360065 0.313661 0.269325 0.227787 0.189646 0.155332 0.125097 0.0990107 0.0769797 0.0587698 0.0440414 0.0323862 0.0233633 0.0165303 0.0114687 0.00780127 0.00520207 0.0034002 0.0021783 0.00136772 0.000841654 0.00050761 0.000300061 0.000173877 9.88235e-05 5.51937e-05 3.05067e-05 1.71211e-05 1.05983e-05 
1.06824e-05 1.30589e-05 2.10353e-05 3.73704e-05 6.7418e-05 0.000120364 0.000211155 0.000363281 0.000612616 0.00101243 0.00163962 0.00260211 0.00404682 0.00616778 0.009213 0.0134888 0.01936 0.0272435 0.0375955 0.0508893 0.0675859 0.0880974 0.112747 0.141731 0.175081 0.212642 0.254062 0.298797 0.346136 0.395237 0.44518 0.495025 0.543862 0.590869 0.635348 0.676751 0.714695 0.748954 0.779453 0.806238 0.829456 0.849325 0.866104 0.880076 0.891521 0.900706 0.907872 0.913225 0.916927 0.9191 0.919817 0.9191 0.916927 0.913225 0.907872 0.900706 0.891521 0.880076 0.866104 0.849325 0.829456 0.806238 0.779453 0.748954 0.714695 0.676751 0.635348 0.590869 0.543862 0.495025 0.44518 0.395237 0.346136 0.298797 0.254062 0.212642 0.175081 0.141731 0.112747 0.0880974 0.0675859 0.0508893 0.0375955 0.0272435 0.01936 0.0134888 0.009213 0.00616778 0.00404682 0.00260211 0.00163962 0.00101243 0.000612616 0.000363281 0.000211155 0.000120364 6.7418e-05 3.73704e-05 2.10353e-05 1.30589e-05 
