2.6222e-05 2.72651e-05 3.04477e-05 3.59297e-05 4.39807e-05 5.49831e-05 6.94379e-05 8.79696e-05 0.000111332 0.000140415 0.000176246 0.000219996 0.000272975 0.000336632 0.000412545 0.000502407 0.000608008 0.000731208 0.000873907 0.001038 0.00122535 0.0014377 0.00167667 0.00194363 0.00223971 0.00256568 0.00292192 0.00330835 0.00372436 0.00416881 0.00463996 0.00513548 0.00565239 0.00618715 0.00673559 0.00729303 0.0078543 0.00841382 0.00896568 0.00950377 0.0100218 0.0105136 0.0109731 0.0113942 0.0117716 0.0121001 0.0123754 0.0125936 0.0127517 0.0128474 0.0128795 0.0128474 0.0127517 0.0125936 0.0123754 0.0121001 0.0117716 0.0113942 0.0109731 0.0105136 0.0100218 0.00950377 0.00896568 0.00841382 0.0078543 0.00729303 0.00673559 0.00618715 0.00565239 0.00513548 0.00463996 0.00416881 0.00372436 0.00330835 0.00292192 0.00256568 0.00223971 0.00194363 0.00167667 0.0014377 0.00122535 0.001038 0.000873907 0.000731208 0.000608008 0.000502407 0.000412545 0.000336632 0.000272975 0.000219996 0.000176246 0.000140415 0.000111332 8.79696e-05 6.94379e-05 5.49831e-05 4.39807e-05 3.59297e-05 3.04477e-05 2.72651e-05 
2.72651e-05 2.83475e-05 3.16493e-05 3.73361e-05 4.56865e-05 5.70958e-05 7.20816e-05 9.12889e-05 0.000115496 0.000145622 0.000182726 0.000228016 0.000282842 0.000348698 0.000427207 0.000520112 0.000629252 0.000756541 0.000903926 0.00107336 0.00126673 0.00148585 0.00173235 0.00200765 0.00231288 0.00264882 0.00301585 0.00341386 0.00384222 0.00429975 0.00478463 0.00529445 0.00582616 0.00637608 0.00693995 0.00751294 0.00808975 0.00866464 0.00923157 0.00978424 0.0103163 0.0108212 0.0112929 0.0117252 0.0121126 0.0124498 0.0127323 0.0129562 0.0131184 0.0132166 0.0132495 0.0132166 0.0131184 0.0129562 0.0127323 0.0124498 0.0121126 0.0117252 0.0112929 0.0108212 0.0103163 0.00978424 0.00923157 0.00866464 0.00808975 0.00751294 0.00693995 0.00637608 0.00582616 0.00529445 0.00478463 0.00429975 0.00384222 0.00341386 0.00301585 0.00264882 0.00231288 0.00200765 0.00173235 0.00148585 0.00126673 0.00107336 0.000903926 0.000756541 0.000629252 0.000520112 0.000427207 0.000348698 0.000282842 0.000228016 0.000182726 0.000145622 0.000115496 9.12889e-05 7.20816e-05 5.70958e-05 4.56865e-05 3.73361e-05 3.16493e-05 2.83475e-05 
3.04477e-05 3.16493e-05 3.53144e-05 4.1625e-05 5.08872e-05 6.35354e-05 8.01376e-05 0.000101401 0.00012818 0.000161477 0.000202454 0.000252427 0.00031287 0.000385407 0.000471804 0.000573952 0.000693843 0.000833544 0.000995158 0.00118078 0.00139245 0.00163209 0.00190144 0.002202 0.00253495 0.00290111 0.00330082 0.00373393 0.0041997 0.00469679 0.00522323 0.00577634 0.00635279 0.00694859 0.0075591 0.00817912 0.00880289 0.00942425 0.0100367 0.0106334 0.0112076 0.0117524 0.012261 0.0127271 0.0131445 0.0135078 0.0138121 0.0140533 0.0142279 0.0143337 0.0143692 0.0143337 0.0142279 0.0140533 0.0138121 0.0135078 0.0131445 0.0127271 0.012261 0.0117524 0.0112076 0.0106334 0.0100367 0.00942425 0.00880289 0.00817912 0.0075591 0.00694859 0.00635279 0.00577634 0.00522323 0.00469679 0.0041997 0.00373393 0.00330082 0.00290111 0.00253495 0.002202 0.00190144 0.00163209 0.00139245 0.00118078 0.000995158 0.000833544 0.000693843 0.000573952 0.000471804 0.000385407 0.00031287 0.000252427 0.000202454 0.000161477 0.00012818 0.000101401 8.01376e-05 6.35354e-05 5.08872e-05 4.1625e-05 3.53144e-05 3.16493e-05 
3.59297e-05 3.73361e-05 4.1625e-05 4.90065e-05 5.98337e-05 7.46075e-05 9.39822e-05 0.000118772 0.000149957 0.000188689 0.000236296 0.000294285 0.000364336 0.000448298 0.000548176 0.000666113 0.000804358 0.000965242 0.00115112 0.00136435 0.00160719 0.00188177 0.00219001 0.00253355 0.00291366 0.00333117 0.0037864 0.0042791 0.00480836 0.00537259 0.00596948 0.00659595 0.00724821 0.0079217 0.00861117 0.00931075 0.010014 0.0107139 0.0114032 0.0120745 0.0127199 0.0133318 0.0139029 0.0144259 0.0148941 0.0153015 0.0156426 0.0159128 0.0161085 0.016227 0.0162667 0.016227 0.0161085 0.0159128 0.0156426 0.0153015 0.0148941 0.0144259 0.0139029 0.0133318 0.0127199 0.0120745 0.0114032 0.0107139 0.010014 0.00931075 0.00861117 0.0079217 0.00724821 0.00659595 0.00596948 0.00537259 0.00480836 0.0042791 0.0037864 0.00333117 0.00291366 0.00253355 0.00219001 0.00188177 0.00160719 0.00136435 0.00115112 0.000965242 0.000804358 0.000666113 0.000548176 0.000448298 0.000364336 0.000294285 0.000236296 0.000188689 0.000149957 0.000118772 9.39822e-05 7.46075e-05 5.98337e-05 4.90065e-05 4.1625e-05 3.73361e-05 
4.39807e-05 4.56865e-05 5.08872e-05 5.98337e-05 7.29473e-05 9.08254e-05 0.000114247 0.000144181 0.00018179 0.00022844 0.000285703 0.000355356 0.000439378 0.000539941 0.000659395 0.00080024 0.000965099 0.00115667 0.00137769 0.00163085 0.00191875 0.00224381 0.0026082 0.00301374 0.00346181 0.00395329 0.00448845 0.00506686 0.00568737 0.00634804 0.00704606 0.00777779 0.00853872 0.00932351 0.0101261 0.0109395 0.0117563 0.0125686 0.0133678 0.0141454 0.0148925 0.0156003 0.0162604 0.0168646 0.0174053 0.0178754 0.018269 0.0185806 0.0188063 0.0189429 0.0189887 0.0189429 0.0188063 0.0185806 0.018269 0.0178754 0.0174053 0.0168646 0.0162604 0.0156003 0.0148925 0.0141454 0.0133678 0.0125686 0.0117563 0.0109395 0.0101261 0.00932351 0.00853872 0.00777779 0.00704606 0.00634804 0.00568737 0.00506686 0.00448845 0.00395329 0.00346181 0.00301374 0.0026082 0.00224381 0.00191875 0.00163085 0.00137769 0.00115667 0.000965099 0.00080024 0.000659395 0.000539941 0.000439378 0.000355356 0.000285703 0.00022844 0.00018179 0.000144181 0.000114247 9.08254e-05 7.29473e-05 5.98337e-05 5.08872e-05 4.56865e-05 
5.49831e-05 5.70958e-05 6.35354e-05 7.46075e-05 9.08254e-05 0.000112916 0.000141826 0.00017873 0.000225038 0.000282403 0.000352719 0.000438127 0.000541003 0.00066395 0.000809773 0.00098145 0.00118209 0.00141489 0.00168307 0.00198977 0.00233804 0.00273066 0.00317012 0.00365847 0.00419725 0.00478735 0.00542896 0.00612145 0.00686331 0.00765209 0.00848435 0.00935566 0.0102606 0.0111928 0.0121449 0.0131089 0.0140758 0.0150364 0.0159806 0.0168984 0.0177794 0.0186136 0.019391 0.020102 0.0207379 0.0212906 0.0217531 0.0221192 0.0223842 0.0225447 0.0225984 0.0225447 0.0223842 0.0221192 0.0217531 0.0212906 0.0207379 0.020102 0.019391 0.0186136 0.0177794 0.0168984 0.0159806 0.0150364 0.0140758 0.0131089 0.0121449 0.0111928 0.0102606 0.00935566 0.00848435 0.00765209 0.00686331 0.00612145 0.00542896 0.00478735 0.00419725 0.00365847 0.00317012 0.00273066 0.00233804 0.00198977 0.00168307 0.00141489 0.00118209 0.00098145 0.000809773 0.00066395 0.000541003 0.000438127 0.000352719 0.000282403 0.000225038 0.00017873 0.000141826 0.000112916 9.08254e-05 7.46075e-05 6.35354e-05 5.70958e-05 
6.94379e-05 7.20816e-05 8.01376e-05 9.39822e-05 0.000114247 0.000141826 0.000177881 0.000223853 0.000281468 0.000352744 0.000439992 0.000545816 0.000673099 0.000824991 0.00100488 0.00121633 0.0014631 0.00174898 0.00207779 0.00245328 0.00287899 0.0033582 0.00389377 0.00448803 0.00514267 0.00585861 0.00663591 0.00747364 0.00836982 0.00932136 0.010324 0.0113723 0.0124596 0.0135783 0.0147195 0.0158736 0.01703 0.0181775 0.0193044 0.0203987 0.0214483 0.0224413 0.0233659 0.0242112 0.0249667 0.025623 0.0261718 0.0266063 0.0269207 0.0271109 0.0271746 0.0271109 0.0269207 0.0266063 0.0261718 0.025623 0.0249667 0.0242112 0.0233659 0.0224413 0.0214483 0.0203987 0.0193044 0.0181775 0.01703 0.0158736 0.0147195 0.0135783 0.0124596 0.0113723 0.010324 0.00932136 0.00836982 0.00747364 0.00663591 0.00585861 0.00514267 0.00448803 0.00389377 0.0033582 0.00287899 0.00245328 0.00207779 0.00174898 0.0014631 0.00121633 0.00100488 0.000824991 0.000673099 0.000545816 0.000439992 0.000352744 0.000281468 0.000223853 0.000177881 0.000141826 0.000114247 9.39822e-05 8.01376e-05 7.20816e-05 
8.79696e-05 9.12889e-05 0.000101401 0.000118772 0.000144181 0.00017873 0.000223853 0.000281322 0.000353258 0.000442136 0.000550785 0.000682382 0.000840441 0.00102879 0.00125152 0.00151296 0.00181759 0.00216998 0.0025747 0.00303616 0.00355856 0.00414573 0.00480097 0.00552692 0.00632546 0.0071975 0.00814289 0.00916033 0.0102472 0.0113996 0.0126123 0.0138785 0.0151901 0.0165379 0.0179112 0.0192984 0.0206868 0.022063 0.0234132 0.0247231 0.0259784 0.027165 0.0282692 0.0292779 0.0301789 0.0309612 0.0316152 0.0321327 0.0325071 0.0327336 0.0328095 0.0327336 0.0325071 0.0321327 0.0316152 0.0309612 0.0301789 0.0292779 0.0282692 0.027165 0.0259784 0.0247231 0.0234132 0.022063 0.0206868 0.0192984 0.0179112 0.0165379 0.0151901 0.0138785 0.0126123 0.0113996 0.0102472 0.00916033 0.00814289 0.0071975 0.00632546 0.00552692 0.00480097 0.00414573 0.00355856 0.00303616 0.0025747 0.00216998 0.00181759 0.00151296 0.00125152 0.00102879 0.000840441 0.000682382 0.000550785 0.000442136 0.000353258 0.000281322 0.000223853 0.00017873 0.000144181 0.000118772 0.000101401 9.12889e-05 
0.000111332 0.000115496 0.00012818 0.000149957 0.00018179 0.000225038 0.000281468 0.000353258 0.000443014 0.000553769 0.000688982 0.000852533 0.0010487 0.00128212 0.00155776 0.00188083 0.00225673 0.00269092 0.00318884 0.00375574 0.00439655 0.00511573 0.0059171 0.00680366 0.00777742 0.00883926 0.00998876 0.0112241 0.0125419 0.0139372 0.0154035 0.0169325 0.0185144 0.0201377 0.0217899 0.0234567 0.0251232 0.0267733 0.0283906 0.0299581 0.0314591 0.0328766 0.0341948 0.0353981 0.0364723 0.0374046 0.0381836 0.0387998 0.0392455 0.0395151 0.0396054 0.0395151 0.0392455 0.0387998 0.0381836 0.0374046 0.0364723 0.0353981 0.0341948 0.0328766 0.0314591 0.0299581 0.0283906 0.0267733 0.0251232 0.0234567 0.0217899 0.0201377 0.0185144 0.0169325 0.0154035 0.0139372 0.0125419 0.0112241 0.00998876 0.00883926 0.00777742 0.00680366 0.0059171 0.00511573 0.00439655 0.00375574 0.00318884 0.00269092 0.00225673 0.00188083 0.00155776 0.00128212 0.0010487 0.000852533 0.000688982 0.000553769 0.000443014 0.000353258 0.000281468 0.000225038 0.00018179 0.000149957 0.00012818 0.000115496 
0.000140415 0.000145622 0.000161477 0.000188689 0.00022844 0.000282403 0.000352744 0.000442136 0.000553769 0.000691347 0.000859091 0.00106172 0.00130442 0.00159281 0.00193287 0.00233089 0.00279332 0.00332669 0.00393744 0.00463177 0.00541548 0.00629375 0.00727094 0.00835042 0.00953435 0.0108235 0.0122171 0.0137126 0.0153057 0.0169902 0.0187579 0.0205988 0.0225009 0.0244505 0.0264322 0.0284292 0.0304235 0.0323961 0.0343276 0.0361978 0.037987 0.0396754 0.0412442 0.0426754 0.0439523 0.04506 0.0459851 0.0467165 0.0472455 0.0475654 0.0476725 0.0475654 0.0472455 0.0467165 0.0459851 0.04506 0.0439523 0.0426754 0.0412442 0.0396754 0.037987 0.0361978 0.0343276 0.0323961 0.0304235 0.0284292 0.0264322 0.0244505 0.0225009 0.0205988 0.0187579 0.0169902 0.0153057 0.0137126 0.0122171 0.0108235 0.00953435 0.00835042 0.00727094 0.00629375 0.00541548 0.00463177 0.00393744 0.00332669 0.00279332 0.00233089 0.00193287 0.00159281 0.00130442 0.00106172 0.000859091 0.000691347 0.000553769 0.000442136 0.000352744 0.000282403 0.00022844 0.000188689 0.000161477 0.000145622 
0.000176246 0.000182726 0.000202454 0.000236296 0.000285703 0.000352719 0.000439992 0.000550785 0.000688982 0.000859091 0.00106623 0.00131611 0.00161501 0.00196968 0.00238732 0.00287543 0.00344172 0.00409393 0.00483968 0.00568624 0.00664037 0.00770805 0.00889423 0.0102027 0.0116356 0.0131936 0.0148754 0.0166776 0.0185948 0.0206191 0.0227405 0.0249468 0.0272234 0.029554 0.03192 0.0343014 0.036677 0.0390243 0.0413201 0.043541 0.0456638 0.0476654 0.0495237 0.0512179 0.0527285 0.0540382 0.0551315 0.0559957 0.0566205 0.0569983 0.0571248 0.0569983 0.0566205 0.0559957 0.0551315 0.0540382 0.0527285 0.0512179 0.0495237 0.0476654 0.0456638 0.043541 0.0413201 0.0390243 0.036677 0.0343014 0.03192 0.029554 0.0272234 0.0249468 0.0227405 0.0206191 0.0185948 0.0166776 0.0148754 0.0131936 0.0116356 0.0102027 0.00889423 0.00770805 0.00664037 0.00568624 0.00483968 0.00409393 0.00344172 0.00287543 0.00238732 0.00196968 0.00161501 0.00131611 0.00106623 0.000859091 0.000688982 0.000550785 0.000439992 0.000352719 0.000285703 0.000236296 0.000202454 0.000182726 
0.000219996 0.000228016 0.000252427 0.000294285 0.000355356 0.000438127 0.000545816 0.000682382 0.000852533 0.00106172 0.00131611 0.0016226 0.0019887 0.00242253 0.00293265 0.003528 0.00421771 0.00501092 0.00591655 0.00694312 0.00809841 0.00938927 0.0108213 0.0123986 0.0141234 0.0159961 0.0180145 0.0201744 0.0224687 0.0248879 0.0274197 0.0300492 0.0327589 0.0355292 0.0383382 0.0411622 0.0439758 0.0467529 0.0494663 0.0520886 0.0545927 0.0569518 0.0591404 0.0611343 0.062911 0.0644506 0.0657353 0.0667503 0.0674839 0.0679275 0.068076 0.0679275 0.0674839 0.0667503 0.0657353 0.0644506 0.062911 0.0611343 0.0591404 0.0569518 0.0545927 0.0520886 0.0494663 0.0467529 0.0439758 0.0411622 0.0383382 0.0355292 0.0327589 0.0300492 0.0274197 0.0248879 0.0224687 0.0201744 0.0180145 0.0159961 0.0141234 0.0123986 0.0108213 0.00938927 0.00809841 0.00694312 0.00591655 0.00501092 0.00421771 0.003528 0.00293265 0.00242253 0.0019887 0.0016226 0.00131611 0.00106172 0.000852533 0.000682382 0.000545816 0.000438127 0.000355356 0.000294285 0.000252427 0.000228016 
0.000272975 0.000282842 0.00031287 0.000364336 0.000439378 0.000541003 0.000673099 0.000840441 0.0010487 0.00130442 0.00161501 0.0019887 0.00243448 0.00296199 0.00358139 0.00430326 0.00513833 0.0060973 0.00719058 0.00842803 0.00981858 0.01137 0.0130885 0.0149785 0.0170422 0.0192795 0.0216874 0.0242602 0.0269893 0.0298628 0.0328658 0.0359803 0.0391857 0.0424584 0.0457725 0.0491002 0.0524119 0.0556768 0.0588635 0.0619401 0.0648751 0.0676379 0.0701989 0.0725304 0.0746067 0.0764048 0.0779045 0.079089 0.0799448 0.0804622 0.0806354 0.0804622 0.0799448 0.079089 0.0779045 0.0764048 0.0746067 0.0725304 0.0701989 0.0676379 0.0648751 0.0619401 0.0588635 0.0556768 0.0524119 0.0491002 0.0457725 0.0424584 0.0391857 0.0359803 0.0328658 0.0298628 0.0269893 0.0242602 0.0216874 0.0192795 0.0170422 0.0149785 0.0130885 0.01137 0.00981858 0.00842803 0.00719058 0.0060973 0.00513833 0.00430326 0.00358139 0.00296199 0.00243448 0.0019887 0.00161501 0.00130442 0.0010487 0.000840441 0.000673099 0.000541003 0.000439378 0.000364336 0.00031287 0.000282842 
0.000336632 0.000348698 0.000385407 0.000448298 0.000539941 0.00066395 0.000824991 0.00102879 0.00128212 0.00159281 0.00196968 0.00242253 0.00296199 0.00359946 0.00434694 0.00521681 0.00622162 0.00737383 0.00868548 0.0101679 0.0118312 0.0136841 0.0157335 0.017984 0.0204376 0.0230936 0.0259479 0.0289932 0.0322187 0.0356099 0.0391488 0.0428141 0.046581 0.050422 0.0543065 0.058202 0.062074 0.065887 0.0696045 0.0731898 0.0766069 0.0798206 0.082797 0.0855047 0.0879145 0.0900001 0.0917389 0.0931117 0.0941032 0.0947026 0.0949031 0.0947026 0.0941032 0.0931117 0.0917389 0.0900001 0.0879145 0.0855047 0.082797 0.0798206 0.0766069 0.0731898 0.0696045 0.065887 0.062074 0.058202 0.0543065 0.050422 0.046581 0.0428141 0.0391488 0.0356099 0.0322187 0.0289932 0.0259479 0.0230936 0.0204376 0.017984 0.0157335 0.0136841 0.0118312 0.0101679 0.00868548 0.00737383 0.00622162 0.00521681 0.00434694 0.00359946 0.00296199 0.00242253 0.00196968 0.00159281 0.00128212 0.00102879 0.000824991 0.00066395 0.000539941 0.000448298 0.000385407 0.000348698 
0.000412545 0.000427207 0.000471804 0.000548176 0.000659395 0.000809773 0.00100488 0.00125152 0.00155776 0.00193287 0.00238732 0.00293265 0.00358139 0.00434694 0.00524331 0.00628493 0.00748639 0.00886206 0.0104257 0.0121903 0.0141672 0.0163661 0.0187945 0.0214571 0.0243556 0.0274882 0.0308498 0.0344308 0.0382179 0.0421938 0.0463368 0.0506216 0.0550191 0.0594966 0.064019 0.0685483 0.0730448 0.0774673 0.0817743 0.0859237 0.0898744 0.0935865 0.0970216 0.100144 0.102921 0.105323 0.107325 0.108905 0.110045 0.110735 0.110965 0.110735 0.110045 0.108905 0.107325 0.105323 0.102921 0.100144 0.0970216 0.0935865 0.0898744 0.0859237 0.0817743 0.0774673 0.0730448 0.0685483 0.064019 0.0594966 0.0550191 0.0506216 0.0463368 0.0421938 0.0382179 0.0344308 0.0308498 0.0274882 0.0243556 0.0214571 0.0187945 0.0163661 0.0141672 0.0121903 0.0104257 0.00886206 0.00748639 0.00628493 0.00524331 0.00434694 0.00358139 0.00293265 0.00238732 0.00193287 0.00155776 0.00125152 0.00100488 0.000809773 0.000659395 0.000548176 0.000471804 0.000427207 
0.000502407 0.000520112 0.000573952 0.000666113 0.00080024 0.00098145 0.00121633 0.00151296 0.00188083 0.00233089 0.00287543 0.003528 0.00430326 0.00521681 0.00628493 0.00752435 0.00895183 0.0105839 0.0124361 0.0145232 0.0168578 0.0194505 0.0223094 0.0254392 0.0288409 0.0325118 0.0364447 0.040628 0.0450454 0.0496758 0.0544936 0.059469 0.0645678 0.0697523 0.0749814 0.0802115 0.0853971 0.0904912 0.0954463 0.100215 0.10475 0.109008 0.112944 0.11652 0.119697 0.122444 0.124732 0.126537 0.127839 0.128626 0.12889 0.128626 0.127839 0.126537 0.124732 0.122444 0.119697 0.11652 0.112944 0.109008 0.10475 0.100215 0.0954463 0.0904912 0.0853971 0.0802115 0.0749814 0.0697523 0.0645678 0.059469 0.0544936 0.0496758 0.0450454 0.040628 0.0364447 0.0325118 0.0288409 0.0254392 0.0223094 0.0194505 0.0168578 0.0145232 0.0124361 0.0105839 0.00895183 0.00752435 0.00628493 0.00521681 0.00430326 0.003528 0.00287543 0.00233089 0.00188083 0.00151296 0.00121633 0.00098145 0.00080024 0.000666113 0.000573952 0.000520112 
0.000608008 0.000629252 0.000693843 0.000804358 0.000965099 0.00118209 0.0014631 0.00181759 0.00225673 0.00279332 0.00344172 0.00421771 0.00513833 0.00622162 0.00748639 0.00895183 0.0106371 0.012561 0.0147411 0.0171938 0.0199332 0.0229708 0.0263148 0.0299699 0.0339364 0.0382099 0.0427813 0.047636 0.0527543 0.0581111 0.0636764 0.0694148 0.0752869 0.081249 0.087254 0.093252 0.0991909 0.105018 0.110679 0.11612 0.121291 0.126139 0.130618 0.134682 0.138292 0.14141 0.144006 0.146053 0.14753 0.148422 0.148721 0.148422 0.14753 0.146053 0.144006 0.14141 0.138292 0.134682 0.130618 0.126139 0.121291 0.11612 0.110679 0.105018 0.0991909 0.093252 0.087254 0.081249 0.0752869 0.0694148 0.0636764 0.0581111 0.0527543 0.047636 0.0427813 0.0382099 0.0339364 0.0299699 0.0263148 0.0229708 0.0199332 0.0171938 0.0147411 0.012561 0.0106371 0.00895183 0.00748639 0.00622162 0.00513833 0.00421771 0.00344172 0.00279332 0.00225673 0.00181759 0.0014631 0.00118209 0.000965099 0.000804358 0.000693843 0.000629252 
0.000731208 0.000756541 0.000833544 0.000965242 0.00115667 0.00141489 0.00174898 0.00216998 0.00269092 0.00332669 0.00409393 0.00501092 0.0060973 0.00737383 0.00886206 0.0105839 0.012561 0.0148146 0.0173644 0.0202286 0.0234225 0.0269584 0.0308449 0.0350861 0.0396812 0.044624 0.0499028 0.0554998 0.0613912 0.0675475 0.0739333 0.0805076 0.0872248 0.0940348 0.100884 0.107715 0.11447 0.121089 0.127511 0.133677 0.13953 0.145012 0.150071 0.154659 0.15873 0.162245 0.165169 0.167473 0.169135 0.170139 0.170475 0.170139 0.169135 0.167473 0.165169 0.162245 0.15873 0.154659 0.150071 0.145012 0.13953 0.133677 0.127511 0.121089 0.11447 0.107715 0.100884 0.0940348 0.0872248 0.0805076 0.0739333 0.0675475 0.0613912 0.0554998 0.0499028 0.044624 0.0396812 0.0350861 0.0308449 0.0269584 0.0234225 0.0202286 0.0173644 0.0148146 0.012561 0.0105839 0.00886206 0.00737383 0.0060973 0.00501092 0.00409393 0.00332669 0.00269092 0.00216998 0.00174898 0.00141489 0.00115667 0.000965242 0.000833544 0.000756541 
0.000873907 0.000903926 0.000995158 0.00115112 0.00137769 0.00168307 0.00207779 0.0025747 0.00318884 0.00393744 0.00483968 0.00591655 0.00719058 0.00868548 0.0104257 0.0124361 0.0147411 0.0173644 0.020328 0.0236516 0.0273519 0.0314419 0.0359302 0.0408201 0.0461093 0.0517896 0.0578459 0.0642568 0.070994 0.0780227 0.0853016 0.0927836 0.100416 0.108142 0.115901 0.123629 0.131259 0.138726 0.145962 0.1529 0.159478 0.165633 0.171308 0.176449 0.181007 0.18494 0.18821 0.190786 0.192644 0.193766 0.194141 0.193766 0.192644 0.190786 0.18821 0.18494 0.181007 0.176449 0.171308 0.165633 0.159478 0.1529 0.145962 0.138726 0.131259 0.123629 0.115901 0.108142 0.100416 0.0927836 0.0853016 0.0780227 0.070994 0.0642568 0.0578459 0.0517896 0.0461093 0.0408201 0.0359302 0.0314419 0.0273519 0.0236516 0.020328 0.0173644 0.0147411 0.0124361 0.0104257 0.00868548 0.00719058 0.00591655 0.00483968 0.00393744 0.00318884 0.0025747 0.00207779 0.00168307 0.00137769 0.00115112 0.000995158 0.000903926 
0.001038 0.00107336 0.00118078 0.00136435 0.00163085 0.00198977 0.00245328 0.00303616 0.00375574 0.00463177 0.00568624 0.00694312 0.00842803 0.0101679 0.0121903 0.0145232 0.0171938 0.0202286 0.0236516 0.0274843 0.0317446 0.036446 0.0415967 0.0471989 0.0532487 0.0597349 0.066639 0.0739351 0.0815897 0.0895623 0.0978052 0.106264 0.11488 0.123587 0.132318 0.141001 0.149562 0.157927 0.166023 0.173777 0.181118 0.187981 0.194301 0.200022 0.20509 0.20946 0.21309 0.215949 0.21801 0.219254 0.21967 0.219254 0.21801 0.215949 0.21309 0.20946 0.20509 0.200022 0.194301 0.187981 0.181118 0.173777 0.166023 0.157927 0.149562 0.141001 0.132318 0.123587 0.11488 0.106264 0.0978052 0.0895623 0.0815897 0.0739351 0.066639 0.0597349 0.0532487 0.0471989 0.0415967 0.036446 0.0317446 0.0274843 0.0236516 0.0202286 0.0171938 0.0145232 0.0121903 0.0101679 0.00842803 0.00694312 0.00568624 0.00463177 0.00375574 0.00303616 0.00245328 0.00198977 0.00163085 0.00136435 0.00118078 0.00107336 
0.00122535 0.00126673 0.00139245 0.00160719 0.00191875 0.00233804 0.00287899 0.00355856 0.00439655 0.00541548 0.00664037 0.00809841 0.00981858 0.0118312 0.0141672 0.0168578 0.0199332 0.0234225 0.0273519 0.0317446 0.0366195 0.0419902 0.0478644 0.054243 0.0611195 0.0684795 0.0763004 0.0845513 0.093193 0.102178 0.111453 0.120955 0.130616 0.140365 0.150125 0.159816 0.169357 0.178666 0.187663 0.196268 0.204406 0.212004 0.218995 0.225316 0.230911 0.235731 0.239734 0.242884 0.245154 0.246524 0.246982 0.246524 0.245154 0.242884 0.239734 0.235731 0.230911 0.225316 0.218995 0.212004 0.204406 0.196268 0.187663 0.178666 0.169357 0.159816 0.150125 0.140365 0.130616 0.120955 0.111453 0.102178 0.093193 0.0845513 0.0763004 0.0684795 0.0611195 0.054243 0.0478644 0.0419902 0.0366195 0.0317446 0.0273519 0.0234225 0.0199332 0.0168578 0.0141672 0.0118312 0.00981858 0.00809841 0.00664037 0.00541548 0.00439655 0.00355856 0.00287899 0.00233804 0.00191875 0.00160719 0.00139245 0.00126673 
0.0014377 0.00148585 0.00163209 0.00188177 0.00224381 0.00273066 0.0033582 0.00414573 0.00511573 0.00629375 0.00770805 0.00938927 0.01137 0.0136841 0.0163661 0.0194505 0.0229708 0.0269584 0.0314419 0.036446 0.0419902 0.0480882 0.0547466 0.0619646 0.0697327 0.0780326 0.0868372 0.0961098 0.105805 0.115868 0.126237 0.136842 0.147607 0.158452 0.16929 0.180036 0.190598 0.200889 0.21082 0.220306 0.229266 0.237621 0.245299 0.252235 0.258369 0.26365 0.268032 0.271479 0.273961 0.275459 0.27596 0.275459 0.273961 0.271479 0.268032 0.26365 0.258369 0.252235 0.245299 0.237621 0.229266 0.220306 0.21082 0.200889 0.190598 0.180036 0.16929 0.158452 0.147607 0.136842 0.126237 0.115868 0.105805 0.0961098 0.0868372 0.0780326 0.0697327 0.0619646 0.0547466 0.0480882 0.0419902 0.036446 0.0314419 0.0269584 0.0229708 0.0194505 0.0163661 0.0136841 0.01137 0.00938927 0.00770805 0.00629375 0.00511573 0.00414573 0.0033582 0.00273066 0.00224381 0.00188177 0.00163209 0.00148585 
0.00167667 0.00173235 0.00190144 0.00219001 0.0026082 0.00317012 0.00389377 0.00480097 0.0059171 0.00727094 0.00889423 0.0108213 0.0130885 0.0157335 0.0187945 0.0223094 0.0263148 0.0308449 0.0359302 0.0415967 0.0478644 0.0547466 0.0622487 0.0703672 0.0790894 0.0883926 0.098244 0.108601 0.11941 0.130611 0.142131 0.153893 0.165812 0.177799 0.189759 0.201596 0.213214 0.224515 0.235406 0.245794 0.255591 0.264717 0.273094 0.280653 0.287332 0.293076 0.29784 0.301585 0.304282 0.305908 0.306452 0.305908 0.304282 0.301585 0.29784 0.293076 0.287332 0.280653 0.273094 0.264717 0.255591 0.245794 0.235406 0.224515 0.213214 0.201596 0.189759 0.177799 0.165812 0.153893 0.142131 0.130611 0.11941 0.108601 0.098244 0.0883926 0.0790894 0.0703672 0.0622487 0.0547466 0.0478644 0.0415967 0.0359302 0.0308449 0.0263148 0.0223094 0.0187945 0.0157335 0.0130885 0.0108213 0.00889423 0.00727094 0.0059171 0.00480097 0.00389377 0.00317012 0.0026082 0.00219001 0.00190144 0.00173235 
0.00194363 0.00200765 0.002202 0.00253355 0.00301374 0.00365847 0.00448803 0.00552692 0.00680366 0.00835042 0.0102027 0.0123986 0.0149785 0.017984 0.0214571 0.0254392 0.0299699 0.0350861 0.0408201 0.0471989 0.054243 0.0619646 0.0703672 0.0794446 0.0891799 0.0995453 0.110502 0.122 0.13398 0.14637 0.159091 0.172056 0.185171 0.198337 0.211452 0.22441 0.237107 0.249438 0.261303 0.272604 0.283248 0.293149 0.302227 0.310409 0.317633 0.32384 0.328984 0.333025 0.335934 0.337687 0.338273 0.337687 0.335934 0.333025 0.328984 0.32384 0.317633 0.310409 0.302227 0.293149 0.283248 0.272604 0.261303 0.249438 0.237107 0.22441 0.211452 0.198337 0.185171 0.172056 0.159091 0.14637 0.13398 0.122 0.110502 0.0995453 0.0891799 0.0794446 0.0703672 0.0619646 0.054243 0.0471989 0.0408201 0.0350861 0.0299699 0.0254392 0.0214571 0.017984 0.0149785 0.0123986 0.0102027 0.00835042 0.00680366 0.00552692 0.00448803 0.00365847 0.00301374 0.00253355 0.002202 0.00200765 
0.00223971 0.00231288 0.00253495 0.00291366 0.00346181 0.00419725 0.00514267 0.00632546 0.00777742 0.00953435 0.0116356 0.0141234 0.0170422 0.0204376 0.0243556 0.0288409 0.0339364 0.0396812 0.0461093 0.0532487 0.0611195 0.0697327 0.0790894 0.0891799 0.0999825 0.111464 0.123578 0.136269 0.149466 0.16309 0.177054 0.191259 0.205602 0.219976 0.234267 0.248364 0.262153 0.275524 0.288368 0.300584 0.312073 0.322745 0.332518 0.341318 0.349078 0.35574 0.361257 0.365589 0.368705 0.370583 0.371211 0.370583 0.368705 0.365589 0.361257 0.35574 0.349078 0.341318 0.332518 0.322745 0.312073 0.300584 0.288368 0.275524 0.262153 0.248364 0.234267 0.219976 0.205602 0.191259 0.177054 0.16309 0.149466 0.136269 0.123578 0.111464 0.0999825 0.0891799 0.0790894 0.0697327 0.0611195 0.0532487 0.0461093 0.0396812 0.0339364 0.0288409 0.0243556 0.0204376 0.0170422 0.0141234 0.0116356 0.00953435 0.00777742 0.00632546 0.00514267 0.00419725 0.00346181 0.00291366 0.00253495 0.00231288 
0.00256568 0.00264882 0.00290111 0.00333117 0.00395329 0.00478735 0.00585861 0.0071975 0.00883926 0.0108235 0.0131936 0.0159961 0.0192795 0.0230936 0.0274882 0.0325118 0.0382099 0.044624 0.0517896 0.0597349 0.0684795 0.0780326 0.0883926 0.0995453 0.111464 0.124109 0.137426 0.151351 0.165805 0.1807 0.195937 0.211409 0.227003 0.2426 0.258081 0.273324 0.288208 0.302616 0.316434 0.329555 0.341878 0.353309 0.363763 0.373165 0.381447 0.388552 0.39443 0.399042 0.402358 0.404357 0.405024 0.404357 0.402358 0.399042 0.39443 0.388552 0.381447 0.373165 0.363763 0.353309 0.341878 0.329555 0.316434 0.302616 0.288208 0.273324 0.258081 0.2426 0.227003 0.211409 0.195937 0.1807 0.165805 0.151351 0.137426 0.124109 0.111464 0.0995453 0.0883926 0.0780326 0.0684795 0.0597349 0.0517896 0.044624 0.0382099 0.0325118 0.0274882 0.0230936 0.0192795 0.0159961 0.0131936 0.0108235 0.00883926 0.0071975 0.00585861 0.00478735 0.00395329 0.00333117 0.00290111 0.00264882 
0.00292192 0.00301585 0.00330082 0.0037864 0.00448845 0.00542896 0.00663591 0.00814289 0.00998876 0.0122171 0.0148754 0.0180145 0.0216874 0.0259479 0.0308498 0.0364447 0.0427813 0.0499028 0.0578459 0.066639 0.0763004 0.0868372 0.098244 0.110502 0.123578 0.137426 0.151984 0.167178 0.18292 0.19911 0.215642 0.232396 0.249251 0.266079 0.282749 0.299133 0.315104 0.330536 0.345312 0.35932 0.372455 0.384623 0.395735 0.405717 0.4145 0.422027 0.42825 0.43313 0.436636 0.438749 0.439454 0.438749 0.436636 0.43313 0.42825 0.422027 0.4145 0.405717 0.395735 0.384623 0.372455 0.35932 0.345312 0.330536 0.315104 0.299133 0.282749 0.266079 0.249251 0.232396 0.215642 0.19911 0.18292 0.167178 0.151984 0.137426 0.123578 0.110502 0.098244 0.0868372 0.0763004 0.066639 0.0578459 0.0499028 0.0427813 0.0364447 0.0308498 0.0259479 0.0216874 0.0180145 0.0148754 0.0122171 0.00998876 0.00814289 0.00663591 0.00542896 0.00448845 0.0037864 0.00330082 0.00301585 
0.00330835 0.00341386 0.00373393 0.0042791 0.00506686 0.00612145 0.00747364 0.00916033 0.0112241 0.0137126 0.0166776 0.0201744 0.0242602 0.0289932 0.0344308 0.040628 0.047636 0.0554998 0.0642568 0.0739351 0.0845513 0.0961098 0.108601 0.122 0.136269 0.151351 0.167178 0.183665 0.200714 0.218216 0.236052 0.254094 0.272209 0.290261 0.30811 0.32562 0.342656 0.359089 0.374796 0.389661 0.403579 0.416451 0.428192 0.438724 0.447981 0.455906 0.462452 0.467582 0.471266 0.473485 0.474226 0.473485 0.471266 0.467582 0.462452 0.455906 0.447981 0.438724 0.428192 0.416451 0.403579 0.389661 0.374796 0.359089 0.342656 0.32562 0.30811 0.290261 0.272209 0.254094 0.236052 0.218216 0.200714 0.183665 0.167178 0.151351 0.136269 0.122 0.108601 0.0961098 0.0845513 0.0739351 0.0642568 0.0554998 0.047636 0.040628 0.0344308 0.0289932 0.0242602 0.0201744 0.0166776 0.0137126 0.0112241 0.00916033 0.00747364 0.00612145 0.00506686 0.0042791 0.00373393 0.00341386 
0.00372436 0.00384222 0.0041997 0.00480836 0.00568737 0.00686331 0.00836982 0.0102472 0.0125419 0.0153057 0.0185948 0.0224687 0.0269893 0.0322187 0.0382179 0.0450454 0.0527543 0.0613912 0.070994 0.0815897 0.093193 0.105805 0.11941 0.13398 0.149466 0.165805 0.18292 0.200714 0.21908 0.237897 0.257037 0.27636 0.295723 0.314981 0.333987 0.352595 0.370666 0.388065 0.404666 0.42035 0.43501 0.448549 0.460879 0.471926 0.481623 0.489917 0.496761 0.502121 0.505968 0.508284 0.509057 0.508284 0.505968 0.502121 0.496761 0.489917 0.481623 0.471926 0.460879 0.448549 0.43501 0.42035 0.404666 0.388065 0.370666 0.352595 0.333987 0.314981 0.295723 0.27636 0.257037 0.237897 0.21908 0.200714 0.18292 0.165805 0.149466 0.13398 0.11941 0.105805 0.093193 0.0815897 0.070994 0.0613912 0.0527543 0.0450454 0.0382179 0.0322187 0.0269893 0.0224687 0.0185948 0.0153057 0.0125419 0.0102472 0.00836982 0.00686331 0.00568737 0.00480836 0.0041997 0.00384222 
0.00416881 0.00429975 0.00469679 0.00537259 0.00634804 0.00765209 0.00932136 0.0113996 0.0139372 0.0169902 0.0206191 0.0248879 0.0298628 0.0356099 0.0421938 0.0496758 0.0581111 0.0675475 0.0780227 0.0895623 0.102178 0.115868 0.130611 0.14637 0.16309 0.1807 0.19911 0.218216 0.237897 0.258024 0.278455 0.299041 0.319629 0.340064 0.360192 0.379861 0.398925 0.417247 0.434695 0.451151 0.466506 0.480664 0.49354 0.505059 0.515158 0.523787 0.530901 0.536467 0.54046 0.542863 0.543665 0.542863 0.54046 0.536467 0.530901 0.523787 0.515158 0.505059 0.49354 0.480664 0.466506 0.451151 0.434695 0.417247 0.398925 0.379861 0.360192 0.340064 0.319629 0.299041 0.278455 0.258024 0.237897 0.218216 0.19911 0.1807 0.16309 0.14637 0.130611 0.115868 0.102178 0.0895623 0.0780227 0.0675475 0.0581111 0.0496758 0.0421938 0.0356099 0.0298628 0.0248879 0.0206191 0.0169902 0.0139372 0.0113996 0.00932136 0.00765209 0.00634804 0.00537259 0.00469679 0.00429975 
0.00463996 0.00478463 0.00522323 0.00596948 0.00704606 0.00848435 0.010324 0.0126123 0.0154035 0.0187579 0.0227405 0.0274197 0.0328658 0.0391488 0.0463368 0.0544936 0.0636764 0.0739333 0.0853016 0.0978052 0.111453 0.126237 0.142131 0.159091 0.177054 0.195937 0.215642 0.236052 0.257037 0.278455 0.300153 0.321973 0.343751 0.365325 0.386531 0.407213 0.42722 0.44641 0.464652 0.481825 0.497821 0.512546 0.525916 0.537861 0.548321 0.557246 0.564598 0.570346 0.574467 0.576946 0.577773 0.576946 0.574467 0.570346 0.564598 0.557246 0.548321 0.537861 0.525916 0.512546 0.497821 0.481825 0.464652 0.44641 0.42722 0.407213 0.386531 0.365325 0.343751 0.321973 0.300153 0.278455 0.257037 0.236052 0.215642 0.195937 0.177054 0.159091 0.142131 0.126237 0.111453 0.0978052 0.0853016 0.0739333 0.0636764 0.0544936 0.0463368 0.0391488 0.0328658 0.0274197 0.0227405 0.0187579 0.0154035 0.0126123 0.010324 0.00848435 0.00704606 0.00596948 0.00522323 0.00478463 
0.00513548 0.00529445 0.00577634 0.00659595 0.00777779 0.00935566 0.0113723 0.0138785 0.0169325 0.0205988 0.0249468 0.0300492 0.0359803 0.0428141 0.0506216 0.059469 0.0694148 0.0805076 0.0927836 0.106264 0.120955 0.136842 0.153893 0.172056 0.191259 0.211409 0.232396 0.254094 0.27636 0.299041 0.321973 0.344987 0.367912 0.390575 0.412807 0.434446 0.455336 0.475335 0.494308 0.512137 0.528714 0.543948 0.557759 0.570079 0.580852 0.590035 0.597592 0.603495 0.607724 0.610267 0.611116 0.610267 0.607724 0.603495 0.597592 0.590035 0.580852 0.570079 0.557759 0.543948 0.528714 0.512137 0.494308 0.475335 0.455336 0.434446 0.412807 0.390575 0.367912 0.344987 0.321973 0.299041 0.27636 0.254094 0.232396 0.211409 0.191259 0.172056 0.153893 0.136842 0.120955 0.106264 0.0927836 0.0805076 0.0694148 0.059469 0.0506216 0.0428141 0.0359803 0.0300492 0.0249468 0.0205988 0.0169325 0.0138785 0.0113723 0.00935566 0.00777779 0.00659595 0.00577634 0.00529445 
0.00565239 0.00582616 0.00635279 0.00724821 0.00853872 0.0102606 0.0124596 0.0151901 0.0185144 0.0225009 0.0272234 0.0327589 0.0391857 0.046581 0.0550191 0.0645678 0.0752869 0.0872248 0.100416 0.11488 0.130616 0.147607 0.165812 0.185171 0.205602 0.227003 0.249251 0.272209 0.295723 0.319629 0.343751 0.367912 0.391929 0.415624 0.438821 0.461353 0.483062 0.503801 0.52344 0.541859 0.558954 0.574636 0.588829 0.601471 0.612512 0.62191 0.629636 0.635667 0.639985 0.64258 0.643446 0.64258 0.639985 0.635667 0.629636 0.62191 0.612512 0.601471 0.588829 0.574636 0.558954 0.541859 0.52344 0.503801 0.483062 0.461353 0.438821 0.415624 0.391929 0.367912 0.343751 0.319629 0.295723 0.272209 0.249251 0.227003 0.205602 0.185171 0.165812 0.147607 0.130616 0.11488 0.100416 0.0872248 0.0752869 0.0645678 0.0550191 0.046581 0.0391857 0.0327589 0.0272234 0.0225009 0.0185144 0.0151901 0.0124596 0.0102606 0.00853872 0.00724821 0.00635279 0.00582616 
0.00618715 0.00637608 0.00694859 0.0079217 0.00932351 0.0111928 0.0135783 0.0165379 0.0201377 0.0244505 0.029554 0.0355292 0.0424584 0.050422 0.0594966 0.0697523 0.081249 0.0940348 0.108142 0.123587 0.140365 0.158452 0.177799 0.198337 0.219976 0.2426 0.266079 0.290261 0.314981 0.340064 0.365325 0.390575 0.415624 0.440286 0.464381 0.487736 0.510192 0.531603 0.551836 0.570776 0.588322 0.604389 0.618906 0.631817 0.643075 0.652648 0.660508 0.666638 0.671025 0.67366 0.674538 0.67366 0.671025 0.666638 0.660508 0.652648 0.643075 0.631817 0.618906 0.604389 0.588322 0.570776 0.551836 0.531603 0.510192 0.487736 0.464381 0.440286 0.415624 0.390575 0.365325 0.340064 0.314981 0.290261 0.266079 0.2426 0.219976 0.198337 0.177799 0.158452 0.140365 0.123587 0.108142 0.0940348 0.081249 0.0697523 0.0594966 0.050422 0.0424584 0.0355292 0.029554 0.0244505 0.0201377 0.0165379 0.0135783 0.0111928 0.00932351 0.0079217 0.00694859 0.00637608 
0.00673559 0.00693995 0.0075591 0.00861117 0.0101261 0.0121449 0.0147195 0.0179112 0.0217899 0.0264322 0.03192 0.0383382 0.0457725 0.0543065 0.064019 0.0749814 0.087254 0.100884 0.115901 0.132318 0.150125 0.16929 0.189759 0.211452 0.234267 0.258081 0.282749 0.30811 0.333987 0.360192 0.386531 0.412807 0.438821 0.464381 0.489301 0.513406 0.536536 0.558544 0.579299 0.59869 0.61662 0.633008 0.64779 0.660915 0.672344 0.682049 0.690009 0.696211 0.700646 0.703309 0.704197 0.703309 0.700646 0.696211 0.690009 0.682049 0.672344 0.660915 0.64779 0.633008 0.61662 0.59869 0.579299 0.558544 0.536536 0.513406 0.489301 0.464381 0.438821 0.412807 0.386531 0.360192 0.333987 0.30811 0.282749 0.258081 0.234267 0.211452 0.189759 0.16929 0.150125 0.132318 0.115901 0.100884 0.087254 0.0749814 0.064019 0.0543065 0.0457725 0.0383382 0.03192 0.0264322 0.0217899 0.0179112 0.0147195 0.0121449 0.0101261 0.00861117 0.0075591 0.00693995 
0.00729303 0.00751294 0.00817912 0.00931075 0.0109395 0.0131089 0.0158736 0.0192984 0.0234567 0.0284292 0.0343014 0.0411622 0.0491002 0.058202 0.0685483 0.0802115 0.093252 0.107715 0.123629 0.141001 0.159816 0.180036 0.201596 0.22441 0.248364 0.273324 0.299133 0.32562 0.352595 0.379861 0.407213 0.434446 0.461353 0.487736 0.513406 0.538186 0.561914 0.584444 0.60565 0.625421 0.643668 0.660315 0.675304 0.688591 0.700145 0.709942 0.717969 0.724217 0.728682 0.731361 0.732255 0.731361 0.728682 0.724217 0.717969 0.709942 0.700145 0.688591 0.675304 0.660315 0.643668 0.625421 0.60565 0.584444 0.561914 0.538186 0.513406 0.487736 0.461353 0.434446 0.407213 0.379861 0.352595 0.32562 0.299133 0.273324 0.248364 0.22441 0.201596 0.180036 0.159816 0.141001 0.123629 0.107715 0.093252 0.0802115 0.0685483 0.058202 0.0491002 0.0411622 0.0343014 0.0284292 0.0234567 0.0192984 0.0158736 0.0131089 0.0109395 0.00931075 0.00817912 0.00751294 
0.0078543 0.00808975 0.00880289 0.010014 0.0117563 0.0140758 0.01703 0.0206868 0.0251232 0.0304235 0.036677 0.0439758 0.0524119 0.062074 0.0730448 0.0853971 0.0991909 0.11447 0.131259 0.149562 0.169357 0.190598 0.213214 0.237107 0.262153 0.288208 0.315104 0.342656 0.370666 0.398925 0.42722 0.455336 0.483062 0.510192 0.536536 0.561914 0.586164 0.609143 0.630728 0.650812 0.669311 0.686157 0.701299 0.714699 0.726333 0.736185 0.744248 0.750517 0.754994 0.75768 0.758575 0.75768 0.754994 0.750517 0.744248 0.736185 0.726333 0.714699 0.701299 0.686157 0.669311 0.650812 0.630728 0.609143 0.586164 0.561914 0.536536 0.510192 0.483062 0.455336 0.42722 0.398925 0.370666 0.342656 0.315104 0.288208 0.262153 0.237107 0.213214 0.190598 0.169357 0.149562 0.131259 0.11447 0.0991909 0.0853971 0.0730448 0.062074 0.0524119 0.0439758 0.036677 0.0304235 0.0251232 0.0206868 0.01703 0.0140758 0.0117563 0.010014 0.00880289 0.00808975 
0.00841382 0.00866464 0.00942425 0.0107139 0.0125686 0.0150364 0.0181775 0.022063 0.0267733 0.0323961 0.0390243 0.0467529 0.0556768 0.065887 0.0774673 0.0904912 0.105018 0.121089 0.138726 0.157927 0.178666 0.200889 0.224515 0.249438 0.275524 0.302616 0.330536 0.359089 0.388065 0.417247 0.44641 0.475335 0.503801 0.531603 0.558544 0.584444 0.609143 0.632501 0.654395 0.674728 0.693419 0.710408 0.725651 0.739119 0.750793 0.760666 0.768736 0.775005 0.779478 0.78216 0.783054 0.78216 0.779478 0.775005 0.768736 0.760666 0.750793 0.739119 0.725651 0.710408 0.693419 0.674728 0.654395 0.632501 0.609143 0.584444 0.558544 0.531603 0.503801 0.475335 0.44641 0.417247 0.388065 0.359089 0.330536 0.302616 0.275524 0.249438 0.224515 0.200889 0.178666 0.157927 0.138726 0.121089 0.105018 0.0904912 0.0774673 0.065887 0.0556768 0.0467529 0.0390243 0.0323961 0.0267733 0.022063 0.0181775 0.0150364 0.0125686 0.0107139 0.00942425 0.00866464 
0.00896568 0.00923157 0.0100367 0.0114032 0.0133678 0.0159806 0.0193044 0.0234132 0.0283906 0.0343276 0.0413201 0.0494663 0.0588635 0.0696045 0.0817743 0.0954463 0.110679 0.127511 0.145962 0.166023 0.187663 0.21082 0.235406 0.261303 0.288368 0.316434 0.345312 0.374796 0.404666 0.434695 0.464652 0.494308 0.52344 0.551836 0.579299 0.60565 0.630728 0.654395 0.676536 0.697057 0.715885 0.732967 0.748265 0.761759 0.773438 0.783301 0.791354 0.797604 0.802059 0.804729 0.805619 0.804729 0.802059 0.797604 0.791354 0.783301 0.773438 0.761759 0.748265 0.732967 0.715885 0.697057 0.676536 0.654395 0.630728 0.60565 0.579299 0.551836 0.52344 0.494308 0.464652 0.434695 0.404666 0.374796 0.345312 0.316434 0.288368 0.261303 0.235406 0.21082 0.187663 0.166023 0.145962 0.127511 0.110679 0.0954463 0.0817743 0.0696045 0.0588635 0.0494663 0.0413201 0.0343276 0.0283906 0.0234132 0.0193044 0.0159806 0.0133678 0.0114032 0.0100367 0.00923157 
0.00950377 0.00978424 0.0106334 0.0120745 0.0141454 0.0168984 0.0203987 0.0247231 0.0299581 0.0361978 0.043541 0.0520886 0.0619401 0.0731898 0.0859237 0.100215 0.11612 0.133677 0.1529 0.173777 0.196268 0.220306 0.245794 0.272604 0.300584 0.329555 0.35932 0.389661 0.42035 0.451151 0.481825 0.512137 0.541859 0.570776 0.59869 0.625421 0.650812 0.674728 0.697057 0.717713 0.736628 0.753757 0.769071 0.782556 0.794209 0.804037 0.812051 0.818265 0.822692 0.825343 0.826226 0.825343 0.822692 0.818265 0.812051 0.804037 0.794209 0.782556 0.769071 0.753757 0.736628 0.717713 0.697057 0.674728 0.650812 0.625421 0.59869 0.570776 0.541859 0.512137 0.481825 0.451151 0.42035 0.389661 0.35932 0.329555 0.300584 0.272604 0.245794 0.220306 0.196268 0.173777 0.1529 0.133677 0.11612 0.100215 0.0859237 0.0731898 0.0619401 0.0520886 0.043541 0.0361978 0.0299581 0.0247231 0.0203987 0.0168984 0.0141454 0.0120745 0.0106334 0.00978424 
