0.00242085 0.002448 0.00252963 0.0026663 0.00285895 0.00310883 0.00341752 0.00378685 0.00421889 0.00471586 0.00528008 0.00591391 0.00661967 0.00739956 0.00825559 0.00918947 0.0102026 0.0112958 0.0124695 0.0137235 0.0150568 0.0164679 0.0179543 0.0195127 0.0211389 0.0228279 0.0245738 0.0263696 0.0282077 0.0300793 0.0319752 0.0338851 0.0357983 0.0377034 0.0395887 0.0414419 0.0432507 0.0450026 0.0466852 0.0482863 0.0497939 0.0511967 0.0524837 0.053645 0.0546712 0.0555541 0.0562867 0.0568628 0.0572777 0.057528 0.0576117 0.057528 0.0572777 0.0568628 0.0562867 0.0555541 0.0546712 0.053645 0.0524837 0.0511967 0.0497939 0.0482863 0.0466852 0.0450026 0.0432507 0.0414419 0.0395887 0.0377034 0.0357983 0.0338851 0.0319752 0.0300793 0.0282077 0.0263696 0.0245738 0.0228279 0.0211389 0.0195127 0.0179543 0.0164679 0.0150568 0.0137235 0.0124695 0.0112958 0.0102026 0.00918947 0.00825559 0.00739956 0.00661967 0.00591391 0.00528008 0.00471586 0.00421889 0.00378685 0.00341752 0.00310883 0.00285895 0.0026663 0.00252963 0.002448 
0.002448 0.00247542 0.00255789 0.00269596 0.00289057 0.00314299 0.00345481 0.00382788 0.00426426 0.0047662 0.00533603 0.00597613 0.00668882 0.00747633 0.00834066 0.00928354 0.0103063 0.0114099 0.0125947 0.0138604 0.0152061 0.0166302 0.0181302 0.0197027 0.0213436 0.0230478 0.0248091 0.0266208 0.0284749 0.0303628 0.032275 0.0342013 0.0361308 0.038052 0.0399532 0.0418219 0.0436457 0.0454121 0.0471086 0.0487228 0.0502427 0.0516568 0.0529543 0.0541249 0.0551594 0.0560494 0.0567878 0.0573685 0.0577868 0.0580391 0.0581234 0.0580391 0.0577868 0.0573685 0.0567878 0.0560494 0.0551594 0.0541249 0.0529543 0.0516568 0.0502427 0.0487228 0.0471086 0.0454121 0.0436457 0.0418219 0.0399532 0.038052 0.0361308 0.0342013 0.032275 0.0303628 0.0284749 0.0266208 0.0248091 0.0230478 0.0213436 0.0197027 0.0181302 0.0166302 0.0152061 0.0138604 0.0125947 0.0114099 0.0103063 0.00928354 0.00834066 0.00747633 0.00668882 0.00597613 0.00533603 0.0047662 0.00426426 0.00382788 0.00345481 0.00314299 0.00289057 0.00269596 0.00255789 0.00247542 
0.00252963 0.00255789 0.00264286 0.00278513 0.00298564 0.0032457 0.00356692 0.00395119 0.00440062 0.00491749 0.00550419 0.00616311 0.00689665 0.00770703 0.0085963 0.0095662 0.0106181 0.0117528 0.0129708 0.0142718 0.0156547 0.0171178 0.0186586 0.0202736 0.0219585 0.023708 0.0255158 0.027375 0.0292774 0.0312141 0.0331754 0.0351508 0.0371292 0.0390988 0.0410475 0.0429627 0.0448316 0.0466415 0.0483795 0.050033 0.0515898 0.0530382 0.0543669 0.0555656 0.0566248 0.0575361 0.0582921 0.0588866 0.0593148 0.0595731 0.0596594 0.0595731 0.0593148 0.0588866 0.0582921 0.0575361 0.0566248 0.0555656 0.0543669 0.0530382 0.0515898 0.050033 0.0483795 0.0466415 0.0448316 0.0429627 0.0410475 0.0390988 0.0371292 0.0351508 0.0331754 0.0312141 0.0292774 0.027375 0.0255158 0.023708 0.0219585 0.0202736 0.0186586 0.0171178 0.0156547 0.0142718 0.0129708 0.0117528 0.0106181 0.0095662 0.0085963 0.00770703 0.00689665 0.00616311 0.00550419 0.00491749 0.00440062 0.00395119 0.00356692 0.0032457 0.00298564 0.00278513 0.00264286 0.00255789 
0.0026663 0.00269596 0.00278513 0.00293441 0.0031448 0.00341763 0.00375457 0.00415756 0.0046288 0.00517063 0.0057855 0.0064759 0.00724425 0.00809285 0.00902379 0.0100388 0.0111393 0.0123261 0.0135996 0.0149593 0.0164043 0.0179326 0.0195415 0.0212274 0.0229857 0.0248108 0.0266963 0.0286347 0.0306175 0.0326356 0.0346788 0.0367361 0.038796 0.0408463 0.0428742 0.0448669 0.0468111 0.0486934 0.0505006 0.0522197 0.053838 0.0553432 0.056724 0.0579695 0.0590699 0.0600166 0.0608019 0.0614194 0.0618641 0.0621324 0.0622221 0.0621324 0.0618641 0.0614194 0.0608019 0.0600166 0.0590699 0.0579695 0.056724 0.0553432 0.053838 0.0522197 0.0505006 0.0486934 0.0468111 0.0448669 0.0428742 0.0408463 0.038796 0.0367361 0.0346788 0.0326356 0.0306175 0.0286347 0.0266963 0.0248108 0.0229857 0.0212274 0.0195415 0.0179326 0.0164043 0.0149593 0.0135996 0.0123261 0.0111393 0.0100388 0.00902379 0.00809285 0.00724425 0.0064759 0.0057855 0.00517063 0.0046288 0.00415756 0.00375457 0.00341763 0.0031448 0.00293441 0.00278513 0.00269596 
0.00285895 0.00289057 0.00298564 0.0031448 0.00336907 0.00365985 0.00401889 0.00444822 0.00495012 0.00552704 0.00618152 0.00691614 0.00773342 0.00863573 0.00962519 0.0107036 0.0118724 0.0131323 0.0144836 0.015926 0.017458 0.0190778 0.0207823 0.0225675 0.0244287 0.0263599 0.0283542 0.0304037 0.0324994 0.0346315 0.0367894 0.0389614 0.0411355 0.0432986 0.0454377 0.0475388 0.0495883 0.051572 0.0534761 0.0552869 0.0569911 0.058576 0.0600295 0.0613405 0.0624987 0.0634948 0.0643211 0.0649707 0.0654386 0.0657209 0.0658152 0.0657209 0.0654386 0.0649707 0.0643211 0.0634948 0.0624987 0.0613405 0.0600295 0.058576 0.0569911 0.0552869 0.0534761 0.051572 0.0495883 0.0475388 0.0454377 0.0432986 0.0411355 0.0389614 0.0367894 0.0346315 0.0324994 0.0304037 0.0283542 0.0263599 0.0244287 0.0225675 0.0207823 0.0190778 0.017458 0.015926 0.0144836 0.0131323 0.0118724 0.0107036 0.00962519 0.00863573 0.00773342 0.00691614 0.00618152 0.00552704 0.00495012 0.00444822 0.00401889 0.00365985 0.00336907 0.0031448 0.00298564 0.00289057 
0.00310883 0.00314299 0.0032457 0.00341763 0.00365985 0.00397385 0.00436148 0.00482486 0.0053664 0.00598867 0.00669434 0.00748611 0.0083666 0.00933827 0.0104033 0.0115636 0.0128205 0.0141747 0.0156266 0.0171754 0.0188198 0.0205575 0.0223852 0.0242986 0.0262924 0.0283603 0.0304947 0.0326872 0.0349281 0.0372071 0.0395125 0.0418322 0.0441531 0.0464615 0.0487433 0.0509839 0.0531686 0.0552826 0.0573112 0.0592398 0.0610545 0.0627417 0.0642888 0.0656838 0.066916 0.0679757 0.0688545 0.0695455 0.0700431 0.0703432 0.0704436 0.0703432 0.0700431 0.0695455 0.0688545 0.0679757 0.066916 0.0656838 0.0642888 0.0627417 0.0610545 0.0592398 0.0573112 0.0552826 0.0531686 0.0509839 0.0487433 0.0464615 0.0441531 0.0418322 0.0395125 0.0372071 0.0349281 0.0326872 0.0304947 0.0283603 0.0262924 0.0242986 0.0223852 0.0205575 0.0188198 0.0171754 0.0156266 0.0141747 0.0128205 0.0115636 0.0104033 0.00933827 0.0083666 0.00748611 0.00669434 0.00598867 0.0053664 0.00482486 0.00436148 0.00397385 0.00365985 0.00341763 0.0032457 0.00314299 
0.00341752 0.00345481 0.00356692 0.00375457 0.00401889 0.00436148 0.00478427 0.00528956 0.00587987 0.00655793 0.00732656 0.00818859 0.0091468 0.0102037 0.0113617 0.0126225 0.0139876 0.0154577 0.0170329 0.0187124 0.0204946 0.0223769 0.0243556 0.0264261 0.0285825 0.0308177 0.0331238 0.0354913 0.0379101 0.0403686 0.0428547 0.0453549 0.0478553 0.0503412 0.0527975 0.0552085 0.0575585 0.0598317 0.0620122 0.0640847 0.0660342 0.0678463 0.0695074 0.071005 0.0723276 0.0734648 0.0744078 0.0751491 0.0756829 0.0760049 0.0761125 0.0760049 0.0756829 0.0751491 0.0744078 0.0734648 0.0723276 0.071005 0.0695074 0.0678463 0.0660342 0.0640847 0.0620122 0.0598317 0.0575585 0.0552085 0.0527975 0.0503412 0.0478553 0.0453549 0.0428547 0.0403686 0.0379101 0.0354913 0.0331238 0.0308177 0.0285825 0.0264261 0.0243556 0.0223769 0.0204946 0.0187124 0.0170329 0.0154577 0.0139876 0.0126225 0.0113617 0.0102037 0.0091468 0.00818859 0.00732656 0.00655793 0.00587987 0.00528956 0.00478427 0.00436148 0.00401889 0.00375457 0.00356692 0.00345481 
0.00378685 0.00382788 0.00395119 0.00415756 0.00444822 0.00482486 0.00528956 0.00584475 0.00649313 0.00723761 0.00808118 0.00902683 0.0100775 0.0112358 0.0125042 0.0138845 0.0153782 0.0169859 0.0187076 0.0205422 0.022488 0.0245418 0.0266997 0.0289564 0.0313054 0.0337389 0.0362482 0.0388231 0.0414523 0.0441234 0.0468229 0.0495366 0.0522493 0.054945 0.0576074 0.0602197 0.0627648 0.0652258 0.0675857 0.069828 0.0719365 0.0738958 0.0756915 0.0773101 0.0787391 0.0799677 0.0809863 0.081787 0.0823635 0.0827112 0.0828274 0.0827112 0.0823635 0.081787 0.0809863 0.0799677 0.0787391 0.0773101 0.0756915 0.0738958 0.0719365 0.069828 0.0675857 0.0652258 0.0627648 0.0602197 0.0576074 0.054945 0.0522493 0.0495366 0.0468229 0.0441234 0.0414523 0.0388231 0.0362482 0.0337389 0.0313054 0.0289564 0.0266997 0.0245418 0.022488 0.0205422 0.0187076 0.0169859 0.0153782 0.0138845 0.0125042 0.0112358 0.0100775 0.00902683 0.00808118 0.00723761 0.00649313 0.00584475 0.00528956 0.00482486 0.00444822 0.00415756 0.00395119 0.00382788 
0.00421889 0.00426426 0.00440062 0.0046288 0.00495012 0.0053664 0.00587987 0.00649313 0.00720909 0.00803082 0.00896153 0.0100044 0.0111625 0.0124386 0.0138353 0.0153544 0.0169973 0.0187646 0.0206562 0.0226707 0.024806 0.0270586 0.0294239 0.0318961 0.034468 0.037131 0.0398752 0.0426897 0.045562 0.0484786 0.0514247 0.0543848 0.0573422 0.0602799 0.06318 0.0660242 0.0687942 0.0714716 0.0740381 0.0764758 0.0787673 0.0808962 0.0828466 0.0846043 0.0861558 0.0874895 0.0885951 0.089464 0.0900895 0.0904668 0.0905929 0.0904668 0.0900895 0.089464 0.0885951 0.0874895 0.0861558 0.0846043 0.0828466 0.0808962 0.0787673 0.0764758 0.0740381 0.0714716 0.0687942 0.0660242 0.06318 0.0602799 0.0573422 0.0543848 0.0514247 0.0484786 0.045562 0.0426897 0.0398752 0.037131 0.034468 0.0318961 0.0294239 0.0270586 0.024806 0.0226707 0.0206562 0.0187646 0.0169973 0.0153544 0.0138353 0.0124386 0.0111625 0.0100044 0.00896153 0.00803082 0.00720909 0.00649313 0.00587987 0.0053664 0.00495012 0.0046288 0.00440062 0.00426426 
0.00471586 0.0047662 0.00491749 0.00517063 0.00552704 0.00598867 0.00655793 0.00723761 0.00803082 0.00894087 0.00997116 0.0111251 0.0124059 0.0138165 0.0153595 0.0170369 0.01885 0.0207993 0.0228844 0.0251038 0.0274549 0.0299336 0.0325349 0.0352522 0.0380773 0.0410009 0.044012 0.0470984 0.0502465 0.0534414 0.0566671 0.0599063 0.0631411 0.0663527 0.0695218 0.0726285 0.0756528 0.0785749 0.0813748 0.0840333 0.0865317 0.0888519 0.0909772 0.0928919 0.0945817 0.096034 0.0972376 0.0981835 0.0988645 0.0992751 0.0994123 0.0992751 0.0988645 0.0981835 0.0972376 0.096034 0.0945817 0.0928919 0.0909772 0.0888519 0.0865317 0.0840333 0.0813748 0.0785749 0.0756528 0.0726285 0.0695218 0.0663527 0.0631411 0.0599063 0.0566671 0.0534414 0.0502465 0.0470984 0.044012 0.0410009 0.0380773 0.0352522 0.0325349 0.0299336 0.0274549 0.0251038 0.0228844 0.0207993 0.01885 0.0170369 0.0153595 0.0138165 0.0124059 0.0111251 0.00997116 0.00894087 0.00803082 0.00723761 0.00655793 0.00598867 0.00552704 0.00517063 0.00491749 0.0047662 
0.00528008 0.00533603 0.00550419 0.0057855 0.00618152 0.00669434 0.00732656 0.00808118 0.00896153 0.00997116 0.0111137 0.0123928 0.0138118 0.0153738 0.0170816 0.0189371 0.0209416 0.0230954 0.025398 0.0278475 0.0304407 0.0331733 0.0360392 0.0390311 0.04214 0.0453554 0.0486652 0.0520559 0.0555125 0.0590185 0.0625564 0.0661074 0.0696518 0.0731691 0.0766381 0.0800374 0.0833453 0.0865399 0.0895999 0.0925042 0.0952327 0.097766 0.100086 0.102175 0.104019 0.105603 0.106915 0.107947 0.108689 0.109137 0.109287 0.109137 0.108689 0.107947 0.106915 0.105603 0.104019 0.102175 0.100086 0.097766 0.0952327 0.0925042 0.0895999 0.0865399 0.0833453 0.0800374 0.0766381 0.0731691 0.0696518 0.0661074 0.0625564 0.0590185 0.0555125 0.0520559 0.0486652 0.0453554 0.04214 0.0390311 0.0360392 0.0331733 0.0304407 0.0278475 0.025398 0.0230954 0.0209416 0.0189371 0.0170816 0.0153738 0.0138118 0.0123928 0.0111137 0.00997116 0.00896153 0.00808118 0.00732656 0.00669434 0.00618152 0.0057855 0.00550419 0.00533603 
0.00591391 0.00597613 0.00616311 0.0064759 0.00691614 0.00748611 0.00818859 0.00902683 0.0100044 0.0111251 0.0123928 0.0138113 0.0153843 0.0171149 0.0190061 0.0210597 0.023277 0.0256582 0.0282024 0.0309073 0.0337693 0.0367833 0.0399426 0.0432388 0.046662 0.0502004 0.0538407 0.0575679 0.0613653 0.065215 0.0690977 0.0729928 0.0768787 0.080733 0.0845327 0.0882543 0.0918742 0.0953688 0.0987149 0.10189 0.104871 0.107639 0.110172 0.112453 0.114466 0.116194 0.117627 0.118752 0.119562 0.120051 0.120214 0.120051 0.119562 0.118752 0.117627 0.116194 0.114466 0.112453 0.110172 0.107639 0.104871 0.10189 0.0987149 0.0953688 0.0918742 0.0882543 0.0845327 0.080733 0.0768787 0.0729928 0.0690977 0.065215 0.0613653 0.0575679 0.0538407 0.0502004 0.046662 0.0432388 0.0399426 0.0367833 0.0337693 0.0309073 0.0282024 0.0256582 0.023277 0.0210597 0.0190061 0.0171149 0.0153843 0.0138113 0.0123928 0.0111251 0.0100044 0.00902683 0.00818859 0.00748611 0.00691614 0.0064759 0.00616311 0.00597613 
0.00661967 0.00668882 0.00689665 0.00724425 0.00773342 0.0083666 0.0091468 0.0100775 0.0111625 0.0124059 0.0138118 0.0153843 0.0171271 0.0190438 0.0211371 0.0234091 0.0258608 0.0284923 0.0313023 0.0342881 0.0374456 0.0407688 0.0442502 0.0478804 0.0516483 0.0555408 0.059543 0.0636385 0.067809 0.0720346 0.0762942 0.0805651 0.0848239 0.0890461 0.0932064 0.0972795 0.10124 0.105061 0.108719 0.112188 0.115445 0.118467 0.121232 0.123722 0.125918 0.127804 0.129367 0.130594 0.131478 0.13201 0.132188 0.13201 0.131478 0.130594 0.129367 0.127804 0.125918 0.123722 0.121232 0.118467 0.115445 0.112188 0.108719 0.105061 0.10124 0.0972795 0.0932064 0.0890461 0.0848239 0.0805651 0.0762942 0.0720346 0.067809 0.0636385 0.059543 0.0555408 0.0516483 0.0478804 0.0442502 0.0407688 0.0374456 0.0342881 0.0313023 0.0284923 0.0258608 0.0234091 0.0211371 0.0190438 0.0171271 0.0153843 0.0138118 0.0124059 0.0111625 0.0100775 0.0091468 0.0083666 0.00773342 0.00724425 0.00689665 0.00668882 
0.00739956 0.00747633 0.00770703 0.00809285 0.00863573 0.00933827 0.0102037 0.0112358 0.0124386 0.0138165 0.0153738 0.0171149 0.0190438 0.021164 0.0234784 0.025989 0.0286969 0.0316017 0.0347018 0.037994 0.0414735 0.0451336 0.0489657 0.0529593 0.057102 0.0613793 0.0657748 0.0702702 0.0748453 0.0794786 0.0841465 0.0888246 0.093487 0.0981071 0.102657 0.10711 0.111438 0.115612 0.119606 0.123393 0.126947 0.130243 0.133259 0.135974 0.138367 0.140423 0.142126 0.143463 0.144425 0.145005 0.145199 0.145005 0.144425 0.143463 0.142126 0.140423 0.138367 0.135974 0.133259 0.130243 0.126947 0.123393 0.119606 0.115612 0.111438 0.10711 0.102657 0.0981071 0.093487 0.0888246 0.0841465 0.0794786 0.0748453 0.0702702 0.0657748 0.0613793 0.057102 0.0529593 0.0489657 0.0451336 0.0414735 0.037994 0.0347018 0.0316017 0.0286969 0.025989 0.0234784 0.021164 0.0190438 0.0171149 0.0153738 0.0138165 0.0124386 0.0112358 0.0102037 0.00933827 0.00863573 0.00809285 0.00770703 0.00747633 
0.00825559 0.00834066 0.0085963 0.00902379 0.00962519 0.0104033 0.0113617 0.0125042 0.0138353 0.0153595 0.0170816 0.0190061 0.0211371 0.0234784 0.0260329 0.0288026 0.0317882 0.0349892 0.0384036 0.0420276 0.0458556 0.0498799 0.0540911 0.0584772 0.0630245 0.0677169 0.0725363 0.0774625 0.0824734 0.0875452 0.0926524 0.097768 0.102864 0.107911 0.11288 0.11774 0.122462 0.127014 0.131368 0.135494 0.139366 0.142956 0.14624 0.149194 0.151799 0.154036 0.155888 0.157342 0.158389 0.15902 0.159231 0.15902 0.158389 0.157342 0.155888 0.154036 0.151799 0.149194 0.14624 0.142956 0.139366 0.135494 0.131368 0.127014 0.122462 0.11774 0.11288 0.107911 0.102864 0.097768 0.0926524 0.0875452 0.0824734 0.0774625 0.0725363 0.0677169 0.0630245 0.0584772 0.0540911 0.0498799 0.0458556 0.0420276 0.0384036 0.0349892 0.0317882 0.0288026 0.0260329 0.0234784 0.0211371 0.0190061 0.0170816 0.0153595 0.0138353 0.0125042 0.0113617 0.0104033 0.00962519 0.00902379 0.0085963 0.00834066 
0.00918947 0.00928354 0.0095662 0.0100388 0.0107036 0.0115636 0.0126225 0.0138845 0.0153544 0.0170369 0.0189371 0.0210597 0.0234091 0.025989 0.0288026 0.0318515 0.0351365 0.0386566 0.0424093 0.0463901 0.0505927 0.0550084 0.0596264 0.0644337 0.0694148 0.0745519 0.0798252 0.0852124 0.0906892 0.0962297 0.101806 0.107388 0.112947 0.118449 0.123864 0.129158 0.134298 0.139253 0.143989 0.148477 0.152686 0.156588 0.160155 0.163365 0.166194 0.168622 0.170632 0.172211 0.173347 0.174032 0.174261 0.174032 0.173347 0.172211 0.170632 0.168622 0.166194 0.163365 0.160155 0.156588 0.152686 0.148477 0.143989 0.139253 0.134298 0.129158 0.123864 0.118449 0.112947 0.107388 0.101806 0.0962297 0.0906892 0.0852124 0.0798252 0.0745519 0.0694148 0.0644337 0.0596264 0.0550084 0.0505927 0.0463901 0.0424093 0.0386566 0.0351365 0.0318515 0.0288026 0.025989 0.0234091 0.0210597 0.0189371 0.0170369 0.0153544 0.0138845 0.0126225 0.0115636 0.0107036 0.0100388 0.0095662 0.00928354 
0.0102026 0.0103063 0.0106181 0.0111393 0.0118724 0.0128205 0.0139876 0.0153782 0.0169973 0.01885 0.0209416 0.023277 0.0258608 0.0286969 0.0317882 0.0351365 0.0387421 0.0426037 0.0467184 0.0510807 0.0556835 0.0605171 0.0655693 0.0708256 0.0762689 0.0818796 0.0876358 0.0935132 0.0994852 0.105523 0.111597 0.117675 0.123723 0.129708 0.135595 0.141347 0.14693 0.15231 0.15745 0.162319 0.166884 0.171114 0.174981 0.178459 0.181524 0.184154 0.186332 0.188041 0.189271 0.190013 0.19026 0.190013 0.189271 0.188041 0.186332 0.184154 0.181524 0.178459 0.174981 0.171114 0.166884 0.162319 0.15745 0.15231 0.14693 0.141347 0.135595 0.129708 0.123723 0.117675 0.111597 0.105523 0.0994852 0.0935132 0.0876358 0.0818796 0.0762689 0.0708256 0.0655693 0.0605171 0.0556835 0.0510807 0.0467184 0.0426037 0.0387421 0.0351365 0.0317882 0.0286969 0.0258608 0.023277 0.0209416 0.01885 0.0169973 0.0153782 0.0139876 0.0128205 0.0118724 0.0111393 0.0106181 0.0103063 
0.0112958 0.0114099 0.0117528 0.0123261 0.0131323 0.0141747 0.0154577 0.0169859 0.0187646 0.0207993 0.0230954 0.0256582 0.0284923 0.0316017 0.0349892 0.0386566 0.0426037 0.046829 0.0513287 0.0560967 0.0611247 0.0664018 0.0719146 0.077647 0.0835799 0.089692 0.0959591 0.102355 0.10885 0.115413 0.122012 0.128612 0.135176 0.141669 0.148051 0.154286 0.160335 0.16616 0.171725 0.176994 0.181931 0.186506 0.190687 0.194446 0.197757 0.200599 0.202951 0.204797 0.206125 0.206926 0.207194 0.206926 0.206125 0.204797 0.202951 0.200599 0.197757 0.194446 0.190687 0.186506 0.181931 0.176994 0.171725 0.16616 0.160335 0.154286 0.148051 0.141669 0.135176 0.128612 0.122012 0.115413 0.10885 0.102355 0.0959591 0.089692 0.0835799 0.077647 0.0719146 0.0664018 0.0611247 0.0560967 0.0513287 0.046829 0.0426037 0.0386566 0.0349892 0.0316017 0.0284923 0.0256582 0.0230954 0.0207993 0.0187646 0.0169859 0.0154577 0.0141747 0.0131323 0.0123261 0.0117528 0.0114099 
0.0124695 0.0125947 0.0129708 0.0135996 0.0144836 0.0156266 0.0170329 0.0187076 0.0206562 0.0228844 0.025398 0.0282024 0.0313023 0.0347018 0.0384036 0.0424093 0.0467184 0.0513287 0.0562357 0.0614326 0.0669099 0.0726555 0.0786544 0.0848886 0.0913374 0.0979773 0.104782 0.111722 0.118766 0.125881 0.133031 0.140178 0.147283 0.154307 0.161208 0.167947 0.174482 0.180773 0.18678 0.192466 0.197792 0.202725 0.207233 0.211284 0.214852 0.217914 0.220447 0.222436 0.223866 0.224728 0.225016 0.224728 0.223866 0.222436 0.220447 0.217914 0.214852 0.211284 0.207233 0.202725 0.197792 0.192466 0.18678 0.180773 0.174482 0.167947 0.161208 0.154307 0.147283 0.140178 0.133031 0.125881 0.118766 0.111722 0.104782 0.0979773 0.0913374 0.0848886 0.0786544 0.0726555 0.0669099 0.0614326 0.0562357 0.0513287 0.0467184 0.0424093 0.0384036 0.0347018 0.0313023 0.0282024 0.025398 0.0228844 0.0206562 0.0187076 0.0170329 0.0156266 0.0144836 0.0135996 0.0129708 0.0125947 
0.0137235 0.0138604 0.0142718 0.0149593 0.015926 0.0171754 0.0187124 0.0205422 0.0226707 0.0251038 0.0278475 0.0309073 0.0342881 0.037994 0.0420276 0.0463901 0.0510807 0.0560967 0.0614326 0.0670807 0.0730304 0.0792681 0.0857771 0.0925378 0.0995273 0.10672 0.114087 0.121597 0.129215 0.136906 0.14463 0.152347 0.160015 0.167592 0.175034 0.182296 0.189336 0.19611 0.202577 0.208694 0.214424 0.219728 0.224573 0.228927 0.232761 0.23605 0.238771 0.240907 0.242443 0.243368 0.243678 0.243368 0.242443 0.240907 0.238771 0.23605 0.232761 0.228927 0.224573 0.219728 0.214424 0.208694 0.202577 0.19611 0.189336 0.182296 0.175034 0.167592 0.160015 0.152347 0.14463 0.136906 0.129215 0.121597 0.114087 0.10672 0.0995273 0.0925378 0.0857771 0.0792681 0.0730304 0.0670807 0.0614326 0.0560967 0.0510807 0.0463901 0.0420276 0.037994 0.0342881 0.0309073 0.0278475 0.0251038 0.0226707 0.0205422 0.0187124 0.0171754 0.015926 0.0149593 0.0142718 0.0138604 
0.0150568 0.0152061 0.0156547 0.0164043 0.017458 0.0188198 0.0204946 0.022488 0.024806 0.0274549 0.0304407 0.0337693 0.0374456 0.0414735 0.0458556 0.0505927 0.0556835 0.0611247 0.0669099 0.0730304 0.0794742 0.0862262 0.093268 0.100578 0.108132 0.1159 0.123853 0.131955 0.14017 0.148459 0.156779 0.165087 0.173339 0.181489 0.189489 0.197293 0.204855 0.212128 0.219068 0.225631 0.231775 0.237462 0.242656 0.247321 0.251428 0.25495 0.257865 0.260151 0.261796 0.262787 0.263118 0.262787 0.261796 0.260151 0.257865 0.25495 0.251428 0.247321 0.242656 0.237462 0.231775 0.225631 0.219068 0.212128 0.204855 0.197293 0.189489 0.181489 0.173339 0.165087 0.156779 0.148459 0.14017 0.131955 0.123853 0.1159 0.108132 0.100578 0.093268 0.0862262 0.0794742 0.0730304 0.0669099 0.0611247 0.0556835 0.0505927 0.0458556 0.0414735 0.0374456 0.0337693 0.0304407 0.0274549 0.024806 0.022488 0.0204946 0.0188198 0.017458 0.0164043 0.0156547 0.0152061 
0.0164679 0.0166302 0.0171178 0.0179326 0.0190778 0.0205575 0.0223769 0.0245418 0.0270586 0.0299336 0.0331733 0.0367833 0.0407688 0.0451336 0.0498799 0.0550084 0.0605171 0.0664018 0.0726555 0.0792681 0.0862262 0.0935131 0.101109 0.108989 0.117128 0.125494 0.134053 0.142769 0.151601 0.160507 0.169443 0.178362 0.187215 0.195954 0.204529 0.212891 0.220988 0.228774 0.2362 0.24322 0.24979 0.255869 0.261418 0.266403 0.270789 0.27455 0.277662 0.280103 0.281858 0.282916 0.283269 0.282916 0.281858 0.280103 0.277662 0.27455 0.270789 0.266403 0.261418 0.255869 0.24979 0.24322 0.2362 0.228774 0.220988 0.212891 0.204529 0.195954 0.187215 0.178362 0.169443 0.160507 0.151601 0.142769 0.134053 0.125494 0.117128 0.108989 0.101109 0.0935131 0.0862262 0.0792681 0.0726555 0.0664018 0.0605171 0.0550084 0.0498799 0.0451336 0.0407688 0.0367833 0.0331733 0.0299336 0.0270586 0.0245418 0.0223769 0.0205575 0.0190778 0.0179326 0.0171178 0.0166302 
0.0179543 0.0181302 0.0186586 0.0195415 0.0207823 0.0223852 0.0243556 0.0266997 0.0294239 0.0325349 0.0360392 0.0399426 0.0442502 0.0489657 0.0540911 0.0596264 0.0655693 0.0719146 0.0786544 0.0857771 0.093268 0.101109 0.109277 0.117748 0.12649 0.135472 0.144657 0.154004 0.163472 0.173013 0.182582 0.192127 0.201597 0.210941 0.220105 0.229036 0.237682 0.245991 0.253913 0.261399 0.268403 0.274882 0.280794 0.286102 0.290774 0.294778 0.29809 0.300688 0.302555 0.303681 0.304057 0.303681 0.302555 0.300688 0.29809 0.294778 0.290774 0.286102 0.280794 0.274882 0.268403 0.261399 0.253913 0.245991 0.237682 0.229036 0.220105 0.210941 0.201597 0.192127 0.182582 0.173013 0.163472 0.154004 0.144657 0.135472 0.12649 0.117748 0.109277 0.101109 0.093268 0.0857771 0.0786544 0.0719146 0.0655693 0.0596264 0.0540911 0.0489657 0.0442502 0.0399426 0.0360392 0.0325349 0.0294239 0.0266997 0.0243556 0.0223852 0.0207823 0.0195415 0.0186586 0.0181302 
0.0195127 0.0197027 0.0202736 0.0212274 0.0225675 0.0242986 0.0264261 0.0289564 0.0318961 0.0352522 0.0390311 0.0432388 0.0478804 0.0529593 0.0584772 0.0644337 0.0708256 0.077647 0.0848886 0.0925378 0.100578 0.108989 0.117748 0.126825 0.136188 0.145803 0.155629 0.165624 0.175742 0.185934 0.196149 0.206334 0.216434 0.226394 0.236158 0.245669 0.254873 0.263714 0.27214 0.2801 0.287544 0.294427 0.300707 0.306344 0.311303 0.315553 0.319068 0.321824 0.323806 0.325 0.325398 0.325 0.323806 0.321824 0.319068 0.315553 0.311303 0.306344 0.300707 0.294427 0.287544 0.2801 0.27214 0.263714 0.254873 0.245669 0.236158 0.226394 0.216434 0.206334 0.196149 0.185934 0.175742 0.165624 0.155629 0.145803 0.136188 0.126825 0.117748 0.108989 0.100578 0.0925378 0.0848886 0.077647 0.0708256 0.0644337 0.0584772 0.0529593 0.0478804 0.0432388 0.0390311 0.0352522 0.0318961 0.0289564 0.0264261 0.0242986 0.0225675 0.0212274 0.0202736 0.0197027 
0.0211389 0.0213436 0.0219585 0.0229857 0.0244287 0.0262924 0.0285825 0.0313054 0.034468 0.0380773 0.04214 0.046662 0.0516483 0.057102 0.0630245 0.0694148 0.0762689 0.0835799 0.0913374 0.0995273 0.108132 0.117128 0.12649 0.136188 0.146187 0.156449 0.16693 0.177586 0.188367 0.199221 0.210093 0.220929 0.231668 0.242254 0.252626 0.262725 0.272494 0.281873 0.290808 0.299246 0.307134 0.314426 0.321076 0.327044 0.332293 0.33679 0.340509 0.343425 0.345521 0.346784 0.347206 0.346784 0.345521 0.343425 0.340509 0.33679 0.332293 0.327044 0.321076 0.314426 0.307134 0.299246 0.290808 0.281873 0.272494 0.262725 0.252626 0.242254 0.231668 0.220929 0.210093 0.199221 0.188367 0.177586 0.16693 0.156449 0.146187 0.136188 0.12649 0.117128 0.108132 0.0995273 0.0913374 0.0835799 0.0762689 0.0694148 0.0630245 0.057102 0.0516483 0.046662 0.04214 0.0380773 0.034468 0.0313054 0.0285825 0.0262924 0.0244287 0.0229857 0.0219585 0.0213436 
0.0228279 0.0230478 0.023708 0.0248108 0.0263599 0.0283603 0.0308177 0.0337389 0.037131 0.0410009 0.0453554 0.0502004 0.0555408 0.0613793 0.0677169 0.0745519 0.0818796 0.089692 0.0979773 0.10672 0.1159 0.125494 0.135472 0.145803 0.156449 0.167368 0.178515 0.189841 0.201295 0.21282 0.224359 0.235852 0.247238 0.258455 0.269441 0.280133 0.29047 0.300391 0.309838 0.318756 0.32709 0.334792 0.341813 0.348113 0.353652 0.358397 0.36232 0.365396 0.367606 0.368938 0.369383 0.368938 0.367606 0.365396 0.36232 0.358397 0.353652 0.348113 0.341813 0.334792 0.32709 0.318756 0.309838 0.300391 0.29047 0.280133 0.269441 0.258455 0.247238 0.235852 0.224359 0.21282 0.201295 0.189841 0.178515 0.167368 0.156449 0.145803 0.135472 0.125494 0.1159 0.10672 0.0979773 0.089692 0.0818796 0.0745519 0.0677169 0.0613793 0.0555408 0.0502004 0.0453554 0.0410009 0.037131 0.0337389 0.0308177 0.0283603 0.0263599 0.0248108 0.023708 0.0230478 
0.0245738 0.0248091 0.0255158 0.0266963 0.0283542 0.0304947 0.0331238 0.0362482 0.0398752 0.044012 0.0486652 0.0538407 0.059543 0.0657748 0.0725363 0.0798252 0.0876358 0.0959591 0.104782 0.114087 0.123853 0.134053 0.144657 0.155629 0.16693 0.178515 0.190336 0.20234 0.214472 0.226674 0.238884 0.25104 0.263076 0.274928 0.28653 0.297816 0.308723 0.319186 0.329146 0.338544 0.347324 0.355434 0.362826 0.369456 0.375285 0.380277 0.384403 0.387638 0.389962 0.391362 0.39183 0.391362 0.389962 0.387638 0.384403 0.380277 0.375285 0.369456 0.362826 0.355434 0.347324 0.338544 0.329146 0.319186 0.308723 0.297816 0.28653 0.274928 0.263076 0.25104 0.238884 0.226674 0.214472 0.20234 0.190336 0.178515 0.16693 0.155629 0.144657 0.134053 0.123853 0.114087 0.104782 0.0959591 0.0876358 0.0798252 0.0725363 0.0657748 0.059543 0.0538407 0.0486652 0.044012 0.0398752 0.0362482 0.0331238 0.0304947 0.0283542 0.0266963 0.0255158 0.0248091 
0.0263696 0.0266208 0.027375 0.0286347 0.0304037 0.0326872 0.0354913 0.0388231 0.0426897 0.0470984 0.0520559 0.0575679 0.0636385 0.0702702 0.0774625 0.0852124 0.0935132 0.102355 0.111722 0.121597 0.131955 0.142769 0.154004 0.165624 0.177586 0.189841 0.20234 0.215026 0.22784 0.240722 0.253605 0.266424 0.279111 0.291598 0.303815 0.315694 0.327169 0.338173 0.348643 0.358518 0.367741 0.376257 0.384017 0.390975 0.397091 0.402327 0.406654 0.410047 0.412484 0.413952 0.414442 0.413952 0.412484 0.410047 0.406654 0.402327 0.397091 0.390975 0.384017 0.376257 0.367741 0.358518 0.348643 0.338173 0.327169 0.315694 0.303815 0.291598 0.279111 0.266424 0.253605 0.240722 0.22784 0.215026 0.20234 0.189841 0.177586 0.165624 0.154004 0.142769 0.131955 0.121597 0.111722 0.102355 0.0935132 0.0852124 0.0774625 0.0702702 0.0636385 0.0575679 0.0520559 0.0470984 0.0426897 0.0388231 0.0354913 0.0326872 0.0304037 0.0286347 0.027375 0.0266208 
0.0282077 0.0284749 0.0292774 0.0306175 0.0324994 0.0349281 0.0379101 0.0414523 0.045562 0.0502465 0.0555125 0.0613653 0.067809 0.0748453 0.0824734 0.0906892 0.0994852 0.10885 0.118766 0.129215 0.14017 0.151601 0.163472 0.175742 0.188367 0.201295 0.214472 0.22784 0.241337 0.254897 0.268452 0.281932 0.295268 0.308386 0.321215 0.333683 0.345721 0.357261 0.368236 0.378584 0.388244 0.397162 0.405285 0.412567 0.418966 0.424443 0.428969 0.432516 0.435064 0.436599 0.437112 0.436599 0.435064 0.432516 0.428969 0.424443 0.418966 0.412567 0.405285 0.397162 0.388244 0.378584 0.368236 0.357261 0.345721 0.333683 0.321215 0.308386 0.295268 0.281932 0.268452 0.254897 0.241337 0.22784 0.214472 0.201295 0.188367 0.175742 0.163472 0.151601 0.14017 0.129215 0.118766 0.10885 0.0994852 0.0906892 0.0824734 0.0748453 0.067809 0.0613653 0.0555125 0.0502465 0.045562 0.0414523 0.0379101 0.0349281 0.0324994 0.0306175 0.0292774 0.0284749 
0.0300793 0.0303628 0.0312141 0.0326356 0.0346315 0.0372071 0.0403686 0.0441234 0.0484786 0.0534414 0.0590185 0.065215 0.0720346 0.0794786 0.0875452 0.0962297 0.105523 0.115413 0.125881 0.136906 0.148459 0.160507 0.173013 0.185934 0.199221 0.21282 0.226674 0.240722 0.254897 0.269131 0.283353 0.29749 0.311467 0.32521 0.338644 0.351695 0.36429 0.376358 0.387831 0.398644 0.408735 0.418047 0.426527 0.434127 0.440803 0.446517 0.451237 0.454936 0.457593 0.459193 0.459728 0.459193 0.457593 0.454936 0.451237 0.446517 0.440803 0.434127 0.426527 0.418047 0.408735 0.398644 0.387831 0.376358 0.36429 0.351695 0.338644 0.32521 0.311467 0.29749 0.283353 0.269131 0.254897 0.240722 0.226674 0.21282 0.199221 0.185934 0.173013 0.160507 0.148459 0.136906 0.125881 0.115413 0.105523 0.0962297 0.0875452 0.0794786 0.0720346 0.065215 0.0590185 0.0534414 0.0484786 0.0441234 0.0403686 0.0372071 0.0346315 0.0326356 0.0312141 0.0303628 
0.0319752 0.032275 0.0331754 0.0346788 0.0367894 0.0395125 0.0428547 0.0468229 0.0514247 0.0566671 0.0625564 0.0690977 0.0762942 0.0841465 0.0926524 0.101806 0.111597 0.122012 0.133031 0.14463 0.156779 0.169443 0.182582 0.196149 0.210093 0.224359 0.238884 0.253605 0.268452 0.283353 0.298234 0.313019 0.327629 0.341988 0.356018 0.369641 0.382782 0.395368 0.407329 0.418598 0.429111 0.438809 0.447638 0.455547 0.462494 0.468439 0.473348 0.477195 0.479958 0.481622 0.482178 0.481622 0.479958 0.477195 0.473348 0.468439 0.462494 0.455547 0.447638 0.438809 0.429111 0.418598 0.407329 0.395368 0.382782 0.369641 0.356018 0.341988 0.327629 0.313019 0.298234 0.283353 0.268452 0.253605 0.238884 0.224359 0.210093 0.196149 0.182582 0.169443 0.156779 0.14463 0.133031 0.122012 0.111597 0.101806 0.0926524 0.0841465 0.0762942 0.0690977 0.0625564 0.0566671 0.0514247 0.0468229 0.0428547 0.0395125 0.0367894 0.0346788 0.0331754 0.032275 
0.0338851 0.0342013 0.0351508 0.0367361 0.0389614 0.0418322 0.0453549 0.0495366 0.0543848 0.0599063 0.0661074 0.0729928 0.0805651 0.0888246 0.097768 0.107388 0.117675 0.128612 0.140178 0.152347 0.165087 0.178362 0.192127 0.206334 0.220929 0.235852 0.25104 0.266424 0.281932 0.29749 0.313019 0.328439 0.343671 0.358634 0.373246 0.387429 0.401104 0.414196 0.426633 0.438346 0.449269 0.459342 0.46851 0.476721 0.483931 0.490099 0.495192 0.499182 0.502048 0.503774 0.504351 0.503774 0.502048 0.499182 0.495192 0.490099 0.483931 0.476721 0.46851 0.459342 0.449269 0.438346 0.426633 0.414196 0.401104 0.387429 0.373246 0.358634 0.343671 0.328439 0.313019 0.29749 0.281932 0.266424 0.25104 0.235852 0.220929 0.206334 0.192127 0.178362 0.165087 0.152347 0.140178 0.128612 0.117675 0.107388 0.097768 0.0888246 0.0805651 0.0729928 0.0661074 0.0599063 0.0543848 0.0495366 0.0453549 0.0418322 0.0389614 0.0367361 0.0351508 0.0342013 
0.0357983 0.0361308 0.0371292 0.038796 0.0411355 0.0441531 0.0478553 0.0522493 0.0573422 0.0631411 0.0696518 0.0768787 0.0848239 0.093487 0.102864 0.112947 0.123723 0.135176 0.147283 0.160015 0.173339 0.187215 0.201597 0.216434 0.231668 0.247238 0.263076 0.279111 0.295268 0.311467 0.327629 0.343671 0.359509 0.37506 0.39024 0.404967 0.419162 0.432745 0.445644 0.457787 0.469107 0.479544 0.489039 0.497541 0.505004 0.511388 0.516659 0.520787 0.523752 0.525537 0.526134 0.525537 0.523752 0.520787 0.516659 0.511388 0.505004 0.497541 0.489039 0.479544 0.469107 0.457787 0.445644 0.432745 0.419162 0.404967 0.39024 0.37506 0.359509 0.343671 0.327629 0.311467 0.295268 0.279111 0.263076 0.247238 0.231668 0.216434 0.201597 0.187215 0.173339 0.160015 0.147283 0.135176 0.123723 0.112947 0.102864 0.093487 0.0848239 0.0768787 0.0696518 0.0631411 0.0573422 0.0522493 0.0478553 0.0441531 0.0411355 0.038796 0.0371292 0.0361308 
0.0377034 0.038052 0.0390988 0.0408463 0.0432986 0.0464615 0.0503412 0.054945 0.0602799 0.0663527 0.0731691 0.080733 0.0890461 0.0981071 0.107911 0.118449 0.129708 0.141669 0.154307 0.167592 0.181489 0.195954 0.210941 0.226394 0.242254 0.258455 0.274928 0.291598 0.308386 0.32521 0.341988 0.358634 0.37506 0.391181 0.406911 0.422165 0.436861 0.450919 0.464263 0.47682 0.488523 0.499309 0.509119 0.517901 0.525607 0.532198 0.537639 0.5419 0.54496 0.546802 0.547417 0.546802 0.54496 0.5419 0.537639 0.532198 0.525607 0.517901 0.509119 0.499309 0.488523 0.47682 0.464263 0.450919 0.436861 0.422165 0.406911 0.391181 0.37506 0.358634 0.341988 0.32521 0.308386 0.291598 0.274928 0.258455 0.242254 0.226394 0.210941 0.195954 0.181489 0.167592 0.154307 0.141669 0.129708 0.118449 0.107911 0.0981071 0.0890461 0.080733 0.0731691 0.0663527 0.0602799 0.054945 0.0503412 0.0464615 0.0432986 0.0408463 0.0390988 0.038052 
0.0395887 0.0399532 0.0410475 0.0428742 0.0454377 0.0487433 0.0527975 0.0576074 0.06318 0.0695218 0.0766381 0.0845327 0.0932064 0.102657 0.11288 0.123864 0.135595 0.148051 0.161208 0.175034 0.189489 0.204529 0.220105 0.236158 0.252626 0.269441 0.28653 0.303815 0.321215 0.338644 0.356018 0.373246 0.39024 0.406911 0.42317 0.438931 0.454109 0.468622 0.482393 0.495348 0.507417 0.518537 0.528648 0.537697 0.545636 0.552425 0.558027 0.562415 0.565565 0.567461 0.568095 0.567461 0.565565 0.562415 0.558027 0.552425 0.545636 0.537697 0.528648 0.518537 0.507417 0.495348 0.482393 0.468622 0.454109 0.438931 0.42317 0.406911 0.39024 0.373246 0.356018 0.338644 0.321215 0.303815 0.28653 0.269441 0.252626 0.236158 0.220105 0.204529 0.189489 0.175034 0.161208 0.148051 0.135595 0.123864 0.11288 0.102657 0.0932064 0.0845327 0.0766381 0.0695218 0.06318 0.0576074 0.0527975 0.0487433 0.0454377 0.0428742 0.0410475 0.0399532 
0.0414419 0.0418219 0.0429627 0.0448669 0.0475388 0.0509839 0.0552085 0.0602197 0.0660242 0.0726285 0.0800374 0.0882543 0.0972795 0.10711 0.11774 0.129158 0.141347 0.154286 0.167947 0.182296 0.197293 0.212891 0.229036 0.245669 0.262725 0.280133 0.297816 0.315694 0.333683 0.351695 0.369641 0.387429 0.404967 0.422165 0.438931 0.455176 0.470815 0.485763 0.499941 0.513274 0.525692 0.537129 0.547526 0.556828 0.564988 0.571964 0.57772 0.582228 0.585463 0.587411 0.588062 0.587411 0.585463 0.582228 0.57772 0.571964 0.564988 0.556828 0.547526 0.537129 0.525692 0.513274 0.499941 0.485763 0.470815 0.455176 0.438931 0.422165 0.404967 0.387429 0.369641 0.351695 0.333683 0.315694 0.297816 0.280133 0.262725 0.245669 0.229036 0.212891 0.197293 0.182296 0.167947 0.154286 0.141347 0.129158 0.11774 0.10711 0.0972795 0.0882543 0.0800374 0.0726285 0.0660242 0.0602197 0.0552085 0.0509839 0.0475388 0.0448669 0.0429627 0.0418219 
0.0432507 0.0436457 0.0448316 0.0468111 0.0495883 0.0531686 0.0575585 0.0627648 0.0687942 0.0756528 0.0833453 0.0918742 0.10124 0.111438 0.122462 0.134298 0.14693 0.160335 0.174482 0.189336 0.204855 0.220988 0.237682 0.254873 0.272494 0.29047 0.308723 0.327169 0.345721 0.36429 0.382782 0.401104 0.419162 0.436861 0.454109 0.470815 0.48689 0.50225 0.516814 0.530506 0.543253 0.554991 0.565657 0.575199 0.583567 0.590719 0.59662 0.60124 0.604556 0.606552 0.607219 0.606552 0.604556 0.60124 0.59662 0.590719 0.583567 0.575199 0.565657 0.554991 0.543253 0.530506 0.516814 0.50225 0.48689 0.470815 0.454109 0.436861 0.419162 0.401104 0.382782 0.36429 0.345721 0.327169 0.308723 0.29047 0.272494 0.254873 0.237682 0.220988 0.204855 0.189336 0.174482 0.160335 0.14693 0.134298 0.122462 0.111438 0.10124 0.0918742 0.0833453 0.0756528 0.0687942 0.0627648 0.0575585 0.0531686 0.0495883 0.0468111 0.0448316 0.0436457 
0.0450026 0.0454121 0.0466415 0.0486934 0.051572 0.0552826 0.0598317 0.0652258 0.0714716 0.0785749 0.0865399 0.0953688 0.105061 0.115612 0.127014 0.139253 0.15231 0.16616 0.180773 0.19611 0.212128 0.228774 0.245991 0.263714 0.281873 0.300391 0.319186 0.338173 0.357261 0.376358 0.395368 0.414196 0.432745 0.450919 0.468622 0.485763 0.50225 0.517999 0.532926 0.546954 0.560012 0.572031 0.58295 0.592716 0.601279 0.608596 0.614632 0.619357 0.622749 0.62479 0.625472 0.62479 0.622749 0.619357 0.614632 0.608596 0.601279 0.592716 0.58295 0.572031 0.560012 0.546954 0.532926 0.517999 0.50225 0.485763 0.468622 0.450919 0.432745 0.414196 0.395368 0.376358 0.357261 0.338173 0.319186 0.300391 0.281873 0.263714 0.245991 0.228774 0.212128 0.19611 0.180773 0.16616 0.15231 0.139253 0.127014 0.115612 0.105061 0.0953688 0.0865399 0.0785749 0.0714716 0.0652258 0.0598317 0.0552826 0.051572 0.0486934 0.0466415 0.0454121 
0.0466852 0.0471086 0.0483795 0.0505006 0.0534761 0.0573112 0.0620122 0.0675857 0.0740381 0.0813748 0.0895999 0.0987149 0.108719 0.119606 0.131368 0.143989 0.15745 0.171725 0.18678 0.202577 0.219068 0.2362 0.253913 0.27214 0.290808 0.309838 0.329146 0.348643 0.368236 0.387831 0.407329 0.426633 0.445644 0.464263 0.482393 0.499941 0.516814 0.532926 0.548192 0.562535 0.575881 0.588163 0.599318 0.609292 0.618036 0.625506 0.631668 0.636491 0.639952 0.642036 0.642731 0.642036 0.639952 0.636491 0.631668 0.625506 0.618036 0.609292 0.599318 0.588163 0.575881 0.562535 0.548192 0.532926 0.516814 0.499941 0.482393 0.464263 0.445644 0.426633 0.407329 0.387831 0.368236 0.348643 0.329146 0.309838 0.290808 0.27214 0.253913 0.2362 0.219068 0.202577 0.18678 0.171725 0.15745 0.143989 0.131368 0.119606 0.108719 0.0987149 0.0895999 0.0813748 0.0740381 0.0675857 0.0620122 0.0573112 0.0534761 0.0505006 0.0483795 0.0471086 
0.0482863 0.0487228 0.050033 0.0522197 0.0552869 0.0592398 0.0640847 0.069828 0.0764758 0.0840333 0.0925042 0.10189 0.112188 0.123393 0.135494 0.148477 0.162319 0.176994 0.192466 0.208694 0.225631 0.24322 0.261399 0.2801 0.299246 0.318756 0.338544 0.358518 0.378584 0.398644 0.418598 0.438346 0.457787 0.47682 0.495348 0.513274 0.530506 0.546954 0.562535 0.577169 0.590782 0.603306 0.614679 0.624846 0.633756 0.641368 0.647646 0.652559 0.656084 0.658206 0.658914 0.658206 0.656084 0.652559 0.647646 0.641368 0.633756 0.624846 0.614679 0.603306 0.590782 0.577169 0.562535 0.546954 0.530506 0.513274 0.495348 0.47682 0.457787 0.438346 0.418598 0.398644 0.378584 0.358518 0.338544 0.318756 0.299246 0.2801 0.261399 0.24322 0.225631 0.208694 0.192466 0.176994 0.162319 0.148477 0.135494 0.123393 0.112188 0.10189 0.0925042 0.0840333 0.0764758 0.069828 0.0640847 0.0592398 0.0552869 0.0522197 0.050033 0.0487228 
0.0497939 0.0502427 0.0515898 0.053838 0.0569911 0.0610545 0.0660342 0.0719365 0.0787673 0.0865317 0.0952327 0.104871 0.115445 0.126947 0.139366 0.152686 0.166884 0.181931 0.197792 0.214424 0.231775 0.24979 0.268403 0.287544 0.307134 0.32709 0.347324 0.367741 0.388244 0.408735 0.429111 0.449269 0.469107 0.488523 0.507417 0.525692 0.543253 0.560012 0.575881 0.590782 0.60464 0.617386 0.628958 0.639301 0.648364 0.656105 0.662488 0.667483 0.671068 0.673225 0.673945 0.673225 0.671068 0.667483 0.662488 0.656105 0.648364 0.639301 0.628958 0.617386 0.60464 0.590782 0.575881 0.560012 0.543253 0.525692 0.507417 0.488523 0.469107 0.449269 0.429111 0.408735 0.388244 0.367741 0.347324 0.32709 0.307134 0.287544 0.268403 0.24979 0.231775 0.214424 0.197792 0.181931 0.166884 0.152686 0.139366 0.126947 0.115445 0.104871 0.0952327 0.0865317 0.0787673 0.0719365 0.0660342 0.0610545 0.0569911 0.053838 0.0515898 0.0502427 
