8.35267e-05 8.60962e-05 9.3898e-05 0.000107212 0.000126505 0.000152435 0.000185847 0.000227779 0.000279458 0.0003423 0.000417903 0.00050804 0.000614644 0.000739791 0.000885677 0.00105459 0.00124885 0.00147082 0.0017228 0.00200698 0.00232542 0.00267993 0.00307203 0.00350288 0.00397321 0.00448323 0.00503261 0.00562038 0.00624493 0.00690393 0.00759437 0.00831247 0.0090538 0.00981319 0.0105849 0.0113625 0.0121393 0.0129079 0.0136609 0.0143905 0.0150889 0.0157486 0.016362 0.0169221 0.0174221 0.0178562 0.018219 0.0185059 0.0187135 0.0188391 0.0188812 0.0188391 0.0187135 0.0185059 0.018219 0.0178562 0.0174221 0.0169221 0.016362 0.0157486 0.0150889 0.0143905 0.0136609 0.0129079 0.0121393 0.0113625 0.0105849 0.00981319 0.0090538 0.00831247 0.00759437 0.00690393 0.00624493 0.00562038 0.00503261 0.00448323 0.00397321 0.00350288 0.00307203 0.00267993 0.00232542 0.00200698 0.0017228 0.00147082 0.00124885 0.00105459 0.000885677 0.000739791 0.000614644 0.00050804 0.000417903 0.0003423 0.000279458 0.000227779 0.000185847 0.000152435 0.000126505 0.000107212 9.3898e-05 8.60962e-05 
8.60962e-05 8.87398e-05 9.67663e-05 0.000110463 0.000130308 0.000156976 0.000191333 0.000234443 0.000287564 0.000352144 0.000429822 0.00052241 0.000631886 0.000760375 0.000910119 0.00108345 0.00128276 0.00151043 0.00176882 0.00206016 0.00238654 0.00274981 0.0031515 0.00359279 0.00407439 0.00459653 0.00515883 0.0057603 0.00639926 0.00707334 0.00777943 0.00851367 0.00927151 0.0100477 0.0108363 0.0116308 0.0124243 0.0132094 0.0139784 0.0147234 0.0154366 0.0161101 0.0167362 0.0173079 0.0178183 0.0182613 0.0186315 0.0189243 0.0191361 0.0192643 0.0193072 0.0192643 0.0191361 0.0189243 0.0186315 0.0182613 0.0178183 0.0173079 0.0167362 0.0161101 0.0154366 0.0147234 0.0139784 0.0132094 0.0124243 0.0116308 0.0108363 0.0100477 0.00927151 0.00851367 0.00777943 0.00707334 0.00639926 0.0057603 0.00515883 0.00459653 0.00407439 0.00359279 0.0031515 0.00274981 0.00238654 0.00206016 0.00176882 0.00151043 0.00128276 0.00108345 0.000910119 0.000760375 0.000631886 0.00052241 0.000429822 0.000352144 0.000287564 0.000234443 0.000191333 0.000156976 0.000130308 0.000110463 9.67663e-05 8.87398e-05 
9.3898e-05 9.67663e-05 0.000105474 0.00012033 0.000141849 0.000170753 0.000207976 0.000254656 0.000312144 0.000381992 0.000465952 0.000565963 0.000684138 0.000822741 0.000984164 0.00117089 0.00138544 0.00163037 0.00190814 0.00222114 0.00257153 0.00296126 0.00339194 0.00386475 0.00438043 0.00493916 0.00554049 0.00618331 0.00686579 0.00758537 0.00833867 0.00912159 0.00992924 0.010756 0.0115956 0.0124411 0.0132852 0.0141199 0.0149372 0.0157287 0.0164861 0.0172011 0.0178657 0.0184723 0.0190138 0.0194836 0.0198762 0.0201867 0.0204113 0.0205472 0.0205927 0.0205472 0.0204113 0.0201867 0.0198762 0.0194836 0.0190138 0.0184723 0.0178657 0.0172011 0.0164861 0.0157287 0.0149372 0.0141199 0.0132852 0.0124411 0.0115956 0.010756 0.00992924 0.00912159 0.00833867 0.00758537 0.00686579 0.00618331 0.00554049 0.00493916 0.00438043 0.00386475 0.00339194 0.00296126 0.00257153 0.00222114 0.00190814 0.00163037 0.00138544 0.00117089 0.000984164 0.000822741 0.000684138 0.000565963 0.000465952 0.000381992 0.000312144 0.000254656 0.000207976 0.000170753 0.000141849 0.00012033 0.000105474 9.67663e-05 
0.000107212 0.000110463 0.00012033 0.000137158 0.000161524 0.000194234 0.000236329 0.00028908 0.00035399 0.000432787 0.000527417 0.000640031 0.00077297 0.000928735 0.00110996 0.00131939 0.00155979 0.00183394 0.00214455 0.00249418 0.00288522 0.00331972 0.00379939 0.0043255 0.00489875 0.00551927 0.00618648 0.00689909 0.007655 0.00845129 0.00928421 0.0101492 0.0110407 0.0119527 0.0128781 0.0138094 0.0147385 0.0156567 0.0165552 0.0174249 0.0182567 0.0190415 0.0197708 0.020436 0.0210297 0.0215447 0.0219749 0.0223151 0.0225611 0.02271 0.0227598 0.02271 0.0225611 0.0223151 0.0219749 0.0215447 0.0210297 0.020436 0.0197708 0.0190415 0.0182567 0.0174249 0.0165552 0.0156567 0.0147385 0.0138094 0.0128781 0.0119527 0.0110407 0.0101492 0.00928421 0.00845129 0.007655 0.00689909 0.00618648 0.00551927 0.00489875 0.0043255 0.00379939 0.00331972 0.00288522 0.00249418 0.00214455 0.00183394 0.00155979 0.00131939 0.00110996 0.000928735 0.00077297 0.000640031 0.000527417 0.000432787 0.00035399 0.00028908 0.000236329 0.000194234 0.000161524 0.000137158 0.00012033 0.000110463 
0.000126505 0.000130308 0.000141849 0.000161524 0.000189996 0.000228195 0.000277315 0.000338815 0.000414417 0.000506101 0.000616087 0.000746831 0.000900995 0.00108142 0.0012911 0.00153311 0.00181058 0.00212663 0.00248428 0.0028864 0.0033356 0.00383414 0.00438387 0.00498612 0.00564159 0.00635031 0.00711151 0.00792361 0.00878414 0.0096897 0.0106359 0.0116176 0.0126285 0.0136616 0.014709 0.0157621 0.0168119 0.0178486 0.0188623 0.0198428 0.02078 0.0216638 0.0224845 0.0232329 0.0239005 0.0244794 0.0249628 0.025345 0.0256213 0.0257885 0.0258444 0.0257885 0.0256213 0.025345 0.0249628 0.0244794 0.0239005 0.0232329 0.0224845 0.0216638 0.02078 0.0198428 0.0188623 0.0178486 0.0168119 0.0157621 0.014709 0.0136616 0.0126285 0.0116176 0.0106359 0.0096897 0.00878414 0.00792361 0.00711151 0.00635031 0.00564159 0.00498612 0.00438387 0.00383414 0.0033356 0.0028864 0.00248428 0.00212663 0.00181058 0.00153311 0.0012911 0.00108142 0.000900995 0.000746831 0.000616087 0.000506101 0.000414417 0.000338815 0.000277315 0.000228195 0.000189996 0.000161524 0.000141849 0.000130308 
0.000152435 0.000156976 0.000170753 0.000194234 0.000228195 0.000273725 0.000332225 0.000405401 0.000495266 0.000604126 0.000734571 0.000889451 0.00107185 0.00128507 0.00153253 0.0018178 0.00214446 0.00251606 0.00293603 0.00340763 0.00393376 0.00451695 0.00515922 0.00586196 0.00662587 0.00745083 0.00833581 0.00927886 0.010277 0.0113261 0.0124212 0.0135561 0.0147235 0.0159153 0.0171225 0.0183351 0.0195428 0.0207345 0.0218988 0.0230241 0.0240989 0.0251119 0.026052 0.0269089 0.0276728 0.028335 0.0288878 0.0293247 0.0296406 0.0298316 0.0298956 0.0298316 0.0296406 0.0293247 0.0288878 0.028335 0.0276728 0.0269089 0.026052 0.0251119 0.0240989 0.0230241 0.0218988 0.0207345 0.0195428 0.0183351 0.0171225 0.0159153 0.0147235 0.0135561 0.0124212 0.0113261 0.010277 0.00927886 0.00833581 0.00745083 0.00662587 0.00586196 0.00515922 0.00451695 0.00393376 0.00340763 0.00293603 0.00251606 0.00214446 0.0018178 0.00153253 0.00128507 0.00107185 0.000889451 0.000734571 0.000604126 0.000495266 0.000405401 0.000332225 0.000273725 0.000228195 0.000194234 0.000170753 0.000156976 
0.000185847 0.000191333 0.000207976 0.000236329 0.000277315 0.000332225 0.000402718 0.000490814 0.000598892 0.000729673 0.000886205 0.00107184 0.00129019 0.00154511 0.00184061 0.00218081 0.00256987 0.00301189 0.00351081 0.00407031 0.00469371 0.00538384 0.0061429 0.00697237 0.0078729 0.00884417 0.00988484 0.0109924 0.0121633 0.0133926 0.0146743 0.016001 0.0173643 0.0187546 0.0201614 0.0215733 0.022978 0.0243629 0.0257149 0.0270206 0.0282668 0.0294405 0.0305291 0.0315208 0.0324044 0.0331701 0.0338091 0.034314 0.0346789 0.0348996 0.0349735 0.0348996 0.0346789 0.034314 0.0338091 0.0331701 0.0324044 0.0315208 0.0305291 0.0294405 0.0282668 0.0270206 0.0257149 0.0243629 0.022978 0.0215733 0.0201614 0.0187546 0.0173643 0.016001 0.0146743 0.0133926 0.0121633 0.0109924 0.00988484 0.00884417 0.0078729 0.00697237 0.0061429 0.00538384 0.00469371 0.00407031 0.00351081 0.00301189 0.00256987 0.00218081 0.00184061 0.00154511 0.00129019 0.00107184 0.000886205 0.000729673 0.000598892 0.000490814 0.000402718 0.000332225 0.000277315 0.000236329 0.000207976 0.000191333 
0.000227779 0.000234443 0.000254656 0.00028908 0.000338815 0.000405401 0.000490814 0.00059746 0.000728163 0.000886152 0.00107504 0.00129877 0.00156163 0.00186813 0.00222297 0.00263098 0.003097 0.00362576 0.00422182 0.0048894 0.00563227 0.00645359 0.00735579 0.00834042 0.00940805 0.0105581 0.0117888 0.0130971 0.0144784 0.015927 0.0174355 0.0189952 0.0205963 0.0222273 0.023876 0.025529 0.0271721 0.0287906 0.0303692 0.0318926 0.0333455 0.0347129 0.0359804 0.0371344 0.0381623 0.0390525 0.0397951 0.0403817 0.0408056 0.0410619 0.0411477 0.0410619 0.0408056 0.0403817 0.0397951 0.0390525 0.0381623 0.0371344 0.0359804 0.0347129 0.0333455 0.0318926 0.0303692 0.0287906 0.0271721 0.025529 0.023876 0.0222273 0.0205963 0.0189952 0.0174355 0.015927 0.0144784 0.0130971 0.0117888 0.0105581 0.00940805 0.00834042 0.00735579 0.00645359 0.00563227 0.0048894 0.00422182 0.00362576 0.003097 0.00263098 0.00222297 0.00186813 0.00156163 0.00129877 0.00107504 0.000886152 0.000728163 0.00059746 0.000490814 0.000405401 0.000338815 0.00028908 0.000254656 0.000234443 
0.000279458 0.000287564 0.000312144 0.00035399 0.000414417 0.000495266 0.000598892 0.000728163 0.00088644 0.00107756 0.0013058 0.00157585 0.00189273 0.00226178 0.00268852 0.00317859 0.00373762 0.00437113 0.00508436 0.00588215 0.00676878 0.00774779 0.00882185 0.00999256 0.0112604 0.0126244 0.0140822 0.01563 0.0172623 0.0189721 0.0207505 0.0225873 0.0244706 0.0263873 0.0283226 0.0302611 0.0321861 0.0340806 0.0359269 0.0377071 0.0394038 0.0409995 0.0424777 0.0438227 0.0450201 0.0460568 0.0469212 0.0476039 0.048097 0.0483952 0.048495 0.0483952 0.048097 0.0476039 0.0469212 0.0460568 0.0450201 0.0438227 0.0424777 0.0409995 0.0394038 0.0377071 0.0359269 0.0340806 0.0321861 0.0302611 0.0283226 0.0263873 0.0244706 0.0225873 0.0207505 0.0189721 0.0172623 0.01563 0.0140822 0.0126244 0.0112604 0.00999256 0.00882185 0.00774779 0.00676878 0.00588215 0.00508436 0.00437113 0.00373762 0.00317859 0.00268852 0.00226178 0.00189273 0.00157585 0.0013058 0.00107756 0.00088644 0.000728163 0.000598892 0.000495266 0.000414417 0.00035399 0.000312144 0.000287564 
0.0003423 0.000352144 0.000381992 0.000432787 0.000506101 0.000604126 0.000729673 0.000886152 0.00107756 0.00130844 0.00158388 0.00190939 0.00229093 0.00273474 0.0032473 0.00383521 0.00450502 0.00526311 0.00611554 0.00706783 0.00812483 0.0092905 0.0105677 0.0119581 0.013462 0.0150779 0.0168029 0.0186322 0.020559 0.0225748 0.0246692 0.02683 0.029043 0.0312927 0.0335621 0.0358329 0.0380859 0.040301 0.0424579 0.0445361 0.0465151 0.0483751 0.0500971 0.0516631 0.0530564 0.0542622 0.0552673 0.0560608 0.056634 0.0569804 0.0570963 0.0569804 0.056634 0.0560608 0.0552673 0.0542622 0.0530564 0.0516631 0.0500971 0.0483751 0.0465151 0.0445361 0.0424579 0.040301 0.0380859 0.0358329 0.0335621 0.0312927 0.029043 0.02683 0.0246692 0.0225748 0.020559 0.0186322 0.0168029 0.0150779 0.013462 0.0119581 0.0105677 0.0092905 0.00812483 0.00706783 0.00611554 0.00526311 0.00450502 0.00383521 0.0032473 0.00273474 0.00229093 0.00190939 0.00158388 0.00130844 0.00107756 0.000886152 0.000729673 0.000604126 0.000506101 0.000432787 0.000381992 0.000352144 
0.000417903 0.000429822 0.000465952 0.000527417 0.000616087 0.000734571 0.000886205 0.00107504 0.0013058 0.00158388 0.00191525 0.00230645 0.00276444 0.00329656 0.00391039 0.00461359 0.00541377 0.00631829 0.00733411 0.00846752 0.00972397 0.0111078 0.0126223 0.0142689 0.0160475 0.0179565 0.0199917 0.0221474 0.0244153 0.0267852 0.0292446 0.031779 0.0343719 0.0370051 0.0396584 0.0423108 0.0449398 0.0475223 0.0500348 0.0524535 0.0547552 0.0569169 0.058917 0.0607347 0.0623513 0.0637496 0.0649148 0.0658344 0.0664985 0.0668998 0.0670341 0.0668998 0.0664985 0.0658344 0.0649148 0.0637496 0.0623513 0.0607347 0.058917 0.0569169 0.0547552 0.0524535 0.0500348 0.0475223 0.0449398 0.0423108 0.0396584 0.0370051 0.0343719 0.031779 0.0292446 0.0267852 0.0244153 0.0221474 0.0199917 0.0179565 0.0160475 0.0142689 0.0126223 0.0111078 0.00972397 0.00846752 0.00733411 0.00631829 0.00541377 0.00461359 0.00391039 0.00329656 0.00276444 0.00230645 0.00191525 0.00158388 0.0013058 0.00107504 0.000886205 0.000734571 0.000616087 0.000527417 0.000465952 0.000429822 
0.00050804 0.00052241 0.000565963 0.000640031 0.000746831 0.000889451 0.00107184 0.00129877 0.00157585 0.00190939 0.00230645 0.00277466 0.00332221 0.00395763 0.00468976 0.00552746 0.00647953 0.00755444 0.0087601 0.0101037 0.0115912 0.0132276 0.015016 0.0169582 0.0190535 0.0212995 0.0236911 0.0262212 0.0288798 0.0316547 0.0345311 0.0374919 0.0405176 0.0435868 0.0466765 0.0497619 0.0528171 0.0558155 0.0587301 0.0615337 0.0641994 0.0667014 0.0690146 0.0711158 0.0729835 0.0745983 0.0759434 0.0770047 0.0777709 0.0782338 0.0783887 0.0782338 0.0777709 0.0770047 0.0759434 0.0745983 0.0729835 0.0711158 0.0690146 0.0667014 0.0641994 0.0615337 0.0587301 0.0558155 0.0528171 0.0497619 0.0466765 0.0435868 0.0405176 0.0374919 0.0345311 0.0316547 0.0288798 0.0262212 0.0236911 0.0212995 0.0190535 0.0169582 0.015016 0.0132276 0.0115912 0.0101037 0.0087601 0.00755444 0.00647953 0.00552746 0.00468976 0.00395763 0.00332221 0.00277466 0.00230645 0.00190939 0.00157585 0.00129877 0.00107184 0.000889451 0.000746831 0.000640031 0.000565963 0.00052241 
0.000614644 0.000631886 0.000684138 0.00077297 0.000900995 0.00107185 0.00129019 0.00156163 0.00189273 0.00229093 0.00276444 0.00332221 0.00397373 0.00472896 0.00559807 0.00659134 0.00771883 0.00899022 0.0104145 0.0119997 0.0137526 0.0156784 0.0177806 0.0200606 0.0225173 0.0251473 0.0279446 0.0309 0.0340019 0.0372355 0.0405835 0.0440257 0.0475394 0.0510999 0.0546802 0.0582518 0.0617852 0.0652495 0.068614 0.0718476 0.0749199 0.0778012 0.0804636 0.0828804 0.0850275 0.086883 0.088428 0.0896466 0.0905262 0.0910576 0.0912353 0.0910576 0.0905262 0.0896466 0.088428 0.086883 0.0850275 0.0828804 0.0804636 0.0778012 0.0749199 0.0718476 0.068614 0.0652495 0.0617852 0.0582518 0.0546802 0.0510999 0.0475394 0.0440257 0.0405835 0.0372355 0.0340019 0.0309 0.0279446 0.0251473 0.0225173 0.0200606 0.0177806 0.0156784 0.0137526 0.0119997 0.0104145 0.00899022 0.00771883 0.00659134 0.00559807 0.00472896 0.00397373 0.00332221 0.00276444 0.00229093 0.00189273 0.00156163 0.00129019 0.00107185 0.000900995 0.00077297 0.000684138 0.000631886 
0.000739791 0.000760375 0.000822741 0.000928735 0.00108142 0.00128507 0.00154511 0.00186813 0.00226178 0.00273474 0.00329656 0.00395763 0.00472896 0.00562201 0.00664852 0.00782025 0.0091487 0.0106449 0.0123188 0.0141796 0.0162346 0.0184896 0.0209479 0.0236107 0.0264764 0.0295403 0.032795 0.0362294 0.0398296 0.0435782 0.0474548 0.0514357 0.0554948 0.0596032 0.0637301 0.0678428 0.0719072 0.0758884 0.0797514 0.0834609 0.0869825 0.0902828 0.0933302 0.0960948 0.0985496 0.10067 0.102435 0.103826 0.104831 0.105437 0.10564 0.105437 0.104831 0.103826 0.102435 0.10067 0.0985496 0.0960948 0.0933302 0.0902828 0.0869825 0.0834609 0.0797514 0.0758884 0.0719072 0.0678428 0.0637301 0.0596032 0.0554948 0.0514357 0.0474548 0.0435782 0.0398296 0.0362294 0.032795 0.0295403 0.0264764 0.0236107 0.0209479 0.0184896 0.0162346 0.0141796 0.0123188 0.0106449 0.0091487 0.00782025 0.00664852 0.00562201 0.00472896 0.00395763 0.00329656 0.00273474 0.00226178 0.00186813 0.00154511 0.00128507 0.00108142 0.000928735 0.000822741 0.000760375 
0.000885677 0.000910119 0.000984164 0.00110996 0.0012911 0.00153253 0.00184061 0.00222297 0.00268852 0.0032473 0.00391039 0.00468976 0.00559807 0.00664852 0.00785452 0.00922946 0.0107864 0.0125377 0.0144947 0.0166674 0.0190638 0.0216899 0.0245493 0.0276426 0.0309673 0.0345175 0.0382838 0.0422533 0.0464092 0.050731 0.0551949 0.0597736 0.0644367 0.0691511 0.0738815 0.0785906 0.0832396 0.0877891 0.0921992 0.0964304 0.100444 0.104203 0.107671 0.110815 0.113605 0.116014 0.118019 0.119599 0.120738 0.121427 0.121657 0.121427 0.120738 0.119599 0.118019 0.116014 0.113605 0.110815 0.107671 0.104203 0.100444 0.0964304 0.0921992 0.0877891 0.0832396 0.0785906 0.0738815 0.0691511 0.0644367 0.0597736 0.0551949 0.050731 0.0464092 0.0422533 0.0382838 0.0345175 0.0309673 0.0276426 0.0245493 0.0216899 0.0190638 0.0166674 0.0144947 0.0125377 0.0107864 0.00922946 0.00785452 0.00664852 0.00559807 0.00468976 0.00391039 0.0032473 0.00268852 0.00222297 0.00184061 0.00153253 0.0012911 0.00110996 0.000984164 0.000910119 
0.00105459 0.00108345 0.00117089 0.00131939 0.00153311 0.0018178 0.00218081 0.00263098 0.00317859 0.00383521 0.00461359 0.00552746 0.00659134 0.00782025 0.00922946 0.0108341 0.012649 0.0146878 0.0169633 0.0194863 0.0222655 0.0253073 0.028615 0.0321886 0.0360246 0.0401154 0.0444498 0.0490121 0.0537826 0.0587374 0.0638487 0.0690851 0.0744117 0.0797907 0.0851817 0.0905426 0.0958296 0.100998 0.106004 0.110802 0.115349 0.119604 0.123528 0.127083 0.130235 0.132956 0.135219 0.137002 0.138288 0.139064 0.139324 0.139064 0.138288 0.137002 0.135219 0.132956 0.130235 0.127083 0.123528 0.119604 0.115349 0.110802 0.106004 0.100998 0.0958296 0.0905426 0.0851817 0.0797907 0.0744117 0.0690851 0.0638487 0.0587374 0.0537826 0.0490121 0.0444498 0.0401154 0.0360246 0.0321886 0.028615 0.0253073 0.0222655 0.0194863 0.0169633 0.0146878 0.012649 0.0108341 0.00922946 0.00782025 0.00659134 0.00552746 0.00461359 0.00383521 0.00317859 0.00263098 0.00218081 0.0018178 0.00153311 0.00131939 0.00117089 0.00108345 
0.00124885 0.00128276 0.00138544 0.00155979 0.00181058 0.00214446 0.00256987 0.003097 0.00373762 0.00450502 0.00541377 0.00647953 0.00771883 0.0091487 0.0107864 0.012649 0.0147529 0.0171135 0.0197448 0.0226585 0.025864 0.0293678 0.0331729 0.0372785 0.0416797 0.0463673 0.0513275 0.0565416 0.0619867 0.0676349 0.0734542 0.0794085 0.085458 0.0915597 0.0976682 0.103736 0.109713 0.11555 0.121198 0.126606 0.131728 0.136516 0.140928 0.144923 0.148464 0.151518 0.154057 0.156056 0.157498 0.158369 0.15866 0.158369 0.157498 0.156056 0.154057 0.151518 0.148464 0.144923 0.140928 0.136516 0.131728 0.126606 0.121198 0.11555 0.109713 0.103736 0.0976682 0.0915597 0.085458 0.0794085 0.0734542 0.0676349 0.0619867 0.0565416 0.0513275 0.0463673 0.0416797 0.0372785 0.0331729 0.0293678 0.025864 0.0226585 0.0197448 0.0171135 0.0147529 0.012649 0.0107864 0.0091487 0.00771883 0.00647953 0.00541377 0.00450502 0.00373762 0.003097 0.00256987 0.00214446 0.00181058 0.00155979 0.00138544 0.00128276 
0.00147082 0.00151043 0.00163037 0.00183394 0.00212663 0.00251606 0.00301189 0.00362576 0.00437113 0.00526311 0.00631829 0.00755444 0.00899022 0.0106449 0.0125377 0.0146878 0.0171135 0.0198318 0.0228577 0.0262042 0.0298811 0.0338948 0.0382478 0.0429384 0.0479601 0.0533014 0.0589457 0.0648713 0.0710512 0.0774532 0.0840408 0.0907726 0.0976035 0.104485 0.111366 0.118193 0.124911 0.131465 0.137799 0.143859 0.149593 0.154949 0.15988 0.164342 0.168295 0.171702 0.174533 0.176762 0.178369 0.179339 0.179663 0.179339 0.178369 0.176762 0.174533 0.171702 0.168295 0.164342 0.15988 0.154949 0.149593 0.143859 0.137799 0.131465 0.124911 0.118193 0.111366 0.104485 0.0976035 0.0907726 0.0840408 0.0774532 0.0710512 0.0648713 0.0589457 0.0533014 0.0479601 0.0429384 0.0382478 0.0338948 0.0298811 0.0262042 0.0228577 0.0198318 0.0171135 0.0146878 0.0125377 0.0106449 0.00899022 0.00755444 0.00631829 0.00526311 0.00437113 0.00362576 0.00301189 0.00251606 0.00212663 0.00183394 0.00163037 0.00151043 
0.0017228 0.00176882 0.00190814 0.00214455 0.00248428 0.00293603 0.00351081 0.00422182 0.00508436 0.00611554 0.00733411 0.0087601 0.0104145 0.0123188 0.0144947 0.0169633 0.0197448 0.0228577 0.0263187 0.0301412 0.0343355 0.038908 0.0438604 0.0491898 0.0548876 0.0609399 0.067327 0.0740233 0.0809975 0.088213 0.0956278 0.103195 0.110864 0.11858 0.126286 0.133923 0.141429 0.148744 0.155806 0.162556 0.168937 0.174892 0.18037 0.185324 0.189709 0.193487 0.196624 0.199094 0.200874 0.201948 0.202307 0.201948 0.200874 0.199094 0.196624 0.193487 0.189709 0.185324 0.18037 0.174892 0.168937 0.162556 0.155806 0.148744 0.141429 0.133923 0.126286 0.11858 0.110864 0.103195 0.0956278 0.088213 0.0809975 0.0740233 0.067327 0.0609399 0.0548876 0.0491898 0.0438604 0.038908 0.0343355 0.0301412 0.0263187 0.0228577 0.0197448 0.0169633 0.0144947 0.0123188 0.0104145 0.0087601 0.00733411 0.00611554 0.00508436 0.00422182 0.00351081 0.00293603 0.00248428 0.00214455 0.00190814 0.00176882 
0.00200698 0.00206016 0.00222114 0.00249418 0.0028864 0.00340763 0.00407031 0.0048894 0.00588215 0.00706783 0.00846752 0.0101037 0.0119997 0.0141796 0.0166674 0.0194863 0.0226585 0.0262042 0.0301412 0.0344837 0.0392423 0.044423 0.0500266 0.0560485 0.0624779 0.069298 0.0764855 0.0840106 0.0918375 0.0999241 0.108223 0.116681 0.125242 0.133845 0.142425 0.150918 0.159256 0.167372 0.1752 0.182674 0.189731 0.196313 0.202363 0.207829 0.212664 0.216828 0.220284 0.223004 0.224963 0.226145 0.22654 0.226145 0.224963 0.223004 0.220284 0.216828 0.212664 0.207829 0.202363 0.196313 0.189731 0.182674 0.1752 0.167372 0.159256 0.150918 0.142425 0.133845 0.125242 0.116681 0.108223 0.0999241 0.0918375 0.0840106 0.0764855 0.069298 0.0624779 0.0560485 0.0500266 0.044423 0.0392423 0.0344837 0.0301412 0.0262042 0.0226585 0.0194863 0.0166674 0.0141796 0.0119997 0.0101037 0.00846752 0.00706783 0.00588215 0.0048894 0.00407031 0.00340763 0.0028864 0.00249418 0.00222114 0.00206016 
0.00232542 0.00238654 0.00257153 0.00288522 0.0033356 0.00393376 0.00469371 0.00563227 0.00676878 0.00812483 0.00972397 0.0115912 0.0137526 0.0162346 0.0190638 0.0222655 0.025864 0.0298811 0.0343355 0.0392423 0.0446121 0.0504502 0.0567564 0.0635239 0.0707394 0.0783827 0.0864265 0.0948366 0.103572 0.112584 0.121821 0.131222 0.140724 0.150261 0.15976 0.169151 0.17836 0.187313 0.195938 0.204165 0.211926 0.219157 0.225798 0.231794 0.237094 0.241655 0.245439 0.248416 0.250559 0.251852 0.252285 0.251852 0.250559 0.248416 0.245439 0.241655 0.237094 0.231794 0.225798 0.219157 0.211926 0.204165 0.195938 0.187313 0.17836 0.169151 0.15976 0.150261 0.140724 0.131222 0.121821 0.112584 0.103572 0.0948366 0.0864265 0.0783827 0.0707394 0.0635239 0.0567564 0.0504502 0.0446121 0.0392423 0.0343355 0.0298811 0.025864 0.0222655 0.0190638 0.0162346 0.0137526 0.0115912 0.00972397 0.00812483 0.00676878 0.00563227 0.00469371 0.00393376 0.0033356 0.00288522 0.00257153 0.00238654 
0.00267993 0.00274981 0.00296126 0.00331972 0.00383414 0.00451695 0.00538384 0.00645359 0.00774779 0.0092905 0.0111078 0.0132276 0.0156784 0.0184896 0.0216899 0.0253073 0.0293678 0.0338948 0.038908 0.044423 0.0504502 0.0569942 0.0640531 0.0716178 0.079672 0.0881918 0.0971454 0.106493 0.116189 0.126179 0.136402 0.146794 0.157283 0.167795 0.178253 0.188578 0.19869 0.20851 0.21796 0.226963 0.235448 0.243346 0.250593 0.25713 0.262905 0.267872 0.271991 0.275229 0.27756 0.278966 0.279436 0.278966 0.27756 0.275229 0.271991 0.267872 0.262905 0.25713 0.250593 0.243346 0.235448 0.226963 0.21796 0.20851 0.19869 0.188578 0.178253 0.167795 0.157283 0.146794 0.136402 0.126179 0.116189 0.106493 0.0971454 0.0881918 0.079672 0.0716178 0.0640531 0.0569942 0.0504502 0.044423 0.038908 0.0338948 0.0293678 0.0253073 0.0216899 0.0184896 0.0156784 0.0132276 0.0111078 0.0092905 0.00774779 0.00645359 0.00538384 0.00451695 0.00383414 0.00331972 0.00296126 0.00274981 
0.00307203 0.0031515 0.00339194 0.00379939 0.00438387 0.00515922 0.0061429 0.00735579 0.00882185 0.0105677 0.0126223 0.015016 0.0177806 0.0209479 0.0245493 0.028615 0.0331729 0.0382478 0.0438604 0.0500266 0.0567564 0.0640531 0.0719129 0.0803242 0.0892671 0.0987135 0.108627 0.118962 0.129666 0.140679 0.151933 0.163357 0.174871 0.186396 0.197845 0.209135 0.220177 0.230887 0.241181 0.250978 0.260201 0.268777 0.276639 0.283726 0.289981 0.295358 0.299814 0.303316 0.305836 0.307356 0.307864 0.307356 0.305836 0.303316 0.299814 0.295358 0.289981 0.283726 0.276639 0.268777 0.260201 0.250978 0.241181 0.230887 0.220177 0.209135 0.197845 0.186396 0.174871 0.163357 0.151933 0.140679 0.129666 0.118962 0.108627 0.0987135 0.0892671 0.0803242 0.0719129 0.0640531 0.0567564 0.0500266 0.0438604 0.0382478 0.0331729 0.028615 0.0245493 0.0209479 0.0177806 0.015016 0.0126223 0.0105677 0.00882185 0.00735579 0.0061429 0.00515922 0.00438387 0.00379939 0.00339194 0.0031515 
0.00350288 0.00359279 0.00386475 0.0043255 0.00498612 0.00586196 0.00697237 0.00834042 0.00999256 0.0119581 0.0142689 0.0169582 0.0200606 0.0236107 0.0276426 0.0321886 0.0372785 0.0429384 0.0491898 0.0560485 0.0635239 0.0716178 0.0803242 0.0896282 0.0995063 0.109925 0.120844 0.13221 0.143965 0.156042 0.168365 0.180856 0.193429 0.205995 0.218462 0.230737 0.242729 0.254345 0.265496 0.276097 0.286065 0.295325 0.303806 0.311444 0.318182 0.323968 0.328762 0.332526 0.335235 0.336868 0.337414 0.336868 0.335235 0.332526 0.328762 0.323968 0.318182 0.311444 0.303806 0.295325 0.286065 0.276097 0.265496 0.254345 0.242729 0.230737 0.218462 0.205995 0.193429 0.180856 0.168365 0.156042 0.143965 0.13221 0.120844 0.109925 0.0995063 0.0896282 0.0803242 0.0716178 0.0635239 0.0560485 0.0491898 0.0429384 0.0372785 0.0321886 0.0276426 0.0236107 0.0200606 0.0169582 0.0142689 0.0119581 0.00999256 0.00834042 0.00697237 0.00586196 0.00498612 0.0043255 0.00386475 0.00359279 
0.00397321 0.00407439 0.00438043 0.00489875 0.00564159 0.00662587 0.0078729 0.00940805 0.0112604 0.013462 0.0160475 0.0190535 0.0225173 0.0264764 0.0309673 0.0360246 0.0416797 0.0479601 0.0548876 0.0624779 0.0707394 0.079672 0.0892671 0.0995063 0.110361 0.121795 0.133758 0.146194 0.159037 0.172211 0.185635 0.199222 0.212877 0.226505 0.240008 0.253285 0.266237 0.278767 0.290781 0.302188 0.312903 0.322845 0.331943 0.340129 0.347344 0.353537 0.358663 0.362688 0.365582 0.367327 0.36791 0.367327 0.365582 0.362688 0.358663 0.353537 0.347344 0.340129 0.331943 0.322845 0.312903 0.302188 0.290781 0.278767 0.266237 0.253285 0.240008 0.226505 0.212877 0.199222 0.185635 0.172211 0.159037 0.146194 0.133758 0.121795 0.110361 0.0995063 0.0892671 0.079672 0.0707394 0.0624779 0.0548876 0.0479601 0.0416797 0.0360246 0.0309673 0.0264764 0.0225173 0.0190535 0.0160475 0.013462 0.0112604 0.00940805 0.0078729 0.00662587 0.00564159 0.00489875 0.00438043 0.00407439 
0.00448323 0.00459653 0.00493916 0.00551927 0.00635031 0.00745083 0.00884417 0.0105581 0.0126244 0.0150779 0.0179565 0.0212995 0.0251473 0.0295403 0.0345175 0.0401154 0.0463673 0.0533014 0.0609399 0.069298 0.0783827 0.0881918 0.0987135 0.109925 0.121795 0.134278 0.14732 0.160858 0.174818 0.189116 0.203665 0.218367 0.233122 0.247826 0.262374 0.276658 0.290574 0.304018 0.316892 0.329101 0.340556 0.351173 0.360879 0.369603 0.377287 0.383877 0.389329 0.393608 0.396683 0.398537 0.399156 0.398537 0.396683 0.393608 0.389329 0.383877 0.377287 0.369603 0.360879 0.351173 0.340556 0.329101 0.316892 0.304018 0.290574 0.276658 0.262374 0.247826 0.233122 0.218367 0.203665 0.189116 0.174818 0.160858 0.14732 0.134278 0.121795 0.109925 0.0987135 0.0881918 0.0783827 0.069298 0.0609399 0.0533014 0.0463673 0.0401154 0.0345175 0.0295403 0.0251473 0.0212995 0.0179565 0.0150779 0.0126244 0.0105581 0.00884417 0.00745083 0.00635031 0.00551927 0.00493916 0.00459653 
0.00503261 0.00515883 0.00554049 0.00618648 0.00711151 0.00833581 0.00988484 0.0117888 0.0140822 0.0168029 0.0199917 0.0236911 0.0279446 0.032795 0.0382838 0.0444498 0.0513275 0.0589457 0.067327 0.0764855 0.0864265 0.0971454 0.108627 0.120844 0.133758 0.14732 0.161469 0.176134 0.191232 0.206674 0.222362 0.238192 0.254055 0.26984 0.285433 0.300723 0.315597 0.329948 0.343671 0.35667 0.36885 0.380129 0.390427 0.399676 0.407814 0.414789 0.420556 0.425079 0.428329 0.430288 0.430942 0.430288 0.428329 0.425079 0.420556 0.414789 0.407814 0.399676 0.390427 0.380129 0.36885 0.35667 0.343671 0.329948 0.315597 0.300723 0.285433 0.26984 0.254055 0.238192 0.222362 0.206674 0.191232 0.176134 0.161469 0.14732 0.133758 0.120844 0.108627 0.0971454 0.0864265 0.0764855 0.067327 0.0589457 0.0513275 0.0444498 0.0382838 0.032795 0.0279446 0.0236911 0.0199917 0.0168029 0.0140822 0.0117888 0.00988484 0.00833581 0.00711151 0.00618648 0.00554049 0.00515883 
0.00562038 0.0057603 0.00618331 0.00689909 0.00792361 0.00927886 0.0109924 0.0130971 0.01563 0.0186322 0.0221474 0.0262212 0.0309 0.0362294 0.0422533 0.0490121 0.0565416 0.0648713 0.0740233 0.0840106 0.0948366 0.106493 0.118962 0.13221 0.146194 0.160858 0.176134 0.191942 0.208193 0.224789 0.241624 0.258584 0.275555 0.292416 0.309048 0.325332 0.341151 0.356392 0.370947 0.384715 0.397601 0.409518 0.420389 0.430142 0.438717 0.44606 0.452127 0.456883 0.4603 0.462358 0.463045 0.462358 0.4603 0.456883 0.452127 0.44606 0.438717 0.430142 0.420389 0.409518 0.397601 0.384715 0.370947 0.356392 0.341151 0.325332 0.309048 0.292416 0.275555 0.258584 0.241624 0.224789 0.208193 0.191942 0.176134 0.160858 0.146194 0.13221 0.118962 0.106493 0.0948366 0.0840106 0.0740233 0.0648713 0.0565416 0.0490121 0.0422533 0.0362294 0.0309 0.0262212 0.0221474 0.0186322 0.01563 0.0130971 0.0109924 0.00927886 0.00792361 0.00689909 0.00618331 0.0057603 
0.00624493 0.00639926 0.00686579 0.007655 0.00878414 0.010277 0.0121633 0.0144784 0.0172623 0.020559 0.0244153 0.0288798 0.0340019 0.0398296 0.0464092 0.0537826 0.0619867 0.0710512 0.0809975 0.0918375 0.103572 0.116189 0.129666 0.143965 0.159037 0.174818 0.191232 0.208193 0.225603 0.243355 0.261334 0.27942 0.297489 0.315414 0.333068 0.350327 0.367069 0.383175 0.398536 0.413047 0.426611 0.439141 0.450557 0.46079 0.469778 0.477469 0.48382 0.488795 0.492367 0.494518 0.495237 0.494518 0.492367 0.488795 0.48382 0.477469 0.469778 0.46079 0.450557 0.439141 0.426611 0.413047 0.398536 0.383175 0.367069 0.350327 0.333068 0.315414 0.297489 0.27942 0.261334 0.243355 0.225603 0.208193 0.191232 0.174818 0.159037 0.143965 0.129666 0.116189 0.103572 0.0918375 0.0809975 0.0710512 0.0619867 0.0537826 0.0464092 0.0398296 0.0340019 0.0288798 0.0244153 0.020559 0.0172623 0.0144784 0.0121633 0.010277 0.00878414 0.007655 0.00686579 0.00639926 
0.00690393 0.00707334 0.00758537 0.00845129 0.0096897 0.0113261 0.0133926 0.015927 0.0189721 0.0225748 0.0267852 0.0316547 0.0372355 0.0435782 0.050731 0.0587374 0.0676349 0.0774532 0.088213 0.0999241 0.112584 0.126179 0.140679 0.156042 0.172211 0.189116 0.206674 0.224789 0.243355 0.262256 0.28137 0.300567 0.319716 0.338683 0.357335 0.375542 0.393176 0.410117 0.426251 0.441472 0.455681 0.46879 0.480721 0.491404 0.500778 0.508794 0.515407 0.520585 0.524302 0.52654 0.527287 0.52654 0.524302 0.520585 0.515407 0.508794 0.500778 0.491404 0.480721 0.46879 0.455681 0.441472 0.426251 0.410117 0.393176 0.375542 0.357335 0.338683 0.319716 0.300567 0.28137 0.262256 0.243355 0.224789 0.206674 0.189116 0.172211 0.156042 0.140679 0.126179 0.112584 0.0999241 0.088213 0.0774532 0.0676349 0.0587374 0.050731 0.0435782 0.0372355 0.0316547 0.0267852 0.0225748 0.0189721 0.015927 0.0133926 0.0113261 0.0096897 0.00845129 0.00758537 0.00707334 
0.00759437 0.00777943 0.00833867 0.00928421 0.0106359 0.0124212 0.0146743 0.0174355 0.0207505 0.0246692 0.0292446 0.0345311 0.0405835 0.0474548 0.0551949 0.0638487 0.0734542 0.0840408 0.0956278 0.108223 0.121821 0.136402 0.151933 0.168365 0.185635 0.203665 0.222362 0.241624 0.261334 0.28137 0.301599 0.321885 0.342088 0.362068 0.381685 0.400805 0.419295 0.437033 0.4539 0.469791 0.484606 0.498258 0.510668 0.521768 0.531499 0.539812 0.546666 0.55203 0.555878 0.558193 0.558966 0.558193 0.555878 0.55203 0.546666 0.539812 0.531499 0.521768 0.510668 0.498258 0.484606 0.469791 0.4539 0.437033 0.419295 0.400805 0.381685 0.362068 0.342088 0.321885 0.301599 0.28137 0.261334 0.241624 0.222362 0.203665 0.185635 0.168365 0.151933 0.136402 0.121821 0.108223 0.0956278 0.0840408 0.0734542 0.0638487 0.0551949 0.0474548 0.0405835 0.0345311 0.0292446 0.0246692 0.0207505 0.0174355 0.0146743 0.0124212 0.0106359 0.00928421 0.00833867 0.00777943 
0.00831247 0.00851367 0.00912159 0.0101492 0.0116176 0.0135561 0.016001 0.0189952 0.0225873 0.02683 0.031779 0.0374919 0.0440257 0.0514357 0.0597736 0.0690851 0.0794085 0.0907726 0.103195 0.116681 0.131222 0.146794 0.163357 0.180856 0.199222 0.218367 0.238192 0.258584 0.27942 0.300567 0.321885 0.343229 0.364452 0.385408 0.405951 0.425942 0.445246 0.463735 0.481292 0.497809 0.513187 0.52734 0.540189 0.55167 0.561725 0.570307 0.577378 0.582908 0.586874 0.589259 0.590055 0.589259 0.586874 0.582908 0.577378 0.570307 0.561725 0.55167 0.540189 0.52734 0.513187 0.497809 0.481292 0.463735 0.445246 0.425942 0.405951 0.385408 0.364452 0.343229 0.321885 0.300567 0.27942 0.258584 0.238192 0.218367 0.199222 0.180856 0.163357 0.146794 0.131222 0.116681 0.103195 0.0907726 0.0794085 0.0690851 0.0597736 0.0514357 0.0440257 0.0374919 0.031779 0.02683 0.0225873 0.0189952 0.016001 0.0135561 0.0116176 0.0101492 0.00912159 0.00851367 
0.0090538 0.00927151 0.00992924 0.0110407 0.0126285 0.0147235 0.0173643 0.0205963 0.0244706 0.029043 0.0343719 0.0405176 0.0475394 0.0554948 0.0644367 0.0744117 0.085458 0.0976035 0.110864 0.125242 0.140724 0.157283 0.174871 0.193429 0.212877 0.233122 0.254055 0.275555 0.297489 0.319716 0.342088 0.364452 0.386655 0.408543 0.429967 0.450781 0.470849 0.490042 0.50824 0.525334 0.541229 0.555838 0.569085 0.580908 0.591252 0.600074 0.607336 0.613012 0.617081 0.619527 0.620344 0.619527 0.617081 0.613012 0.607336 0.600074 0.591252 0.580908 0.569085 0.555838 0.541229 0.525334 0.50824 0.490042 0.470849 0.450781 0.429967 0.408543 0.386655 0.364452 0.342088 0.319716 0.297489 0.275555 0.254055 0.233122 0.212877 0.193429 0.174871 0.157283 0.140724 0.125242 0.110864 0.0976035 0.085458 0.0744117 0.0644367 0.0554948 0.0475394 0.0405176 0.0343719 0.029043 0.0244706 0.0205963 0.0173643 0.0147235 0.0126285 0.0110407 0.00992924 0.00927151 
0.00981319 0.0100477 0.010756 0.0119527 0.0136616 0.0159153 0.0187546 0.0222273 0.0263873 0.0312927 0.0370051 0.0435868 0.0510999 0.0596032 0.0691511 0.0797907 0.0915597 0.104485 0.11858 0.133845 0.150261 0.167795 0.186396 0.205995 0.226505 0.247826 0.26984 0.292416 0.315414 0.338683 0.362068 0.385408 0.408543 0.431314 0.453567 0.475154 0.495933 0.515776 0.534562 0.552184 0.568546 0.583564 0.597166 0.609291 0.619889 0.628919 0.636347 0.642148 0.646305 0.648803 0.649637 0.648803 0.646305 0.642148 0.636347 0.628919 0.619889 0.609291 0.597166 0.583564 0.568546 0.552184 0.534562 0.515776 0.495933 0.475154 0.453567 0.431314 0.408543 0.385408 0.362068 0.338683 0.315414 0.292416 0.26984 0.247826 0.226505 0.205995 0.186396 0.167795 0.150261 0.133845 0.11858 0.104485 0.0915597 0.0797907 0.0691511 0.0596032 0.0510999 0.0435868 0.0370051 0.0312927 0.0263873 0.0222273 0.0187546 0.0159153 0.0136616 0.0119527 0.010756 0.0100477 
0.0105849 0.0108363 0.0115956 0.0128781 0.014709 0.0171225 0.0201614 0.023876 0.0283226 0.0335621 0.0396584 0.0466765 0.0546802 0.0637301 0.0738815 0.0851817 0.0976682 0.111366 0.126286 0.142425 0.15976 0.178253 0.197845 0.218462 0.240008 0.262374 0.285433 0.309048 0.333068 0.357335 0.381685 0.405951 0.429967 0.453567 0.476594 0.498896 0.520331 0.540769 0.560088 0.578185 0.594963 0.610343 0.624256 0.636643 0.647459 0.656665 0.664233 0.670139 0.674369 0.676911 0.677759 0.676911 0.674369 0.670139 0.664233 0.656665 0.647459 0.636643 0.624256 0.610343 0.594963 0.578185 0.560088 0.540769 0.520331 0.498896 0.476594 0.453567 0.429967 0.405951 0.381685 0.357335 0.333068 0.309048 0.285433 0.262374 0.240008 0.218462 0.197845 0.178253 0.15976 0.142425 0.126286 0.111366 0.0976682 0.0851817 0.0738815 0.0637301 0.0546802 0.0466765 0.0396584 0.0335621 0.0283226 0.023876 0.0201614 0.0171225 0.014709 0.0128781 0.0115956 0.0108363 
0.0113625 0.0116308 0.0124411 0.0138094 0.0157621 0.0183351 0.0215733 0.025529 0.0302611 0.0358329 0.0423108 0.0497619 0.0582518 0.0678428 0.0785906 0.0905426 0.103736 0.118193 0.133923 0.150918 0.169151 0.188578 0.209135 0.230737 0.253285 0.276658 0.300723 0.325332 0.350327 0.375542 0.400805 0.425942 0.450781 0.475154 0.498896 0.521856 0.543888 0.564863 0.584661 0.603178 0.620322 0.636017 0.650195 0.662805 0.673803 0.683156 0.690837 0.696829 0.701118 0.703694 0.704553 0.703694 0.701118 0.696829 0.690837 0.683156 0.673803 0.662805 0.650195 0.636017 0.620322 0.603178 0.584661 0.564863 0.543888 0.521856 0.498896 0.475154 0.450781 0.425942 0.400805 0.375542 0.350327 0.325332 0.300723 0.276658 0.253285 0.230737 0.209135 0.188578 0.169151 0.150918 0.133923 0.118193 0.103736 0.0905426 0.0785906 0.0678428 0.0582518 0.0497619 0.0423108 0.0358329 0.0302611 0.025529 0.0215733 0.0183351 0.0157621 0.0138094 0.0124411 0.0116308 
0.0121393 0.0124243 0.0132852 0.0147385 0.0168119 0.0195428 0.022978 0.0271721 0.0321861 0.0380859 0.0449398 0.0528171 0.0617852 0.0719072 0.0832396 0.0958296 0.109713 0.124911 0.141429 0.159256 0.17836 0.19869 0.220177 0.242729 0.266237 0.290574 0.315597 0.341151 0.367069 0.393176 0.419295 0.445246 0.470849 0.495933 0.520331 0.543888 0.56646 0.587914 0.608135 0.62702 0.64448 0.660442 0.674844 0.687637 0.698784 0.708253 0.716024 0.722082 0.726416 0.729018 0.729886 0.729018 0.726416 0.722082 0.716024 0.708253 0.698784 0.687637 0.674844 0.660442 0.64448 0.62702 0.608135 0.587914 0.56646 0.543888 0.520331 0.495933 0.470849 0.445246 0.419295 0.393176 0.367069 0.341151 0.315597 0.290574 0.266237 0.242729 0.220177 0.19869 0.17836 0.159256 0.141429 0.124911 0.109713 0.0958296 0.0832396 0.0719072 0.0617852 0.0528171 0.0449398 0.0380859 0.0321861 0.0271721 0.022978 0.0195428 0.0168119 0.0147385 0.0132852 0.0124243 
0.0129079 0.0132094 0.0141199 0.0156567 0.0178486 0.0207345 0.0243629 0.0287906 0.0340806 0.040301 0.0475223 0.0558155 0.0652495 0.0758884 0.0877891 0.100998 0.11555 0.131465 0.148744 0.167372 0.187313 0.20851 0.230887 0.254345 0.278767 0.304018 0.329948 0.356392 0.383175 0.410117 0.437033 0.463735 0.490042 0.515776 0.540769 0.564863 0.587914 0.609792 0.630382 0.649583 0.66731 0.683495 0.69808 0.71102 0.722282 0.731841 0.739679 0.745785 0.75015 0.752771 0.753645 0.752771 0.75015 0.745785 0.739679 0.731841 0.722282 0.71102 0.69808 0.683495 0.66731 0.649583 0.630382 0.609792 0.587914 0.564863 0.540769 0.515776 0.490042 0.463735 0.437033 0.410117 0.383175 0.356392 0.329948 0.304018 0.278767 0.254345 0.230887 0.20851 0.187313 0.167372 0.148744 0.131465 0.11555 0.100998 0.0877891 0.0758884 0.0652495 0.0558155 0.0475223 0.040301 0.0340806 0.0287906 0.0243629 0.0207345 0.0178486 0.0156567 0.0141199 0.0132094 
0.0136609 0.0139784 0.0149372 0.0165552 0.0188623 0.0218988 0.0257149 0.0303692 0.0359269 0.0424579 0.0500348 0.0587301 0.068614 0.0797514 0.0921992 0.106004 0.121198 0.137799 0.155806 0.1752 0.195938 0.21796 0.241181 0.265496 0.290781 0.316892 0.343671 0.370947 0.398536 0.426251 0.4539 0.481292 0.50824 0.534562 0.560088 0.584661 0.608135 0.630382 0.651287 0.670756 0.688706 0.705071 0.7198 0.732854 0.744202 0.753825 0.761709 0.767846 0.772232 0.774865 0.775742 0.774865 0.772232 0.767846 0.761709 0.753825 0.744202 0.732854 0.7198 0.705071 0.688706 0.670756 0.651287 0.630382 0.608135 0.584661 0.560088 0.534562 0.50824 0.481292 0.4539 0.426251 0.398536 0.370947 0.343671 0.316892 0.290781 0.265496 0.241181 0.21796 0.195938 0.1752 0.155806 0.137799 0.121198 0.106004 0.0921992 0.0797514 0.068614 0.0587301 0.0500348 0.0424579 0.0359269 0.0303692 0.0257149 0.0218988 0.0188623 0.0165552 0.0149372 0.0139784 
0.0143905 0.0147234 0.0157287 0.0174249 0.0198428 0.0230241 0.0270206 0.0318926 0.0377071 0.0445361 0.0524535 0.0615337 0.0718476 0.0834609 0.0964304 0.110802 0.126606 0.143859 0.162556 0.182674 0.204165 0.226963 0.250978 0.276097 0.302188 0.329101 0.35667 0.384715 0.413047 0.441472 0.469791 0.497809 0.525334 0.552184 0.578185 0.603178 0.62702 0.649583 0.670756 0.690446 0.708575 0.725083 0.739922 0.753058 0.764466 0.77413 0.782042 0.788197 0.792593 0.795231 0.79611 0.795231 0.792593 0.788197 0.782042 0.77413 0.764466 0.753058 0.739922 0.725083 0.708575 0.690446 0.670756 0.649583 0.62702 0.603178 0.578185 0.552184 0.525334 0.497809 0.469791 0.441472 0.413047 0.384715 0.35667 0.329101 0.302188 0.276097 0.250978 0.226963 0.204165 0.182674 0.162556 0.143859 0.126606 0.110802 0.0964304 0.0834609 0.0718476 0.0615337 0.0524535 0.0445361 0.0377071 0.0318926 0.0270206 0.0230241 0.0198428 0.0174249 0.0157287 0.0147234 
