3.41869e-06 3.61865e-06 4.23498e-06 5.31771e-06 6.95252e-06 9.26402e-06 1.24204e-05 1.66389e-05 2.21928e-05 2.94182e-05 3.87217e-05 5.05884e-05 6.55884e-05 8.4383e-05 0.000107729 0.000136481 0.000171588 0.000214092 0.000265117 0.00032585 0.000397529 0.000481411 0.000578742 0.000690721 0.000818456 0.000962919 0.0011249 0.00130495 0.00150334 0.00172003 0.00195457 0.00220614 0.0024735 0.00275493 0.00304831 0.00335106 0.00366022 0.00397246 0.00428414 0.00459139 0.00489016 0.00517634 0.00544582 0.00569461 0.0059189 0.00611519 0.00628036 0.00641173 0.00650716 0.00656505 0.00658446 0.00656505 0.00650716 0.00641173 0.00628036 0.00611519 0.0059189 0.00569461 0.00544582 0.00517634 0.00489016 0.00459139 0.00428414 0.00397246 0.00366022 0.00335106 0.00304831 0.00275493 0.0024735 0.00220614 0.00195457 0.00172003 0.00150334 0.00130495 0.0011249 0.000962919 0.000818456 0.000690721 0.000578742 0.000481411 0.000397529 0.00032585 0.000265117 0.000214092 0.000171588 0.000136481 0.000107729 8.4383e-05 6.55884e-05 5.05884e-05 3.87217e-05 2.94182e-05 2.21928e-05 1.66389e-05 1.24204e-05 9.26402e-06 6.95252e-06 5.31771e-06 4.23498e-06 3.61865e-06 
3.61865e-06 3.82974e-06 4.48033e-06 5.62303e-06 7.34788e-06 9.78586e-06 1.31136e-05 1.75594e-05 2.34097e-05 3.10172e-05 4.08081e-05 5.32903e-05 6.90607e-05 8.88109e-05 0.000113332 0.000143515 0.000180353 0.000224931 0.000278417 0.000342051 0.000417117 0.00050492 0.000606753 0.000723856 0.000857374 0.00100831 0.00117747 0.00136543 0.00157244 0.00179844 0.00204297 0.00230516 0.00258368 0.00287677 0.00318219 0.00349727 0.00381891 0.00414366 0.00446774 0.00478712 0.00509762 0.00539496 0.0056749 0.00593329 0.00616621 0.00637002 0.0065415 0.00667787 0.00677692 0.00683702 0.00685716 0.00683702 0.00677692 0.00667787 0.0065415 0.00637002 0.00616621 0.00593329 0.0056749 0.00539496 0.00509762 0.00478712 0.00446774 0.00414366 0.00381891 0.00349727 0.00318219 0.00287677 0.00258368 0.00230516 0.00204297 0.00179844 0.00157244 0.00136543 0.00117747 0.00100831 0.000857374 0.000723856 0.000606753 0.00050492 0.000417117 0.000342051 0.000278417 0.000224931 0.000180353 0.000143515 0.000113332 8.88109e-05 6.90607e-05 5.32903e-05 4.08081e-05 3.10172e-05 2.34097e-05 1.75594e-05 1.31136e-05 9.78586e-06 7.34788e-06 5.62303e-06 4.48033e-06 3.82974e-06 
4.23498e-06 4.48033e-06 5.23631e-06 6.56341e-06 8.56516e-06 1.1392e-05 1.52465e-05 2.03902e-05 2.71511e-05 3.59317e-05 4.72183e-05 6.15891e-05 7.97222e-05 0.000102402 0.000130523 0.000165094 0.000207231 0.000258154 0.000319176 0.000391681 0.000477102 0.00057689 0.000692477 0.00082523 0.000976406 0.0011471 0.00133817 0.00155022 0.00178351 0.00203791 0.00231287 0.00260738 0.00291992 0.00324848 0.00359054 0.00394309 0.00430269 0.00466547 0.00502722 0.00538348 0.0057296 0.00606086 0.00637255 0.00666012 0.00691922 0.00714586 0.00733648 0.00748804 0.0075981 0.00766486 0.00768724 0.00766486 0.0075981 0.00748804 0.00733648 0.00714586 0.00691922 0.00666012 0.00637255 0.00606086 0.0057296 0.00538348 0.00502722 0.00466547 0.00430269 0.00394309 0.00359054 0.00324848 0.00291992 0.00260738 0.00231287 0.00203791 0.00178351 0.00155022 0.00133817 0.0011471 0.000976406 0.00082523 0.000692477 0.00057689 0.000477102 0.000391681 0.000319176 0.000258154 0.000207231 0.000165094 0.000130523 0.000102402 7.97222e-05 6.15891e-05 4.72183e-05 3.59317e-05 2.71511e-05 2.03902e-05 1.52465e-05 1.1392e-05 8.56516e-06 6.56341e-06 5.23631e-06 4.48033e-06 
5.31771e-06 5.62303e-06 6.56341e-06 8.21312e-06 1.06991e-05 1.42055e-05 1.89802e-05 2.53425e-05 3.36919e-05 4.4518e-05 5.84107e-05 7.60696e-05 9.83133e-05 0.000126086 0.000160463 0.000202649 0.000253979 0.000315904 0.000389978 0.000477838 0.000581169 0.000701671 0.000841012 0.00100078 0.0011824 0.00138714 0.00161595 0.00186947 0.00214794 0.00245115 0.00277837 0.00312835 0.00349923 0.00388858 0.00429342 0.00471015 0.0051347 0.00556252 0.00598868 0.00640795 0.00681492 0.00720408 0.00756997 0.00790731 0.00821106 0.00847663 0.00869989 0.00887734 0.00900616 0.00908429 0.00911048 0.00908429 0.00900616 0.00887734 0.00869989 0.00847663 0.00821106 0.00790731 0.00756997 0.00720408 0.00681492 0.00640795 0.00598868 0.00556252 0.0051347 0.00471015 0.00429342 0.00388858 0.00349923 0.00312835 0.00277837 0.00245115 0.00214794 0.00186947 0.00161595 0.00138714 0.0011824 0.00100078 0.000841012 0.000701671 0.000581169 0.000477838 0.000389978 0.000315904 0.000253979 0.000202649 0.000160463 0.000126086 9.83133e-05 7.60696e-05 5.84107e-05 4.4518e-05 3.36919e-05 2.53425e-05 1.89802e-05 1.42055e-05 1.06991e-05 8.21312e-06 6.56341e-06 5.62303e-06 
6.95252e-06 7.34788e-06 8.56516e-06 1.06991e-05 1.39114e-05 1.84366e-05 2.45897e-05 3.27757e-05 4.35003e-05 5.73819e-05 7.51637e-05 9.77246e-05 0.00012609 0.000161441 0.000205114 0.000258608 0.000323572 0.000401795 0.000495187 0.000605748 0.00073553 0.000886592 0.00106094 0.00126047 0.00148688 0.00174163 0.00202581 0.00234013 0.00268478 0.00305941 0.00346303 0.00389401 0.00435001 0.00482801 0.00532427 0.0058344 0.00635341 0.00687574 0.00739543 0.00790614 0.00840134 0.00887442 0.00931883 0.00972823 0.0100966 0.0104185 0.010689 0.0109039 0.0110598 0.0111544 0.0111861 0.0111544 0.0110598 0.0109039 0.010689 0.0104185 0.0100966 0.00972823 0.00931883 0.00887442 0.00840134 0.00790614 0.00739543 0.00687574 0.00635341 0.0058344 0.00532427 0.00482801 0.00435001 0.00389401 0.00346303 0.00305941 0.00268478 0.00234013 0.00202581 0.00174163 0.00148688 0.00126047 0.00106094 0.000886592 0.00073553 0.000605748 0.000495187 0.000401795 0.000323572 0.000258608 0.000205114 0.000161441 0.00012609 9.77246e-05 7.51637e-05 5.73819e-05 4.35003e-05 3.27757e-05 2.45897e-05 1.84366e-05 1.39114e-05 1.06991e-05 8.56516e-06 7.34788e-06 
9.26402e-06 9.78586e-06 1.1392e-05 1.42055e-05 1.84366e-05 2.43896e-05 3.24725e-05 4.32089e-05 5.72516e-05 7.53966e-05 9.85981e-05 0.000127982 0.000164858 0.000210728 0.000267292 0.000336442 0.000420259 0.000520991 0.000641025 0.000782853 0.000949018 0.00114206 0.00136443 0.00161843 0.00190611 0.0022292 0.00258895 0.00298613 0.00342086 0.00389257 0.00439992 0.00494075 0.00551206 0.00610998 0.00672981 0.00736604 0.00801244 0.00866214 0.00930773 0.00994143 0.0105552 0.011141 0.0116908 0.0121968 0.0126519 0.0130492 0.0133829 0.0136479 0.0138402 0.0139568 0.0139958 0.0139568 0.0138402 0.0136479 0.0133829 0.0130492 0.0126519 0.0121968 0.0116908 0.011141 0.0105552 0.00994143 0.00930773 0.00866214 0.00801244 0.00736604 0.00672981 0.00610998 0.00551206 0.00494075 0.00439992 0.00389257 0.00342086 0.00298613 0.00258895 0.0022292 0.00190611 0.00161843 0.00136443 0.00114206 0.000949018 0.000782853 0.000641025 0.000520991 0.000420259 0.000336442 0.000267292 0.000210728 0.000164858 0.000127982 9.85981e-05 7.53966e-05 5.72516e-05 4.32089e-05 3.24725e-05 2.43896e-05 1.84366e-05 1.42055e-05 1.1392e-05 9.78586e-06 
1.24204e-05 1.31136e-05 1.52465e-05 1.89802e-05 2.45897e-05 3.24725e-05 4.31608e-05 5.73364e-05 7.58475e-05 9.9726e-05 0.000130206 0.000168739 0.00021701 0.000276946 0.000350717 0.000440737 0.000549647 0.000680289 0.000835672 0.00101892 0.00123321 0.00148168 0.00176737 0.00209308 0.00246131 0.00287407 0.00333285 0.00383844 0.00439085 0.0049892 0.00563167 0.00631539 0.00703647 0.00778996 0.00856987 0.00936925 0.0101803 0.0109944 0.0118023 0.0125944 0.0133608 0.0140915 0.0147767 0.0154068 0.015973 0.0164671 0.0168819 0.0172111 0.0174499 0.0175946 0.0176431 0.0175946 0.0174499 0.0172111 0.0168819 0.0164671 0.015973 0.0154068 0.0147767 0.0140915 0.0133608 0.0125944 0.0118023 0.0109944 0.0101803 0.00936925 0.00856987 0.00778996 0.00703647 0.00631539 0.00563167 0.0049892 0.00439085 0.00383844 0.00333285 0.00287407 0.00246131 0.00209308 0.00176737 0.00148168 0.00123321 0.00101892 0.000835672 0.000680289 0.000549647 0.000440737 0.000350717 0.000276946 0.00021701 0.000168739 0.000130206 9.9726e-05 7.58475e-05 5.73364e-05 4.31608e-05 3.24725e-05 2.45897e-05 1.89802e-05 1.52465e-05 1.31136e-05 
1.66389e-05 1.75594e-05 2.03902e-05 2.53425e-05 3.27757e-05 4.32089e-05 5.73364e-05 7.60458e-05 0.000100439 0.000131853 0.000171884 0.000222405 0.000285582 0.000363885 0.000460091 0.000577273 0.000718785 0.000888223 0.00108938 0.00132616 0.00160254 0.00192241 0.00228952 0.00270728 0.00317869 0.00370617 0.00429139 0.00493516 0.00563731 0.00639655 0.00721037 0.00807502 0.00898545 0.0099353 0.010917 0.0119217 0.0129397 0.0139601 0.0149715 0.015962 0.0169193 0.0178311 0.0186852 0.0194701 0.0201749 0.0207895 0.0213051 0.0217143 0.0220109 0.0221907 0.0222509 0.0221907 0.0220109 0.0217143 0.0213051 0.0207895 0.0201749 0.0194701 0.0186852 0.0178311 0.0169193 0.015962 0.0149715 0.0139601 0.0129397 0.0119217 0.010917 0.0099353 0.00898545 0.00807502 0.00721037 0.00639655 0.00563731 0.00493516 0.00429139 0.00370617 0.00317869 0.00270728 0.00228952 0.00192241 0.00160254 0.00132616 0.00108938 0.000888223 0.000718785 0.000577273 0.000460091 0.000363885 0.000285582 0.000222405 0.000171884 0.000131853 0.000100439 7.60458e-05 5.73364e-05 4.32089e-05 3.27757e-05 2.53425e-05 2.03902e-05 1.75594e-05 
2.21928e-05 2.34097e-05 2.71511e-05 3.36919e-05 4.35003e-05 5.72516e-05 7.58475e-05 0.000100439 0.000132451 0.000173611 0.000225974 0.000291945 0.000374301 0.000476195 0.000601163 0.000753106 0.000936263 0.00115516 0.00141456 0.00171935 0.00207445 0.00248468 0.0029546 0.0034884 0.00408964 0.00476116 0.00550485 0.0063215 0.00721063 0.00817039 0.00919741 0.0102868 0.0114319 0.0126248 0.0138558 0.0151139 0.0163867 0.0176609 0.0189223 0.0201561 0.0213473 0.0224806 0.0235413 0.0245153 0.0253891 0.0261507 0.0267892 0.0272957 0.0276628 0.0278852 0.0279597 0.0278852 0.0276628 0.0272957 0.0267892 0.0261507 0.0253891 0.0245153 0.0235413 0.0224806 0.0213473 0.0201561 0.0189223 0.0176609 0.0163867 0.0151139 0.0138558 0.0126248 0.0114319 0.0102868 0.00919741 0.00817039 0.00721063 0.0063215 0.00550485 0.00476116 0.00408964 0.0034884 0.0029546 0.00248468 0.00207445 0.00171935 0.00141456 0.00115516 0.000936263 0.000753106 0.000601163 0.000476195 0.000374301 0.000291945 0.000225974 0.000173611 0.000132451 0.000100439 7.58475e-05 5.72516e-05 4.35003e-05 3.36919e-05 2.71511e-05 2.34097e-05 
2.94182e-05 3.10172e-05 3.59317e-05 4.4518e-05 5.73819e-05 7.53966e-05 9.9726e-05 0.000131853 0.000173611 0.000227216 0.000295298 0.00038093 0.000487643 0.000619443 0.000780804 0.000976644 0.00121229 0.00149341 0.00182594 0.00221593 0.00266946 0.00319243 0.0037904 0.00446839 0.00523065 0.00608045 0.00701989 0.00804963 0.00916879 0.0103747 0.011663 0.0130272 0.0144589 0.0159479 0.0174821 0.0190477 0.0206295 0.0222108 0.0237743 0.0253017 0.0267746 0.0281746 0.0294836 0.0306845 0.0317612 0.0326989 0.0334847 0.0341077 0.0345591 0.0348326 0.0349241 0.0348326 0.0345591 0.0341077 0.0334847 0.0326989 0.0317612 0.0306845 0.0294836 0.0281746 0.0267746 0.0253017 0.0237743 0.0222108 0.0206295 0.0190477 0.0174821 0.0159479 0.0144589 0.0130272 0.011663 0.0103747 0.00916879 0.00804963 0.00701989 0.00608045 0.00523065 0.00446839 0.0037904 0.00319243 0.00266946 0.00221593 0.00182594 0.00149341 0.00121229 0.000976644 0.000780804 0.000619443 0.000487643 0.00038093 0.000295298 0.000227216 0.000173611 0.000131853 9.9726e-05 7.53966e-05 5.73819e-05 4.4518e-05 3.59317e-05 3.10172e-05 
3.87217e-05 4.08081e-05 4.72183e-05 5.84107e-05 7.51637e-05 9.85981e-05 0.000130206 0.000171884 0.000225974 0.000295298 0.0003832 0.000493573 0.000630882 0.000800173 0.00100707 0.00125772 0.00155877 0.00191727 0.00234054 0.00283604 0.0034112 0.00407319 0.00482871 0.00568374 0.00664327 0.00771103 0.00888923 0.0101784 0.0115769 0.0130813 0.0146855 0.0163814 0.0181582 0.0200032 0.0219013 0.0238352 0.0257863 0.0277342 0.0296575 0.0315342 0.0333418 0.0350581 0.0366613 0.0381309 0.0394473 0.0405931 0.0415528 0.0423132 0.042864 0.0431976 0.0433093 0.0431976 0.042864 0.0423132 0.0415528 0.0405931 0.0394473 0.0381309 0.0366613 0.0350581 0.0333418 0.0315342 0.0296575 0.0277342 0.0257863 0.0238352 0.0219013 0.0200032 0.0181582 0.0163814 0.0146855 0.0130813 0.0115769 0.0101784 0.00888923 0.00771103 0.00664327 0.00568374 0.00482871 0.00407319 0.0034112 0.00283604 0.00234054 0.00191727 0.00155877 0.00125772 0.00100707 0.000800173 0.000630882 0.000493573 0.0003832 0.000295298 0.000225974 0.000171884 0.000130206 9.85981e-05 7.51637e-05 5.84107e-05 4.72183e-05 4.08081e-05 
5.05884e-05 5.32903e-05 6.15891e-05 7.60696e-05 9.77246e-05 0.000127982 0.000168739 0.000222405 0.000291945 0.00038093 0.000493573 0.000634771 0.000810125 0.00102594 0.00128922 0.00160762 0.00198933 0.00244305 0.00297775 0.00360253 0.00432639 0.00515797 0.00610525 0.00717528 0.00837383 0.00970506 0.0111713 0.0127725 0.0145066 0.0163684 0.0183503 0.0204418 0.0226295 0.0248973 0.0272266 0.0295963 0.0319833 0.0343631 0.0367098 0.0389965 0.0411966 0.0432832 0.0452304 0.0470136 0.0486097 0.049998 0.0511601 0.0520805 0.0527469 0.0531504 0.0532855 0.0531504 0.0527469 0.0520805 0.0511601 0.049998 0.0486097 0.0470136 0.0452304 0.0432832 0.0411966 0.0389965 0.0367098 0.0343631 0.0319833 0.0295963 0.0272266 0.0248973 0.0226295 0.0204418 0.0183503 0.0163684 0.0145066 0.0127725 0.0111713 0.00970506 0.00837383 0.00717528 0.00610525 0.00515797 0.00432639 0.00360253 0.00297775 0.00244305 0.00198933 0.00160762 0.00128922 0.00102594 0.000810125 0.000634771 0.000493573 0.00038093 0.000291945 0.000222405 0.000168739 0.000127982 9.77246e-05 7.60696e-05 6.15891e-05 5.32903e-05 
6.55884e-05 6.90607e-05 7.97222e-05 9.83133e-05 0.00012609 0.000164858 0.00021701 0.000285582 0.000374301 0.000487643 0.000630882 0.000810125 0.00103234 0.00130534 0.00163779 0.00203909 0.00251933 0.00308908 0.00375926 0.00454088 0.00544472 0.00648108 0.00765939 0.00898784 0.010473 0.0121194 0.0139293 0.0159022 0.0180347 0.0203202 0.0227486 0.0253067 0.0279779 0.0307421 0.0335765 0.0364556 0.0393513 0.042234 0.0450726 0.0478351 0.0504896 0.0530044 0.0553487 0.0574936 0.0594119 0.0610791 0.0624739 0.0635781 0.0643773 0.064861 0.065023 0.064861 0.0643773 0.0635781 0.0624739 0.0610791 0.0594119 0.0574936 0.0553487 0.0530044 0.0504896 0.0478351 0.0450726 0.042234 0.0393513 0.0364556 0.0335765 0.0307421 0.0279779 0.0253067 0.0227486 0.0203202 0.0180347 0.0159022 0.0139293 0.0121194 0.010473 0.00898784 0.00765939 0.00648108 0.00544472 0.00454088 0.00375926 0.00308908 0.00251933 0.00203909 0.00163779 0.00130534 0.00103234 0.000810125 0.000630882 0.000487643 0.000374301 0.000285582 0.00021701 0.000164858 0.00012609 9.83133e-05 7.97222e-05 6.90607e-05 
8.4383e-05 8.88109e-05 0.000102402 0.000126086 0.000161441 0.000210728 0.000276946 0.000363885 0.000476195 0.000619443 0.000800173 0.00102594 0.00130534 0.00164799 0.00206449 0.00256633 0.00316575 0.00387557 0.00470892 0.00567898 0.00679857 0.00807982 0.00953373 0.0111697 0.0129951 0.0150147 0.0172306 0.0196415 0.0222423 0.0250244 0.0279751 0.0310777 0.0343115 0.0376522 0.0410719 0.0445397 0.0480221 0.0514836 0.0548872 0.0581951 0.0613696 0.0643735 0.0671708 0.0697276 0.0720124 0.0739966 0.0756555 0.0769681 0.0779178 0.0784925 0.0786849 0.0784925 0.0779178 0.0769681 0.0756555 0.0739966 0.0720124 0.0697276 0.0671708 0.0643735 0.0613696 0.0581951 0.0548872 0.0514836 0.0480221 0.0445397 0.0410719 0.0376522 0.0343115 0.0310777 0.0279751 0.0250244 0.0222423 0.0196415 0.0172306 0.0150147 0.0129951 0.0111697 0.00953373 0.00807982 0.00679857 0.00567898 0.00470892 0.00387557 0.00316575 0.00256633 0.00206449 0.00164799 0.00130534 0.00102594 0.000800173 0.000619443 0.000476195 0.000363885 0.000276946 0.000210728 0.000161441 0.000126086 0.000102402 8.88109e-05 
0.000107729 0.000113332 0.000130523 0.000160463 0.000205114 0.000267292 0.000350717 0.000460091 0.000601163 0.000780804 0.00100707 0.00128922 0.00163779 0.00206449 0.0025822 0.00320483 0.00394713 0.00482446 0.00585251 0.00704686 0.00842262 0.00999394 0.0117735 0.0137719 0.0159972 0.0184545 0.0211452 0.0240668 0.0272125 0.030571 0.0341261 0.0378572 0.041739 0.0457418 0.0498322 0.053973 0.0581244 0.0622445 0.0662896 0.0702154 0.073978 0.077534 0.0808417 0.083862 0.0865584 0.0888984 0.0908534 0.0923995 0.0935177 0.0941942 0.0944206 0.0941942 0.0935177 0.0923995 0.0908534 0.0888984 0.0865584 0.083862 0.0808417 0.077534 0.073978 0.0702154 0.0662896 0.0622445 0.0581244 0.053973 0.0498322 0.0457418 0.041739 0.0378572 0.0341261 0.030571 0.0272125 0.0240668 0.0211452 0.0184545 0.0159972 0.0137719 0.0117735 0.00999394 0.00842262 0.00704686 0.00585251 0.00482446 0.00394713 0.00320483 0.0025822 0.00206449 0.00163779 0.00128922 0.00100707 0.000780804 0.000601163 0.000460091 0.000350717 0.000267292 0.000205114 0.000160463 0.000130523 0.000113332 
0.000136481 0.000143515 0.000165094 0.000202649 0.000258608 0.000336442 0.000440737 0.000577273 0.000753106 0.000976644 0.00125772 0.00160762 0.00203909 0.00256633 0.00320483 0.00397128 0.00488331 0.00595917 0.00721737 0.00867624 0.0103534 0.012265 0.0144257 0.0168471 0.019538 0.0225034 0.025744 0.0292555 0.0330288 0.0370492 0.0412968 0.0457459 0.0503659 0.0551212 0.0599715 0.0648732 0.0697791 0.07464 0.079405 0.0840229 0.0884426 0.0926144 0.0964903 0.100026 0.103179 0.105913 0.108196 0.110001 0.111305 0.112094 0.112358 0.112094 0.111305 0.110001 0.108196 0.105913 0.103179 0.100026 0.0964903 0.0926144 0.0884426 0.0840229 0.079405 0.07464 0.0697791 0.0648732 0.0599715 0.0551212 0.0503659 0.0457459 0.0412968 0.0370492 0.0330288 0.0292555 0.025744 0.0225034 0.019538 0.0168471 0.0144257 0.012265 0.0103534 0.00867624 0.00721737 0.00595917 0.00488331 0.00397128 0.00320483 0.00256633 0.00203909 0.00160762 0.00125772 0.000976644 0.000753106 0.000577273 0.000440737 0.000336442 0.000258608 0.000202649 0.000165094 0.000143515 
0.000171588 0.000180353 0.000207231 0.000253979 0.000323572 0.000420259 0.000549647 0.000718785 0.000936263 0.00121229 0.00155877 0.00198933 0.00251933 0.00316575 0.00394713 0.00488331 0.00599515 0.00730415 0.008832 0.0106 0.0126283 0.0149356 0.0175381 0.0204487 0.0236765 0.0272262 0.0310972 0.0352833 0.0397721 0.0445453 0.0495778 0.0548387 0.060291 0.065892 0.0715945 0.0773467 0.0830939 0.0887787 0.0943425 0.0997263 0.104872 0.109722 0.114223 0.118324 0.121978 0.125144 0.127785 0.129872 0.131379 0.132291 0.132596 0.132291 0.131379 0.129872 0.127785 0.125144 0.121978 0.118324 0.114223 0.109722 0.104872 0.0997263 0.0943425 0.0887787 0.0830939 0.0773467 0.0715945 0.065892 0.060291 0.0548387 0.0495778 0.0445453 0.0397721 0.0352833 0.0310972 0.0272262 0.0236765 0.0204487 0.0175381 0.0149356 0.0126283 0.0106 0.008832 0.00730415 0.00599515 0.00488331 0.00394713 0.00316575 0.00251933 0.00198933 0.00155877 0.00121229 0.000936263 0.000718785 0.000549647 0.000420259 0.000323572 0.000253979 0.000207231 0.000180353 
0.000214092 0.000224931 0.000258154 0.000315904 0.000401795 0.000520991 0.000680289 0.000888223 0.00115516 0.00149341 0.00191727 0.00244305 0.00308908 0.00387557 0.00482446 0.00595917 0.00730415 0.00888452 0.0107254 0.0128513 0.0152853 0.0180483 0.0211582 0.0246291 0.0284702 0.0326853 0.0372723 0.0422221 0.0475187 0.053139 0.0590525 0.0652216 0.0716021 0.0781438 0.0847911 0.0914839 0.0981586 0.104749 0.111189 0.117411 0.123348 0.128937 0.134116 0.13883 0.143027 0.146659 0.149687 0.152077 0.153804 0.154848 0.155197 0.154848 0.153804 0.152077 0.149687 0.146659 0.143027 0.13883 0.134116 0.128937 0.123348 0.117411 0.111189 0.104749 0.0981586 0.0914839 0.0847911 0.0781438 0.0716021 0.0652216 0.0590525 0.053139 0.0475187 0.0422221 0.0372723 0.0326853 0.0284702 0.0246291 0.0211582 0.0180483 0.0152853 0.0128513 0.0107254 0.00888452 0.00730415 0.00595917 0.00482446 0.00387557 0.00308908 0.00244305 0.00191727 0.00149341 0.00115516 0.000888223 0.000680289 0.000520991 0.000401795 0.000315904 0.000258154 0.000224931 
0.000265117 0.000278417 0.000319176 0.000389978 0.000495187 0.000641025 0.000835672 0.00108938 0.00141456 0.00182594 0.00234054 0.00297775 0.00375926 0.00470892 0.00585251 0.00721737 0.008832 0.0107254 0.0129264 0.015463 0.0183612 0.0216443 0.0253318 0.0294384 0.0339733 0.0389391 0.0443312 0.0501372 0.0563367 0.0629009 0.0697928 0.0769674 0.0843725 0.0919492 0.0996328 0.107354 0.11504 0.122615 0.130004 0.137131 0.143921 0.150304 0.156212 0.161583 0.166358 0.170487 0.173927 0.176641 0.178601 0.179785 0.180181 0.179785 0.178601 0.176641 0.173927 0.170487 0.166358 0.161583 0.156212 0.150304 0.143921 0.137131 0.130004 0.122615 0.11504 0.107354 0.0996328 0.0919492 0.0843725 0.0769674 0.0697928 0.0629009 0.0563367 0.0501372 0.0443312 0.0389391 0.0339733 0.0294384 0.0253318 0.0216443 0.0183612 0.015463 0.0129264 0.0107254 0.008832 0.00721737 0.00585251 0.00470892 0.00375926 0.00297775 0.00234054 0.00182594 0.00141456 0.00108938 0.000835672 0.000641025 0.000495187 0.000389978 0.000319176 0.000278417 
0.00032585 0.000342051 0.000391681 0.000477838 0.000605748 0.000782853 0.00101892 0.00132616 0.00171935 0.00221593 0.00283604 0.00360253 0.00454088 0.00567898 0.00704686 0.00867624 0.0106 0.0128513 0.015463 0.0184667 0.0218913 0.0257625 0.0301011 0.0349224 0.0402349 0.0460394 0.0523283 0.059085 0.0662836 0.0738889 0.0818563 0.0901327 0.0986566 0.10736 0.116167 0.125 0.133775 0.142408 0.150814 0.158907 0.166606 0.173832 0.180512 0.186575 0.191961 0.196614 0.200486 0.20354 0.205743 0.207074 0.207519 0.207074 0.205743 0.20354 0.200486 0.196614 0.191961 0.186575 0.180512 0.173832 0.166606 0.158907 0.150814 0.142408 0.133775 0.125 0.116167 0.10736 0.0986566 0.0901327 0.0818563 0.0738889 0.0662836 0.059085 0.0523283 0.0460394 0.0402349 0.0349224 0.0301011 0.0257625 0.0218913 0.0184667 0.015463 0.0128513 0.0106 0.00867624 0.00704686 0.00567898 0.00454088 0.00360253 0.00283604 0.00221593 0.00171935 0.00132616 0.00101892 0.000782853 0.000605748 0.000477838 0.000391681 0.000342051 
0.000397529 0.000417117 0.000477102 0.000581169 0.00073553 0.000949018 0.00123321 0.00160254 0.00207445 0.00266946 0.0034112 0.00432639 0.00544472 0.00679857 0.00842262 0.0103534 0.0126283 0.0152853 0.0183612 0.0218913 0.0259076 0.0304378 0.0355039 0.0411212 0.0472971 0.0540298 0.0613079 0.0691097 0.077403 0.0861451 0.0952828 0.104754 0.114487 0.124402 0.134416 0.144437 0.154373 0.164128 0.173609 0.182721 0.191375 0.199485 0.20697 0.213756 0.219776 0.224972 0.229293 0.232697 0.235152 0.236635 0.237131 0.236635 0.235152 0.232697 0.229293 0.224972 0.219776 0.213756 0.20697 0.199485 0.191375 0.182721 0.173609 0.164128 0.154373 0.144437 0.134416 0.124402 0.114487 0.104754 0.0952828 0.0861451 0.077403 0.0691097 0.0613079 0.0540298 0.0472971 0.0411212 0.0355039 0.0304378 0.0259076 0.0218913 0.0183612 0.0152853 0.0126283 0.0103534 0.00842262 0.00679857 0.00544472 0.00432639 0.0034112 0.00266946 0.00207445 0.00160254 0.00123321 0.000949018 0.00073553 0.000581169 0.000477102 0.000417117 
0.000481411 0.00050492 0.00057689 0.000701671 0.000886592 0.00114206 0.00148168 0.00192241 0.00248468 0.00319243 0.00407319 0.00515797 0.00648108 0.00807982 0.00999394 0.012265 0.0149356 0.0180483 0.0216443 0.0257625 0.0304378 0.0356997 0.0415713 0.0480671 0.0551925 0.0629428 0.0713016 0.0802413 0.0897222 0.099693 0.110091 0.120844 0.131868 0.143075 0.154368 0.165644 0.176802 0.187735 0.198339 0.208512 0.218156 0.22718 0.235495 0.243024 0.249695 0.255446 0.260224 0.263986 0.266698 0.268334 0.268882 0.268334 0.266698 0.263986 0.260224 0.255446 0.249695 0.243024 0.235495 0.22718 0.218156 0.208512 0.198339 0.187735 0.176802 0.165644 0.154368 0.143075 0.131868 0.120844 0.110091 0.099693 0.0897222 0.0802413 0.0713016 0.0629428 0.0551925 0.0480671 0.0415713 0.0356997 0.0304378 0.0257625 0.0216443 0.0180483 0.0149356 0.012265 0.00999394 0.00807982 0.00648108 0.00515797 0.00407319 0.00319243 0.00248468 0.00192241 0.00148168 0.00114206 0.000886592 0.000701671 0.00057689 0.00050492 
0.000578742 0.000606753 0.000692477 0.000841012 0.00106094 0.00136443 0.00176737 0.00228952 0.0029546 0.0037904 0.00482871 0.00610525 0.00765939 0.00953373 0.0117735 0.0144257 0.0175381 0.0211582 0.0253318 0.0301011 0.0355039 0.0415713 0.0483263 0.0557826 0.063943 0.0727982 0.0823266 0.0924931 0.10325 0.114535 0.126277 0.13839 0.150781 0.163347 0.175981 0.188569 0.200997 0.213149 0.224912 0.236175 0.246833 0.256788 0.265947 0.274228 0.281556 0.287867 0.293105 0.297225 0.300194 0.301985 0.302583 0.301985 0.300194 0.297225 0.293105 0.287867 0.281556 0.274228 0.265947 0.256788 0.246833 0.236175 0.224912 0.213149 0.200997 0.188569 0.175981 0.163347 0.150781 0.13839 0.126277 0.114535 0.10325 0.0924931 0.0823266 0.0727982 0.063943 0.0557826 0.0483263 0.0415713 0.0355039 0.0301011 0.0253318 0.0211582 0.0175381 0.0144257 0.0117735 0.00953373 0.00765939 0.00610525 0.00482871 0.0037904 0.0029546 0.00228952 0.00176737 0.00136443 0.00106094 0.000841012 0.000692477 0.000606753 
0.000690721 0.000723856 0.00082523 0.00100078 0.00126047 0.00161843 0.00209308 0.00270728 0.0034884 0.00446839 0.00568374 0.00717528 0.00898784 0.0111697 0.0137719 0.0168471 0.0204487 0.0246291 0.0294384 0.0349224 0.0411212 0.0480671 0.0557826 0.0642796 0.0735573 0.0836014 0.0943832 0.10586 0.117973 0.130651 0.14381 0.157352 0.171172 0.185154 0.199178 0.213119 0.226852 0.240252 0.253194 0.265562 0.277244 0.288135 0.298139 0.30717 0.315151 0.322016 0.327708 0.332183 0.335404 0.337347 0.337996 0.337347 0.335404 0.332183 0.327708 0.322016 0.315151 0.30717 0.298139 0.288135 0.277244 0.265562 0.253194 0.240252 0.226852 0.213119 0.199178 0.185154 0.171172 0.157352 0.14381 0.130651 0.117973 0.10586 0.0943832 0.0836014 0.0735573 0.0642796 0.0557826 0.0480671 0.0411212 0.0349224 0.0294384 0.0246291 0.0204487 0.0168471 0.0137719 0.0111697 0.00898784 0.00717528 0.00568374 0.00446839 0.0034884 0.00270728 0.00209308 0.00161843 0.00126047 0.00100078 0.00082523 0.000723856 
0.000818456 0.000857374 0.000976406 0.0011824 0.00148688 0.00190611 0.00246131 0.00317869 0.00408964 0.00523065 0.00664327 0.00837383 0.010473 0.0129951 0.0159972 0.019538 0.0236765 0.0284702 0.0339733 0.0402349 0.0472971 0.0551925 0.063943 0.0735573 0.0840303 0.0953413 0.107454 0.120315 0.133857 0.147996 0.162634 0.177662 0.192959 0.208399 0.223848 0.239169 0.254226 0.268884 0.283012 0.296484 0.309184 0.321002 0.331838 0.341605 0.350225 0.357629 0.363763 0.36858 0.372046 0.374135 0.374833 0.374135 0.372046 0.36858 0.363763 0.357629 0.350225 0.341605 0.331838 0.321002 0.309184 0.296484 0.283012 0.268884 0.254226 0.239169 0.223848 0.208399 0.192959 0.177662 0.162634 0.147996 0.133857 0.120315 0.107454 0.0953413 0.0840303 0.0735573 0.063943 0.0551925 0.0472971 0.0402349 0.0339733 0.0284702 0.0236765 0.019538 0.0159972 0.0129951 0.010473 0.00837383 0.00664327 0.00523065 0.00408964 0.00317869 0.00246131 0.00190611 0.00148688 0.0011824 0.000976406 0.000857374 
0.000962919 0.00100831 0.0011471 0.00138714 0.00174163 0.0022292 0.00287407 0.00370617 0.00476116 0.00608045 0.00771103 0.00970506 0.0121194 0.0150147 0.0184545 0.0225034 0.0272262 0.0326853 0.0389391 0.0460394 0.0540298 0.0629428 0.0727982 0.0836014 0.0953413 0.10799 0.121502 0.135814 0.150846 0.1665 0.182667 0.199222 0.216031 0.232955 0.249846 0.266557 0.28294 0.298852 0.314153 0.328713 0.34241 0.35513 0.366773 0.37725 0.386482 0.394403 0.400956 0.406099 0.409796 0.412023 0.412768 0.412023 0.409796 0.406099 0.400956 0.394403 0.386482 0.37725 0.366773 0.35513 0.34241 0.328713 0.314153 0.298852 0.28294 0.266557 0.249846 0.232955 0.216031 0.199222 0.182667 0.1665 0.150846 0.135814 0.121502 0.10799 0.0953413 0.0836014 0.0727982 0.0629428 0.0540298 0.0460394 0.0389391 0.0326853 0.0272262 0.0225034 0.0184545 0.0150147 0.0121194 0.00970506 0.00771103 0.00608045 0.00476116 0.00370617 0.00287407 0.0022292 0.00174163 0.00138714 0.0011471 0.00100831 
0.0011249 0.00117747 0.00133817 0.00161595 0.00202581 0.00258895 0.00333285 0.00429139 0.00550485 0.00701989 0.00888923 0.0111713 0.0139293 0.0172306 0.0211452 0.025744 0.0310972 0.0372723 0.0443312 0.0523283 0.0613079 0.0713016 0.0823266 0.0943832 0.107454 0.121502 0.136472 0.152289 0.168858 0.18607 0.203799 0.221907 0.240247 0.258663 0.276997 0.295089 0.312783 0.329926 0.346373 0.361988 0.376644 0.390229 0.40264 0.413788 0.423596 0.432 0.438945 0.444389 0.4483 0.450656 0.451442 0.450656 0.4483 0.444389 0.438945 0.432 0.423596 0.413788 0.40264 0.390229 0.376644 0.361988 0.346373 0.329926 0.312783 0.295089 0.276997 0.258663 0.240247 0.221907 0.203799 0.18607 0.168858 0.152289 0.136472 0.121502 0.107454 0.0943832 0.0823266 0.0713016 0.0613079 0.0523283 0.0443312 0.0372723 0.0310972 0.025744 0.0211452 0.0172306 0.0139293 0.0111713 0.00888923 0.00701989 0.00550485 0.00429139 0.00333285 0.00258895 0.00202581 0.00161595 0.00133817 0.00117747 
0.00130495 0.00136543 0.00155022 0.00186947 0.00234013 0.00298613 0.00383844 0.00493516 0.0063215 0.00804963 0.0101784 0.0127725 0.0159022 0.0196415 0.0240668 0.0292555 0.0352833 0.0422221 0.0501372 0.059085 0.0691097 0.0802413 0.0924931 0.10586 0.120315 0.135814 0.152289 0.16965 0.187792 0.206588 0.225898 0.245569 0.265439 0.285339 0.305098 0.324547 0.343518 0.361853 0.3794 0.39602 0.411586 0.425983 0.439109 0.450879 0.461217 0.470062 0.477362 0.48308 0.487184 0.489654 0.490479 0.489654 0.487184 0.48308 0.477362 0.470062 0.461217 0.450879 0.439109 0.425983 0.411586 0.39602 0.3794 0.361853 0.343518 0.324547 0.305098 0.285339 0.265439 0.245569 0.225898 0.206588 0.187792 0.16965 0.152289 0.135814 0.120315 0.10586 0.0924931 0.0802413 0.0691097 0.059085 0.0501372 0.0422221 0.0352833 0.0292555 0.0240668 0.0196415 0.0159022 0.0127725 0.0101784 0.00804963 0.0063215 0.00493516 0.00383844 0.00298613 0.00234013 0.00186947 0.00155022 0.00136543 
0.00150334 0.00157244 0.00178351 0.00214794 0.00268478 0.00342086 0.00439085 0.00563731 0.00721063 0.00916879 0.0115769 0.0145066 0.0180347 0.0222423 0.0272125 0.0330288 0.0397721 0.0475187 0.0563367 0.0662836 0.077403 0.0897222 0.10325 0.117973 0.133857 0.150846 0.168858 0.187792 0.207525 0.227916 0.248808 0.270035 0.291418 0.312775 0.333925 0.354686 0.374885 0.394355 0.412942 0.430504 0.446914 0.462058 0.475837 0.488168 0.498981 0.508218 0.515832 0.521789 0.526062 0.528632 0.52949 0.528632 0.526062 0.521789 0.515832 0.508218 0.498981 0.488168 0.475837 0.462058 0.446914 0.430504 0.412942 0.394355 0.374885 0.354686 0.333925 0.312775 0.291418 0.270035 0.248808 0.227916 0.207525 0.187792 0.168858 0.150846 0.133857 0.117973 0.10325 0.0897222 0.077403 0.0662836 0.0563367 0.0475187 0.0397721 0.0330288 0.0272125 0.0222423 0.0180347 0.0145066 0.0115769 0.00916879 0.00721063 0.00563731 0.00439085 0.00342086 0.00268478 0.00214794 0.00178351 0.00157244 
0.00172003 0.00179844 0.00203791 0.00245115 0.00305941 0.00389257 0.0049892 0.00639655 0.00817039 0.0103747 0.0130813 0.0163684 0.0203202 0.0250244 0.030571 0.0370492 0.0445453 0.053139 0.0629009 0.0738889 0.0861451 0.099693 0.114535 0.130651 0.147996 0.1665 0.18607 0.206588 0.227916 0.249896 0.272356 0.295113 0.317975 0.340747 0.363235 0.385249 0.406609 0.427144 0.446696 0.465124 0.4823 0.498115 0.512474 0.525298 0.536523 0.546096 0.553977 0.560136 0.56455 0.567204 0.568089 0.567204 0.56455 0.560136 0.553977 0.546096 0.536523 0.525298 0.512474 0.498115 0.4823 0.465124 0.446696 0.427144 0.406609 0.385249 0.363235 0.340747 0.317975 0.295113 0.272356 0.249896 0.227916 0.206588 0.18607 0.1665 0.147996 0.130651 0.114535 0.099693 0.0861451 0.0738889 0.0629009 0.053139 0.0445453 0.0370492 0.030571 0.0250244 0.0203202 0.0163684 0.0130813 0.0103747 0.00817039 0.00639655 0.0049892 0.00389257 0.00305941 0.00245115 0.00203791 0.00179844 
0.00195457 0.00204297 0.00231287 0.00277837 0.00346303 0.00439992 0.00563167 0.00721037 0.00919741 0.011663 0.0146855 0.0183503 0.0227486 0.0279751 0.0341261 0.0412968 0.0495778 0.0590525 0.0697928 0.0818563 0.0952828 0.110091 0.126277 0.14381 0.162634 0.182667 0.203799 0.225898 0.248808 0.272356 0.296353 0.320599 0.344889 0.369016 0.392775 0.415968 0.438409 0.459924 0.480355 0.499559 0.517415 0.533816 0.548674 0.561916 0.573484 0.583334 0.591432 0.597752 0.602277 0.604997 0.605904 0.604997 0.602277 0.597752 0.591432 0.583334 0.573484 0.561916 0.548674 0.533816 0.517415 0.499559 0.480355 0.459924 0.438409 0.415968 0.392775 0.369016 0.344889 0.320599 0.296353 0.272356 0.248808 0.225898 0.203799 0.182667 0.162634 0.14381 0.126277 0.110091 0.0952828 0.0818563 0.0697928 0.0590525 0.0495778 0.0412968 0.0341261 0.0279751 0.0227486 0.0183503 0.0146855 0.011663 0.00919741 0.00721037 0.00563167 0.00439992 0.00346303 0.00277837 0.00231287 0.00204297 
0.00220614 0.00230516 0.00260738 0.00312835 0.00389401 0.00494075 0.00631539 0.00807502 0.0102868 0.0130272 0.0163814 0.0204418 0.0253067 0.0310777 0.0378572 0.0457459 0.0548387 0.0652216 0.0769674 0.0901327 0.104754 0.120844 0.13839 0.157352 0.177662 0.199222 0.221907 0.245569 0.270035 0.295113 0.320599 0.346279 0.371931 0.397339 0.422287 0.446573 0.470003 0.492403 0.513615 0.5335 0.551941 0.568836 0.584107 0.597686 0.609527 0.61959 0.627851 0.63429 0.638897 0.641663 0.642585 0.641663 0.638897 0.63429 0.627851 0.61959 0.609527 0.597686 0.584107 0.568836 0.551941 0.5335 0.513615 0.492403 0.470003 0.446573 0.422287 0.397339 0.371931 0.346279 0.320599 0.295113 0.270035 0.245569 0.221907 0.199222 0.177662 0.157352 0.13839 0.120844 0.104754 0.0901327 0.0769674 0.0652216 0.0548387 0.0457459 0.0378572 0.0310777 0.0253067 0.0204418 0.0163814 0.0130272 0.0102868 0.00807502 0.00631539 0.00494075 0.00389401 0.00312835 0.00260738 0.00230516 
0.0024735 0.00258368 0.00291992 0.00349923 0.00435001 0.00551206 0.00703647 0.00898545 0.0114319 0.0144589 0.0181582 0.0226295 0.0279779 0.0343115 0.041739 0.0503659 0.060291 0.0716021 0.0843725 0.0986566 0.114487 0.131868 0.150781 0.171172 0.192959 0.216031 0.240247 0.265439 0.291418 0.317975 0.344889 0.371931 0.398868 0.425471 0.451517 0.476796 0.501115 0.524296 0.546186 0.56665 0.585575 0.602871 0.618464 0.632299 0.644337 0.65455 0.66292 0.669436 0.674093 0.676888 0.67782 0.676888 0.674093 0.669436 0.66292 0.65455 0.644337 0.632299 0.618464 0.602871 0.585575 0.56665 0.546186 0.524296 0.501115 0.476796 0.451517 0.425471 0.398868 0.371931 0.344889 0.317975 0.291418 0.265439 0.240247 0.216031 0.192959 0.171172 0.150781 0.131868 0.114487 0.0986566 0.0843725 0.0716021 0.060291 0.0503659 0.041739 0.0343115 0.0279779 0.0226295 0.0181582 0.0144589 0.0114319 0.00898545 0.00703647 0.00551206 0.00435001 0.00349923 0.00291992 0.00258368 
0.00275493 0.00287677 0.00324848 0.00388858 0.00482801 0.00610998 0.00778996 0.0099353 0.0126248 0.0159479 0.0200032 0.0248973 0.0307421 0.0376522 0.0457418 0.0551212 0.065892 0.0781438 0.0919492 0.10736 0.124402 0.143075 0.163347 0.185154 0.208399 0.232955 0.258663 0.285339 0.312775 0.340747 0.369016 0.397339 0.425471 0.453173 0.480215 0.506383 0.531482 0.555338 0.577798 0.598734 0.618043 0.635642 0.651468 0.665477 0.67764 0.687939 0.696365 0.702916 0.707593 0.710398 0.711332 0.710398 0.707593 0.702916 0.696365 0.687939 0.67764 0.665477 0.651468 0.635642 0.618043 0.598734 0.577798 0.555338 0.531482 0.506383 0.480215 0.453173 0.425471 0.397339 0.369016 0.340747 0.312775 0.285339 0.258663 0.232955 0.208399 0.185154 0.163347 0.143075 0.124402 0.10736 0.0919492 0.0781438 0.065892 0.0551212 0.0457418 0.0376522 0.0307421 0.0248973 0.0200032 0.0159479 0.0126248 0.0099353 0.00778996 0.00610998 0.00482801 0.00388858 0.00324848 0.00287677 
0.00304831 0.00318219 0.00359054 0.00429342 0.00532427 0.00672981 0.00856987 0.010917 0.0138558 0.0174821 0.0219013 0.0272266 0.0335765 0.0410719 0.0498322 0.0599715 0.0715945 0.0847911 0.0996328 0.116167 0.134416 0.154368 0.175981 0.199178 0.223848 0.249846 0.276997 0.305098 0.333925 0.363235 0.392775 0.422287 0.451517 0.480215 0.508147 0.535095 0.560864 0.585282 0.608204 0.629508 0.649099 0.666906 0.682878 0.696981 0.709198 0.719521 0.727953 0.7345 0.739168 0.741965 0.742897 0.741965 0.739168 0.7345 0.727953 0.719521 0.709198 0.696981 0.682878 0.666906 0.649099 0.629508 0.608204 0.585282 0.560864 0.535095 0.508147 0.480215 0.451517 0.422287 0.392775 0.363235 0.333925 0.305098 0.276997 0.249846 0.223848 0.199178 0.175981 0.154368 0.134416 0.116167 0.0996328 0.0847911 0.0715945 0.0599715 0.0498322 0.0410719 0.0335765 0.0272266 0.0219013 0.0174821 0.0138558 0.010917 0.00856987 0.00672981 0.00532427 0.00429342 0.00359054 0.00318219 
0.00335106 0.00349727 0.00394309 0.00471015 0.0058344 0.00736604 0.00936925 0.0119217 0.0151139 0.0190477 0.0238352 0.0295963 0.0364556 0.0445397 0.053973 0.0648732 0.0773467 0.0914839 0.107354 0.125 0.144437 0.165644 0.188569 0.213119 0.239169 0.266557 0.295089 0.324547 0.354686 0.385249 0.415968 0.446573 0.476796 0.506383 0.535095 0.562712 0.58904 0.613912 0.637188 0.658757 0.678535 0.696459 0.712493 0.726615 0.738819 0.749111 0.757502 0.764006 0.768639 0.771413 0.772337 0.771413 0.768639 0.764006 0.757502 0.749111 0.738819 0.726615 0.712493 0.696459 0.678535 0.658757 0.637188 0.613912 0.58904 0.562712 0.535095 0.506383 0.476796 0.446573 0.415968 0.385249 0.354686 0.324547 0.295089 0.266557 0.239169 0.213119 0.188569 0.165644 0.144437 0.125 0.107354 0.0914839 0.0773467 0.0648732 0.053973 0.0445397 0.0364556 0.0295963 0.0238352 0.0190477 0.0151139 0.0119217 0.00936925 0.00736604 0.0058344 0.00471015 0.00394309 0.00349727 
0.00366022 0.00381891 0.00430269 0.0051347 0.00635341 0.00801244 0.0101803 0.0129397 0.0163867 0.0206295 0.0257863 0.0319833 0.0393513 0.0480221 0.0581244 0.0697791 0.0830939 0.0981586 0.11504 0.133775 0.154373 0.176802 0.200997 0.226852 0.254226 0.28294 0.312783 0.343518 0.374885 0.406609 0.438409 0.470003 0.501115 0.531482 0.560864 0.58904 0.615819 0.641039 0.664569 0.686307 0.706179 0.724137 0.740156 0.754228 0.76636 0.776569 0.784876 0.791305 0.795879 0.798615 0.799526 0.798615 0.795879 0.791305 0.784876 0.776569 0.76636 0.754228 0.740156 0.724137 0.706179 0.686307 0.664569 0.641039 0.615819 0.58904 0.560864 0.531482 0.501115 0.470003 0.438409 0.406609 0.374885 0.343518 0.312783 0.28294 0.254226 0.226852 0.200997 0.176802 0.154373 0.133775 0.11504 0.0981586 0.0830939 0.0697791 0.0581244 0.0480221 0.0393513 0.0319833 0.0257863 0.0206295 0.0163867 0.0129397 0.0101803 0.00801244 0.00635341 0.0051347 0.00430269 0.00381891 
0.00397246 0.00414366 0.00466547 0.00556252 0.00687574 0.00866214 0.0109944 0.0139601 0.0176609 0.0222108 0.0277342 0.0343631 0.042234 0.0514836 0.0622445 0.07464 0.0887787 0.104749 0.122615 0.142408 0.164128 0.187735 0.213149 0.240252 0.268884 0.298852 0.329926 0.361853 0.394355 0.427144 0.459924 0.492403 0.524296 0.555338 0.585282 0.613912 0.641039 0.666509 0.690198 0.712015 0.7319 0.749816 0.765753 0.779714 0.791721 0.801802 0.809989 0.816315 0.82081 0.823497 0.824391 0.823497 0.82081 0.816315 0.809989 0.801802 0.791721 0.779714 0.765753 0.749816 0.7319 0.712015 0.690198 0.666509 0.641039 0.613912 0.585282 0.555338 0.524296 0.492403 0.459924 0.427144 0.394355 0.361853 0.329926 0.298852 0.268884 0.240252 0.213149 0.187735 0.164128 0.142408 0.122615 0.104749 0.0887787 0.07464 0.0622445 0.0514836 0.042234 0.0343631 0.0277342 0.0222108 0.0176609 0.0139601 0.0109944 0.00866214 0.00687574 0.00556252 0.00466547 0.00414366 
0.00428414 0.00446774 0.00502722 0.00598868 0.00739543 0.00930773 0.0118023 0.0149715 0.0189223 0.0237743 0.0296575 0.0367098 0.0450726 0.0548872 0.0662896 0.079405 0.0943425 0.111189 0.130004 0.150814 0.173609 0.198339 0.224912 0.253194 0.283012 0.314153 0.346373 0.3794 0.412942 0.446696 0.480355 0.513615 0.546186 0.577798 0.608204 0.637188 0.664569 0.690198 0.713961 0.73578 0.755605 0.773414 0.78921 0.803011 0.814849 0.824765 0.832801 0.839001 0.8434 0.846028 0.846902 0.846028 0.8434 0.839001 0.832801 0.824765 0.814849 0.803011 0.78921 0.773414 0.755605 0.73578 0.713961 0.690198 0.664569 0.637188 0.608204 0.577798 0.546186 0.513615 0.480355 0.446696 0.412942 0.3794 0.346373 0.314153 0.283012 0.253194 0.224912 0.198339 0.173609 0.150814 0.130004 0.111189 0.0943425 0.079405 0.0662896 0.0548872 0.0450726 0.0367098 0.0296575 0.0237743 0.0189223 0.0149715 0.0118023 0.00930773 0.00739543 0.00598868 0.00502722 0.00446774 
