0.000901576 0.000915935 0.000959206 0.00103197 0.00113519 0.00127017 0.00143859 0.00164241 0.00188389 0.00216551 0.00248995 0.00286003 0.00327863 0.00374868 0.004273 0.00485433 0.00549516 0.00619771 0.00696382 0.00779488 0.00869174 0.00965464 0.0106832 0.0117761 0.0129315 0.0141465 0.0154174 0.0167397 0.0181079 0.0195155 0.0209554 0.0224195 0.023899 0.0253846 0.0268661 0.028333 0.0297744 0.0311793 0.0325365 0.0338348 0.0350633 0.0362114 0.0372689 0.0382264 0.0390751 0.0398072 0.040416 0.0408955 0.0412414 0.0414502 0.04152 0.0414502 0.0412414 0.0408955 0.040416 0.0398072 0.0390751 0.0382264 0.0372689 0.0362114 0.0350633 0.0338348 0.0325365 0.0311793 0.0297744 0.028333 0.0268661 0.0253846 0.023899 0.0224195 0.0209554 0.0195155 0.0181079 0.0167397 0.0154174 0.0141465 0.0129315 0.0117761 0.0106832 0.00965464 0.00869174 0.00779488 0.00696382 0.00619771 0.00549516 0.00485433 0.004273 0.00374868 0.00327863 0.00286003 0.00248995 0.00216551 0.00188389 0.00164241 0.00143859 0.00127017 0.00113519 0.00103197 0.000959206 0.000915935 
0.000915935 0.000930505 0.00097441 0.00104824 0.00115296 0.00128991 0.00146077 0.00166753 0.00191247 0.0021981 0.00252713 0.00290241 0.00332685 0.0038034 0.00433493 0.00492417 0.00557366 0.00628563 0.00706192 0.00790392 0.0088125 0.00978787 0.0108296 0.0119365 0.0131064 0.0143367 0.0156234 0.0169619 0.0183468 0.0197715 0.0212287 0.0227103 0.0242073 0.0257103 0.0272091 0.028693 0.0301511 0.0315721 0.0329448 0.0342578 0.0355001 0.0366611 0.0377304 0.0386985 0.0395567 0.0402969 0.0409124 0.0413972 0.0417469 0.041958 0.0420286 0.041958 0.0417469 0.0413972 0.0409124 0.0402969 0.0395567 0.0386985 0.0377304 0.0366611 0.0355001 0.0342578 0.0329448 0.0315721 0.0301511 0.028693 0.0272091 0.0257103 0.0242073 0.0227103 0.0212287 0.0197715 0.0183468 0.0169619 0.0156234 0.0143367 0.0131064 0.0119365 0.0108296 0.00978787 0.0088125 0.00790392 0.00706192 0.00628563 0.00557366 0.00492417 0.00433493 0.0038034 0.00332685 0.00290241 0.00252713 0.0021981 0.00191247 0.00166753 0.00146077 0.00128991 0.00115296 0.00104824 0.00097441 0.000930505 
0.000959206 0.00097441 0.00102023 0.00109726 0.00120652 0.00134938 0.00152758 0.00174318 0.00199854 0.00229624 0.00263909 0.00303002 0.00347203 0.00396816 0.00452135 0.00513443 0.00580996 0.00655024 0.00735714 0.00823208 0.00917588 0.0101888 0.0112702 0.0124189 0.0136327 0.0149086 0.0162428 0.0176303 0.0190653 0.0205413 0.0220505 0.0235845 0.0251342 0.0266897 0.0282405 0.0297755 0.0312835 0.0327528 0.0341719 0.0355291 0.036813 0.0380126 0.0391174 0.0401176 0.041004 0.0417686 0.0424042 0.0429049 0.0432659 0.043484 0.0435569 0.043484 0.0432659 0.0429049 0.0424042 0.0417686 0.041004 0.0401176 0.0391174 0.0380126 0.036813 0.0355291 0.0341719 0.0327528 0.0312835 0.0297755 0.0282405 0.0266897 0.0251342 0.0235845 0.0220505 0.0205413 0.0190653 0.0176303 0.0162428 0.0149086 0.0136327 0.0124189 0.0112702 0.0101888 0.00917588 0.00823208 0.00735714 0.00655024 0.00580996 0.00513443 0.00452135 0.00396816 0.00347203 0.00303002 0.00263909 0.00229624 0.00199854 0.00174318 0.00152758 0.00134938 0.00120652 0.00109726 0.00102023 0.00097441 
0.00103197 0.00104824 0.00109726 0.00117968 0.00129655 0.00144933 0.00163985 0.00187029 0.00214312 0.00246108 0.0028271 0.00324427 0.00371575 0.0042447 0.00483421 0.00548721 0.00620639 0.0069941 0.00785228 0.00878236 0.00978514 0.0108608 0.0120087 0.0132274 0.0145145 0.0158669 0.0172804 0.0187497 0.0202687 0.0218303 0.0234265 0.0250482 0.0266859 0.028329 0.0299666 0.031587 0.0331783 0.0347283 0.0362249 0.0376558 0.0390091 0.0402733 0.0414373 0.0424909 0.0434245 0.0442296 0.0448988 0.045426 0.0458061 0.0460356 0.0461124 0.0460356 0.0458061 0.045426 0.0448988 0.0442296 0.0434245 0.0424909 0.0414373 0.0402733 0.0390091 0.0376558 0.0362249 0.0347283 0.0331783 0.031587 0.0299666 0.028329 0.0266859 0.0250482 0.0234265 0.0218303 0.0202687 0.0187497 0.0172804 0.0158669 0.0145145 0.0132274 0.0120087 0.0108608 0.00978514 0.00878236 0.00785228 0.0069941 0.00620639 0.00548721 0.00483421 0.0042447 0.00371575 0.00324427 0.0028271 0.00246108 0.00214312 0.00187029 0.00163985 0.00144933 0.00129655 0.00117968 0.00109726 0.00104824 
0.00113519 0.00115296 0.00120652 0.00129655 0.00142419 0.001591 0.00179894 0.00205036 0.00234789 0.00269448 0.00309325 0.0035475 0.00406059 0.00463588 0.00527666 0.00598601 0.00676677 0.0076214 0.0085519 0.00955971 0.0106456 0.0118097 0.0130512 0.0143685 0.015759 0.017219 0.0187441 0.0203285 0.0219656 0.0236476 0.025366 0.027111 0.0288722 0.0306385 0.0323979 0.0341382 0.0358464 0.0375098 0.0391151 0.0406495 0.0421002 0.0434549 0.0447019 0.0458303 0.0468301 0.0476921 0.0484085 0.0489727 0.0493795 0.0496251 0.0497073 0.0496251 0.0493795 0.0489727 0.0484085 0.0476921 0.0468301 0.0458303 0.0447019 0.0434549 0.0421002 0.0406495 0.0391151 0.0375098 0.0358464 0.0341382 0.0323979 0.0306385 0.0288722 0.027111 0.025366 0.0236476 0.0219656 0.0203285 0.0187441 0.017219 0.015759 0.0143685 0.0130512 0.0118097 0.0106456 0.00955971 0.0085519 0.0076214 0.00676677 0.00598601 0.00527666 0.00463588 0.00406059 0.0035475 0.00309325 0.00269448 0.00234789 0.00205036 0.00179894 0.001591 0.00142419 0.00129655 0.00120652 0.00115296 
0.00127017 0.00128991 0.00134938 0.00144933 0.001591 0.00177608 0.00200673 0.00228546 0.00261516 0.002999 0.00344039 0.00394287 0.00451008 0.00514563 0.00585303 0.00663561 0.00749635 0.00843786 0.00946222 0.0105709 0.0117646 0.0130434 0.0144062 0.0158512 0.0173755 0.0189749 0.0206444 0.0223777 0.0241675 0.0260053 0.0278816 0.0297858 0.0317067 0.033632 0.0355487 0.0374436 0.0393028 0.0411122 0.0428578 0.0445255 0.0461017 0.0475731 0.0489271 0.0501519 0.0512368 0.0521721 0.0529492 0.0535612 0.0540023 0.0542687 0.0543578 0.0542687 0.0540023 0.0535612 0.0529492 0.0521721 0.0512368 0.0501519 0.0489271 0.0475731 0.0461017 0.0445255 0.0428578 0.0411122 0.0393028 0.0374436 0.0355487 0.033632 0.0317067 0.0297858 0.0278816 0.0260053 0.0241675 0.0223777 0.0206444 0.0189749 0.0173755 0.0158512 0.0144062 0.0130434 0.0117646 0.0105709 0.00946222 0.00843786 0.00749635 0.00663561 0.00585303 0.00514563 0.00451008 0.00394287 0.00344039 0.002999 0.00261516 0.00228546 0.00200673 0.00177608 0.001591 0.00144933 0.00134938 0.00128991 
0.00143859 0.00146077 0.00152758 0.00163985 0.00179894 0.00200673 0.00226555 0.00257819 0.0029478 0.00337787 0.0038721 0.00443437 0.00506864 0.00577883 0.00656874 0.00744194 0.00840164 0.00945059 0.010591 0.0118243 0.0131512 0.0145715 0.0160841 0.0176866 0.0193758 0.0211469 0.0229944 0.024911 0.0268888 0.0289182 0.0309886 0.0330887 0.0352056 0.0373262 0.0394362 0.0415209 0.0435652 0.0455538 0.0474713 0.0493025 0.0510325 0.0526468 0.0541319 0.0554748 0.056664 0.0576889 0.0585404 0.0592108 0.059694 0.0599858 0.0600833 0.0599858 0.059694 0.0592108 0.0585404 0.0576889 0.056664 0.0554748 0.0541319 0.0526468 0.0510325 0.0493025 0.0474713 0.0455538 0.0435652 0.0415209 0.0394362 0.0373262 0.0352056 0.0330887 0.0309886 0.0289182 0.0268888 0.024911 0.0229944 0.0211469 0.0193758 0.0176866 0.0160841 0.0145715 0.0131512 0.0118243 0.010591 0.00945059 0.00840164 0.00744194 0.00656874 0.00577883 0.00506864 0.00443437 0.0038721 0.00337787 0.0029478 0.00257819 0.00226555 0.00200673 0.00179894 0.00163985 0.00152758 0.00146077 
0.00164241 0.00166753 0.00174318 0.00187029 0.00205036 0.00228546 0.00257819 0.00293162 0.00334923 0.00383486 0.00439259 0.00502669 0.00574148 0.00654125 0.00743013 0.00841199 0.00949028 0.0106679 0.0119472 0.0133296 0.0148158 0.0164054 0.0180968 0.0198875 0.0217734 0.0237495 0.025809 0.0279442 0.0301458 0.0324033 0.0347049 0.0370377 0.0393878 0.0417404 0.0440799 0.0463899 0.048654 0.0508552 0.0529766 0.0550016 0.0569138 0.0586975 0.0603377 0.0618205 0.0631332 0.0642642 0.0652036 0.0659432 0.0664762 0.066798 0.0669055 0.066798 0.0664762 0.0659432 0.0652036 0.0642642 0.0631332 0.0618205 0.0603377 0.0586975 0.0569138 0.0550016 0.0529766 0.0508552 0.048654 0.0463899 0.0440799 0.0417404 0.0393878 0.0370377 0.0347049 0.0324033 0.0301458 0.0279442 0.025809 0.0237495 0.0217734 0.0198875 0.0180968 0.0164054 0.0148158 0.0133296 0.0119472 0.0106679 0.00949028 0.00841199 0.00743013 0.00654125 0.00574148 0.00502669 0.00439259 0.00383486 0.00334923 0.00293162 0.00257819 0.00228546 0.00205036 0.00187029 0.00174318 0.00166753 
0.00188389 0.00191247 0.00199854 0.00214312 0.00234789 0.00261516 0.0029478 0.00334923 0.00382331 0.00437428 0.00500665 0.00572512 0.00653446 0.00743936 0.00844434 0.00955358 0.0107708 0.0120992 0.013541 0.0150979 0.0167703 0.0185575 0.0204578 0.022468 0.0245835 0.0267984 0.029105 0.0314946 0.0339566 0.0364793 0.0390495 0.0416528 0.0442736 0.0468955 0.049501 0.0520723 0.054591 0.0570384 0.0593959 0.0616452 0.0637682 0.0657477 0.0675673 0.0692118 0.0706671 0.0719207 0.0729618 0.0737811 0.0743716 0.074728 0.0748472 0.074728 0.0743716 0.0737811 0.0729618 0.0719207 0.0706671 0.0692118 0.0675673 0.0657477 0.0637682 0.0616452 0.0593959 0.0570384 0.054591 0.0520723 0.049501 0.0468955 0.0442736 0.0416528 0.0390495 0.0364793 0.0339566 0.0314946 0.029105 0.0267984 0.0245835 0.022468 0.0204578 0.0185575 0.0167703 0.0150979 0.013541 0.0120992 0.0107708 0.00955358 0.00844434 0.00743936 0.00653446 0.00572512 0.00500665 0.00437428 0.00382331 0.00334923 0.0029478 0.00261516 0.00234789 0.00214312 0.00199854 0.00191247 
0.00216551 0.0021981 0.00229624 0.00246108 0.00269448 0.002999 0.00337787 0.00383486 0.00437428 0.00500081 0.00571947 0.00653544 0.00745397 0.00848022 0.00961911 0.0108752 0.0122525 0.0137544 0.0153833 0.0171408 0.0190271 0.0210414 0.0231815 0.0254434 0.027822 0.0303104 0.0328999 0.0355804 0.0383402 0.041166 0.0440428 0.0469547 0.0498842 0.0528129 0.0557216 0.0585903 0.0613987 0.0641261 0.0667519 0.069256 0.0716184 0.0738203 0.0758435 0.0776714 0.0792885 0.0806811 0.0818373 0.0827472 0.0834028 0.0837985 0.0839308 0.0837985 0.0834028 0.0827472 0.0818373 0.0806811 0.0792885 0.0776714 0.0758435 0.0738203 0.0716184 0.069256 0.0667519 0.0641261 0.0613987 0.0585903 0.0557216 0.0528129 0.0498842 0.0469547 0.0440428 0.041166 0.0383402 0.0355804 0.0328999 0.0303104 0.027822 0.0254434 0.0231815 0.0210414 0.0190271 0.0171408 0.0153833 0.0137544 0.0122525 0.0108752 0.00961911 0.00848022 0.00745397 0.00653544 0.00571947 0.00500081 0.00437428 0.00383486 0.00337787 0.002999 0.00269448 0.00246108 0.00229624 0.0021981 
0.00248995 0.00252713 0.00263909 0.0028271 0.00309325 0.00344039 0.0038721 0.00439259 0.00500665 0.00571947 0.00653661 0.00746378 0.00850678 0.00967126 0.0109626 0.0123858 0.0139452 0.0156442 0.0174855 0.0194706 0.0215995 0.0238711 0.0262825 0.0288293 0.0315054 0.0343027 0.0372115 0.0402204 0.0433158 0.0464829 0.049705 0.052964 0.0562405 0.0595141 0.0627631 0.0659656 0.0690988 0.0721401 0.0750665 0.0778559 0.0804863 0.0829369 0.0851878 0.0872207 0.0890186 0.0905665 0.0918514 0.0928623 0.0935907 0.0940302 0.0941772 0.0940302 0.0935907 0.0928623 0.0918514 0.0905665 0.0890186 0.0872207 0.0851878 0.0829369 0.0804863 0.0778559 0.0750665 0.0721401 0.0690988 0.0659656 0.0627631 0.0595141 0.0562405 0.052964 0.049705 0.0464829 0.0433158 0.0402204 0.0372115 0.0343027 0.0315054 0.0288293 0.0262825 0.0238711 0.0215995 0.0194706 0.0174855 0.0156442 0.0139452 0.0123858 0.0109626 0.00967126 0.00850678 0.00746378 0.00653661 0.00571947 0.00500665 0.00439259 0.0038721 0.00344039 0.00309325 0.0028271 0.00263909 0.00252713 
0.00286003 0.00290241 0.00303002 0.00324427 0.0035475 0.00394287 0.00443437 0.00502669 0.00572512 0.00653544 0.00746378 0.00851647 0.00969985 0.0110202 0.0124833 0.0140945 0.0158586 0.0177793 0.0198591 0.0220996 0.0245006 0.0270604 0.0297757 0.0326412 0.0356498 0.0387923 0.0420576 0.0454325 0.048902 0.0524493 0.0560555 0.0597006 0.0633627 0.0670191 0.0706458 0.0742184 0.0777116 0.0811004 0.0843597 0.0874647 0.0903914 0.0931168 0.0956193 0.0978785 0.099876 0.101595 0.103022 0.104145 0.104953 0.105441 0.105604 0.105441 0.104953 0.104145 0.103022 0.101595 0.099876 0.0978785 0.0956193 0.0931168 0.0903914 0.0874647 0.0843597 0.0811004 0.0777116 0.0742184 0.0706458 0.0670191 0.0633627 0.0597006 0.0560555 0.0524493 0.048902 0.0454325 0.0420576 0.0387923 0.0356498 0.0326412 0.0297757 0.0270604 0.0245006 0.0220996 0.0198591 0.0177793 0.0158586 0.0140945 0.0124833 0.0110202 0.00969985 0.00851647 0.00746378 0.00653544 0.00572512 0.00502669 0.00443437 0.00394287 0.0035475 0.00324427 0.00303002 0.00290241 
0.00327863 0.00332685 0.00347203 0.00371575 0.00406059 0.00451008 0.00506864 0.00574148 0.00653446 0.00745397 0.00850678 0.00969985 0.0110402 0.0125345 0.0141893 0.0160104 0.0180027 0.0201701 0.0225154 0.0250399 0.0277431 0.030623 0.0336753 0.036894 0.0402708 0.0437952 0.0474545 0.0512338 0.0551162 0.0590827 0.0631122 0.0671823 0.0712686 0.0753458 0.0793874 0.0833662 0.0872544 0.0910242 0.094648 0.0980985 0.101349 0.104376 0.107153 0.109659 0.111875 0.113781 0.115363 0.116607 0.117503 0.118044 0.118225 0.118044 0.117503 0.116607 0.115363 0.113781 0.111875 0.109659 0.107153 0.104376 0.101349 0.0980985 0.094648 0.0910242 0.0872544 0.0833662 0.0793874 0.0753458 0.0712686 0.0671823 0.0631122 0.0590827 0.0551162 0.0512338 0.0474545 0.0437952 0.0402708 0.036894 0.0336753 0.030623 0.0277431 0.0250399 0.0225154 0.0201701 0.0180027 0.0160104 0.0141893 0.0125345 0.0110402 0.00969985 0.00850678 0.00745397 0.00653446 0.00574148 0.00506864 0.00451008 0.00406059 0.00371575 0.00347203 0.00332685 
0.00374868 0.0038034 0.00396816 0.0042447 0.00463588 0.00514563 0.00577883 0.00654125 0.00743936 0.00848022 0.00967126 0.0110202 0.0125345 0.0142218 0.0160889 0.0181421 0.0203867 0.0228268 0.0254652 0.0283029 0.0313392 0.0345714 0.0379945 0.0416014 0.0453826 0.0493259 0.0534171 0.0576394 0.0619735 0.0663983 0.0708902 0.0754241 0.0799731 0.0845089 0.0890022 0.0934228 0.0977404 0.101924 0.105944 0.109769 0.113371 0.116723 0.119798 0.122573 0.125024 0.127133 0.128882 0.130258 0.131249 0.131846 0.132046 0.131846 0.131249 0.130258 0.128882 0.127133 0.125024 0.122573 0.119798 0.116723 0.113371 0.109769 0.105944 0.101924 0.0977404 0.0934228 0.0890022 0.0845089 0.0799731 0.0754241 0.0708902 0.0663983 0.0619735 0.0576394 0.0534171 0.0493259 0.0453826 0.0416014 0.0379945 0.0345714 0.0313392 0.0283029 0.0254652 0.0228268 0.0203867 0.0181421 0.0160889 0.0142218 0.0125345 0.0110202 0.00967126 0.00848022 0.00743936 0.00654125 0.00577883 0.00514563 0.00463588 0.0042447 0.00396816 0.0038034 
0.004273 0.00433493 0.00452135 0.00483421 0.00527666 0.00585303 0.00656874 0.00743013 0.00844434 0.00961911 0.0109626 0.0124833 0.0141893 0.0160889 0.0181895 0.0204978 0.0230194 0.0257586 0.0287182 0.0318989 0.0352996 0.0389169 0.0427449 0.0467753 0.0509971 0.0553967 0.0599578 0.0646614 0.0694862 0.0744081 0.0794012 0.0844374 0.0894869 0.0945184 0.0994995 0.104397 0.109178 0.113807 0.118253 0.122482 0.126462 0.130164 0.133559 0.136621 0.139325 0.141651 0.14358 0.145097 0.146189 0.146848 0.147068 0.146848 0.146189 0.145097 0.14358 0.141651 0.139325 0.136621 0.133559 0.130164 0.126462 0.122482 0.118253 0.113807 0.109178 0.104397 0.0994995 0.0945184 0.0894869 0.0844374 0.0794012 0.0744081 0.0694862 0.0646614 0.0599578 0.0553967 0.0509971 0.0467753 0.0427449 0.0389169 0.0352996 0.0318989 0.0287182 0.0257586 0.0230194 0.0204978 0.0181895 0.0160889 0.0141893 0.0124833 0.0109626 0.00961911 0.00844434 0.00743013 0.00656874 0.00585303 0.00527666 0.00483421 0.00452135 0.00433493 
0.00485433 0.00492417 0.00513443 0.00548721 0.00598601 0.00663561 0.00744194 0.00841199 0.00955358 0.0108752 0.0123858 0.0140945 0.0160104 0.0181421 0.0204978 0.0230845 0.0259083 0.0289735 0.0322827 0.0358365 0.0396332 0.0436685 0.0479357 0.052425 0.0571239 0.062017 0.0670857 0.0723089 0.0776625 0.0831201 0.0886525 0.0942288 0.0998159 0.105379 0.110884 0.116292 0.121568 0.126675 0.131575 0.136235 0.140619 0.144694 0.14843 0.151798 0.154772 0.157329 0.159449 0.161115 0.162315 0.163039 0.163281 0.163039 0.162315 0.161115 0.159449 0.157329 0.154772 0.151798 0.14843 0.144694 0.140619 0.136235 0.131575 0.126675 0.121568 0.116292 0.110884 0.105379 0.0998159 0.0942288 0.0886525 0.0831201 0.0776625 0.0723089 0.0670857 0.062017 0.0571239 0.052425 0.0479357 0.0436685 0.0396332 0.0358365 0.0322827 0.0289735 0.0259083 0.0230845 0.0204978 0.0181421 0.0160104 0.0140945 0.0123858 0.0108752 0.00955358 0.00841199 0.00744194 0.00663561 0.00598601 0.00548721 0.00513443 0.00492417 
0.00549516 0.00557366 0.00580996 0.00620639 0.00676677 0.00749635 0.00840164 0.00949028 0.0107708 0.0122525 0.0139452 0.0158586 0.0180027 0.0203867 0.0230194 0.0259083 0.0290596 0.0324778 0.0361653 0.0401225 0.0443468 0.0488333 0.0535738 0.0585572 0.0637692 0.0691924 0.074806 0.0805863 0.0865066 0.0925373 0.0986463 0.104799 0.11096 0.11709 0.123151 0.129103 0.134906 0.140519 0.145903 0.151019 0.15583 0.160301 0.164397 0.168089 0.171348 0.174149 0.176471 0.178296 0.179609 0.180402 0.180667 0.180402 0.179609 0.178296 0.176471 0.174149 0.171348 0.168089 0.164397 0.160301 0.15583 0.151019 0.145903 0.140519 0.134906 0.129103 0.123151 0.11709 0.11096 0.104799 0.0986463 0.0925373 0.0865066 0.0805863 0.074806 0.0691924 0.0637692 0.0585572 0.0535738 0.0488333 0.0443468 0.0401225 0.0361653 0.0324778 0.0290596 0.0259083 0.0230194 0.0203867 0.0180027 0.0158586 0.0139452 0.0122525 0.0107708 0.00949028 0.00840164 0.00749635 0.00676677 0.00620639 0.00580996 0.00557366 
0.00619771 0.00628563 0.00655024 0.0069941 0.0076214 0.00843786 0.00945059 0.0106679 0.0120992 0.0137544 0.0156442 0.0177793 0.0201701 0.0228268 0.0257586 0.0289735 0.0324778 0.0362761 0.0403706 0.0447612 0.0494447 0.0544149 0.0596624 0.0651747 0.0709353 0.0769247 0.0831196 0.0894936 0.096017 0.102657 0.109379 0.116143 0.122912 0.129643 0.136293 0.14282 0.149178 0.155326 0.161219 0.166816 0.172076 0.176962 0.181438 0.18547 0.189027 0.192085 0.194618 0.196609 0.198042 0.198906 0.199195 0.198906 0.198042 0.196609 0.194618 0.192085 0.189027 0.18547 0.181438 0.176962 0.172076 0.166816 0.161219 0.155326 0.149178 0.14282 0.136293 0.129643 0.122912 0.116143 0.109379 0.102657 0.096017 0.0894936 0.0831196 0.0769247 0.0709353 0.0651747 0.0596624 0.0544149 0.0494447 0.0447612 0.0403706 0.0362761 0.0324778 0.0289735 0.0257586 0.0228268 0.0201701 0.0177793 0.0156442 0.0137544 0.0120992 0.0106679 0.00945059 0.00843786 0.0076214 0.0069941 0.00655024 0.00628563 
0.00696382 0.00706192 0.00735714 0.00785228 0.0085519 0.00946222 0.010591 0.0119472 0.013541 0.0153833 0.0174855 0.0198591 0.0225154 0.0254652 0.0287182 0.0322827 0.0361653 0.0403706 0.0449006 0.0497543 0.0549278 0.0604139 0.0662016 0.0722765 0.0786202 0.0852107 0.0920221 0.0990251 0.106187 0.113471 0.120839 0.128249 0.135658 0.143021 0.150291 0.15742 0.164362 0.171069 0.177496 0.183596 0.189326 0.194647 0.199517 0.203904 0.207773 0.211097 0.213851 0.216015 0.217572 0.218511 0.218824 0.218511 0.217572 0.216015 0.213851 0.211097 0.207773 0.203904 0.199517 0.194647 0.189326 0.183596 0.177496 0.171069 0.164362 0.15742 0.150291 0.143021 0.135658 0.128249 0.120839 0.113471 0.106187 0.0990251 0.0920221 0.0852107 0.0786202 0.0722765 0.0662016 0.0604139 0.0549278 0.0497543 0.0449006 0.0403706 0.0361653 0.0322827 0.0287182 0.0254652 0.0225154 0.0198591 0.0174855 0.0153833 0.013541 0.0119472 0.010591 0.00946222 0.0085519 0.00785228 0.00735714 0.00706192 
0.00779488 0.00790392 0.00823208 0.00878236 0.00955971 0.0105709 0.0118243 0.0133296 0.0150979 0.0171408 0.0194706 0.0220996 0.0250399 0.0283029 0.0318989 0.0358365 0.0401225 0.0447612 0.0497543 0.0551002 0.060794 0.0668271 0.073187 0.0798572 0.0868172 0.0940423 0.101504 0.109169 0.117002 0.124963 0.13301 0.141097 0.149177 0.1572 0.165117 0.172876 0.180426 0.187716 0.194697 0.20132 0.207539 0.21331 0.218591 0.223344 0.227537 0.231137 0.234119 0.236461 0.238146 0.239162 0.239502 0.239162 0.238146 0.236461 0.234119 0.231137 0.227537 0.223344 0.218591 0.21331 0.207539 0.20132 0.194697 0.187716 0.180426 0.172876 0.165117 0.1572 0.149177 0.141097 0.13301 0.124963 0.117002 0.109169 0.101504 0.0940423 0.0868172 0.0798572 0.073187 0.0668271 0.060794 0.0551002 0.0497543 0.0447612 0.0401225 0.0358365 0.0318989 0.0283029 0.0250399 0.0220996 0.0194706 0.0171408 0.0150979 0.0133296 0.0118243 0.0105709 0.00955971 0.00878236 0.00823208 0.00790392 
0.00869174 0.0088125 0.00917588 0.00978514 0.0106456 0.0117646 0.0131512 0.0148158 0.0167703 0.0190271 0.0215995 0.0245006 0.0277431 0.0313392 0.0352996 0.0396332 0.0443468 0.0494447 0.0549278 0.060794 0.0670371 0.0736472 0.0806099 0.0879066 0.0955143 0.103406 0.111549 0.119908 0.128443 0.137112 0.145866 0.154658 0.163436 0.172147 0.180736 0.189148 0.197328 0.205222 0.212777 0.21994 0.226663 0.232898 0.238601 0.243733 0.248257 0.252141 0.255358 0.257884 0.259701 0.260796 0.261162 0.260796 0.259701 0.257884 0.255358 0.252141 0.248257 0.243733 0.238601 0.232898 0.226663 0.21994 0.212777 0.205222 0.197328 0.189148 0.180736 0.172147 0.163436 0.154658 0.145866 0.137112 0.128443 0.119908 0.111549 0.103406 0.0955143 0.0879066 0.0806099 0.0736472 0.0670371 0.060794 0.0549278 0.0494447 0.0443468 0.0396332 0.0352996 0.0313392 0.0277431 0.0245006 0.0215995 0.0190271 0.0167703 0.0148158 0.0131512 0.0117646 0.0106456 0.00978514 0.00917588 0.0088125 
0.00965464 0.00978787 0.0101888 0.0108608 0.0118097 0.0130434 0.0145715 0.0164054 0.0185575 0.0210414 0.0238711 0.0270604 0.030623 0.0345714 0.0389169 0.0436685 0.0488333 0.0544149 0.0604139 0.0668271 0.0736472 0.0808625 0.0884569 0.0964093 0.104694 0.113281 0.122135 0.131217 0.140483 0.149886 0.159375 0.168898 0.178399 0.18782 0.197102 0.206188 0.215017 0.223533 0.231677 0.239395 0.246634 0.253345 0.259481 0.265 0.269864 0.274038 0.277493 0.280207 0.282158 0.283335 0.283728 0.283335 0.282158 0.280207 0.277493 0.274038 0.269864 0.265 0.259481 0.253345 0.246634 0.239395 0.231677 0.223533 0.215017 0.206188 0.197102 0.18782 0.178399 0.168898 0.159375 0.149886 0.140483 0.131217 0.122135 0.113281 0.104694 0.0964093 0.0884569 0.0808625 0.0736472 0.0668271 0.0604139 0.0544149 0.0488333 0.0436685 0.0389169 0.0345714 0.030623 0.0270604 0.0238711 0.0210414 0.0185575 0.0164054 0.0145715 0.0130434 0.0118097 0.0108608 0.0101888 0.00978787 
0.0106832 0.0108296 0.0112702 0.0120087 0.0130512 0.0144062 0.0160841 0.0180968 0.0204578 0.0231815 0.0262825 0.0297757 0.0336753 0.0379945 0.0427449 0.0479357 0.0535738 0.0596624 0.0662016 0.073187 0.0806099 0.0884569 0.0967096 0.105345 0.114333 0.123643 0.133234 0.143064 0.153086 0.163248 0.173496 0.183772 0.194016 0.204167 0.214162 0.223938 0.233432 0.242583 0.251329 0.259613 0.267379 0.274575 0.281151 0.287063 0.292272 0.29674 0.300439 0.303342 0.30543 0.306688 0.307109 0.306688 0.30543 0.303342 0.300439 0.29674 0.292272 0.287063 0.281151 0.274575 0.267379 0.259613 0.251329 0.242583 0.233432 0.223938 0.214162 0.204167 0.194016 0.183772 0.173496 0.163248 0.153086 0.143064 0.133234 0.123643 0.114333 0.105345 0.0967096 0.0884569 0.0806099 0.073187 0.0662016 0.0596624 0.0535738 0.0479357 0.0427449 0.0379945 0.0336753 0.0297757 0.0262825 0.0231815 0.0204578 0.0180968 0.0160841 0.0144062 0.0130512 0.0120087 0.0112702 0.0108296 
0.0117761 0.0119365 0.0124189 0.0132274 0.0143685 0.0158512 0.0176866 0.0198875 0.022468 0.0254434 0.0288293 0.0326412 0.036894 0.0416014 0.0467753 0.052425 0.0585572 0.0651747 0.0722765 0.0798572 0.0879066 0.0964093 0.105345 0.114687 0.124404 0.134459 0.144811 0.155412 0.166211 0.177153 0.188179 0.199227 0.210232 0.221129 0.231851 0.242331 0.252502 0.262298 0.271656 0.280514 0.288814 0.2965 0.303521 0.309831 0.315388 0.320153 0.324097 0.327191 0.329416 0.330757 0.331205 0.330757 0.329416 0.327191 0.324097 0.320153 0.315388 0.309831 0.303521 0.2965 0.288814 0.280514 0.271656 0.262298 0.252502 0.242331 0.231851 0.221129 0.210232 0.199227 0.188179 0.177153 0.166211 0.155412 0.144811 0.134459 0.124404 0.114687 0.105345 0.0964093 0.0879066 0.0798572 0.0722765 0.0651747 0.0585572 0.052425 0.0467753 0.0416014 0.036894 0.0326412 0.0288293 0.0254434 0.022468 0.0198875 0.0176866 0.0158512 0.0143685 0.0132274 0.0124189 0.0119365 
0.0129315 0.0131064 0.0136327 0.0145145 0.015759 0.0173755 0.0193758 0.0217734 0.0245835 0.027822 0.0315054 0.0356498 0.0402708 0.0453826 0.0509971 0.0571239 0.0637692 0.0709353 0.0786202 0.0868172 0.0955143 0.104694 0.114333 0.124404 0.13487 0.145692 0.156824 0.168215 0.17981 0.191549 0.203369 0.215203 0.226983 0.238638 0.250098 0.261291 0.272146 0.282595 0.292571 0.302007 0.310844 0.319024 0.326492 0.333201 0.339107 0.34417 0.348359 0.351645 0.354008 0.355431 0.355907 0.355431 0.354008 0.351645 0.348359 0.34417 0.339107 0.333201 0.326492 0.319024 0.310844 0.302007 0.292571 0.282595 0.272146 0.261291 0.250098 0.238638 0.226983 0.215203 0.203369 0.191549 0.17981 0.168215 0.156824 0.145692 0.13487 0.124404 0.114333 0.104694 0.0955143 0.0868172 0.0786202 0.0709353 0.0637692 0.0571239 0.0509971 0.0453826 0.0402708 0.0356498 0.0315054 0.027822 0.0245835 0.0217734 0.0193758 0.0173755 0.015759 0.0145145 0.0136327 0.0131064 
0.0141465 0.0143367 0.0149086 0.0158669 0.017219 0.0189749 0.0211469 0.0237495 0.0267984 0.0303104 0.0343027 0.0387923 0.0437952 0.0493259 0.0553967 0.062017 0.0691924 0.0769247 0.0852107 0.0940423 0.103406 0.113281 0.123643 0.134459 0.145692 0.157297 0.169226 0.181422 0.193827 0.206376 0.219002 0.231633 0.244196 0.256618 0.268822 0.280733 0.292277 0.303382 0.313977 0.323993 0.333368 0.342041 0.349956 0.357063 0.363316 0.368676 0.373109 0.376585 0.379085 0.380591 0.381094 0.380591 0.379085 0.376585 0.373109 0.368676 0.363316 0.357063 0.349956 0.342041 0.333368 0.323993 0.313977 0.303382 0.292277 0.280733 0.268822 0.256618 0.244196 0.231633 0.219002 0.206376 0.193827 0.181422 0.169226 0.157297 0.145692 0.134459 0.123643 0.113281 0.103406 0.0940423 0.0852107 0.0769247 0.0691924 0.062017 0.0553967 0.0493259 0.0437952 0.0387923 0.0343027 0.0303104 0.0267984 0.0237495 0.0211469 0.0189749 0.017219 0.0158669 0.0149086 0.0143367 
0.0154174 0.0156234 0.0162428 0.0172804 0.0187441 0.0206444 0.0229944 0.025809 0.029105 0.0328999 0.0372115 0.0420576 0.0474545 0.0534171 0.0599578 0.0670857 0.074806 0.0831196 0.0920221 0.101504 0.111549 0.122135 0.133234 0.144811 0.156824 0.169226 0.181963 0.194976 0.2082 0.221568 0.235007 0.248441 0.261793 0.274984 0.287934 0.300565 0.312799 0.324558 0.33577 0.346365 0.356274 0.365437 0.373795 0.381297 0.387895 0.393548 0.398222 0.401887 0.404521 0.406108 0.406638 0.406108 0.404521 0.401887 0.398222 0.393548 0.387895 0.381297 0.373795 0.365437 0.356274 0.346365 0.33577 0.324558 0.312799 0.300565 0.287934 0.274984 0.261793 0.248441 0.235007 0.221568 0.2082 0.194976 0.181963 0.169226 0.156824 0.144811 0.133234 0.122135 0.111549 0.101504 0.0920221 0.0831196 0.074806 0.0670857 0.0599578 0.0534171 0.0474545 0.0420576 0.0372115 0.0328999 0.029105 0.025809 0.0229944 0.0206444 0.0187441 0.0172804 0.0162428 0.0156234 
0.0167397 0.0169619 0.0176303 0.0187497 0.0203285 0.0223777 0.024911 0.0279442 0.0314946 0.0355804 0.0402204 0.0454325 0.0512338 0.0576394 0.0646614 0.0723089 0.0805863 0.0894936 0.0990251 0.109169 0.119908 0.131217 0.143064 0.155412 0.168215 0.181422 0.194976 0.208812 0.222861 0.237052 0.251307 0.265546 0.279686 0.293646 0.307342 0.320689 0.333608 0.346018 0.357842 0.369008 0.379447 0.389093 0.397888 0.405778 0.412715 0.418657 0.423568 0.427418 0.430184 0.431851 0.432408 0.431851 0.430184 0.427418 0.423568 0.418657 0.412715 0.405778 0.397888 0.389093 0.379447 0.369008 0.357842 0.346018 0.333608 0.320689 0.307342 0.293646 0.279686 0.265546 0.251307 0.237052 0.222861 0.208812 0.194976 0.181422 0.168215 0.155412 0.143064 0.131217 0.119908 0.109169 0.0990251 0.0894936 0.0805863 0.0723089 0.0646614 0.0576394 0.0512338 0.0454325 0.0402204 0.0355804 0.0314946 0.0279442 0.024911 0.0223777 0.0203285 0.0187497 0.0176303 0.0169619 
0.0181079 0.0183468 0.0190653 0.0202687 0.0219656 0.0241675 0.0268888 0.0301458 0.0339566 0.0383402 0.0433158 0.048902 0.0551162 0.0619735 0.0694862 0.0776625 0.0865066 0.096017 0.106187 0.117002 0.128443 0.140483 0.153086 0.166211 0.17981 0.193827 0.2082 0.222861 0.237738 0.252751 0.26782 0.282861 0.297786 0.31251 0.326944 0.341001 0.354597 0.367649 0.380076 0.391805 0.402763 0.412884 0.422107 0.430377 0.437646 0.443869 0.449011 0.453041 0.455937 0.457681 0.458264 0.457681 0.455937 0.453041 0.449011 0.443869 0.437646 0.430377 0.422107 0.412884 0.402763 0.391805 0.380076 0.367649 0.354597 0.341001 0.326944 0.31251 0.297786 0.282861 0.26782 0.252751 0.237738 0.222861 0.2082 0.193827 0.17981 0.166211 0.153086 0.140483 0.128443 0.117002 0.106187 0.096017 0.0865066 0.0776625 0.0694862 0.0619735 0.0551162 0.048902 0.0433158 0.0383402 0.0339566 0.0301458 0.0268888 0.0241675 0.0219656 0.0202687 0.0190653 0.0183468 
0.0195155 0.0197715 0.0205413 0.0218303 0.0236476 0.0260053 0.0289182 0.0324033 0.0364793 0.041166 0.0464829 0.0524493 0.0590827 0.0663983 0.0744081 0.0831201 0.0925373 0.102657 0.113471 0.124963 0.137112 0.149886 0.163248 0.177153 0.191549 0.206376 0.221568 0.237052 0.252751 0.268582 0.28446 0.300295 0.315997 0.331475 0.346637 0.361393 0.375654 0.389335 0.402354 0.414632 0.426097 0.436681 0.446321 0.454961 0.462551 0.469048 0.474414 0.478619 0.481639 0.483459 0.484066 0.483459 0.481639 0.478619 0.474414 0.469048 0.462551 0.454961 0.446321 0.436681 0.426097 0.414632 0.402354 0.389335 0.375654 0.361393 0.346637 0.331475 0.315997 0.300295 0.28446 0.268582 0.252751 0.237052 0.221568 0.206376 0.191549 0.177153 0.163248 0.149886 0.137112 0.124963 0.113471 0.102657 0.0925373 0.0831201 0.0744081 0.0663983 0.0590827 0.0524493 0.0464829 0.041166 0.0364793 0.0324033 0.0289182 0.0260053 0.0236476 0.0218303 0.0205413 0.0197715 
0.0209554 0.0212287 0.0220505 0.0234265 0.025366 0.0278816 0.0309886 0.0347049 0.0390495 0.0440428 0.049705 0.0560555 0.0631122 0.0708902 0.0794012 0.0886525 0.0986463 0.109379 0.120839 0.13301 0.145866 0.159375 0.173496 0.188179 0.203369 0.219002 0.235007 0.251307 0.26782 0.28446 0.301135 0.317753 0.334219 0.350437 0.366313 0.381752 0.396663 0.410958 0.424552 0.437365 0.449322 0.460354 0.470397 0.479394 0.487295 0.494055 0.499636 0.50401 0.50715 0.509041 0.509673 0.509041 0.50715 0.50401 0.499636 0.494055 0.487295 0.479394 0.470397 0.460354 0.449322 0.437365 0.424552 0.410958 0.396663 0.381752 0.366313 0.350437 0.334219 0.317753 0.301135 0.28446 0.26782 0.251307 0.235007 0.219002 0.203369 0.188179 0.173496 0.159375 0.145866 0.13301 0.120839 0.109379 0.0986463 0.0886525 0.0794012 0.0708902 0.0631122 0.0560555 0.049705 0.0440428 0.0390495 0.0347049 0.0309886 0.0278816 0.025366 0.0234265 0.0220505 0.0212287 
0.0224195 0.0227103 0.0235845 0.0250482 0.027111 0.0297858 0.0330887 0.0370377 0.0416528 0.0469547 0.052964 0.0597006 0.0671823 0.0754241 0.0844374 0.0942288 0.104799 0.116143 0.128249 0.141097 0.154658 0.168898 0.183772 0.199227 0.215203 0.231633 0.248441 0.265546 0.282861 0.300295 0.317753 0.335138 0.352351 0.369292 0.385863 0.401967 0.417509 0.432398 0.446549 0.459878 0.472309 0.483772 0.494202 0.503542 0.51174 0.518752 0.52454 0.529074 0.53233 0.53429 0.534944 0.53429 0.53233 0.529074 0.52454 0.518752 0.51174 0.503542 0.494202 0.483772 0.472309 0.459878 0.446549 0.432398 0.417509 0.401967 0.385863 0.369292 0.352351 0.335138 0.317753 0.300295 0.282861 0.265546 0.248441 0.231633 0.215203 0.199227 0.183772 0.168898 0.154658 0.141097 0.128249 0.116143 0.104799 0.0942288 0.0844374 0.0754241 0.0671823 0.0597006 0.052964 0.0469547 0.0416528 0.0370377 0.0330887 0.0297858 0.027111 0.0250482 0.0235845 0.0227103 
0.023899 0.0242073 0.0251342 0.0266859 0.0288722 0.0317067 0.0352056 0.0393878 0.0442736 0.0498842 0.0562405 0.0633627 0.0712686 0.0799731 0.0894869 0.0998159 0.11096 0.122912 0.135658 0.149177 0.163436 0.178399 0.194016 0.210232 0.226983 0.244196 0.261793 0.279686 0.297786 0.315997 0.334219 0.352351 0.370289 0.387932 0.405176 0.421923 0.438073 0.453536 0.468221 0.482045 0.494931 0.506806 0.517606 0.527272 0.535754 0.543005 0.548989 0.553675 0.557039 0.559064 0.559741 0.559064 0.557039 0.553675 0.548989 0.543005 0.535754 0.527272 0.517606 0.506806 0.494931 0.482045 0.468221 0.453536 0.438073 0.421923 0.405176 0.387932 0.370289 0.352351 0.334219 0.315997 0.297786 0.279686 0.261793 0.244196 0.226983 0.210232 0.194016 0.178399 0.163436 0.149177 0.135658 0.122912 0.11096 0.0998159 0.0894869 0.0799731 0.0712686 0.0633627 0.0562405 0.0498842 0.0442736 0.0393878 0.0352056 0.0317067 0.0288722 0.0266859 0.0251342 0.0242073 
0.0253846 0.0257103 0.0266897 0.028329 0.0306385 0.033632 0.0373262 0.0417404 0.0468955 0.0528129 0.0595141 0.0670191 0.0753458 0.0845089 0.0945184 0.105379 0.11709 0.129643 0.143021 0.1572 0.172147 0.18782 0.204167 0.221129 0.238638 0.256618 0.274984 0.293646 0.31251 0.331475 0.350437 0.369292 0.387932 0.406251 0.424143 0.441507 0.458241 0.474252 0.489448 0.503744 0.517062 0.529329 0.540479 0.550455 0.559203 0.566681 0.57285 0.577679 0.581146 0.583232 0.583929 0.583232 0.581146 0.577679 0.57285 0.566681 0.559203 0.550455 0.540479 0.529329 0.517062 0.503744 0.489448 0.474252 0.458241 0.441507 0.424143 0.406251 0.387932 0.369292 0.350437 0.331475 0.31251 0.293646 0.274984 0.256618 0.238638 0.221129 0.204167 0.18782 0.172147 0.1572 0.143021 0.129643 0.11709 0.105379 0.0945184 0.0845089 0.0753458 0.0670191 0.0595141 0.0528129 0.0468955 0.0417404 0.0373262 0.033632 0.0306385 0.028329 0.0266897 0.0257103 
0.0268661 0.0272091 0.0282405 0.0299666 0.0323979 0.0355487 0.0394362 0.0440799 0.049501 0.0557216 0.0627631 0.0706458 0.0793874 0.0890022 0.0994995 0.110884 0.123151 0.136293 0.150291 0.165117 0.180736 0.197102 0.214162 0.231851 0.250098 0.268822 0.287934 0.307342 0.326944 0.346637 0.366313 0.385863 0.405176 0.424143 0.442656 0.460609 0.477899 0.494431 0.510111 0.524854 0.538581 0.551217 0.562697 0.572963 0.581963 0.589653 0.595994 0.600958 0.60452 0.606664 0.607379 0.606664 0.60452 0.600958 0.595994 0.589653 0.581963 0.572963 0.562697 0.551217 0.538581 0.524854 0.510111 0.494431 0.477899 0.460609 0.442656 0.424143 0.405176 0.385863 0.366313 0.346637 0.326944 0.307342 0.287934 0.268822 0.250098 0.231851 0.214162 0.197102 0.180736 0.165117 0.150291 0.136293 0.123151 0.110884 0.0994995 0.0890022 0.0793874 0.0706458 0.0627631 0.0557216 0.049501 0.0440799 0.0394362 0.0355487 0.0323979 0.0299666 0.0282405 0.0272091 
0.028333 0.028693 0.0297755 0.031587 0.0341382 0.0374436 0.0415209 0.0463899 0.0520723 0.0585903 0.0659656 0.0742184 0.0833662 0.0934228 0.104397 0.116292 0.129103 0.14282 0.15742 0.172876 0.189148 0.206188 0.223938 0.242331 0.261291 0.280733 0.300565 0.320689 0.341001 0.361393 0.381752 0.401967 0.421923 0.441507 0.460609 0.47912 0.496937 0.51396 0.530098 0.545261 0.559371 0.572353 0.584142 0.594679 0.603913 0.6118 0.618302 0.62339 0.62704 0.629237 0.629971 0.629237 0.62704 0.62339 0.618302 0.6118 0.603913 0.594679 0.584142 0.572353 0.559371 0.545261 0.530098 0.51396 0.496937 0.47912 0.460609 0.441507 0.421923 0.401967 0.381752 0.361393 0.341001 0.320689 0.300565 0.280733 0.261291 0.242331 0.223938 0.206188 0.189148 0.172876 0.15742 0.14282 0.129103 0.116292 0.104397 0.0934228 0.0833662 0.0742184 0.0659656 0.0585903 0.0520723 0.0463899 0.0415209 0.0374436 0.0341382 0.031587 0.0297755 0.028693 
0.0297744 0.0301511 0.0312835 0.0331783 0.0358464 0.0393028 0.0435652 0.048654 0.054591 0.0613987 0.0690988 0.0777116 0.0872544 0.0977404 0.109178 0.121568 0.134906 0.149178 0.164362 0.180426 0.197328 0.215017 0.233432 0.252502 0.272146 0.292277 0.312799 0.333608 0.354597 0.375654 0.396663 0.417509 0.438073 0.458241 0.477899 0.496937 0.515248 0.532734 0.549298 0.564854 0.579321 0.592625 0.6047 0.615489 0.624939 0.633008 0.639658 0.64486 0.648593 0.650838 0.651588 0.650838 0.648593 0.64486 0.639658 0.633008 0.624939 0.615489 0.6047 0.592625 0.579321 0.564854 0.549298 0.532734 0.515248 0.496937 0.477899 0.458241 0.438073 0.417509 0.396663 0.375654 0.354597 0.333608 0.312799 0.292277 0.272146 0.252502 0.233432 0.215017 0.197328 0.180426 0.164362 0.149178 0.134906 0.121568 0.109178 0.0977404 0.0872544 0.0777116 0.0690988 0.0613987 0.054591 0.048654 0.0435652 0.0393028 0.0358464 0.0331783 0.0312835 0.0301511 
0.0311793 0.0315721 0.0327528 0.0347283 0.0375098 0.0411122 0.0455538 0.0508552 0.0570384 0.0641261 0.0721401 0.0811004 0.0910242 0.101924 0.113807 0.126675 0.140519 0.155326 0.171069 0.187716 0.205222 0.223533 0.242583 0.262298 0.282595 0.303382 0.324558 0.346018 0.367649 0.389335 0.410958 0.432398 0.453536 0.474252 0.494431 0.51396 0.532734 0.550649 0.56761 0.58353 0.598327 0.611928 0.624268 0.635287 0.644936 0.653171 0.659957 0.665264 0.669071 0.671361 0.672125 0.671361 0.669071 0.665264 0.659957 0.653171 0.644936 0.635287 0.624268 0.611928 0.598327 0.58353 0.56761 0.550649 0.532734 0.51396 0.494431 0.474252 0.453536 0.432398 0.410958 0.389335 0.367649 0.346018 0.324558 0.303382 0.282595 0.262298 0.242583 0.223533 0.205222 0.187716 0.171069 0.155326 0.140519 0.126675 0.113807 0.101924 0.0910242 0.0811004 0.0721401 0.0641261 0.0570384 0.0508552 0.0455538 0.0411122 0.0375098 0.0347283 0.0327528 0.0315721 
0.0325365 0.0329448 0.0341719 0.0362249 0.0391151 0.0428578 0.0474713 0.0529766 0.0593959 0.0667519 0.0750665 0.0843597 0.094648 0.105944 0.118253 0.131575 0.145903 0.161219 0.177496 0.194697 0.212777 0.231677 0.251329 0.271656 0.292571 0.313977 0.33577 0.357842 0.380076 0.402354 0.424552 0.446549 0.468221 0.489448 0.510111 0.530098 0.549298 0.56761 0.584938 0.601193 0.616293 0.630166 0.642746 0.653976 0.663806 0.672192 0.679101 0.684503 0.688377 0.690708 0.691486 0.690708 0.688377 0.684503 0.679101 0.672192 0.663806 0.653976 0.642746 0.630166 0.616293 0.601193 0.584938 0.56761 0.549298 0.530098 0.510111 0.489448 0.468221 0.446549 0.424552 0.402354 0.380076 0.357842 0.33577 0.313977 0.292571 0.271656 0.251329 0.231677 0.212777 0.194697 0.177496 0.161219 0.145903 0.131575 0.118253 0.105944 0.094648 0.0843597 0.0750665 0.0667519 0.0593959 0.0529766 0.0474713 0.0428578 0.0391151 0.0362249 0.0341719 0.0329448 
0.0338348 0.0342578 0.0355291 0.0376558 0.0406495 0.0445255 0.0493025 0.0550016 0.0616452 0.069256 0.0778559 0.0874647 0.0980985 0.109769 0.122482 0.136235 0.151019 0.166816 0.183596 0.20132 0.21994 0.239395 0.259613 0.280514 0.302007 0.323993 0.346365 0.369008 0.391805 0.414632 0.437365 0.459878 0.482045 0.503744 0.524854 0.545261 0.564854 0.58353 0.601193 0.617753 0.633129 0.647249 0.660048 0.671468 0.681461 0.689984 0.697003 0.70249 0.706425 0.708791 0.709581 0.708791 0.706425 0.70249 0.697003 0.689984 0.681461 0.671468 0.660048 0.647249 0.633129 0.617753 0.601193 0.58353 0.564854 0.545261 0.524854 0.503744 0.482045 0.459878 0.437365 0.414632 0.391805 0.369008 0.346365 0.323993 0.302007 0.280514 0.259613 0.239395 0.21994 0.20132 0.183596 0.166816 0.151019 0.136235 0.122482 0.109769 0.0980985 0.0874647 0.0778559 0.069256 0.0616452 0.0550016 0.0493025 0.0445255 0.0406495 0.0376558 0.0355291 0.0342578 
0.0350633 0.0355001 0.036813 0.0390091 0.0421002 0.0461017 0.0510325 0.0569138 0.0637682 0.0716184 0.0804863 0.0903914 0.101349 0.113371 0.126462 0.140619 0.15583 0.172076 0.189326 0.207539 0.226663 0.246634 0.267379 0.288814 0.310844 0.333368 0.356274 0.379447 0.402763 0.426097 0.449322 0.472309 0.494931 0.517062 0.538581 0.559371 0.579321 0.598327 0.616293 0.633129 0.648755 0.663097 0.676092 0.687682 0.697821 0.706466 0.713583 0.719146 0.723135 0.725533 0.726334 0.725533 0.723135 0.719146 0.713583 0.706466 0.697821 0.687682 0.676092 0.663097 0.648755 0.633129 0.616293 0.598327 0.579321 0.559371 0.538581 0.517062 0.494931 0.472309 0.449322 0.426097 0.402763 0.379447 0.356274 0.333368 0.310844 0.288814 0.267379 0.246634 0.226663 0.207539 0.189326 0.172076 0.15583 0.140619 0.126462 0.113371 0.101349 0.0903914 0.0804863 0.0716184 0.0637682 0.0569138 0.0510325 0.0461017 0.0421002 0.0390091 0.036813 0.0355001 
