3.1621e-05 3.28303e-05 3.65168e-05 4.28567e-05 5.21464e-05 6.48056e-05 8.13827e-05 0.000102559 0.000129156 0.000162136 0.000202609 0.000251834 0.000311213 0.000382289 0.000466737 0.000566342 0.000682984 0.000818605 0.000975179 0.00115466 0.00135896 0.00158985 0.00184895 0.00213763 0.00245697 0.0028077 0.00319009 0.00360395 0.00404856 0.00452261 0.00502419 0.00555075 0.00609912 0.00666551 0.00724554 0.00783426 0.00842626 0.00901571 0.00959646 0.0101621 0.0107063 0.0112224 0.0117041 0.0121455 0.0125408 0.0128847 0.0131728 0.013401 0.0135664 0.0136665 0.0137 0.0136665 0.0135664 0.013401 0.0131728 0.0128847 0.0125408 0.0121455 0.0117041 0.0112224 0.0107063 0.0101621 0.00959646 0.00901571 0.00842626 0.00783426 0.00724554 0.00666551 0.00609912 0.00555075 0.00502419 0.00452261 0.00404856 0.00360395 0.00319009 0.0028077 0.00245697 0.00213763 0.00184895 0.00158985 0.00135896 0.00115466 0.000975179 0.000818605 0.000682984 0.000566342 0.000466737 0.000382289 0.000311213 0.000251834 0.000202609 0.000162136 0.000129156 0.000102559 8.13827e-05 6.48056e-05 5.21464e-05 4.28567e-05 3.65168e-05 3.28303e-05 
3.28303e-05 3.40833e-05 3.79025e-05 4.44699e-05 5.40914e-05 6.72004e-05 8.43626e-05 0.000106281 0.000133802 0.000167918 0.000209774 0.000260664 0.000322033 0.000395469 0.000482693 0.00058554 0.000705941 0.00084589 0.00100741 0.0011925 0.00140312 0.00164109 0.00190804 0.00220539 0.00253423 0.00289527 0.0032888 0.0037146 0.00417191 0.00465938 0.00517502 0.00571621 0.00627968 0.00686153 0.00745725 0.00806178 0.00866955 0.00927459 0.00987059 0.010451 0.0110093 0.0115387 0.0120328 0.0124855 0.0128908 0.0132434 0.0135388 0.0137728 0.0139423 0.0140449 0.0140793 0.0140449 0.0139423 0.0137728 0.0135388 0.0132434 0.0128908 0.0124855 0.0120328 0.0115387 0.0110093 0.010451 0.00987059 0.00927459 0.00866955 0.00806178 0.00745725 0.00686153 0.00627968 0.00571621 0.00517502 0.00465938 0.00417191 0.0037146 0.0032888 0.00289527 0.00253423 0.00220539 0.00190804 0.00164109 0.00140312 0.0011925 0.00100741 0.00084589 0.000705941 0.00058554 0.000482693 0.000395469 0.000322033 0.000260664 0.000209774 0.000167918 0.000133802 0.000106281 8.43626e-05 6.72004e-05 5.40914e-05 4.44699e-05 3.79025e-05 3.40833e-05 
3.65168e-05 3.79025e-05 4.21255e-05 4.93853e-05 6.00167e-05 7.4494e-05 9.34359e-05 0.000117611 0.000147942 0.000185513 0.00023157 0.000287521 0.000354937 0.00043554 0.000531194 0.000643884 0.000775694 0.000928772 0.00110529 0.00130741 0.0015372 0.0017966 0.00208737 0.00241098 0.00276856 0.00316086 0.00358811 0.00405006 0.00454581 0.00507386 0.00563203 0.00621746 0.00682658 0.00745517 0.00809835 0.00875064 0.00940607 0.0100582 0.0107003 0.0113253 0.0119261 0.0124957 0.0130272 0.0135138 0.0139495 0.0143284 0.0146457 0.0148971 0.0150791 0.0151893 0.0152263 0.0151893 0.0150791 0.0148971 0.0146457 0.0143284 0.0139495 0.0135138 0.0130272 0.0124957 0.0119261 0.0113253 0.0107003 0.0100582 0.00940607 0.00875064 0.00809835 0.00745517 0.00682658 0.00621746 0.00563203 0.00507386 0.00454581 0.00405006 0.00358811 0.00316086 0.00276856 0.00241098 0.00208737 0.0017966 0.0015372 0.00130741 0.00110529 0.000928772 0.000775694 0.000643884 0.000531194 0.00043554 0.000354937 0.000287521 0.00023157 0.000185513 0.000147942 0.000117611 9.34359e-05 7.4494e-05 6.00167e-05 4.93853e-05 4.21255e-05 3.79025e-05 
4.28567e-05 4.44699e-05 4.93853e-05 5.78319e-05 7.01939e-05 8.70155e-05 0.000109006 0.000137043 0.000172185 0.000215666 0.000268906 0.000333508 0.000411254 0.000504095 0.000614137 0.000743619 0.000894883 0.00107034 0.00127241 0.00150351 0.00176592 0.0020618 0.00239306 0.00276129 0.0031677 0.00361305 0.00409755 0.00462079 0.00518171 0.00577855 0.00640877 0.0070691 0.00775549 0.00846315 0.00918657 0.00991962 0.0106556 0.0113873 0.0121071 0.0128074 0.0134801 0.0141175 0.0147119 0.0152559 0.0157427 0.0161661 0.0165204 0.016801 0.0170042 0.0171272 0.0171684 0.0171272 0.0170042 0.016801 0.0165204 0.0161661 0.0157427 0.0152559 0.0147119 0.0141175 0.0134801 0.0128074 0.0121071 0.0113873 0.0106556 0.00991962 0.00918657 0.00846315 0.00775549 0.0070691 0.00640877 0.00577855 0.00518171 0.00462079 0.00409755 0.00361305 0.0031677 0.00276129 0.00239306 0.0020618 0.00176592 0.00150351 0.00127241 0.00107034 0.000894883 0.000743619 0.000614137 0.000504095 0.000411254 0.000333508 0.000268906 0.000215666 0.000172185 0.000137043 0.000109006 8.70155e-05 7.01939e-05 5.78319e-05 4.93853e-05 4.44699e-05 
5.21464e-05 5.40914e-05 6.00167e-05 7.01939e-05 8.50791e-05 0.000105317 0.000131747 0.000165408 0.000207548 0.000259623 0.000323302 0.000400468 0.000493205 0.000603795 0.000734689 0.000888491 0.00106791 0.00127573 0.00151474 0.00178768 0.00209719 0.00244567 0.00283527 0.00326776 0.00374445 0.00426611 0.00483286 0.00544414 0.0060986 0.00679409 0.0075276 0.00829522 0.00909223 0.00991301 0.0107512 0.0115996 0.0124506 0.0132959 0.0141268 0.0149343 0.0157096 0.0164437 0.0171277 0.0177534 0.0183131 0.0187995 0.0192065 0.0195287 0.019762 0.0199032 0.0199505 0.0199032 0.019762 0.0195287 0.0192065 0.0187995 0.0183131 0.0177534 0.0171277 0.0164437 0.0157096 0.0149343 0.0141268 0.0132959 0.0124506 0.0115996 0.0107512 0.00991301 0.00909223 0.00829522 0.0075276 0.00679409 0.0060986 0.00544414 0.00483286 0.00426611 0.00374445 0.00326776 0.00283527 0.00244567 0.00209719 0.00178768 0.00151474 0.00127573 0.00106791 0.000888491 0.000734689 0.000603795 0.000493205 0.000400468 0.000323302 0.000259623 0.000207548 0.000165408 0.000131747 0.000105317 8.50791e-05 7.01939e-05 6.00167e-05 5.40914e-05 
6.48056e-05 6.72004e-05 7.4494e-05 8.70155e-05 0.000105317 0.000130178 0.000162613 0.000203876 0.000255468 0.000319141 0.000396898 0.00049099 0.000603911 0.000738373 0.000897292 0.00108375 0.00130094 0.00155213 0.0018406 0.00216954 0.00254198 0.00296071 0.00342816 0.00394632 0.0045166 0.00513979 0.0058159 0.00654412 0.00732273 0.00814904 0.00901938 0.00992906 0.0108724 0.0118427 0.0128324 0.0138332 0.0148359 0.0158309 0.016808 0.0177569 0.018667 0.0195281 0.02033 0.0210631 0.0217184 0.0222877 0.0227639 0.0231408 0.0234135 0.0235786 0.0236339 0.0235786 0.0234135 0.0231408 0.0227639 0.0222877 0.0217184 0.0210631 0.02033 0.0195281 0.018667 0.0177569 0.016808 0.0158309 0.0148359 0.0138332 0.0128324 0.0118427 0.0108724 0.00992906 0.00901938 0.00814904 0.00732273 0.00654412 0.0058159 0.00513979 0.0045166 0.00394632 0.00342816 0.00296071 0.00254198 0.00216954 0.0018406 0.00155213 0.00130094 0.00108375 0.000897292 0.000738373 0.000603911 0.00049099 0.000396898 0.000319141 0.000255468 0.000203876 0.000162613 0.000130178 0.000105317 8.70155e-05 7.4494e-05 6.72004e-05 
8.13827e-05 8.43626e-05 9.34359e-05 0.000109006 0.000131747 0.000162613 0.000202842 0.000253963 0.000317804 0.000396492 0.000492457 0.000608422 0.000747394 0.000912642 0.00110766 0.00133613 0.00160188 0.00190877 0.00226068 0.00266135 0.00311435 0.00362289 0.00418976 0.0048172 0.00550677 0.00625921 0.00707439 0.00795116 0.0088873 0.00987945 0.0109231 0.0120125 0.0131407 0.0142999 0.0154808 0.0166736 0.0178674 0.0190507 0.0202117 0.0213382 0.0224178 0.0234383 0.0243881 0.0252558 0.0260309 0.0267041 0.0272668 0.0277121 0.0280343 0.0282293 0.0282945 0.0282293 0.0280343 0.0277121 0.0272668 0.0267041 0.0260309 0.0252558 0.0243881 0.0234383 0.0224178 0.0213382 0.0202117 0.0190507 0.0178674 0.0166736 0.0154808 0.0142999 0.0131407 0.0120125 0.0109231 0.00987945 0.0088873 0.00795116 0.00707439 0.00625921 0.00550677 0.0048172 0.00418976 0.00362289 0.00311435 0.00266135 0.00226068 0.00190877 0.00160188 0.00133613 0.00110766 0.000912642 0.000747394 0.000608422 0.000492457 0.000396492 0.000317804 0.000253963 0.000202842 0.000162613 0.000131747 0.000109006 9.34359e-05 8.43626e-05 
0.000102559 0.000106281 0.000117611 0.000137043 0.000165408 0.000203876 0.000253963 0.000317543 0.000396847 0.000494473 0.000613376 0.000756867 0.000928588 0.00113249 0.00137278 0.00165388 0.00198037 0.00235686 0.00278793 0.00327803 0.00383131 0.00445152 0.00514186 0.00590485 0.00674216 0.00765452 0.00864155 0.00970166 0.010832 0.0120284 0.0132851 0.0145953 0.0159505 0.0173411 0.0187562 0.0201838 0.0216111 0.0230245 0.0244098 0.0257527 0.0270385 0.0282532 0.0293827 0.030414 0.0313348 0.032134 0.0328019 0.0333301 0.0337123 0.0339435 0.0340209 0.0339435 0.0337123 0.0333301 0.0328019 0.032134 0.0313348 0.030414 0.0293827 0.0282532 0.0270385 0.0257527 0.0244098 0.0230245 0.0216111 0.0201838 0.0187562 0.0173411 0.0159505 0.0145953 0.0132851 0.0120284 0.010832 0.00970166 0.00864155 0.00765452 0.00674216 0.00590485 0.00514186 0.00445152 0.00383131 0.00327803 0.00278793 0.00235686 0.00198037 0.00165388 0.00137278 0.00113249 0.000928588 0.000756867 0.000613376 0.000494473 0.000396847 0.000317543 0.000253963 0.000203876 0.000165408 0.000137043 0.000117611 0.000106281 
0.000129156 0.000133802 0.000147942 0.000172185 0.000207548 0.000255468 0.000317804 0.000396847 0.000495326 0.000616407 0.000763689 0.000941191 0.00115333 0.00140486 0.00170088 0.00204668 0.00244774 0.00290955 0.00343756 0.00403699 0.00471272 0.00546909 0.00630977 0.00723757 0.00825431 0.00936059 0.0105557 0.0118376 0.0132025 0.0146451 0.0161586 0.0177344 0.0193623 0.0210306 0.0227263 0.0244352 0.0261418 0.0278299 0.029483 0.0310839 0.0326155 0.0340612 0.0354046 0.0366303 0.0377241 0.038673 0.0394656 0.0400924 0.0405456 0.0408198 0.0409116 0.0408198 0.0405456 0.0400924 0.0394656 0.038673 0.0377241 0.0366303 0.0354046 0.0340612 0.0326155 0.0310839 0.029483 0.0278299 0.0261418 0.0244352 0.0227263 0.0210306 0.0193623 0.0177344 0.0161586 0.0146451 0.0132025 0.0118376 0.0105557 0.00936059 0.00825431 0.00723757 0.00630977 0.00546909 0.00471272 0.00403699 0.00343756 0.00290955 0.00244774 0.00204668 0.00170088 0.00140486 0.00115333 0.000941191 0.000763689 0.000616407 0.000495326 0.000396847 0.000317804 0.000255468 0.000207548 0.000172185 0.000147942 0.000133802 
0.000162136 0.000167918 0.000185513 0.000215666 0.000259623 0.000319141 0.000396492 0.000494473 0.000616407 0.000766146 0.000948058 0.00116701 0.00142833 0.00173777 0.00210142 0.00252563 0.00301694 0.00358187 0.00422685 0.00495802 0.00578107 0.00670102 0.00772205 0.00884728 0.0100786 0.0114165 0.0128598 0.0144056 0.0160494 0.0177845 0.0196023 0.0214925 0.0234428 0.0254391 0.0274657 0.0295057 0.0315408 0.0335518 0.0355191 0.0374225 0.039242 0.0409579 0.0425514 0.0440043 0.0453 0.0464236 0.0473617 0.0481032 0.0486393 0.0489636 0.0490721 0.0489636 0.0486393 0.0481032 0.0473617 0.0464236 0.0453 0.0440043 0.0425514 0.0409579 0.039242 0.0374225 0.0355191 0.0335518 0.0315408 0.0295057 0.0274657 0.0254391 0.0234428 0.0214925 0.0196023 0.0177845 0.0160494 0.0144056 0.0128598 0.0114165 0.0100786 0.00884728 0.00772205 0.00670102 0.00578107 0.00495802 0.00422685 0.00358187 0.00301694 0.00252563 0.00210142 0.00173777 0.00142833 0.00116701 0.000948058 0.000766146 0.000616407 0.000494473 0.000396492 0.000319141 0.000259623 0.000215666 0.000185513 0.000167918 
0.000202609 0.000209774 0.00023157 0.000268906 0.000323302 0.000396898 0.000492457 0.000613376 0.000763689 0.000948058 0.00117176 0.00144066 0.00176118 0.00214019 0.002585 0.00310317 0.00370244 0.00439054 0.00517502 0.00606307 0.00706128 0.0081754 0.00941016 0.010769 0.0122538 0.0138648 0.0156003 0.0174566 0.0194277 0.0215055 0.0236795 0.0259372 0.0282635 0.0306419 0.0330535 0.0354782 0.0378944 0.0402795 0.0426104 0.0448635 0.0470154 0.0490432 0.0509248 0.0526393 0.0541675 0.0554918 0.0565971 0.0574705 0.0581018 0.0584836 0.0586114 0.0584836 0.0581018 0.0574705 0.0565971 0.0554918 0.0541675 0.0526393 0.0509248 0.0490432 0.0470154 0.0448635 0.0426104 0.0402795 0.0378944 0.0354782 0.0330535 0.0306419 0.0282635 0.0259372 0.0236795 0.0215055 0.0194277 0.0174566 0.0156003 0.0138648 0.0122538 0.010769 0.00941016 0.0081754 0.00706128 0.00606307 0.00517502 0.00439054 0.00370244 0.00310317 0.002585 0.00214019 0.00176118 0.00144066 0.00117176 0.000948058 0.000763689 0.000613376 0.000492457 0.000396898 0.000323302 0.000268906 0.00023157 0.000209774 
0.000251834 0.000260664 0.000287521 0.000333508 0.000400468 0.00049099 0.000608422 0.000756867 0.000941191 0.00116701 0.00144066 0.00176919 0.00216025 0.00262207 0.0031633 0.00379293 0.00452009 0.00535384 0.00630304 0.007376 0.00858032 0.00992255 0.011408 0.0130403 0.0148214 0.0167512 0.0188271 0.0210444 0.0233955 0.0258705 0.0284567 0.0311387 0.033899 0.0367173 0.0395716 0.042438 0.0452911 0.0481045 0.0508511 0.0535035 0.0560346 0.0584177 0.0606273 0.0626393 0.0644315 0.065984 0.067279 0.068302 0.0690412 0.0694882 0.0696378 0.0694882 0.0690412 0.068302 0.067279 0.065984 0.0644315 0.0626393 0.0606273 0.0584177 0.0560346 0.0535035 0.0508511 0.0481045 0.0452911 0.042438 0.0395716 0.0367173 0.033899 0.0311387 0.0284567 0.0258705 0.0233955 0.0210444 0.0188271 0.0167512 0.0148214 0.0130403 0.011408 0.00992255 0.00858032 0.007376 0.00630304 0.00535384 0.00452009 0.00379293 0.0031633 0.00262207 0.00216025 0.00176919 0.00144066 0.00116701 0.000941191 0.000756867 0.000608422 0.00049099 0.000400468 0.000333508 0.000287521 0.000260664 
0.000311213 0.000322033 0.000354937 0.000411254 0.000493205 0.000603911 0.000747394 0.000928588 0.00115333 0.00142833 0.00176118 0.00216025 0.00263466 0.00319415 0.00384896 0.00460965 0.00548693 0.00649139 0.00763328 0.00892221 0.0103668 0.0119746 0.0137512 0.0157008 0.0178249 0.020123 0.0225917 0.0252246 0.0280126 0.0309434 0.0340016 0.037169 0.0404244 0.0437441 0.047102 0.0504702 0.0538189 0.0571173 0.0603341 0.0634375 0.0663962 0.0691796 0.0717583 0.0741049 0.0761938 0.0780022 0.0795101 0.0807008 0.081561 0.082081 0.082255 0.082081 0.081561 0.0807008 0.0795101 0.0780022 0.0761938 0.0741049 0.0717583 0.0691796 0.0663962 0.0634375 0.0603341 0.0571173 0.0538189 0.0504702 0.047102 0.0437441 0.0404244 0.037169 0.0340016 0.0309434 0.0280126 0.0252246 0.0225917 0.020123 0.0178249 0.0157008 0.0137512 0.0119746 0.0103668 0.00892221 0.00763328 0.00649139 0.00548693 0.00460965 0.00384896 0.00319415 0.00263466 0.00216025 0.00176118 0.00142833 0.00115333 0.000928588 0.000747394 0.000603911 0.000493205 0.000411254 0.000354937 0.000322033 
0.000382289 0.000395469 0.00043554 0.000504095 0.000603795 0.000738373 0.000912642 0.00113249 0.00140486 0.00173777 0.00214019 0.00262207 0.00319415 0.00386792 0.00465539 0.00556892 0.00662096 0.0078238 0.00918924 0.0107283 0.0124507 0.0143648 0.0164768 0.018791 0.0213088 0.0240288 0.0269463 0.0300535 0.033339 0.036788 0.0403818 0.0440989 0.0479142 0.0517997 0.055725 0.0596574 0.0635625 0.0674047 0.0711477 0.0747553 0.0781913 0.0814209 0.0844107 0.0871293 0.0895478 0.0916405 0.0933846 0.0947613 0.0957555 0.0963564 0.0965575 0.0963564 0.0957555 0.0947613 0.0933846 0.0916405 0.0895478 0.0871293 0.0844107 0.0814209 0.0781913 0.0747553 0.0711477 0.0674047 0.0635625 0.0596574 0.055725 0.0517997 0.0479142 0.0440989 0.0403818 0.036788 0.033339 0.0300535 0.0269463 0.0240288 0.0213088 0.018791 0.0164768 0.0143648 0.0124507 0.0107283 0.00918924 0.0078238 0.00662096 0.00556892 0.00465539 0.00386792 0.00319415 0.00262207 0.00214019 0.00173777 0.00140486 0.00113249 0.000912642 0.000738373 0.000603795 0.000504095 0.00043554 0.000395469 
0.000466737 0.000482693 0.000531194 0.000614137 0.000734689 0.000897292 0.00110766 0.00137278 0.00170088 0.00210142 0.002585 0.0031633 0.00384896 0.00465539 0.00559661 0.00668695 0.00794082 0.00937236 0.010995 0.0128213 0.0148622 0.0171269 0.0196221 0.022352 0.0253176 0.0285165 0.0319428 0.0355865 0.0394337 0.0434663 0.0476625 0.0519965 0.0564388 0.060957 0.0655154 0.0700764 0.0746002 0.079046 0.0833724 0.0875377 0.0915012 0.0952232 0.098666 0.101794 0.104575 0.10698 0.108984 0.110564 0.111706 0.112395 0.112626 0.112395 0.111706 0.110564 0.108984 0.10698 0.104575 0.101794 0.098666 0.0952232 0.0915012 0.0875377 0.0833724 0.079046 0.0746002 0.0700764 0.0655154 0.060957 0.0564388 0.0519965 0.0476625 0.0434663 0.0394337 0.0355865 0.0319428 0.0285165 0.0253176 0.022352 0.0196221 0.0171269 0.0148622 0.0128213 0.010995 0.00937236 0.00794082 0.00668695 0.00559661 0.00465539 0.00384896 0.0031633 0.002585 0.00210142 0.00170088 0.00137278 0.00110766 0.000897292 0.000734689 0.000614137 0.000531194 0.000482693 
0.000566342 0.00058554 0.000643884 0.000743619 0.000888491 0.00108375 0.00133613 0.00165388 0.00204668 0.00252563 0.00310317 0.00379293 0.00460965 0.00556892 0.00668695 0.00798028 0.00946546 0.0111586 0.013075 0.0152287 0.0176318 0.0202944 0.0232237 0.0264236 0.0298946 0.033633 0.0376311 0.0418764 0.0463522 0.0510368 0.0559044 0.0609246 0.0660631 0.0712821 0.0765407 0.0817953 0.0870008 0.0921103 0.0970769 0.101854 0.106394 0.110654 0.114591 0.118166 0.121341 0.124086 0.126371 0.128174 0.129474 0.13026 0.130523 0.13026 0.129474 0.128174 0.126371 0.124086 0.121341 0.118166 0.114591 0.110654 0.106394 0.101854 0.0970769 0.0921103 0.0870008 0.0817953 0.0765407 0.0712821 0.0660631 0.0609246 0.0559044 0.0510368 0.0463522 0.0418764 0.0376311 0.033633 0.0298946 0.0264236 0.0232237 0.0202944 0.0176318 0.0152287 0.013075 0.0111586 0.00946546 0.00798028 0.00668695 0.00556892 0.00460965 0.00379293 0.00310317 0.00252563 0.00204668 0.00165388 0.00133613 0.00108375 0.000888491 0.000743619 0.000643884 0.00058554 
0.000682984 0.000705941 0.000775694 0.000894883 0.00106791 0.00130094 0.00160188 0.00198037 0.00244774 0.00301694 0.00370244 0.00452009 0.00548693 0.00662096 0.00794082 0.00946546 0.0112137 0.0132038 0.0154531 0.0179769 0.0207889 0.0238998 0.0273169 0.0310441 0.0350808 0.0394218 0.0440572 0.0489718 0.0541453 0.059552 0.0651615 0.0709384 0.076843 0.0828316 0.0888574 0.0948707 0.10082 0.106653 0.112315 0.117755 0.122921 0.127763 0.132234 0.13629 0.139891 0.143001 0.14559 0.14763 0.149102 0.149992 0.150289 0.149992 0.149102 0.14763 0.14559 0.143001 0.139891 0.13629 0.132234 0.127763 0.122921 0.117755 0.112315 0.106653 0.10082 0.0948707 0.0888574 0.0828316 0.076843 0.0709384 0.0651615 0.059552 0.0541453 0.0489718 0.0440572 0.0394218 0.0350808 0.0310441 0.0273169 0.0238998 0.0207889 0.0179769 0.0154531 0.0132038 0.0112137 0.00946546 0.00794082 0.00662096 0.00548693 0.00452009 0.00370244 0.00301694 0.00244774 0.00198037 0.00160188 0.00130094 0.00106791 0.000894883 0.000775694 0.000705941 
0.000818605 0.00084589 0.000928772 0.00107034 0.00127573 0.00155213 0.00190877 0.00235686 0.00290955 0.00358187 0.00439054 0.00535384 0.00649139 0.0078238 0.00937236 0.0111586 0.0132038 0.0155286 0.0181521 0.0210915 0.0243614 0.0279732 0.0319346 0.0362485 0.0409135 0.0459223 0.0512624 0.0569153 0.0628567 0.0690565 0.075479 0.0820832 0.0888235 0.0956498 0.102509 0.109344 0.116098 0.122711 0.129123 0.135277 0.141113 0.146579 0.151621 0.156191 0.160246 0.163745 0.166656 0.16895 0.170604 0.171604 0.171938 0.171604 0.170604 0.16895 0.166656 0.163745 0.160246 0.156191 0.151621 0.146579 0.141113 0.135277 0.129123 0.122711 0.116098 0.109344 0.102509 0.0956498 0.0888235 0.0820832 0.075479 0.0690565 0.0628567 0.0569153 0.0512624 0.0459223 0.0409135 0.0362485 0.0319346 0.0279732 0.0243614 0.0210915 0.0181521 0.0155286 0.0132038 0.0111586 0.00937236 0.0078238 0.00649139 0.00535384 0.00439054 0.00358187 0.00290955 0.00235686 0.00190877 0.00155213 0.00127573 0.00107034 0.000928772 0.00084589 
0.000975179 0.00100741 0.00110529 0.00127241 0.00151474 0.0018406 0.00226068 0.00278793 0.00343756 0.00422685 0.00517502 0.00630304 0.00763328 0.00918924 0.010995 0.013075 0.0154531 0.0181521 0.0211933 0.0245955 0.0283744 0.032542 0.0371056 0.0420677 0.0474249 0.0531678 0.0592809 0.0657417 0.0725216 0.0795852 0.0868911 0.0943921 0.102036 0.109766 0.117522 0.12524 0.132856 0.140303 0.147515 0.154428 0.160978 0.167105 0.172751 0.177865 0.182399 0.186309 0.189559 0.19212 0.193966 0.19508 0.195453 0.19508 0.193966 0.19212 0.189559 0.186309 0.182399 0.177865 0.172751 0.167105 0.160978 0.154428 0.147515 0.140303 0.132856 0.12524 0.117522 0.109766 0.102036 0.0943921 0.0868911 0.0795852 0.0725216 0.0657417 0.0592809 0.0531678 0.0474249 0.0420677 0.0371056 0.032542 0.0283744 0.0245955 0.0211933 0.0181521 0.0154531 0.013075 0.010995 0.00918924 0.00763328 0.00630304 0.00517502 0.00422685 0.00343756 0.00278793 0.00226068 0.0018406 0.00151474 0.00127241 0.00110529 0.00100741 
0.00115466 0.0011925 0.00130741 0.00150351 0.00178768 0.00216954 0.00266135 0.00327803 0.00403699 0.00495802 0.00606307 0.007376 0.00892221 0.0107283 0.0128213 0.0152287 0.0179769 0.0210915 0.0245955 0.0285094 0.0328499 0.0376292 0.0428544 0.0485267 0.0546408 0.0611845 0.0681387 0.0754766 0.0831644 0.0911611 0.0994188 0.107884 0.116497 0.125193 0.133906 0.142564 0.151094 0.159425 0.167482 0.175196 0.182496 0.189317 0.195597 0.20128 0.206314 0.210652 0.214257 0.217095 0.21914 0.220375 0.220788 0.220375 0.21914 0.217095 0.214257 0.210652 0.206314 0.20128 0.195597 0.189317 0.182496 0.175196 0.167482 0.159425 0.151094 0.142564 0.133906 0.125193 0.116497 0.107884 0.0994188 0.0911611 0.0831644 0.0754766 0.0681387 0.0611845 0.0546408 0.0485267 0.0428544 0.0376292 0.0328499 0.0285094 0.0245955 0.0210915 0.0179769 0.0152287 0.0128213 0.0107283 0.00892221 0.007376 0.00606307 0.00495802 0.00403699 0.00327803 0.00266135 0.00216954 0.00178768 0.00150351 0.00130741 0.0011925 
0.00135896 0.00140312 0.0015372 0.00176592 0.00209719 0.00254198 0.00311435 0.00383131 0.00471272 0.00578107 0.00706128 0.00858032 0.0103668 0.0124507 0.0148622 0.0176318 0.0207889 0.0243614 0.0283744 0.0328499 0.0378053 0.043253 0.0491994 0.0556441 0.0625793 0.0699898 0.077852 0.0861344 0.0947975 0.103794 0.113069 0.122561 0.132204 0.141925 0.151649 0.161298 0.170791 0.180048 0.18899 0.197539 0.205621 0.213164 0.220102 0.226373 0.231924 0.236705 0.240674 0.243798 0.246049 0.247407 0.247861 0.247407 0.246049 0.243798 0.240674 0.236705 0.231924 0.226373 0.220102 0.213164 0.205621 0.197539 0.18899 0.180048 0.170791 0.161298 0.151649 0.141925 0.132204 0.122561 0.113069 0.103794 0.0947975 0.0861344 0.077852 0.0699898 0.0625793 0.0556441 0.0491994 0.043253 0.0378053 0.0328499 0.0283744 0.0243614 0.0207889 0.0176318 0.0148622 0.0124507 0.0103668 0.00858032 0.00706128 0.00578107 0.00471272 0.00383131 0.00311435 0.00254198 0.00209719 0.00176592 0.0015372 0.00140312 
0.00158985 0.00164109 0.0017966 0.0020618 0.00244567 0.00296071 0.00362289 0.00445152 0.00546909 0.00670102 0.0081754 0.00992255 0.0119746 0.0143648 0.0171269 0.0202944 0.0238998 0.0279732 0.032542 0.0376292 0.043253 0.0494256 0.0561522 0.0634305 0.0712498 0.079591 0.0884259 0.0977173 0.107419 0.117478 0.12783 0.138408 0.149136 0.159934 0.170718 0.181402 0.191898 0.202118 0.211977 0.221391 0.230278 0.238563 0.246176 0.253051 0.25913 0.264362 0.268704 0.272118 0.274578 0.276061 0.276557 0.276061 0.274578 0.272118 0.268704 0.264362 0.25913 0.253051 0.246176 0.238563 0.230278 0.221391 0.211977 0.202118 0.191898 0.181402 0.170718 0.159934 0.149136 0.138408 0.12783 0.117478 0.107419 0.0977173 0.0884259 0.079591 0.0712498 0.0634305 0.0561522 0.0494256 0.043253 0.0376292 0.032542 0.0279732 0.0238998 0.0202944 0.0171269 0.0143648 0.0119746 0.00992255 0.0081754 0.00670102 0.00546909 0.00445152 0.00362289 0.00296071 0.00244567 0.0020618 0.0017966 0.00164109 
0.00184895 0.00190804 0.00208737 0.00239306 0.00283527 0.00342816 0.00418976 0.00514186 0.00630977 0.00772205 0.00941016 0.011408 0.0137512 0.0164768 0.0196221 0.0232237 0.0273169 0.0319346 0.0371056 0.0428544 0.0491994 0.0561522 0.0637166 0.0718877 0.0806516 0.0899846 0.0998531 0.110214 0.121014 0.132192 0.143677 0.155392 0.167254 0.179173 0.191057 0.202813 0.214344 0.225556 0.236355 0.246653 0.256362 0.265403 0.273701 0.281187 0.287801 0.293488 0.298205 0.301912 0.304581 0.306191 0.306729 0.306191 0.304581 0.301912 0.298205 0.293488 0.287801 0.281187 0.273701 0.265403 0.256362 0.246653 0.236355 0.225556 0.214344 0.202813 0.191057 0.179173 0.167254 0.155392 0.143677 0.132192 0.121014 0.110214 0.0998531 0.0899846 0.0806516 0.0718877 0.0637166 0.0561522 0.0491994 0.0428544 0.0371056 0.0319346 0.0273169 0.0232237 0.0196221 0.0164768 0.0137512 0.011408 0.00941016 0.00772205 0.00630977 0.00514186 0.00418976 0.00342816 0.00283527 0.00239306 0.00208737 0.00190804 
0.00213763 0.00220539 0.00241098 0.00276129 0.00326776 0.00394632 0.0048172 0.00590485 0.00723757 0.00884728 0.010769 0.0130403 0.0157008 0.018791 0.022352 0.0264236 0.0310441 0.0362485 0.0420677 0.0485267 0.0556441 0.0634305 0.0718877 0.081008 0.0907734 0.101155 0.112113 0.123599 0.13555 0.147898 0.160563 0.17346 0.186495 0.199572 0.212588 0.225443 0.238032 0.250254 0.262009 0.273202 0.283742 0.293543 0.302529 0.310627 0.317775 0.323917 0.329006 0.333005 0.335882 0.337617 0.338197 0.337617 0.335882 0.333005 0.329006 0.323917 0.317775 0.310627 0.302529 0.293543 0.283742 0.273202 0.262009 0.250254 0.238032 0.225443 0.212588 0.199572 0.186495 0.17346 0.160563 0.147898 0.13555 0.123599 0.112113 0.101155 0.0907734 0.081008 0.0718877 0.0634305 0.0556441 0.0485267 0.0420677 0.0362485 0.0310441 0.0264236 0.022352 0.018791 0.0157008 0.0130403 0.010769 0.00884728 0.00723757 0.00590485 0.0048172 0.00394632 0.00326776 0.00276129 0.00241098 0.00220539 
0.00245697 0.00253423 0.00276856 0.0031677 0.00374445 0.0045166 0.00550677 0.00674216 0.00825431 0.0100786 0.0122538 0.0148214 0.0178249 0.0213088 0.0253176 0.0298946 0.0350808 0.0409135 0.0474249 0.0546408 0.0625793 0.0712498 0.0806516 0.0907734 0.101592 0.113074 0.125173 0.137831 0.15098 0.16454 0.178425 0.192538 0.206779 0.221039 0.235211 0.249182 0.262842 0.276083 0.288799 0.300889 0.312257 0.322816 0.332484 0.341188 0.348863 0.355453 0.360909 0.365193 0.368274 0.370132 0.370752 0.370132 0.368274 0.365193 0.360909 0.355453 0.348863 0.341188 0.332484 0.322816 0.312257 0.300889 0.288799 0.276083 0.262842 0.249182 0.235211 0.221039 0.206779 0.192538 0.178425 0.16454 0.15098 0.137831 0.125173 0.113074 0.101592 0.0907734 0.0806516 0.0712498 0.0625793 0.0546408 0.0474249 0.0409135 0.0350808 0.0298946 0.0253176 0.0213088 0.0178249 0.0148214 0.0122538 0.0100786 0.00825431 0.00674216 0.00550677 0.0045166 0.00374445 0.0031677 0.00276856 0.00253423 
0.0028077 0.00289527 0.00316086 0.00361305 0.00426611 0.00513979 0.00625921 0.00765452 0.00936059 0.0114165 0.0138648 0.0167512 0.020123 0.0240288 0.0285165 0.033633 0.0394218 0.0459223 0.0531678 0.0611845 0.0699898 0.079591 0.0899846 0.101155 0.113074 0.125702 0.138984 0.152856 0.16724 0.182047 0.197181 0.212537 0.228004 0.243464 0.258802 0.273896 0.288631 0.302889 0.31656 0.329539 0.341726 0.353031 0.363368 0.372664 0.380853 0.387877 0.393689 0.398249 0.401528 0.403503 0.404163 0.403503 0.401528 0.398249 0.393689 0.387877 0.380853 0.372664 0.363368 0.353031 0.341726 0.329539 0.31656 0.302889 0.288631 0.273896 0.258802 0.243464 0.228004 0.212537 0.197181 0.182047 0.16724 0.152856 0.138984 0.125702 0.113074 0.101155 0.0899846 0.079591 0.0699898 0.0611845 0.0531678 0.0459223 0.0394218 0.033633 0.0285165 0.0240288 0.020123 0.0167512 0.0138648 0.0114165 0.00936059 0.00765452 0.00625921 0.00513979 0.00426611 0.00361305 0.00316086 0.00289527 
0.00319009 0.0032888 0.00358811 0.00409755 0.00483286 0.0058159 0.00707439 0.00864155 0.0105557 0.0128598 0.0156003 0.0188271 0.0225917 0.0269463 0.0319428 0.0376311 0.0440572 0.0512624 0.0592809 0.0681387 0.077852 0.0884259 0.0998531 0.112113 0.125173 0.138984 0.153486 0.168604 0.184251 0.20033 0.216734 0.233348 0.25005 0.266717 0.283221 0.299435 0.315235 0.330498 0.34511 0.35896 0.371946 0.383975 0.39496 0.404827 0.41351 0.420951 0.427102 0.431926 0.435393 0.437481 0.438179 0.437481 0.435393 0.431926 0.427102 0.420951 0.41351 0.404827 0.39496 0.383975 0.371946 0.35896 0.34511 0.330498 0.315235 0.299435 0.283221 0.266717 0.25005 0.233348 0.216734 0.20033 0.184251 0.168604 0.153486 0.138984 0.125173 0.112113 0.0998531 0.0884259 0.077852 0.0681387 0.0592809 0.0512624 0.0440572 0.0376311 0.0319428 0.0269463 0.0225917 0.0188271 0.0156003 0.0128598 0.0105557 0.00864155 0.00707439 0.0058159 0.00483286 0.00409755 0.00358811 0.0032888 
0.00360395 0.0037146 0.00405006 0.00462079 0.00544414 0.00654412 0.00795116 0.00970166 0.0118376 0.0144056 0.0174566 0.0210444 0.0252246 0.0300535 0.0355865 0.0418764 0.0489718 0.0569153 0.0657417 0.0754766 0.0861344 0.0977173 0.110214 0.123599 0.137831 0.152856 0.168604 0.184991 0.201921 0.219286 0.236969 0.254845 0.272783 0.29065 0.30831 0.325628 0.342474 0.358721 0.374248 0.388941 0.402698 0.415421 0.427025 0.437436 0.446586 0.454421 0.460893 0.465964 0.469607 0.4718 0.472533 0.4718 0.469607 0.465964 0.460893 0.454421 0.446586 0.437436 0.427025 0.415421 0.402698 0.388941 0.374248 0.358721 0.342474 0.325628 0.30831 0.29065 0.272783 0.254845 0.236969 0.219286 0.201921 0.184991 0.168604 0.152856 0.137831 0.123599 0.110214 0.0977173 0.0861344 0.0754766 0.0657417 0.0569153 0.0489718 0.0418764 0.0355865 0.0300535 0.0252246 0.0210444 0.0174566 0.0144056 0.0118376 0.00970166 0.00795116 0.00654412 0.00544414 0.00462079 0.00405006 0.0037146 
0.00404856 0.00417191 0.00454581 0.00518171 0.0060986 0.00732273 0.0088873 0.010832 0.0132025 0.0160494 0.0194277 0.0233955 0.0280126 0.033339 0.0394337 0.0463522 0.0541453 0.0628567 0.0725216 0.0831644 0.0947975 0.107419 0.121014 0.13555 0.15098 0.16724 0.184251 0.201921 0.220142 0.238797 0.257758 0.27689 0.296052 0.315102 0.333896 0.352294 0.370157 0.387354 0.40376 0.419261 0.43375 0.447131 0.459318 0.470238 0.479825 0.488025 0.494793 0.500093 0.503898 0.506188 0.506953 0.506188 0.503898 0.500093 0.494793 0.488025 0.479825 0.470238 0.459318 0.447131 0.43375 0.419261 0.40376 0.387354 0.370157 0.352294 0.333896 0.315102 0.296052 0.27689 0.257758 0.238797 0.220142 0.201921 0.184251 0.16724 0.15098 0.13555 0.121014 0.107419 0.0947975 0.0831644 0.0725216 0.0628567 0.0541453 0.0463522 0.0394337 0.033339 0.0280126 0.0233955 0.0194277 0.0160494 0.0132025 0.010832 0.0088873 0.00732273 0.0060986 0.00518171 0.00454581 0.00417191 
0.00452261 0.00465938 0.00507386 0.00577855 0.00679409 0.00814904 0.00987945 0.0120284 0.0146451 0.0177845 0.0215055 0.0258705 0.0309434 0.036788 0.0434663 0.0510368 0.059552 0.0690565 0.0795852 0.0911611 0.103794 0.117478 0.132192 0.147898 0.16454 0.182047 0.20033 0.219286 0.238797 0.258735 0.278962 0.299332 0.319696 0.339901 0.359798 0.379238 0.398079 0.416184 0.433426 0.449689 0.464866 0.47886 0.491589 0.502978 0.512965 0.521499 0.528535 0.534042 0.537993 0.54037 0.541164 0.54037 0.537993 0.534042 0.528535 0.521499 0.512965 0.502978 0.491589 0.47886 0.464866 0.449689 0.433426 0.416184 0.398079 0.379238 0.359798 0.339901 0.319696 0.299332 0.278962 0.258735 0.238797 0.219286 0.20033 0.182047 0.16454 0.147898 0.132192 0.117478 0.103794 0.0911611 0.0795852 0.0690565 0.059552 0.0510368 0.0434663 0.036788 0.0309434 0.0258705 0.0215055 0.0177845 0.0146451 0.0120284 0.00987945 0.00814904 0.00679409 0.00577855 0.00507386 0.00465938 
0.00502419 0.00517502 0.00563203 0.00640877 0.0075276 0.00901938 0.0109231 0.0132851 0.0161586 0.0196023 0.0236795 0.0284567 0.0340016 0.0403818 0.0476625 0.0559044 0.0651615 0.075479 0.0868911 0.0994188 0.113069 0.12783 0.143677 0.160563 0.178425 0.197181 0.216734 0.236969 0.257758 0.278962 0.300432 0.322012 0.343544 0.364868 0.385826 0.406263 0.426032 0.444995 0.463022 0.479995 0.495808 0.510366 0.523587 0.535401 0.545749 0.55458 0.561856 0.567545 0.571624 0.574078 0.574897 0.574078 0.571624 0.567545 0.561856 0.55458 0.545749 0.535401 0.523587 0.510366 0.495808 0.479995 0.463022 0.444995 0.426032 0.406263 0.385826 0.364868 0.343544 0.322012 0.300432 0.278962 0.257758 0.236969 0.216734 0.197181 0.178425 0.160563 0.143677 0.12783 0.113069 0.0994188 0.0868911 0.075479 0.0651615 0.0559044 0.0476625 0.0403818 0.0340016 0.0284567 0.0236795 0.0196023 0.0161586 0.0132851 0.0109231 0.00901938 0.0075276 0.00640877 0.00563203 0.00517502 
0.00555075 0.00571621 0.00621746 0.0070691 0.00829522 0.00992906 0.0120125 0.0145953 0.0177344 0.0214925 0.0259372 0.0311387 0.037169 0.0440989 0.0519965 0.0609246 0.0709384 0.0820832 0.0943921 0.107884 0.122561 0.138408 0.155392 0.17346 0.192538 0.212537 0.233348 0.254845 0.27689 0.299332 0.322012 0.344765 0.367423 0.389819 0.411786 0.433167 0.453809 0.473571 0.492324 0.509949 0.526341 0.541408 0.55507 0.567261 0.577925 0.587017 0.594499 0.600346 0.604536 0.607055 0.607896 0.607055 0.604536 0.600346 0.594499 0.587017 0.577925 0.567261 0.55507 0.541408 0.526341 0.509949 0.492324 0.473571 0.453809 0.433167 0.411786 0.389819 0.367423 0.344765 0.322012 0.299332 0.27689 0.254845 0.233348 0.212537 0.192538 0.17346 0.155392 0.138408 0.122561 0.107884 0.0943921 0.0820832 0.0709384 0.0609246 0.0519965 0.0440989 0.037169 0.0311387 0.0259372 0.0214925 0.0177344 0.0145953 0.0120125 0.00992906 0.00829522 0.0070691 0.00621746 0.00571621 
0.00609912 0.00627968 0.00682658 0.00775549 0.00909223 0.0108724 0.0131407 0.0159505 0.0193623 0.0234428 0.0282635 0.033899 0.0404244 0.0479142 0.0564388 0.0660631 0.076843 0.0888235 0.102036 0.116497 0.132204 0.149136 0.167254 0.186495 0.206779 0.228004 0.25005 0.272783 0.296052 0.319696 0.343544 0.367423 0.391156 0.414568 0.437487 0.45975 0.481202 0.501701 0.521116 0.53933 0.55624 0.571757 0.585806 0.598324 0.609259 0.618571 0.626227 0.632205 0.636486 0.639059 0.639917 0.639059 0.636486 0.632205 0.626227 0.618571 0.609259 0.598324 0.585806 0.571757 0.55624 0.53933 0.521116 0.501701 0.481202 0.45975 0.437487 0.414568 0.391156 0.367423 0.343544 0.319696 0.296052 0.272783 0.25005 0.228004 0.206779 0.186495 0.167254 0.149136 0.132204 0.116497 0.102036 0.0888235 0.076843 0.0660631 0.0564388 0.0479142 0.0404244 0.033899 0.0282635 0.0234428 0.0193623 0.0159505 0.0131407 0.0108724 0.00909223 0.00775549 0.00682658 0.00627968 
0.00666551 0.00686153 0.00745517 0.00846315 0.00991301 0.0118427 0.0142999 0.0173411 0.0210306 0.0254391 0.0306419 0.0367173 0.0437441 0.0517997 0.060957 0.0712821 0.0828316 0.0956498 0.109766 0.125193 0.141925 0.159934 0.179173 0.199572 0.221039 0.243464 0.266717 0.29065 0.315102 0.339901 0.364868 0.389819 0.414568 0.438934 0.46274 0.485819 0.508014 0.529181 0.549191 0.567928 0.585293 0.6012 0.615579 0.628372 0.639532 0.649024 0.656821 0.662903 0.667256 0.669871 0.670743 0.669871 0.667256 0.662903 0.656821 0.649024 0.639532 0.628372 0.615579 0.6012 0.585293 0.567928 0.549191 0.529181 0.508014 0.485819 0.46274 0.438934 0.414568 0.389819 0.364868 0.339901 0.315102 0.29065 0.266717 0.243464 0.221039 0.199572 0.179173 0.159934 0.141925 0.125193 0.109766 0.0956498 0.0828316 0.0712821 0.060957 0.0517997 0.0437441 0.0367173 0.0306419 0.0254391 0.0210306 0.0173411 0.0142999 0.0118427 0.00991301 0.00846315 0.00745517 0.00686153 
0.00724554 0.00745725 0.00809835 0.00918657 0.0107512 0.0128324 0.0154808 0.0187562 0.0227263 0.0274657 0.0330535 0.0395716 0.047102 0.055725 0.0655154 0.0765407 0.0888574 0.102509 0.117522 0.133906 0.151649 0.170718 0.191057 0.212588 0.235211 0.258802 0.283221 0.30831 0.333896 0.359798 0.385826 0.411786 0.437487 0.46274 0.487364 0.511189 0.534056 0.555821 0.576356 0.595549 0.613304 0.62954 0.644193 0.657209 0.668548 0.678181 0.686085 0.692245 0.696651 0.699297 0.700179 0.699297 0.696651 0.692245 0.686085 0.678181 0.668548 0.657209 0.644193 0.62954 0.613304 0.595549 0.576356 0.555821 0.534056 0.511189 0.487364 0.46274 0.437487 0.411786 0.385826 0.359798 0.333896 0.30831 0.283221 0.258802 0.235211 0.212588 0.191057 0.170718 0.151649 0.133906 0.117522 0.102509 0.0888574 0.0765407 0.0655154 0.055725 0.047102 0.0395716 0.0330535 0.0274657 0.0227263 0.0187562 0.0154808 0.0128324 0.0107512 0.00918657 0.00809835 0.00745725 
0.00783426 0.00806178 0.00875064 0.00991962 0.0115996 0.0138332 0.0166736 0.0201838 0.0244352 0.0295057 0.0354782 0.042438 0.0504702 0.0596574 0.0700764 0.0817953 0.0948707 0.109344 0.12524 0.142564 0.161298 0.181402 0.202813 0.225443 0.249182 0.273896 0.299435 0.325628 0.352294 0.379238 0.406263 0.433167 0.45975 0.485819 0.511189 0.535686 0.559152 0.581444 0.602435 0.622016 0.640098 0.656603 0.671474 0.684663 0.696137 0.705872 0.713851 0.720064 0.724505 0.727171 0.728059 0.727171 0.724505 0.720064 0.713851 0.705872 0.696137 0.684663 0.671474 0.656603 0.640098 0.622016 0.602435 0.581444 0.559152 0.535686 0.511189 0.485819 0.45975 0.433167 0.406263 0.379238 0.352294 0.325628 0.299435 0.273896 0.249182 0.225443 0.202813 0.181402 0.161298 0.142564 0.12524 0.109344 0.0948707 0.0817953 0.0700764 0.0596574 0.0504702 0.042438 0.0354782 0.0295057 0.0244352 0.0201838 0.0166736 0.0138332 0.0115996 0.00991962 0.00875064 0.00806178 
0.00842626 0.00866955 0.00940607 0.0106556 0.0124506 0.0148359 0.0178674 0.0216111 0.0261418 0.0315408 0.0378944 0.0452911 0.0538189 0.0635625 0.0746002 0.0870008 0.10082 0.116098 0.132856 0.151094 0.170791 0.191898 0.214344 0.238032 0.262842 0.288631 0.315235 0.342474 0.370157 0.398079 0.426032 0.453809 0.481202 0.508014 0.534056 0.559152 0.583145 0.605892 0.62727 0.647175 0.665521 0.682238 0.697274 0.710588 0.722155 0.731956 0.73998 0.746223 0.750681 0.753356 0.754248 0.753356 0.750681 0.746223 0.73998 0.731956 0.722155 0.710588 0.697274 0.682238 0.665521 0.647175 0.62727 0.605892 0.583145 0.559152 0.534056 0.508014 0.481202 0.453809 0.426032 0.398079 0.370157 0.342474 0.315235 0.288631 0.262842 0.238032 0.214344 0.191898 0.170791 0.151094 0.132856 0.116098 0.10082 0.0870008 0.0746002 0.0635625 0.0538189 0.0452911 0.0378944 0.0315408 0.0261418 0.0216111 0.0178674 0.0148359 0.0124506 0.0106556 0.00940607 0.00866955 
0.00901571 0.00927459 0.0100582 0.0113873 0.0132959 0.0158309 0.0190507 0.0230245 0.0278299 0.0335518 0.0402795 0.0481045 0.0571173 0.0674047 0.079046 0.0921103 0.106653 0.122711 0.140303 0.159425 0.180048 0.202118 0.225556 0.250254 0.276083 0.302889 0.330498 0.358721 0.387354 0.416184 0.444995 0.473571 0.501701 0.529181 0.555821 0.581444 0.605892 0.629025 0.650725 0.670891 0.689442 0.706317 0.721469 0.734865 0.746485 0.756319 0.764361 0.770611 0.775073 0.777748 0.77864 0.777748 0.775073 0.770611 0.764361 0.756319 0.746485 0.734865 0.721469 0.706317 0.689442 0.670891 0.650725 0.629025 0.605892 0.581444 0.555821 0.529181 0.501701 0.473571 0.444995 0.416184 0.387354 0.358721 0.330498 0.302889 0.276083 0.250254 0.225556 0.202118 0.180048 0.159425 0.140303 0.122711 0.106653 0.0921103 0.079046 0.0674047 0.0571173 0.0481045 0.0402795 0.0335518 0.0278299 0.0230245 0.0190507 0.0158309 0.0132959 0.0113873 0.0100582 0.00927459 
0.00959646 0.00987059 0.0107003 0.0121071 0.0141268 0.016808 0.0202117 0.0244098 0.029483 0.0355191 0.0426104 0.0508511 0.0603341 0.0711477 0.0833724 0.0970769 0.112315 0.129123 0.147515 0.167482 0.18899 0.211977 0.236355 0.262009 0.288799 0.31656 0.34511 0.374248 0.40376 0.433426 0.463022 0.492324 0.521116 0.549191 0.576356 0.602435 0.62727 0.650725 0.672684 0.693052 0.711756 0.728739 0.743962 0.7574 0.769039 0.778876 0.786912 0.793151 0.797602 0.800269 0.801158 0.800269 0.797602 0.793151 0.786912 0.778876 0.769039 0.7574 0.743962 0.728739 0.711756 0.693052 0.672684 0.650725 0.62727 0.602435 0.576356 0.549191 0.521116 0.492324 0.463022 0.433426 0.40376 0.374248 0.34511 0.31656 0.288799 0.262009 0.236355 0.211977 0.18899 0.167482 0.147515 0.129123 0.112315 0.0970769 0.0833724 0.0711477 0.0603341 0.0508511 0.0426104 0.0355191 0.029483 0.0244098 0.0202117 0.016808 0.0141268 0.0121071 0.0107003 0.00987059 
0.0101621 0.010451 0.0113253 0.0128074 0.0149343 0.0177569 0.0213382 0.0257527 0.0310839 0.0374225 0.0448635 0.0535035 0.0634375 0.0747553 0.0875377 0.101854 0.117755 0.135277 0.154428 0.175196 0.197539 0.221391 0.246653 0.273202 0.300889 0.329539 0.35896 0.388941 0.419261 0.449689 0.479995 0.509949 0.53933 0.567928 0.595549 0.622016 0.647175 0.670891 0.693052 0.713571 0.732379 0.749426 0.76468 0.778125 0.789754 0.799569 0.807578 0.813791 0.818219 0.820872 0.821755 0.820872 0.818219 0.813791 0.807578 0.799569 0.789754 0.778125 0.76468 0.749426 0.732379 0.713571 0.693052 0.670891 0.647175 0.622016 0.595549 0.567928 0.53933 0.509949 0.479995 0.449689 0.419261 0.388941 0.35896 0.329539 0.300889 0.273202 0.246653 0.221391 0.197539 0.175196 0.154428 0.135277 0.117755 0.101854 0.0875377 0.0747553 0.0634375 0.0535035 0.0448635 0.0374225 0.0310839 0.0257527 0.0213382 0.0177569 0.0149343 0.0128074 0.0113253 0.010451 
