0.000340113 0.000347394 0.000369396 0.00040659 0.000459759 0.000529989 0.00061866 0.000727429 0.000858218 0.00101319 0.00119471 0.00140534 0.00164776 0.00192477 0.00223919 0.00259386 0.00299152 0.00343476 0.00392599 0.0044673 0.00506042 0.00570664 0.00640673 0.00716086 0.00796857 0.00882863 0.00973911 0.0106972 0.0116993 0.0127411 0.0138172 0.0149215 0.0160472 0.0171868 0.0183321 0.0194742 0.0206041 0.0217122 0.0227888 0.0238241 0.0248084 0.0257323 0.0265866 0.0273628 0.0280529 0.0286497 0.0291469 0.0295393 0.0298227 0.029994 0.0300512 0.029994 0.0298227 0.0295393 0.0291469 0.0286497 0.0280529 0.0273628 0.0265866 0.0257323 0.0248084 0.0238241 0.0227888 0.0217122 0.0206041 0.0194742 0.0183321 0.0171868 0.0160472 0.0149215 0.0138172 0.0127411 0.0116993 0.0106972 0.00973911 0.00882863 0.00796857 0.00716086 0.00640673 0.00570664 0.00506042 0.0044673 0.00392599 0.00343476 0.00299152 0.00259386 0.00223919 0.00192477 0.00164776 0.00140534 0.00119471 0.00101319 0.000858218 0.000727429 0.00061866 0.000529989 0.000459759 0.00040659 0.000369396 0.000347394 
0.000347394 0.00035482 0.000377259 0.00041519 0.000469409 0.000541021 0.000631426 0.000742312 0.000875629 0.00103357 0.00121855 0.00143316 0.00168013 0.00196229 0.00228251 0.00264365 0.00304851 0.00349971 0.00399967 0.00455051 0.00515398 0.00581137 0.00652345 0.00729039 0.00811168 0.00898609 0.0099116 0.0108854 0.0119038 0.0129623 0.0140555 0.0151774 0.0163208 0.0174781 0.0186411 0.0198008 0.0209479 0.0220728 0.0231656 0.0242164 0.0252153 0.0261529 0.0270198 0.0278074 0.0285076 0.0291131 0.0296175 0.0300156 0.0303031 0.0304768 0.0305349 0.0304768 0.0303031 0.0300156 0.0296175 0.0291131 0.0285076 0.0278074 0.0270198 0.0261529 0.0252153 0.0242164 0.0231656 0.0220728 0.0209479 0.0198008 0.0186411 0.0174781 0.0163208 0.0151774 0.0140555 0.0129623 0.0119038 0.0108854 0.0099116 0.00898609 0.00811168 0.00729039 0.00652345 0.00581137 0.00515398 0.00455051 0.00399967 0.00349971 0.00304851 0.00264365 0.00228251 0.00196229 0.00168013 0.00143316 0.00121855 0.00103357 0.000875629 0.000742312 0.000631426 0.000541021 0.000469409 0.00041519 0.000377259 0.00035482 
0.000369396 0.000377259 0.000401016 0.000441171 0.00049856 0.00057434 0.000669982 0.000787254 0.000928199 0.00109512 0.00129053 0.00151714 0.00177782 0.0020755 0.0024132 0.00279387 0.00322042 0.00369559 0.00422186 0.00480143 0.00543608 0.00612713 0.00687534 0.00768083 0.00854303 0.0094606 0.0104314 0.0114524 0.0125198 0.0136287 0.0147736 0.015948 0.0171446 0.0183554 0.0195716 0.020784 0.0219829 0.0231583 0.0242998 0.0253972 0.0264402 0.0274189 0.0283236 0.0291454 0.0298759 0.0305076 0.0310338 0.031449 0.0317488 0.03193 0.0319906 0.03193 0.0317488 0.031449 0.0310338 0.0305076 0.0298759 0.0291454 0.0283236 0.0274189 0.0264402 0.0253972 0.0242998 0.0231583 0.0219829 0.020784 0.0195716 0.0183554 0.0171446 0.015948 0.0147736 0.0136287 0.0125198 0.0114524 0.0104314 0.0094606 0.00854303 0.00768083 0.00687534 0.00612713 0.00543608 0.00480143 0.00422186 0.00369559 0.00322042 0.00279387 0.0024132 0.0020755 0.00177782 0.00151714 0.00129053 0.00109512 0.000928199 0.000787254 0.000669982 0.00057434 0.00049856 0.000441171 0.000401016 0.000377259 
0.00040659 0.00041519 0.000441171 0.000485079 0.000547813 0.000630623 0.000735093 0.000863129 0.00101693 0.00119897 0.00141196 0.0016588 0.00194255 0.00226638 0.00263348 0.00304702 0.00351008 0.00402554 0.00459606 0.00522392 0.00591098 0.00665858 0.00746747 0.00833771 0.00926859 0.0102586 0.0113054 0.0124056 0.0135551 0.0147486 0.0159802 0.0172427 0.0185284 0.0198286 0.021134 0.0224348 0.0237204 0.0249802 0.0262032 0.0273786 0.0284953 0.0295427 0.0305108 0.0313899 0.0321711 0.0328465 0.033409 0.0338528 0.0341732 0.0343668 0.0344316 0.0343668 0.0341732 0.0338528 0.033409 0.0328465 0.0321711 0.0313899 0.0305108 0.0295427 0.0284953 0.0273786 0.0262032 0.0249802 0.0237204 0.0224348 0.021134 0.0198286 0.0185284 0.0172427 0.0159802 0.0147486 0.0135551 0.0124056 0.0113054 0.0102586 0.00926859 0.00833771 0.00746747 0.00665858 0.00591098 0.00522392 0.00459606 0.00402554 0.00351008 0.00304702 0.00263348 0.00226638 0.00194255 0.0016588 0.00141196 0.00119897 0.00101693 0.000863129 0.000735093 0.000630623 0.000547813 0.000485079 0.000441171 0.00041519 
0.000459759 0.000469409 0.00049856 0.000547813 0.000618161 0.000710983 0.000828025 0.000971385 0.00114349 0.00134704 0.00158503 0.00186063 0.00217719 0.00253816 0.00294703 0.00340723 0.0039221 0.00449475 0.00512802 0.00582434 0.00658567 0.00741339 0.00830821 0.00927009 0.0102982 0.0113907 0.0125449 0.0137571 0.0150226 0.0163356 0.0176894 0.0190763 0.0204877 0.0219141 0.0233453 0.0247705 0.0261784 0.0275572 0.0288951 0.0301801 0.0314005 0.0325448 0.033602 0.0345616 0.0354142 0.036151 0.0367646 0.0372487 0.0375981 0.0378092 0.0378798 0.0378092 0.0375981 0.0372487 0.0367646 0.036151 0.0354142 0.0345616 0.033602 0.0325448 0.0314005 0.0301801 0.0288951 0.0275572 0.0261784 0.0247705 0.0233453 0.0219141 0.0204877 0.0190763 0.0176894 0.0163356 0.0150226 0.0137571 0.0125449 0.0113907 0.0102982 0.00927009 0.00830821 0.00741339 0.00658567 0.00582434 0.00512802 0.00449475 0.0039221 0.00340723 0.00294703 0.00253816 0.00217719 0.00186063 0.00158503 0.00134704 0.00114349 0.000971385 0.000828025 0.000710983 0.000618161 0.000547813 0.00049856 0.000469409 
0.000529989 0.000541021 0.00057434 0.000630623 0.000710983 0.000816966 0.000950531 0.00111402 0.00131016 0.00154196 0.00181276 0.00212608 0.00248566 0.00289532 0.0033589 0.0038802 0.00446288 0.00511033 0.00582565 0.00661143 0.00746977 0.00840207 0.009409 0.0104904 0.0116452 0.0128712 0.0141653 0.0155232 0.0169396 0.018408 0.0199208 0.0214693 0.023044 0.0246342 0.0262286 0.0278152 0.0293815 0.0309145 0.0324011 0.0338283 0.035183 0.0364526 0.037625 0.0386889 0.0396337 0.0404501 0.0411298 0.0416658 0.0420527 0.0422864 0.0423646 0.0422864 0.0420527 0.0416658 0.0411298 0.0404501 0.0396337 0.0386889 0.037625 0.0364526 0.035183 0.0338283 0.0324011 0.0309145 0.0293815 0.0278152 0.0262286 0.0246342 0.023044 0.0214693 0.0199208 0.018408 0.0169396 0.0155232 0.0141653 0.0128712 0.0116452 0.0104904 0.009409 0.00840207 0.00746977 0.00661143 0.00582565 0.00511033 0.00446288 0.0038802 0.0033589 0.00289532 0.00248566 0.00212608 0.00181276 0.00154196 0.00131016 0.00111402 0.000950531 0.000816966 0.000710983 0.000630623 0.00057434 0.000541021 
0.00061866 0.000631426 0.000669982 0.000735093 0.000828025 0.000950531 0.00110483 0.00129358 0.00151985 0.00178706 0.00209895 0.00245951 0.00287293 0.00334347 0.00387544 0.00447308 0.00514041 0.00588121 0.00669883 0.00759611 0.00857527 0.00963775 0.0107842 0.0120141 0.0133263 0.0147181 0.0161858 0.0177245 0.019328 0.0209888 0.0226984 0.0244469 0.0262234 0.0280161 0.0298121 0.031598 0.0333598 0.0350831 0.0367532 0.0383555 0.0398757 0.0412996 0.042614 0.0438061 0.0448646 0.0457788 0.0465397 0.0471397 0.0475727 0.0478343 0.0479217 0.0478343 0.0475727 0.0471397 0.0465397 0.0457788 0.0448646 0.0438061 0.042614 0.0412996 0.0398757 0.0383555 0.0367532 0.0350831 0.0333598 0.031598 0.0298121 0.0280161 0.0262234 0.0244469 0.0226984 0.0209888 0.019328 0.0177245 0.0161858 0.0147181 0.0133263 0.0120141 0.0107842 0.00963775 0.00857527 0.00759611 0.00669883 0.00588121 0.00514041 0.00447308 0.00387544 0.00334347 0.00287293 0.00245951 0.00209895 0.00178706 0.00151985 0.00129358 0.00110483 0.000950531 0.000828025 0.000735093 0.000669982 0.000631426 
0.000727429 0.000742312 0.000787254 0.000863129 0.000971385 0.00111402 0.00129358 0.00151309 0.00177603 0.0020863 0.00244816 0.00286611 0.00334489 0.00388931 0.00450422 0.00519435 0.0059642 0.00681795 0.00775929 0.0087913 0.00991635 0.0111359 0.0124505 0.0138595 0.0153612 0.0169525 0.0186289 0.0203848 0.0222129 0.0241047 0.0260502 0.0280383 0.0300566 0.0320915 0.0341287 0.0361529 0.0381483 0.0400988 0.0419878 0.0437991 0.0455165 0.0471244 0.0486078 0.0499528 0.0511465 0.0521771 0.0530348 0.0537109 0.0541987 0.0544934 0.0545919 0.0544934 0.0541987 0.0537109 0.0530348 0.0521771 0.0511465 0.0499528 0.0486078 0.0471244 0.0455165 0.0437991 0.0419878 0.0400988 0.0381483 0.0361529 0.0341287 0.0320915 0.0300566 0.0280383 0.0260502 0.0241047 0.0222129 0.0203848 0.0186289 0.0169525 0.0153612 0.0138595 0.0124505 0.0111359 0.00991635 0.0087913 0.00775929 0.00681795 0.0059642 0.00519435 0.00450422 0.00388931 0.00334489 0.00286611 0.00244816 0.0020863 0.00177603 0.00151309 0.00129358 0.00111402 0.000971385 0.000863129 0.000787254 0.000742312 
0.000858218 0.000875629 0.000928199 0.00101693 0.00114349 0.00131016 0.00151985 0.00177603 0.00208268 0.00244425 0.00286558 0.00335181 0.00390829 0.00454049 0.00525384 0.00605368 0.00694504 0.00793256 0.0090203 0.0102116 0.011509 0.012914 0.014427 0.016047 0.0177719 0.0195979 0.0215198 0.0235308 0.0256226 0.0277852 0.0300073 0.0322761 0.0345773 0.0368956 0.0392146 0.0415171 0.0437852 0.0460006 0.0481449 0.0501996 0.0521468 0.0539688 0.055649 0.0571717 0.0585225 0.0596886 0.0606586 0.0614231 0.0619746 0.0623077 0.0624191 0.0623077 0.0619746 0.0614231 0.0606586 0.0596886 0.0585225 0.0571717 0.055649 0.0539688 0.0521468 0.0501996 0.0481449 0.0460006 0.0437852 0.0415171 0.0392146 0.0368956 0.0345773 0.0322761 0.0300073 0.0277852 0.0256226 0.0235308 0.0215198 0.0195979 0.0177719 0.016047 0.014427 0.012914 0.011509 0.0102116 0.0090203 0.00793256 0.00694504 0.00605368 0.00525384 0.00454049 0.00390829 0.00335181 0.00286558 0.00244425 0.00208268 0.00177603 0.00151985 0.00131016 0.00114349 0.00101693 0.000928199 0.000875629 
0.00101319 0.00103357 0.00109512 0.00119897 0.00134704 0.00154196 0.00178706 0.0020863 0.00244425 0.00286599 0.00335703 0.00392322 0.00457063 0.00530545 0.00613383 0.00706175 0.00809484 0.00923825 0.0104965 0.0118731 0.0133709 0.0149912 0.0167343 0.018599 0.0205823 0.0226799 0.0248855 0.0271912 0.0295873 0.0320623 0.0346031 0.0371949 0.0398215 0.0424655 0.0451081 0.0477299 0.0503107 0.0528298 0.0552663 0.0575997 0.0598096 0.0618764 0.0637814 0.0655071 0.0670374 0.0683579 0.0694561 0.0703215 0.0709456 0.0713226 0.0714486 0.0713226 0.0709456 0.0703215 0.0694561 0.0683579 0.0670374 0.0655071 0.0637814 0.0618764 0.0598096 0.0575997 0.0552663 0.0528298 0.0503107 0.0477299 0.0451081 0.0424655 0.0398215 0.0371949 0.0346031 0.0320623 0.0295873 0.0271912 0.0248855 0.0226799 0.0205823 0.018599 0.0167343 0.0149912 0.0133709 0.0118731 0.0104965 0.00923825 0.00809484 0.00706175 0.00613383 0.00530545 0.00457063 0.00392322 0.00335703 0.00286599 0.00244425 0.0020863 0.00178706 0.00154196 0.00134704 0.00119897 0.00109512 0.00103357 
0.00119471 0.00121855 0.00129053 0.00141196 0.00158503 0.00181276 0.00209895 0.00244816 0.00286558 0.00335703 0.00392877 0.00458746 0.00533998 0.00619333 0.00715443 0.00823 0.00942633 0.0107491 0.0122033 0.0137928 0.0155205 0.0173877 0.0193944 0.0215389 0.0238176 0.0262253 0.0287546 0.0313962 0.0341387 0.036969 0.0398719 0.0428305 0.0458262 0.0488393 0.0518484 0.0548315 0.0577658 0.0606279 0.0633944 0.0660421 0.0685482 0.0708908 0.0730489 0.0750031 0.0767353 0.0782296 0.0794719 0.0804506 0.0811564 0.0815826 0.0817251 0.0815826 0.0811564 0.0804506 0.0794719 0.0782296 0.0767353 0.0750031 0.0730489 0.0708908 0.0685482 0.0660421 0.0633944 0.0606279 0.0577658 0.0548315 0.0518484 0.0488393 0.0458262 0.0428305 0.0398719 0.036969 0.0341387 0.0313962 0.0287546 0.0262253 0.0238176 0.0215389 0.0193944 0.0173877 0.0155205 0.0137928 0.0122033 0.0107491 0.00942633 0.00823 0.00715443 0.00619333 0.00533998 0.00458746 0.00392877 0.00335703 0.00286558 0.00244816 0.00209895 0.00181276 0.00158503 0.00141196 0.00129053 0.00121855 
0.00140534 0.00143316 0.00151714 0.0016588 0.00186063 0.00212608 0.00245951 0.00286611 0.00335181 0.00392322 0.00458746 0.00535207 0.00622486 0.00721371 0.0083264 0.00957044 0.0109529 0.0124799 0.0141571 0.0159885 0.0179771 0.0201242 0.0224296 0.0248908 0.0275036 0.0302615 0.0331559 0.036176 0.0393086 0.0425384 0.0458482 0.0492184 0.0526281 0.0560547 0.059474 0.0628611 0.0661903 0.0694353 0.0725698 0.0755678 0.0784039 0.0810535 0.0834932 0.0857013 0.0876579 0.0893452 0.0907476 0.0918521 0.0926485 0.0931293 0.0932901 0.0931293 0.0926485 0.0918521 0.0907476 0.0893452 0.0876579 0.0857013 0.0834932 0.0810535 0.0784039 0.0755678 0.0725698 0.0694353 0.0661903 0.0628611 0.059474 0.0560547 0.0526281 0.0492184 0.0458482 0.0425384 0.0393086 0.036176 0.0331559 0.0302615 0.0275036 0.0248908 0.0224296 0.0201242 0.0179771 0.0159885 0.0141571 0.0124799 0.0109529 0.00957044 0.0083264 0.00721371 0.00622486 0.00535207 0.00458746 0.00392322 0.00335181 0.00286611 0.00245951 0.00212608 0.00186063 0.0016588 0.00151714 0.00143316 
0.00164776 0.00168013 0.00177782 0.00194255 0.00217719 0.00248566 0.00287293 0.00334489 0.00390829 0.00457063 0.00533998 0.00622486 0.00723407 0.00837646 0.00966076 0.0110953 0.012688 0.0144456 0.0163741 0.0184779 0.0207601 0.0232219 0.0258624 0.0286787 0.0316656 0.0348153 0.0381178 0.0415604 0.0451279 0.0488028 0.0525651 0.0563929 0.0602622 0.0641473 0.0680211 0.0718554 0.0756213 0.0792893 0.0828301 0.0862146 0.0894143 0.0924019 0.0951516 0.0976391 0.0998424 0.101742 0.10332 0.104563 0.105458 0.105999 0.10618 0.105999 0.105458 0.104563 0.10332 0.101742 0.0998424 0.0976391 0.0951516 0.0924019 0.0894143 0.0862146 0.0828301 0.0792893 0.0756213 0.0718554 0.0680211 0.0641473 0.0602622 0.0563929 0.0525651 0.0488028 0.0451279 0.0415604 0.0381178 0.0348153 0.0316656 0.0286787 0.0258624 0.0232219 0.0207601 0.0184779 0.0163741 0.0144456 0.012688 0.0110953 0.00966076 0.00837646 0.00723407 0.00622486 0.00533998 0.00457063 0.00390829 0.00334489 0.00287293 0.00248566 0.00217719 0.00194255 0.00177782 0.00168013 
0.00192477 0.00196229 0.0020755 0.00226638 0.00253816 0.00289532 0.00334347 0.00388931 0.00454049 0.00530545 0.00619333 0.00721371 0.00837646 0.00969151 0.0111686 0.012817 0.0146453 0.016661 0.0188706 0.0212788 0.0238887 0.026701 0.0297147 0.0329259 0.0363282 0.0399127 0.0436673 0.0475775 0.0516258 0.055792 0.0600536 0.0643854 0.0687604 0.0731495 0.0775223 0.0818471 0.0860915 0.0902226 0.0942077 0.0980144 0.101611 0.104968 0.108055 0.110847 0.113319 0.115449 0.117219 0.118612 0.119616 0.120222 0.120424 0.120222 0.119616 0.118612 0.117219 0.115449 0.113319 0.110847 0.108055 0.104968 0.101611 0.0980144 0.0942077 0.0902226 0.0860915 0.0818471 0.0775223 0.0731495 0.0687604 0.0643854 0.0600536 0.055792 0.0516258 0.0475775 0.0436673 0.0399127 0.0363282 0.0329259 0.0297147 0.026701 0.0238887 0.0212788 0.0188706 0.016661 0.0146453 0.012817 0.0111686 0.00969151 0.00837646 0.00721371 0.00619333 0.00530545 0.00454049 0.00388931 0.00334347 0.00289532 0.00253816 0.00226638 0.0020755 0.00196229 
0.00223919 0.00228251 0.0024132 0.00263348 0.00294703 0.0033589 0.00387544 0.00450422 0.00525384 0.00613383 0.00715443 0.0083264 0.00966076 0.0111686 0.0128607 0.0147473 0.0168378 0.0191405 0.0216622 0.024408 0.0273807 0.030581 0.034007 0.037654 0.0415143 0.0455772 0.049829 0.0542527 0.0588283 0.0635328 0.0683405 0.0732232 0.0781501 0.0830887 0.0880048 0.0928632 0.0976275 0.102261 0.106728 0.110992 0.115019 0.118774 0.122227 0.125348 0.128109 0.130488 0.132464 0.134019 0.13514 0.135816 0.136042 0.135816 0.13514 0.134019 0.132464 0.130488 0.128109 0.125348 0.122227 0.118774 0.115019 0.110992 0.106728 0.102261 0.0976275 0.0928632 0.0880048 0.0830887 0.0781501 0.0732232 0.0683405 0.0635328 0.0588283 0.0542527 0.049829 0.0455772 0.0415143 0.037654 0.034007 0.030581 0.0273807 0.024408 0.0216622 0.0191405 0.0168378 0.0147473 0.0128607 0.0111686 0.00966076 0.0083264 0.00715443 0.00613383 0.00525384 0.00450422 0.00387544 0.0033589 0.00294703 0.00263348 0.0024132 0.00228251 
0.00259386 0.00264365 0.00279387 0.00304702 0.00340723 0.0038802 0.00447308 0.00519435 0.00605368 0.00706175 0.00823 0.00957044 0.0110953 0.012817 0.0147473 0.0168975 0.0192779 0.0218975 0.0247634 0.0278809 0.0312528 0.0348793 0.0387578 0.0428823 0.0472438 0.0518298 0.0566243 0.0616078 0.0667575 0.0720473 0.0774481 0.0829281 0.0884529 0.093986 0.0994893 0.104923 0.110248 0.115423 0.120408 0.125164 0.129652 0.133835 0.137679 0.141152 0.144224 0.146869 0.149065 0.150793 0.152038 0.15279 0.153041 0.15279 0.152038 0.150793 0.149065 0.146869 0.144224 0.141152 0.137679 0.133835 0.129652 0.125164 0.120408 0.115423 0.110248 0.104923 0.0994893 0.093986 0.0884529 0.0829281 0.0774481 0.0720473 0.0667575 0.0616078 0.0566243 0.0518298 0.0472438 0.0428823 0.0387578 0.0348793 0.0312528 0.0278809 0.0247634 0.0218975 0.0192779 0.0168975 0.0147473 0.012817 0.0110953 0.00957044 0.00823 0.00706175 0.00605368 0.00519435 0.00447308 0.0038802 0.00340723 0.00304702 0.00279387 0.00264365 
0.00299152 0.00304851 0.00322042 0.00351008 0.0039221 0.00446288 0.00514041 0.0059642 0.00694504 0.00809484 0.00942633 0.0109529 0.012688 0.0146453 0.0168378 0.0192779 0.0219767 0.0249438 0.0281869 0.0317112 0.0355194 0.0396111 0.0439827 0.0486272 0.0535336 0.0586874 0.0640702 0.0696598 0.0754302 0.0813519 0.0873923 0.0935155 0.0996832 0.105855 0.111988 0.118039 0.123963 0.129717 0.135255 0.140535 0.145514 0.150153 0.154413 0.15826 0.161661 0.164589 0.167019 0.16893 0.170307 0.171138 0.171416 0.171138 0.170307 0.16893 0.167019 0.164589 0.161661 0.15826 0.154413 0.150153 0.145514 0.140535 0.135255 0.129717 0.123963 0.118039 0.111988 0.105855 0.0996832 0.0935155 0.0873923 0.0813519 0.0754302 0.0696598 0.0640702 0.0586874 0.0535336 0.0486272 0.0439827 0.0396111 0.0355194 0.0317112 0.0281869 0.0249438 0.0219767 0.0192779 0.0168378 0.0146453 0.012688 0.0109529 0.00942633 0.00809484 0.00694504 0.0059642 0.00514041 0.00446288 0.0039221 0.00351008 0.00322042 0.00304851 
0.00343476 0.00349971 0.00369559 0.00402554 0.00449475 0.00511033 0.00588121 0.00681795 0.00793256 0.00923825 0.0107491 0.0124799 0.0144456 0.016661 0.0191405 0.0218975 0.0249438 0.0282899 0.0319436 0.0359103 0.0401923 0.0447885 0.0496943 0.054901 0.0603959 0.0661621 0.0721786 0.07842 0.0848571 0.0914565 0.0981818 0.104993 0.111847 0.118699 0.125503 0.13221 0.138772 0.145139 0.151263 0.157098 0.162596 0.167716 0.172415 0.176656 0.180404 0.18363 0.186306 0.18841 0.189926 0.19084 0.191146 0.19084 0.189926 0.18841 0.186306 0.18363 0.180404 0.176656 0.172415 0.167716 0.162596 0.157098 0.151263 0.145139 0.138772 0.13221 0.125503 0.118699 0.111847 0.104993 0.0981818 0.0914565 0.0848571 0.07842 0.0721786 0.0661621 0.0603959 0.054901 0.0496943 0.0447885 0.0401923 0.0359103 0.0319436 0.0282899 0.0249438 0.0218975 0.0191405 0.016661 0.0144456 0.0124799 0.0107491 0.00923825 0.00793256 0.00681795 0.00588121 0.00511033 0.00449475 0.00402554 0.00369559 0.00349971 
0.00392599 0.00399967 0.00422186 0.00459606 0.00512802 0.00582565 0.00669883 0.00775929 0.0090203 0.0104965 0.0122033 0.0141571 0.0163741 0.0188706 0.0216622 0.0247634 0.0281869 0.0319436 0.0360417 0.0404866 0.0452799 0.05042 0.0559007 0.0617117 0.0678383 0.0742609 0.0809554 0.0878934 0.0950416 0.102363 0.109817 0.117359 0.124941 0.132514 0.140027 0.147427 0.15466 0.161674 0.168415 0.174832 0.180876 0.186499 0.191658 0.196312 0.200423 0.203959 0.206892 0.209198 0.210858 0.211859 0.212194 0.211859 0.210858 0.209198 0.206892 0.203959 0.200423 0.196312 0.191658 0.186499 0.180876 0.174832 0.168415 0.161674 0.15466 0.147427 0.140027 0.132514 0.124941 0.117359 0.109817 0.102363 0.0950416 0.0878934 0.0809554 0.0742609 0.0678383 0.0617117 0.0559007 0.05042 0.0452799 0.0404866 0.0360417 0.0319436 0.0281869 0.0247634 0.0216622 0.0188706 0.0163741 0.0141571 0.0122033 0.0104965 0.0090203 0.00775929 0.00669883 0.00582565 0.00512802 0.00459606 0.00422186 0.00399967 
0.0044673 0.00455051 0.00480143 0.00522392 0.00582434 0.00661143 0.00759611 0.0087913 0.0102116 0.0118731 0.0137928 0.0159885 0.0184779 0.0212788 0.024408 0.0278809 0.0317112 0.0359103 0.0404866 0.0454451 0.0507871 0.0565098 0.0626056 0.0690622 0.0758625 0.0829841 0.0903998 0.0980773 0.10598 0.114065 0.122289 0.130602 0.138951 0.147283 0.155541 0.163667 0.171604 0.179294 0.186678 0.193704 0.200315 0.206463 0.2121 0.217182 0.22167 0.225528 0.228726 0.231241 0.233051 0.234142 0.234507 0.234142 0.233051 0.231241 0.228726 0.225528 0.22167 0.217182 0.2121 0.206463 0.200315 0.193704 0.186678 0.179294 0.171604 0.163667 0.155541 0.147283 0.138951 0.130602 0.122289 0.114065 0.10598 0.0980773 0.0903998 0.0829841 0.0758625 0.0690622 0.0626056 0.0565098 0.0507871 0.0454451 0.0404866 0.0359103 0.0317112 0.0278809 0.024408 0.0212788 0.0184779 0.0159885 0.0137928 0.0118731 0.0102116 0.0087913 0.00759611 0.00661143 0.00582434 0.00522392 0.00480143 0.00455051 
0.00506042 0.00515398 0.00543608 0.00591098 0.00658567 0.00746977 0.00857527 0.00991635 0.011509 0.0133709 0.0155205 0.0179771 0.0207601 0.0238887 0.0273807 0.0312528 0.0355194 0.0401923 0.0452799 0.0507871 0.0567144 0.0630575 0.0698074 0.0769495 0.0844641 0.0923256 0.100503 0.108961 0.117658 0.126547 0.13558 0.144701 0.153853 0.162978 0.172013 0.180896 0.189564 0.197956 0.206008 0.213663 0.220862 0.227552 0.233682 0.239205 0.24408 0.24827 0.251742 0.25447 0.256434 0.257618 0.258014 0.257618 0.256434 0.25447 0.251742 0.24827 0.24408 0.239205 0.233682 0.227552 0.220862 0.213663 0.206008 0.197956 0.189564 0.180896 0.172013 0.162978 0.153853 0.144701 0.13558 0.126547 0.117658 0.108961 0.100503 0.0923256 0.0844641 0.0769495 0.0698074 0.0630575 0.0567144 0.0507871 0.0452799 0.0401923 0.0355194 0.0312528 0.0273807 0.0238887 0.0207601 0.0179771 0.0155205 0.0133709 0.011509 0.00991635 0.00857527 0.00746977 0.00658567 0.00591098 0.00543608 0.00515398 
0.00570664 0.00581137 0.00612713 0.00665858 0.00741339 0.00840207 0.00963775 0.0111359 0.012914 0.0149912 0.0173877 0.0201242 0.0232219 0.026701 0.030581 0.0348793 0.0396111 0.0447885 0.05042 0.0565098 0.0630575 0.0700576 0.0774989 0.0853645 0.0936318 0.102272 0.11125 0.120526 0.130055 0.139784 0.14966 0.159623 0.16961 0.179558 0.189398 0.199064 0.208489 0.217604 0.226344 0.234646 0.242448 0.249693 0.256328 0.262303 0.267574 0.272102 0.275853 0.2788 0.28092 0.282199 0.282626 0.282199 0.28092 0.2788 0.275853 0.272102 0.267574 0.262303 0.256328 0.249693 0.242448 0.234646 0.226344 0.217604 0.208489 0.199064 0.189398 0.179558 0.16961 0.159623 0.14966 0.139784 0.130055 0.120526 0.11125 0.102272 0.0936318 0.0853645 0.0774989 0.0700576 0.0630575 0.0565098 0.05042 0.0447885 0.0396111 0.0348793 0.030581 0.026701 0.0232219 0.0201242 0.0173877 0.0149912 0.012914 0.0111359 0.00963775 0.00840207 0.00741339 0.00665858 0.00612713 0.00581137 
0.00640673 0.00652345 0.00687534 0.00746747 0.00830821 0.009409 0.0107842 0.0124505 0.014427 0.0167343 0.0193944 0.0224296 0.0258624 0.0297147 0.034007 0.0387578 0.0439827 0.0496943 0.0559007 0.0626056 0.0698074 0.0774989 0.0856668 0.0942916 0.103347 0.112802 0.122616 0.132745 0.143138 0.15374 0.164491 0.175325 0.186175 0.19697 0.20764 0.218111 0.228311 0.238167 0.24761 0.256572 0.264989 0.2728 0.279948 0.286382 0.292054 0.296925 0.300958 0.304126 0.306405 0.307779 0.308238 0.307779 0.306405 0.304126 0.300958 0.296925 0.292054 0.286382 0.279948 0.2728 0.264989 0.256572 0.24761 0.238167 0.228311 0.218111 0.20764 0.19697 0.186175 0.175325 0.164491 0.15374 0.143138 0.132745 0.122616 0.112802 0.103347 0.0942916 0.0856668 0.0774989 0.0698074 0.0626056 0.0559007 0.0496943 0.0439827 0.0387578 0.034007 0.0297147 0.0258624 0.0224296 0.0193944 0.0167343 0.014427 0.0124505 0.0107842 0.009409 0.00830821 0.00746747 0.00687534 0.00652345 
0.00716086 0.00729039 0.00768083 0.00833771 0.00927009 0.0104904 0.0120141 0.0138595 0.016047 0.018599 0.0215389 0.0248908 0.0286787 0.0329259 0.037654 0.0428823 0.0486272 0.054901 0.0617117 0.0690622 0.0769495 0.0853645 0.0942916 0.103708 0.113585 0.123886 0.134567 0.145579 0.156867 0.16837 0.180021 0.191751 0.203487 0.215152 0.226669 0.237962 0.248951 0.259561 0.269718 0.27935 0.288389 0.296771 0.304437 0.311332 0.317409 0.322624 0.326941 0.330331 0.332769 0.334238 0.334729 0.334238 0.332769 0.330331 0.326941 0.322624 0.317409 0.311332 0.304437 0.296771 0.288389 0.27935 0.269718 0.259561 0.248951 0.237962 0.226669 0.215152 0.203487 0.191751 0.180021 0.16837 0.156867 0.145579 0.134567 0.123886 0.113585 0.103708 0.0942916 0.0853645 0.0769495 0.0690622 0.0617117 0.054901 0.0486272 0.0428823 0.037654 0.0329259 0.0286787 0.0248908 0.0215389 0.018599 0.016047 0.0138595 0.0120141 0.0104904 0.00927009 0.00833771 0.00768083 0.00729039 
0.00796857 0.00811168 0.00854303 0.00926859 0.0102982 0.0116452 0.0133263 0.0153612 0.0177719 0.0205823 0.0238176 0.0275036 0.0316656 0.0363282 0.0415143 0.0472438 0.0535336 0.0603959 0.0678383 0.0758625 0.0844641 0.0936318 0.103347 0.113585 0.124312 0.135487 0.147063 0.158985 0.171192 0.183619 0.196192 0.208838 0.221476 0.234026 0.246404 0.258529 0.270318 0.28169 0.292566 0.302871 0.312535 0.32149 0.329674 0.337031 0.343511 0.34907 0.35367 0.35728 0.359877 0.361441 0.361964 0.361441 0.359877 0.35728 0.35367 0.34907 0.343511 0.337031 0.329674 0.32149 0.312535 0.302871 0.292566 0.28169 0.270318 0.258529 0.246404 0.234026 0.221476 0.208838 0.196192 0.183619 0.171192 0.158985 0.147063 0.135487 0.124312 0.113585 0.103347 0.0936318 0.0844641 0.0758625 0.0678383 0.0603959 0.0535336 0.0472438 0.0415143 0.0363282 0.0316656 0.0275036 0.0238176 0.0205823 0.0177719 0.0153612 0.0133263 0.0116452 0.0102982 0.00926859 0.00854303 0.00811168 
0.00882863 0.00898609 0.0094606 0.0102586 0.0113907 0.0128712 0.0147181 0.0169525 0.0195979 0.0226799 0.0262253 0.0302615 0.0348153 0.0399127 0.0455772 0.0518298 0.0586874 0.0661621 0.0742609 0.0829841 0.0923256 0.102272 0.112802 0.123886 0.135487 0.14756 0.160053 0.172906 0.186053 0.199421 0.212933 0.226507 0.24006 0.253505 0.266752 0.279716 0.292307 0.304442 0.316039 0.327017 0.337303 0.346828 0.355527 0.363343 0.370223 0.376122 0.381001 0.38483 0.387582 0.38924 0.389794 0.38924 0.387582 0.38483 0.381001 0.376122 0.370223 0.363343 0.355527 0.346828 0.337303 0.327017 0.316039 0.304442 0.292307 0.279716 0.266752 0.253505 0.24006 0.226507 0.212933 0.199421 0.186053 0.172906 0.160053 0.14756 0.135487 0.123886 0.112802 0.102272 0.0923256 0.0829841 0.0742609 0.0661621 0.0586874 0.0518298 0.0455772 0.0399127 0.0348153 0.0302615 0.0262253 0.0226799 0.0195979 0.0169525 0.0147181 0.0128712 0.0113907 0.0102586 0.0094606 0.00898609 
0.00973911 0.0099116 0.0104314 0.0113054 0.0125449 0.0141653 0.0161858 0.0186289 0.0215198 0.0248855 0.0287546 0.0331559 0.0381178 0.0436673 0.049829 0.0566243 0.0640702 0.0721786 0.0809554 0.0903998 0.100503 0.11125 0.122616 0.134567 0.147063 0.160053 0.173481 0.18728 0.20138 0.215702 0.230163 0.244675 0.259149 0.273492 0.28761 0.301412 0.314805 0.3277 0.340012 0.351657 0.36256 0.372648 0.381855 0.390121 0.397394 0.403627 0.40878 0.412822 0.415727 0.417477 0.418062 0.417477 0.415727 0.412822 0.40878 0.403627 0.397394 0.390121 0.381855 0.372648 0.36256 0.351657 0.340012 0.3277 0.314805 0.301412 0.28761 0.273492 0.259149 0.244675 0.230163 0.215702 0.20138 0.18728 0.173481 0.160053 0.147063 0.134567 0.122616 0.11125 0.100503 0.0903998 0.0809554 0.0721786 0.0640702 0.0566243 0.049829 0.0436673 0.0381178 0.0331559 0.0287546 0.0248855 0.0215198 0.0186289 0.0161858 0.0141653 0.0125449 0.0113054 0.0104314 0.0099116 
0.0106972 0.0108854 0.0114524 0.0124056 0.0137571 0.0155232 0.0177245 0.0203848 0.0235308 0.0271912 0.0313962 0.036176 0.0415604 0.0475775 0.0542527 0.0616078 0.0696598 0.07842 0.0878934 0.0980773 0.108961 0.120526 0.132745 0.145579 0.158985 0.172906 0.18728 0.202037 0.217099 0.232381 0.247794 0.263246 0.278641 0.29388 0.308866 0.3235 0.337687 0.351334 0.364351 0.376654 0.388162 0.398801 0.408505 0.417212 0.424867 0.431425 0.436845 0.441094 0.444147 0.445986 0.4466 0.445986 0.444147 0.441094 0.436845 0.431425 0.424867 0.417212 0.408505 0.398801 0.388162 0.376654 0.364351 0.351334 0.337687 0.3235 0.308866 0.29388 0.278641 0.263246 0.247794 0.232381 0.217099 0.202037 0.18728 0.172906 0.158985 0.145579 0.132745 0.120526 0.108961 0.0980773 0.0878934 0.07842 0.0696598 0.0616078 0.0542527 0.0475775 0.0415604 0.036176 0.0313962 0.0271912 0.0235308 0.0203848 0.0177245 0.0155232 0.0137571 0.0124056 0.0114524 0.0108854 
0.0116993 0.0119038 0.0125198 0.0135551 0.0150226 0.0169396 0.019328 0.0222129 0.0256226 0.0295873 0.0341387 0.0393086 0.0451279 0.0516258 0.0588283 0.0667575 0.0754302 0.0848571 0.0950416 0.10598 0.117658 0.130055 0.143138 0.156867 0.171192 0.186053 0.20138 0.217099 0.233124 0.249367 0.265732 0.28212 0.298429 0.314557 0.3304 0.345855 0.360824 0.375208 0.388916 0.40186 0.413958 0.425134 0.43532 0.444453 0.452479 0.45935 0.465026 0.469474 0.47267 0.474595 0.475237 0.474595 0.47267 0.469474 0.465026 0.45935 0.452479 0.444453 0.43532 0.425134 0.413958 0.40186 0.388916 0.375208 0.360824 0.345855 0.3304 0.314557 0.298429 0.28212 0.265732 0.249367 0.233124 0.217099 0.20138 0.186053 0.171192 0.156867 0.143138 0.130055 0.117658 0.10598 0.0950416 0.0848571 0.0754302 0.0667575 0.0588283 0.0516258 0.0451279 0.0393086 0.0341387 0.0295873 0.0256226 0.0222129 0.019328 0.0169396 0.0150226 0.0135551 0.0125198 0.0119038 
0.0127411 0.0129623 0.0136287 0.0147486 0.0163356 0.018408 0.0209888 0.0241047 0.0277852 0.0320623 0.036969 0.0425384 0.0488028 0.055792 0.0635328 0.0720473 0.0813519 0.0914565 0.102363 0.114065 0.126547 0.139784 0.15374 0.16837 0.183619 0.199421 0.215702 0.232381 0.249367 0.266565 0.283873 0.301187 0.318399 0.335402 0.352087 0.368347 0.384079 0.399182 0.413561 0.427127 0.439795 0.451489 0.462138 0.47168 0.480061 0.487232 0.493153 0.497792 0.501123 0.503129 0.503799 0.503129 0.501123 0.497792 0.493153 0.487232 0.480061 0.47168 0.462138 0.451489 0.439795 0.427127 0.413561 0.399182 0.384079 0.368347 0.352087 0.335402 0.318399 0.301187 0.283873 0.266565 0.249367 0.232381 0.215702 0.199421 0.183619 0.16837 0.15374 0.139784 0.126547 0.114065 0.102363 0.0914565 0.0813519 0.0720473 0.0635328 0.055792 0.0488028 0.0425384 0.036969 0.0320623 0.0277852 0.0241047 0.0209888 0.018408 0.0163356 0.0147486 0.0136287 0.0129623 
0.0138172 0.0140555 0.0147736 0.0159802 0.0176894 0.0199208 0.0226984 0.0260502 0.0300073 0.0346031 0.0398719 0.0458482 0.0525651 0.0600536 0.0683405 0.0774481 0.0873923 0.0981818 0.109817 0.122289 0.13558 0.14966 0.164491 0.180021 0.196192 0.212933 0.230163 0.247794 0.265732 0.283873 0.302111 0.320335 0.338433 0.356291 0.373797 0.39084 0.407312 0.42311 0.438137 0.452301 0.465516 0.477705 0.488797 0.498729 0.507446 0.514901 0.521054 0.525873 0.529332 0.531415 0.53211 0.531415 0.529332 0.525873 0.521054 0.514901 0.507446 0.498729 0.488797 0.477705 0.465516 0.452301 0.438137 0.42311 0.407312 0.39084 0.373797 0.356291 0.338433 0.320335 0.302111 0.283873 0.265732 0.247794 0.230163 0.212933 0.196192 0.180021 0.164491 0.14966 0.13558 0.122289 0.109817 0.0981818 0.0873923 0.0774481 0.0683405 0.0600536 0.0525651 0.0458482 0.0398719 0.0346031 0.0300073 0.0260502 0.0226984 0.0199208 0.0176894 0.0159802 0.0147736 0.0140555 
0.0149215 0.0151774 0.015948 0.0172427 0.0190763 0.0214693 0.0244469 0.0280383 0.0322761 0.0371949 0.0428305 0.0492184 0.0563929 0.0643854 0.0732232 0.0829281 0.0935155 0.104993 0.117359 0.130602 0.144701 0.159623 0.175325 0.191751 0.208838 0.226507 0.244675 0.263246 0.28212 0.301187 0.320335 0.339448 0.358409 0.377098 0.395399 0.413198 0.430383 0.446849 0.462495 0.47723 0.490965 0.503624 0.515134 0.525434 0.534468 0.54219 0.54856 0.553547 0.557127 0.559281 0.560001 0.559281 0.557127 0.553547 0.54856 0.54219 0.534468 0.525434 0.515134 0.503624 0.490965 0.47723 0.462495 0.446849 0.430383 0.413198 0.395399 0.377098 0.358409 0.339448 0.320335 0.301187 0.28212 0.263246 0.244675 0.226507 0.208838 0.191751 0.175325 0.159623 0.144701 0.130602 0.117359 0.104993 0.0935155 0.0829281 0.0732232 0.0643854 0.0563929 0.0492184 0.0428305 0.0371949 0.0322761 0.0280383 0.0244469 0.0214693 0.0190763 0.0172427 0.015948 0.0151774 
0.0160472 0.0163208 0.0171446 0.0185284 0.0204877 0.023044 0.0262234 0.0300566 0.0345773 0.0398215 0.0458262 0.0526281 0.0602622 0.0687604 0.0781501 0.0884529 0.0996832 0.111847 0.124941 0.138951 0.153853 0.16961 0.186175 0.203487 0.221476 0.24006 0.259149 0.278641 0.298429 0.318399 0.338433 0.358409 0.378204 0.397694 0.416761 0.435284 0.45315 0.470252 0.486488 0.501762 0.515989 0.529089 0.540992 0.551635 0.560965 0.568935 0.575507 0.58065 0.584341 0.586561 0.587303 0.586561 0.584341 0.58065 0.575507 0.568935 0.560965 0.551635 0.540992 0.529089 0.515989 0.501762 0.486488 0.470252 0.45315 0.435284 0.416761 0.397694 0.378204 0.358409 0.338433 0.318399 0.298429 0.278641 0.259149 0.24006 0.221476 0.203487 0.186175 0.16961 0.153853 0.138951 0.124941 0.111847 0.0996832 0.0884529 0.0781501 0.0687604 0.0602622 0.0526281 0.0458262 0.0398215 0.0345773 0.0300566 0.0262234 0.023044 0.0204877 0.0185284 0.0171446 0.0163208 
0.0171868 0.0174781 0.0183554 0.0198286 0.0219141 0.0246342 0.0280161 0.0320915 0.0368956 0.0424655 0.0488393 0.0560547 0.0641473 0.0731495 0.0830887 0.093986 0.105855 0.118699 0.132514 0.147283 0.162978 0.179558 0.19697 0.215152 0.234026 0.253505 0.273492 0.29388 0.314557 0.335402 0.356291 0.377098 0.397694 0.417953 0.43775 0.456963 0.475476 0.493179 0.509969 0.525751 0.540437 0.553949 0.566217 0.577179 0.586782 0.59498 0.601738 0.607024 0.610815 0.613097 0.613858 0.613097 0.610815 0.607024 0.601738 0.59498 0.586782 0.577179 0.566217 0.553949 0.540437 0.525751 0.509969 0.493179 0.475476 0.456963 0.43775 0.417953 0.397694 0.377098 0.356291 0.335402 0.314557 0.29388 0.273492 0.253505 0.234026 0.215152 0.19697 0.179558 0.162978 0.147283 0.132514 0.118699 0.105855 0.093986 0.0830887 0.0731495 0.0641473 0.0560547 0.0488393 0.0424655 0.0368956 0.0320915 0.0280161 0.0246342 0.0219141 0.0198286 0.0183554 0.0174781 
0.0183321 0.0186411 0.0195716 0.021134 0.0233453 0.0262286 0.0298121 0.0341287 0.0392146 0.0451081 0.0518484 0.059474 0.0680211 0.0775223 0.0880048 0.0994893 0.111988 0.125503 0.140027 0.155541 0.172013 0.189398 0.20764 0.226669 0.246404 0.266752 0.28761 0.308866 0.3304 0.352087 0.373797 0.395399 0.416761 0.43775 0.458239 0.478104 0.497225 0.515493 0.532801 0.549055 0.564168 0.578061 0.590664 0.601918 0.61177 0.620178 0.627103 0.632519 0.636402 0.638739 0.639518 0.638739 0.636402 0.632519 0.627103 0.620178 0.61177 0.601918 0.590664 0.578061 0.564168 0.549055 0.532801 0.515493 0.497225 0.478104 0.458239 0.43775 0.416761 0.395399 0.373797 0.352087 0.3304 0.308866 0.28761 0.266752 0.246404 0.226669 0.20764 0.189398 0.172013 0.155541 0.140027 0.125503 0.111988 0.0994893 0.0880048 0.0775223 0.0680211 0.059474 0.0518484 0.0451081 0.0392146 0.0341287 0.0298121 0.0262286 0.0233453 0.021134 0.0195716 0.0186411 
0.0194742 0.0198008 0.020784 0.0224348 0.0247705 0.0278152 0.031598 0.0361529 0.0415171 0.0477299 0.0548315 0.0628611 0.0718554 0.0818471 0.0928632 0.104923 0.118039 0.13221 0.147427 0.163667 0.180896 0.199064 0.218111 0.237962 0.258529 0.279716 0.301412 0.3235 0.345855 0.368347 0.39084 0.413198 0.435284 0.456963 0.478104 0.498579 0.51827 0.537062 0.554851 0.571542 0.587046 0.601287 0.614197 0.625716 0.635794 0.644389 0.651466 0.656998 0.660964 0.663349 0.664145 0.663349 0.660964 0.656998 0.651466 0.644389 0.635794 0.625716 0.614197 0.601287 0.587046 0.571542 0.554851 0.537062 0.51827 0.498579 0.478104 0.456963 0.435284 0.413198 0.39084 0.368347 0.345855 0.3235 0.301412 0.279716 0.258529 0.237962 0.218111 0.199064 0.180896 0.163667 0.147427 0.13221 0.118039 0.104923 0.0928632 0.0818471 0.0718554 0.0628611 0.0548315 0.0477299 0.0415171 0.0361529 0.031598 0.0278152 0.0247705 0.0224348 0.020784 0.0198008 
0.0206041 0.0209479 0.0219829 0.0237204 0.0261784 0.0293815 0.0333598 0.0381483 0.0437852 0.0503107 0.0577658 0.0661903 0.0756213 0.0860915 0.0976275 0.110248 0.123963 0.138772 0.15466 0.171604 0.189564 0.208489 0.228311 0.248951 0.270318 0.292307 0.314805 0.337687 0.360824 0.384079 0.407312 0.430383 0.45315 0.475476 0.497225 0.51827 0.538488 0.557765 0.575996 0.593085 0.608946 0.623503 0.63669 0.648447 0.658728 0.66749 0.674702 0.680336 0.684375 0.686803 0.687613 0.686803 0.684375 0.680336 0.674702 0.66749 0.658728 0.648447 0.63669 0.623503 0.608946 0.593085 0.575996 0.557765 0.538488 0.51827 0.497225 0.475476 0.45315 0.430383 0.407312 0.384079 0.360824 0.337687 0.314805 0.292307 0.270318 0.248951 0.228311 0.208489 0.189564 0.171604 0.15466 0.138772 0.123963 0.110248 0.0976275 0.0860915 0.0756213 0.0661903 0.0577658 0.0503107 0.0437852 0.0381483 0.0333598 0.0293815 0.0261784 0.0237204 0.0219829 0.0209479 
0.0217122 0.0220728 0.0231583 0.0249802 0.0275572 0.0309145 0.0350831 0.0400988 0.0460006 0.0528298 0.0606279 0.0694353 0.0792893 0.0902226 0.102261 0.115423 0.129717 0.145139 0.161674 0.179294 0.197956 0.217604 0.238167 0.259561 0.28169 0.304442 0.3277 0.351334 0.375208 0.399182 0.42311 0.446849 0.470252 0.493179 0.515493 0.537062 0.557765 0.577485 0.596119 0.61357 0.629753 0.644594 0.658028 0.669997 0.680457 0.689367 0.696696 0.702421 0.706522 0.708988 0.709811 0.708988 0.706522 0.702421 0.696696 0.689367 0.680457 0.669997 0.658028 0.644594 0.629753 0.61357 0.596119 0.577485 0.557765 0.537062 0.515493 0.493179 0.470252 0.446849 0.42311 0.399182 0.375208 0.351334 0.3277 0.304442 0.28169 0.259561 0.238167 0.217604 0.197956 0.179294 0.161674 0.145139 0.129717 0.115423 0.102261 0.0902226 0.0792893 0.0694353 0.0606279 0.0528298 0.0460006 0.0400988 0.0350831 0.0309145 0.0275572 0.0249802 0.0231583 0.0220728 
0.0227888 0.0231656 0.0242998 0.0262032 0.0288951 0.0324011 0.0367532 0.0419878 0.0481449 0.0552663 0.0633944 0.0725698 0.0828301 0.0942077 0.106728 0.120408 0.135255 0.151263 0.168415 0.186678 0.206008 0.226344 0.24761 0.269718 0.292566 0.316039 0.340012 0.364351 0.388916 0.413561 0.438137 0.462495 0.486488 0.509969 0.532801 0.554851 0.575996 0.596119 0.615116 0.632892 0.649364 0.664457 0.678109 0.690265 0.70088 0.709919 0.71735 0.723153 0.727309 0.729807 0.73064 0.729807 0.727309 0.723153 0.71735 0.709919 0.70088 0.690265 0.678109 0.664457 0.649364 0.632892 0.615116 0.596119 0.575996 0.554851 0.532801 0.509969 0.486488 0.462495 0.438137 0.413561 0.388916 0.364351 0.340012 0.316039 0.292566 0.269718 0.24761 0.226344 0.206008 0.186678 0.168415 0.151263 0.135255 0.120408 0.106728 0.0942077 0.0828301 0.0725698 0.0633944 0.0552663 0.0481449 0.0419878 0.0367532 0.0324011 0.0288951 0.0262032 0.0242998 0.0231656 
0.0238241 0.0242164 0.0253972 0.0273786 0.0301801 0.0338283 0.0383555 0.0437991 0.0501996 0.0575997 0.0660421 0.0755678 0.0862146 0.0980144 0.110992 0.125164 0.140535 0.157098 0.174832 0.193704 0.213663 0.234646 0.256572 0.27935 0.302871 0.327017 0.351657 0.376654 0.40186 0.427127 0.452301 0.47723 0.501762 0.525751 0.549055 0.571542 0.593085 0.61357 0.632892 0.650958 0.667684 0.682999 0.696842 0.70916 0.719911 0.729059 0.736578 0.742447 0.746649 0.749174 0.750017 0.749174 0.746649 0.742447 0.736578 0.729059 0.719911 0.70916 0.696842 0.682999 0.667684 0.650958 0.632892 0.61357 0.593085 0.571542 0.549055 0.525751 0.501762 0.47723 0.452301 0.427127 0.40186 0.376654 0.351657 0.327017 0.302871 0.27935 0.256572 0.234646 0.213663 0.193704 0.174832 0.157098 0.140535 0.125164 0.110992 0.0980144 0.0862146 0.0755678 0.0660421 0.0575997 0.0501996 0.0437991 0.0383555 0.0338283 0.0301801 0.0273786 0.0253972 0.0242164 
0.0248084 0.0252153 0.0264402 0.0284953 0.0314005 0.035183 0.0398757 0.0455165 0.0521468 0.0598096 0.0685482 0.0784039 0.0894143 0.101611 0.115019 0.129652 0.145514 0.162596 0.180876 0.200315 0.220862 0.242448 0.264989 0.288389 0.312535 0.337303 0.36256 0.388162 0.413958 0.439795 0.465516 0.490965 0.515989 0.540437 0.564168 0.587046 0.608946 0.629753 0.649364 0.667684 0.684634 0.700142 0.71415 0.726607 0.737473 0.746715 0.754307 0.760231 0.764471 0.767019 0.767869 0.767019 0.764471 0.760231 0.754307 0.746715 0.737473 0.726607 0.71415 0.700142 0.684634 0.667684 0.649364 0.629753 0.608946 0.587046 0.564168 0.540437 0.515989 0.490965 0.465516 0.439795 0.413958 0.388162 0.36256 0.337303 0.312535 0.288389 0.264989 0.242448 0.220862 0.200315 0.180876 0.162596 0.145514 0.129652 0.115019 0.101611 0.0894143 0.0784039 0.0685482 0.0598096 0.0521468 0.0455165 0.0398757 0.035183 0.0314005 0.0284953 0.0264402 0.0252153 
