1.77338e-07 1.93671e-07 2.44968e-07 3.38334e-07 4.86323e-07 7.08018e-07 1.03059e-06 1.49138e-06 2.14045e-06 3.04378e-06 4.28695e-06 5.97937e-06 8.25897e-06 1.12972e-05 1.53043e-05 2.05341e-05 2.72891e-05 3.59235e-05 4.68463e-05 6.05218e-05 7.7467e-05 9.82481e-05 0.000123471 0.00015377 0.000189793 0.000232178 0.000281531 0.000338402 0.000403249 0.000476411 0.000558075 0.000648245 0.00074672 0.000853066 0.000966604 0.0010864 0.00121128 0.00133982 0.00147037 0.00160112 0.0017301 0.00185524 0.00197442 0.00208556 0.00218663 0.00227573 0.00235115 0.00241144 0.00245538 0.0024821 0.00249107 0.0024821 0.00245538 0.00241144 0.00235115 0.00227573 0.00218663 0.00208556 0.00197442 0.00185524 0.0017301 0.00160112 0.00147037 0.00133982 0.00121128 0.0010864 0.000966604 0.000853066 0.00074672 0.000648245 0.000558075 0.000476411 0.000403249 0.000338402 0.000281531 0.000232178 0.000189793 0.00015377 0.000123471 9.82481e-05 7.7467e-05 6.05218e-05 4.68463e-05 3.59235e-05 2.72891e-05 2.05341e-05 1.53043e-05 1.12972e-05 8.25897e-06 5.97937e-06 4.28695e-06 3.04378e-06 2.14045e-06 1.49138e-06 1.03059e-06 7.08018e-07 4.86323e-07 3.38334e-07 2.44968e-07 1.93671e-07 
1.93671e-07 2.1145e-07 2.67278e-07 3.68855e-07 5.29776e-07 7.70699e-07 1.12102e-06 1.62108e-06 2.32497e-06 3.30385e-06 4.64997e-06 6.48115e-06 8.94575e-06 1.2228e-05 1.65536e-05 2.21947e-05 2.94752e-05 3.87741e-05 5.05285e-05 6.52336e-05 8.34408e-05 0.000105752 0.000132813 0.000165295 0.000203884 0.000249256 0.000302051 0.000362844 0.000432117 0.000510221 0.000597345 0.000693485 0.000798417 0.00091167 0.00103252 0.00115996 0.00129274 0.00142935 0.00156804 0.00170688 0.00184378 0.00197657 0.002103 0.00222085 0.00232801 0.00242245 0.00250239 0.00256626 0.00261282 0.00264113 0.00265063 0.00264113 0.00261282 0.00256626 0.00250239 0.00242245 0.00232801 0.00222085 0.002103 0.00197657 0.00184378 0.00170688 0.00156804 0.00142935 0.00129274 0.00115996 0.00103252 0.00091167 0.000798417 0.000693485 0.000597345 0.000510221 0.000432117 0.000362844 0.000302051 0.000249256 0.000203884 0.000165295 0.000132813 0.000105752 8.34408e-05 6.52336e-05 5.05285e-05 3.87741e-05 2.94752e-05 2.21947e-05 1.65536e-05 1.2228e-05 8.94575e-06 6.48115e-06 4.64997e-06 3.30385e-06 2.32497e-06 1.62108e-06 1.12102e-06 7.70699e-07 5.29776e-07 3.68855e-07 2.67278e-07 2.1145e-07 
2.44968e-07 2.67278e-07 3.37302e-07 4.64592e-07 6.65999e-07 9.67092e-07 1.40419e-06 2.02704e-06 2.90219e-06 4.117e-06 5.78444e-06 8.04843e-06 1.10897e-05 1.51323e-05 2.04495e-05 2.73705e-05 3.62854e-05 4.76499e-05 6.19873e-05 7.98891e-05 0.000102012 0.000129069 0.000161823 0.000201066 0.0002476 0.000302213 0.000365646 0.000438561 0.000521503 0.000614861 0.00071883 0.000833377 0.000958207 0.00109274 0.00123609 0.00138706 0.00154415 0.00170557 0.00186927 0.00203297 0.00219424 0.0023505 0.00249917 0.00263765 0.00276348 0.00287432 0.00296809 0.00304299 0.00309756 0.00313075 0.00314188 0.00313075 0.00309756 0.00304299 0.00296809 0.00287432 0.00276348 0.00263765 0.00249917 0.0023505 0.00219424 0.00203297 0.00186927 0.00170557 0.00154415 0.00138706 0.00123609 0.00109274 0.000958207 0.000833377 0.00071883 0.000614861 0.000521503 0.000438561 0.000365646 0.000302213 0.0002476 0.000201066 0.000161823 0.000129069 0.000102012 7.98891e-05 6.19873e-05 4.76499e-05 3.62854e-05 2.73705e-05 2.04495e-05 1.51323e-05 1.10897e-05 8.04843e-06 5.78444e-06 4.117e-06 2.90219e-06 2.02704e-06 1.40419e-06 9.67092e-07 6.65999e-07 4.64592e-07 3.37302e-07 2.67278e-07 
3.38334e-07 3.68855e-07 4.64592e-07 6.38434e-07 9.13088e-07 1.32295e-06 1.91676e-06 2.76115e-06 3.94497e-06 5.58457e-06 7.82992e-06 1.08715e-05 1.49478e-05 2.03533e-05 2.74463e-05 3.66565e-05 4.84916e-05 6.35421e-05 8.2484e-05 0.000106078 0.000135164 0.000170652 0.00021351 0.000264735 0.000325336 0.000396292 0.000478519 0.000572825 0.000679862 0.000800082 0.000933685 0.00108058 0.00124035 0.00141221 0.00159499 0.00178716 0.00198679 0.00219159 0.00239898 0.00260609 0.00280985 0.00300706 0.00319448 0.00336889 0.00352723 0.00366661 0.00378444 0.00387852 0.00394705 0.0039887 0.00400268 0.0039887 0.00394705 0.00387852 0.00378444 0.00366661 0.00352723 0.00336889 0.00319448 0.00300706 0.00280985 0.00260609 0.00239898 0.00219159 0.00198679 0.00178716 0.00159499 0.00141221 0.00124035 0.00108058 0.000933685 0.000800082 0.000679862 0.000572825 0.000478519 0.000396292 0.000325336 0.000264735 0.00021351 0.000170652 0.000135164 0.000106078 8.2484e-05 6.35421e-05 4.84916e-05 3.66565e-05 2.74463e-05 2.03533e-05 1.49478e-05 1.08715e-05 7.82992e-06 5.58457e-06 3.94497e-06 2.76115e-06 1.91676e-06 1.32295e-06 9.13088e-07 6.38434e-07 4.64592e-07 3.68855e-07 
4.86323e-07 5.29776e-07 6.65999e-07 9.13088e-07 1.30288e-06 1.88352e-06 2.7231e-06 3.91442e-06 5.58094e-06 7.88386e-06 1.10303e-05 1.52825e-05 2.09678e-05 2.84888e-05 3.83337e-05 5.1086e-05 6.74325e-05 8.81686e-05 0.000114201 0.000146547 0.000186322 0.000234733 0.000293051 0.000362583 0.000444641 0.000540488 0.000651295 0.000778079 0.000921648 0.00108253 0.00126093 0.00145666 0.0016691 0.00189715 0.00213923 0.00239327 0.0026567 0.00292651 0.0031993 0.00347131 0.00373855 0.00399688 0.0042421 0.00447008 0.00467684 0.0048587 0.00501236 0.00513498 0.00522425 0.0052785 0.0052967 0.0052785 0.00522425 0.00513498 0.00501236 0.0048587 0.00467684 0.00447008 0.0042421 0.00399688 0.00373855 0.00347131 0.0031993 0.00292651 0.0026567 0.00239327 0.00213923 0.00189715 0.0016691 0.00145666 0.00126093 0.00108253 0.000921648 0.000778079 0.000651295 0.000540488 0.000444641 0.000362583 0.000293051 0.000234733 0.000186322 0.000146547 0.000114201 8.81686e-05 6.74325e-05 5.1086e-05 3.83337e-05 2.84888e-05 2.09678e-05 1.52825e-05 1.10303e-05 7.88386e-06 5.58094e-06 3.91442e-06 2.7231e-06 1.88352e-06 1.30288e-06 9.13088e-07 6.65999e-07 5.29776e-07 
7.08018e-07 7.70699e-07 9.67092e-07 1.32295e-06 1.88352e-06 2.71712e-06 3.92017e-06 5.62374e-06 8.00179e-06 1.12807e-05 1.57507e-05 2.1778e-05 2.98179e-05 4.0429e-05 5.42863e-05 7.21933e-05 9.50923e-05 0.000124071 0.000160363 0.000205346 0.000260528 0.000327526 0.000408039 0.000503804 0.000616546 0.00074792 0.000899442 0.00107241 0.00126782 0.00148632 0.00172807 0.00199274 0.0022794 0.00258651 0.00291189 0.00325271 0.0036055 0.00396624 0.00433037 0.00469292 0.00504863 0.00539204 0.00571764 0.00602003 0.00629403 0.00653485 0.00673818 0.00690034 0.00701836 0.00709006 0.00711411 0.00709006 0.00701836 0.00690034 0.00673818 0.00653485 0.00629403 0.00602003 0.00571764 0.00539204 0.00504863 0.00469292 0.00433037 0.00396624 0.0036055 0.00325271 0.00291189 0.00258651 0.0022794 0.00199274 0.00172807 0.00148632 0.00126782 0.00107241 0.000899442 0.00074792 0.000616546 0.000503804 0.000408039 0.000327526 0.000260528 0.000205346 0.000160363 0.000124071 9.50923e-05 7.21933e-05 5.42863e-05 4.0429e-05 2.98179e-05 2.1778e-05 1.57507e-05 1.12807e-05 8.00179e-06 5.62374e-06 3.92017e-06 2.71712e-06 1.88352e-06 1.32295e-06 9.67092e-07 7.70699e-07 
1.03059e-06 1.12102e-06 1.40419e-06 1.91676e-06 2.7231e-06 3.92017e-06 5.64456e-06 8.08158e-06 1.14764e-05 1.61475e-05 2.25014e-05 3.105e-05 4.24278e-05 5.74104e-05 7.69316e-05 0.000102099 0.000134208 0.000174747 0.000225396 0.000288026 0.000364673 0.000457511 0.00056881 0.000700878 0.000855993 0.00103632 0.00124382 0.00148014 0.00174653 0.00204373 0.00237184 0.0027303 0.00311775 0.00353201 0.00397007 0.00442807 0.00490133 0.00538443 0.00587131 0.00635536 0.00682962 0.0072869 0.00771997 0.00812174 0.00848546 0.00880487 0.00907439 0.00928921 0.0094455 0.00954042 0.00957226 0.00954042 0.0094455 0.00928921 0.00907439 0.00880487 0.00848546 0.00812174 0.00771997 0.0072869 0.00682962 0.00635536 0.00587131 0.00538443 0.00490133 0.00442807 0.00397007 0.00353201 0.00311775 0.0027303 0.00237184 0.00204373 0.00174653 0.00148014 0.00124382 0.00103632 0.000855993 0.000700878 0.00056881 0.000457511 0.000364673 0.000288026 0.000225396 0.000174747 0.000134208 0.000102099 7.69316e-05 5.74104e-05 4.24278e-05 3.105e-05 2.25014e-05 1.61475e-05 1.14764e-05 8.08158e-06 5.64456e-06 3.92017e-06 2.7231e-06 1.91676e-06 1.40419e-06 1.12102e-06 
1.49138e-06 1.62108e-06 2.02704e-06 2.76115e-06 3.91442e-06 5.62374e-06 8.08158e-06 1.15484e-05 1.6368e-05 2.29855e-05 3.1968e-05 4.40269e-05 6.00413e-05 8.10824e-05 0.000108436 0.000143621 0.000188406 0.000244817 0.000315134 0.000401879 0.000507788 0.000635766 0.000788832 0.000970032 0.00118235 0.00142861 0.00171132 0.00203256 0.00239386 0.00279605 0.00323912 0.00372213 0.00424313 0.00479909 0.00538585 0.00599817 0.00662978 0.00727344 0.00792109 0.00856404 0.0091931 0.00979886 0.0103719 0.0109029 0.0113832 0.0118047 0.0121601 0.0124432 0.012649 0.0127741 0.012816 0.0127741 0.012649 0.0124432 0.0121601 0.0118047 0.0113832 0.0109029 0.0103719 0.00979886 0.0091931 0.00856404 0.00792109 0.00727344 0.00662978 0.00599817 0.00538585 0.00479909 0.00424313 0.00372213 0.00323912 0.00279605 0.00239386 0.00203256 0.00171132 0.00142861 0.00118235 0.000970032 0.000788832 0.000635766 0.000507788 0.000401879 0.000315134 0.000244817 0.000188406 0.000143621 0.000108436 8.10824e-05 6.00413e-05 4.40269e-05 3.1968e-05 2.29855e-05 1.6368e-05 1.15484e-05 8.08158e-06 5.62374e-06 3.91442e-06 2.76115e-06 2.02704e-06 1.62108e-06 
2.14045e-06 2.32497e-06 2.90219e-06 3.94497e-06 5.58094e-06 8.00179e-06 1.14764e-05 1.6368e-05 2.31545e-05 3.24534e-05 4.50487e-05 6.1921e-05 8.42786e-05 0.000113588 0.000151605 0.000200395 0.000262355 0.000340218 0.000437048 0.000556218 0.000701373 0.00087636 0.00108515 0.00133174 0.00161999 0.00195353 0.00233555 0.00276864 0.00325463 0.0037944 0.00438774 0.00503318 0.00572794 0.0064678 0.00724712 0.00805888 0.00889468 0.00974498 0.0105992 0.0114459 0.0122731 0.0130686 0.0138203 0.0145161 0.0151449 0.0156962 0.0161607 0.0165305 0.0167994 0.0169626 0.0170173 0.0169626 0.0167994 0.0165305 0.0161607 0.0156962 0.0151449 0.0145161 0.0138203 0.0130686 0.0122731 0.0114459 0.0105992 0.00974498 0.00889468 0.00805888 0.00724712 0.0064678 0.00572794 0.00503318 0.00438774 0.0037944 0.00325463 0.00276864 0.00233555 0.00195353 0.00161999 0.00133174 0.00108515 0.00087636 0.000701373 0.000556218 0.000437048 0.000340218 0.000262355 0.000200395 0.000151605 0.000113588 8.42786e-05 6.1921e-05 4.50487e-05 3.24534e-05 2.31545e-05 1.6368e-05 1.14764e-05 8.00179e-06 5.58094e-06 3.94497e-06 2.90219e-06 2.32497e-06 
3.04378e-06 3.30385e-06 4.117e-06 5.58457e-06 7.88386e-06 1.12807e-05 1.61475e-05 2.29855e-05 3.24534e-05 4.53992e-05 6.28967e-05 8.62849e-05 0.000117208 0.000157657 0.000210002 0.000277027 0.000361947 0.000468413 0.000600501 0.00076268 0.000959747 0.00119675 0.00147885 0.00181123 0.00219883 0.00264626 0.00315751 0.00373576 0.00438313 0.0051005 0.00588729 0.00674131 0.0076586 0.00863343 0.0096582 0.0107235 0.0118184 0.0129304 0.0140455 0.0151491 0.0162258 0.0172599 0.0182357 0.019138 0.0199526 0.0206661 0.021267 0.0217451 0.0220925 0.0223033 0.022374 0.0223033 0.0220925 0.0217451 0.021267 0.0206661 0.0199526 0.019138 0.0182357 0.0172599 0.0162258 0.0151491 0.0140455 0.0129304 0.0118184 0.0107235 0.0096582 0.00863343 0.0076586 0.00674131 0.00588729 0.0051005 0.00438313 0.00373576 0.00315751 0.00264626 0.00219883 0.00181123 0.00147885 0.00119675 0.000959747 0.00076268 0.000600501 0.000468413 0.000361947 0.000277027 0.000210002 0.000157657 0.000117208 8.62849e-05 6.28967e-05 4.53992e-05 3.24534e-05 2.29855e-05 1.61475e-05 1.12807e-05 7.88386e-06 5.58457e-06 4.117e-06 3.30385e-06 
4.28695e-06 4.64997e-06 5.78444e-06 7.82992e-06 1.10303e-05 1.57507e-05 2.25014e-05 3.1968e-05 4.50487e-05 6.28967e-05 8.69682e-05 0.000119073 0.000161427 0.000216701 0.000288069 0.000379239 0.00049448 0.000638617 0.000817016 0.00103553 0.0013004 0.00161817 0.0019955 0.00243898 0.00295489 0.00354898 0.00422617 0.00499027 0.00584367 0.00678715 0.00781956 0.00893766 0.010136 0.0114067 0.0127398 0.0141229 0.0155417 0.0169799 0.0184198 0.0198426 0.0212285 0.0225576 0.0238103 0.0249674 0.0260108 0.0269241 0.0276925 0.0283036 0.0287474 0.0290167 0.0291069 0.0290167 0.0287474 0.0283036 0.0276925 0.0269241 0.0260108 0.0249674 0.0238103 0.0225576 0.0212285 0.0198426 0.0184198 0.0169799 0.0155417 0.0141229 0.0127398 0.0114067 0.010136 0.00893766 0.00781956 0.00678715 0.00584367 0.00499027 0.00422617 0.00354898 0.00295489 0.00243898 0.0019955 0.00161817 0.0013004 0.00103553 0.000817016 0.000638617 0.00049448 0.000379239 0.000288069 0.000216701 0.000161427 0.000119073 8.69682e-05 6.28967e-05 4.50487e-05 3.1968e-05 2.25014e-05 1.57507e-05 1.10303e-05 7.82992e-06 5.78444e-06 4.64997e-06 
5.97937e-06 6.48115e-06 8.04843e-06 1.08715e-05 1.52825e-05 2.1778e-05 3.105e-05 4.40269e-05 6.1921e-05 8.62849e-05 0.000119073 0.000162706 0.000220139 0.000294922 0.000391253 0.000514025 0.000668841 0.000862012 0.00110052 0.00139194 0.00174432 0.00216603 0.00266553 0.00325113 0.00393069 0.00471128 0.00559885 0.00659786 0.00771093 0.00893853 0.0102787 0.0117267 0.013275 0.0149134 0.0166285 0.0184042 0.0202222 0.0220616 0.0238999 0.0257132 0.0274767 0.0291657 0.0307553 0.0322219 0.033543 0.0346982 0.0356695 0.0364415 0.0370018 0.0373417 0.0374556 0.0373417 0.0370018 0.0364415 0.0356695 0.0346982 0.033543 0.0322219 0.0307553 0.0291657 0.0274767 0.0257132 0.0238999 0.0220616 0.0202222 0.0184042 0.0166285 0.0149134 0.013275 0.0117267 0.0102787 0.00893853 0.00771093 0.00659786 0.00559885 0.00471128 0.00393069 0.00325113 0.00266553 0.00216603 0.00174432 0.00139194 0.00110052 0.000862012 0.000668841 0.000514025 0.000391253 0.000294922 0.000220139 0.000162706 0.000119073 8.62849e-05 6.1921e-05 4.40269e-05 3.105e-05 2.1778e-05 1.52825e-05 1.08715e-05 8.04843e-06 6.48115e-06 
8.25897e-06 8.94575e-06 1.10897e-05 1.49478e-05 2.09678e-05 2.98179e-05 4.24278e-05 6.00413e-05 8.42786e-05 0.000117208 0.000161427 0.000220139 0.000297244 0.000397409 0.000526133 0.000689797 0.000895681 0.00115195 0.00146757 0.00185226 0.00231626 0.00287014 0.00352452 0.00428975 0.0051755 0.00619034 0.00734134 0.00863359 0.0100698 0.0116499 0.0133706 0.0152253 0.0172041 0.019293 0.0214749 0.0237293 0.0260324 0.0283582 0.0306782 0.0329627 0.0351809 0.0373021 0.0392957 0.0411328 0.0427858 0.0442299 0.045443 0.0464065 0.0471056 0.0475295 0.0476715 0.0475295 0.0471056 0.0464065 0.045443 0.0442299 0.0427858 0.0411328 0.0392957 0.0373021 0.0351809 0.0329627 0.0306782 0.0283582 0.0260324 0.0237293 0.0214749 0.019293 0.0172041 0.0152253 0.0133706 0.0116499 0.0100698 0.00863359 0.00734134 0.00619034 0.0051755 0.00428975 0.00352452 0.00287014 0.00231626 0.00185226 0.00146757 0.00115195 0.000895681 0.000689797 0.000526133 0.000397409 0.000297244 0.000220139 0.000161427 0.000117208 8.42786e-05 6.00413e-05 4.24278e-05 2.98179e-05 2.09678e-05 1.49478e-05 1.10897e-05 8.94575e-06 
1.12972e-05 1.2228e-05 1.51323e-05 2.03533e-05 2.84888e-05 4.0429e-05 5.74104e-05 8.10824e-05 0.000113588 0.000157657 0.000216701 0.000294922 0.000397409 0.000530233 0.000700524 0.000916515 0.00118756 0.00152409 0.00193754 0.00244017 0.00304489 0.00376488 0.00461333 0.0056029 0.00674534 0.00805088 0.00952772 0.0111815 0.0130148 0.0150266 0.017212 0.0195619 0.0220627 0.0246966 0.0274415 0.0302712 0.033156 0.0360632 0.0389577 0.0418026 0.0445603 0.0471932 0.0496642 0.0519381 0.0539819 0.0557656 0.0572627 0.058451 0.0593127 0.059835 0.06001 0.059835 0.0593127 0.058451 0.0572627 0.0557656 0.0539819 0.0519381 0.0496642 0.0471932 0.0445603 0.0418026 0.0389577 0.0360632 0.033156 0.0302712 0.0274415 0.0246966 0.0220627 0.0195619 0.017212 0.0150266 0.0130148 0.0111815 0.00952772 0.00805088 0.00674534 0.0056029 0.00461333 0.00376488 0.00304489 0.00244017 0.00193754 0.00152409 0.00118756 0.000916515 0.000700524 0.000530233 0.000397409 0.000294922 0.000216701 0.000157657 0.000113588 8.10824e-05 5.74104e-05 4.0429e-05 2.84888e-05 2.03533e-05 1.51323e-05 1.2228e-05 
1.53043e-05 1.65536e-05 2.04495e-05 2.74463e-05 3.83337e-05 5.42863e-05 7.69316e-05 0.000108436 0.000151605 0.000210002 0.000288069 0.000391253 0.000526133 0.000700524 0.000923566 0.00120577 0.00155903 0.00199653 0.00253266 0.00318277 0.00396286 0.00488923 0.00597798 0.00724447 0.00870269 0.0103646 0.0122397 0.0143338 0.016649 0.0191831 0.0219287 0.0248734 0.0279994 0.0312838 0.0346984 0.0382105 0.0417831 0.0453758 0.0489455 0.0524475 0.0558361 0.0590659 0.0620926 0.0648741 0.0673711 0.0695479 0.0713734 0.0728214 0.0738708 0.0745066 0.0747196 0.0745066 0.0738708 0.0728214 0.0713734 0.0695479 0.0673711 0.0648741 0.0620926 0.0590659 0.0558361 0.0524475 0.0489455 0.0453758 0.0417831 0.0382105 0.0346984 0.0312838 0.0279994 0.0248734 0.0219287 0.0191831 0.016649 0.0143338 0.0122397 0.0103646 0.00870269 0.00724447 0.00597798 0.00488923 0.00396286 0.00318277 0.00253266 0.00199653 0.00155903 0.00120577 0.000923566 0.000700524 0.000526133 0.000391253 0.000288069 0.000210002 0.000151605 0.000108436 7.69316e-05 5.42863e-05 3.83337e-05 2.74463e-05 2.04495e-05 1.65536e-05 
2.05341e-05 2.21947e-05 2.73705e-05 3.66565e-05 5.1086e-05 7.21933e-05 0.000102099 0.000143621 0.000200395 0.000277027 0.000379239 0.000514025 0.000689797 0.000916515 0.00120577 0.00157085 0.00202669 0.0025898 0.00327807 0.00411047 0.00510666 0.00628648 0.00766937 0.00927365 0.0111158 0.0132095 0.0155652 0.018189 0.021082 0.0242399 0.0276522 0.0313024 0.0351674 0.039218 0.0434187 0.0477291 0.0521037 0.0564932 0.0608455 0.0651067 0.0692222 0.0731382 0.0768022 0.0801644 0.0831789 0.085804 0.0880034 0.0897466 0.0910093 0.091774 0.0920301 0.091774 0.0910093 0.0897466 0.0880034 0.085804 0.0831789 0.0801644 0.0768022 0.0731382 0.0692222 0.0651067 0.0608455 0.0564932 0.0521037 0.0477291 0.0434187 0.039218 0.0351674 0.0313024 0.0276522 0.0242399 0.021082 0.018189 0.0155652 0.0132095 0.0111158 0.00927365 0.00766937 0.00628648 0.00510666 0.00411047 0.00327807 0.0025898 0.00202669 0.00157085 0.00120577 0.000916515 0.000689797 0.000514025 0.000379239 0.000277027 0.000200395 0.000143621 0.000102099 7.21933e-05 5.1086e-05 3.66565e-05 2.73705e-05 2.21947e-05 
2.72891e-05 2.94752e-05 3.62854e-05 4.84916e-05 6.74325e-05 9.50923e-05 0.000134208 0.000188406 0.000262355 0.000361947 0.00049448 0.000668841 0.000895681 0.00118756 0.00155903 0.00202669 0.00260913 0.00332677 0.0042016 0.00525681 0.00651626 0.0080038 0.00974259 0.0117541 0.0140575 0.0166681 0.0195972 0.0228504 0.0264275 0.0303212 0.0345171 0.0389933 0.0437203 0.0486612 0.0537723 0.0590038 0.0643006 0.0696032 0.0748493 0.0799751 0.084916 0.0896089 0.0939924 0.098009 0.101605 0.104733 0.107352 0.109425 0.110926 0.111835 0.112139 0.111835 0.110926 0.109425 0.107352 0.104733 0.101605 0.098009 0.0939924 0.0896089 0.084916 0.0799751 0.0748493 0.0696032 0.0643006 0.0590038 0.0537723 0.0486612 0.0437203 0.0389933 0.0345171 0.0303212 0.0264275 0.0228504 0.0195972 0.0166681 0.0140575 0.0117541 0.00974259 0.0080038 0.00651626 0.00525681 0.0042016 0.00332677 0.00260913 0.00202669 0.00155903 0.00118756 0.000895681 0.000668841 0.00049448 0.000361947 0.000262355 0.000188406 0.000134208 9.50923e-05 6.74325e-05 4.84916e-05 3.62854e-05 2.94752e-05 
3.59235e-05 3.87741e-05 4.76499e-05 6.35421e-05 8.81686e-05 0.000124071 0.000174747 0.000244817 0.000340218 0.000468413 0.000638617 0.000862012 0.00115195 0.00152409 0.00199653 0.0025898 0.00332677 0.00423241 0.00533349 0.00665801 0.00823456 0.0100915 0.0122559 0.0147529 0.0176038 0.0208259 0.0244307 0.0284228 0.0327998 0.0375506 0.0426557 0.0480865 0.0538058 0.0597677 0.0659188 0.0721985 0.0785407 0.0848747 0.0911271 0.0972227 0.103087 0.108646 0.113829 0.118571 0.122811 0.126495 0.129575 0.132012 0.133775 0.134842 0.135199 0.134842 0.133775 0.132012 0.129575 0.126495 0.122811 0.118571 0.113829 0.108646 0.103087 0.0972227 0.0911271 0.0848747 0.0785407 0.0721985 0.0659188 0.0597677 0.0538058 0.0480865 0.0426557 0.0375506 0.0327998 0.0284228 0.0244307 0.0208259 0.0176038 0.0147529 0.0122559 0.0100915 0.00823456 0.00665801 0.00533349 0.00423241 0.00332677 0.0025898 0.00199653 0.00152409 0.00115195 0.000862012 0.000638617 0.000468413 0.000340218 0.000244817 0.000174747 0.000124071 8.81686e-05 6.35421e-05 4.76499e-05 3.87741e-05 
4.68463e-05 5.05285e-05 6.19873e-05 8.2484e-05 0.000114201 0.000160363 0.000225396 0.000315134 0.000437048 0.000600501 0.000817016 0.00110052 0.00146757 0.00193754 0.00253266 0.00327807 0.0042016 0.00533349 0.00670593 0.00835234 0.0103066 0.0126018 0.0152696 0.0183383 0.021832 0.0257688 0.0301603 0.0350094 0.0403102 0.046047 0.0521935 0.0587134 0.06556 0.0726771 0.0799998 0.0874557 0.0949663 0.102449 0.109817 0.116984 0.123864 0.130374 0.136433 0.141966 0.146907 0.151193 0.154774 0.157604 0.159651 0.160889 0.161303 0.160889 0.159651 0.157604 0.154774 0.151193 0.146907 0.141966 0.136433 0.130374 0.123864 0.116984 0.109817 0.102449 0.0949663 0.0874557 0.0799998 0.0726771 0.06556 0.0587134 0.0521935 0.046047 0.0403102 0.0350094 0.0301603 0.0257688 0.021832 0.0183383 0.0152696 0.0126018 0.0103066 0.00835234 0.00670593 0.00533349 0.0042016 0.00327807 0.00253266 0.00193754 0.00146757 0.00110052 0.000817016 0.000600501 0.000437048 0.000315134 0.000225396 0.000160363 0.000114201 8.2484e-05 6.19873e-05 5.05285e-05 
6.05218e-05 6.52336e-05 7.98891e-05 0.000106078 0.000146547 0.000205346 0.000288026 0.000401879 0.000556218 0.00076268 0.00103553 0.00139194 0.00185226 0.00244017 0.00318277 0.00411047 0.00525681 0.00665801 0.00835234 0.0103792 0.0127783 0.015588 0.0188441 0.0225787 0.0268177 0.0315804 0.0368769 0.0427078 0.0490626 0.0559192 0.0632436 0.0709898 0.0791001 0.0875064 0.096131 0.104888 0.113686 0.122428 0.131015 0.139348 0.147329 0.154865 0.161866 0.168249 0.173939 0.178869 0.182982 0.186231 0.188578 0.189997 0.190472 0.189997 0.188578 0.186231 0.182982 0.178869 0.173939 0.168249 0.161866 0.154865 0.147329 0.139348 0.131015 0.122428 0.113686 0.104888 0.096131 0.0875064 0.0791001 0.0709898 0.0632436 0.0559192 0.0490626 0.0427078 0.0368769 0.0315804 0.0268177 0.0225787 0.0188441 0.015588 0.0127783 0.0103792 0.00835234 0.00665801 0.00525681 0.00411047 0.00318277 0.00244017 0.00185226 0.00139194 0.00103553 0.00076268 0.000556218 0.000401879 0.000288026 0.000205346 0.000146547 0.000106078 7.98891e-05 6.52336e-05 
7.7467e-05 8.34408e-05 0.000102012 0.000135164 0.000186322 0.000260528 0.000364673 0.000507788 0.000701373 0.000959747 0.0013004 0.00174432 0.00231626 0.00304489 0.00396286 0.00510666 0.00651626 0.00823456 0.0103066 0.0127783 0.0156955 0.019102 0.0230383 0.0275393 0.032633 0.0383384 0.0446638 0.0516059 0.0591484 0.0672612 0.0759007 0.0850096 0.0945177 0.104343 0.114394 0.12457 0.134765 0.144867 0.154765 0.164347 0.173503 0.182129 0.190126 0.197404 0.203881 0.209485 0.214155 0.217841 0.220501 0.222109 0.222646 0.222109 0.220501 0.217841 0.214155 0.209485 0.203881 0.197404 0.190126 0.182129 0.173503 0.164347 0.154765 0.144867 0.134765 0.12457 0.114394 0.104343 0.0945177 0.0850096 0.0759007 0.0672612 0.0591484 0.0516059 0.0446638 0.0383384 0.032633 0.0275393 0.0230383 0.019102 0.0156955 0.0127783 0.0103066 0.00823456 0.00651626 0.00510666 0.00396286 0.00304489 0.00231626 0.00174432 0.0013004 0.000959747 0.000701373 0.000507788 0.000364673 0.000260528 0.000186322 0.000135164 0.000102012 8.34408e-05 
9.82481e-05 0.000105752 0.000129069 0.000170652 0.000234733 0.000327526 0.000457511 0.000635766 0.00087636 0.00119675 0.00161817 0.00216603 0.00287014 0.00376488 0.00488923 0.00628648 0.0080038 0.0100915 0.0126018 0.015588 0.019102 0.0231935 0.027907 0.0332804 0.0393427 0.0461118 0.053593 0.0617777 0.0706419 0.0801461 0.0902351 0.100839 0.111872 0.123239 0.134831 0.146532 0.15822 0.16977 0.181055 0.191952 0.202339 0.212102 0.221135 0.22934 0.236629 0.242926 0.248167 0.252299 0.255279 0.257079 0.257681 0.257079 0.255279 0.252299 0.248167 0.242926 0.236629 0.22934 0.221135 0.212102 0.202339 0.191952 0.181055 0.16977 0.15822 0.146532 0.134831 0.123239 0.111872 0.100839 0.0902351 0.0801461 0.0706419 0.0617777 0.053593 0.0461118 0.0393427 0.0332804 0.027907 0.0231935 0.019102 0.015588 0.0126018 0.0100915 0.0080038 0.00628648 0.00488923 0.00376488 0.00287014 0.00216603 0.00161817 0.00119675 0.00087636 0.000635766 0.000457511 0.000327526 0.000234733 0.000170652 0.000129069 0.000105752 
0.000123471 0.000132813 0.000161823 0.00021351 0.000293051 0.000408039 0.00056881 0.000788832 0.00108515 0.00147885 0.0019955 0.00266553 0.00352452 0.00461333 0.00597798 0.00766937 0.00974259 0.0122559 0.0152696 0.0188441 0.0230383 0.027907 0.0334989 0.039854 0.0470014 0.0549569 0.0637211 0.0732785 0.0835957 0.0946217 0.106288 0.118509 0.131185 0.144201 0.157434 0.170749 0.18401 0.197076 0.209806 0.222064 0.23372 0.244649 0.254738 0.263883 0.271994 0.278989 0.284804 0.289382 0.292682 0.294674 0.29534 0.294674 0.292682 0.289382 0.284804 0.278989 0.271994 0.263883 0.254738 0.244649 0.23372 0.222064 0.209806 0.197076 0.18401 0.170749 0.157434 0.144201 0.131185 0.118509 0.106288 0.0946217 0.0835957 0.0732785 0.0637211 0.0549569 0.0470014 0.039854 0.0334989 0.027907 0.0230383 0.0188441 0.0152696 0.0122559 0.00974259 0.00766937 0.00597798 0.00461333 0.00352452 0.00266553 0.0019955 0.00147885 0.00108515 0.000788832 0.00056881 0.000408039 0.000293051 0.00021351 0.000161823 0.000132813 
0.00015377 0.000165295 0.000201066 0.000264735 0.000362583 0.000503804 0.000700878 0.000970032 0.00133174 0.00181123 0.00243898 0.00325113 0.00428975 0.0056029 0.00724447 0.00927365 0.0117541 0.0147529 0.0183383 0.0225787 0.0275393 0.0332804 0.039854 0.0473015 0.0556508 0.064914 0.0750858 0.0861414 0.0980363 0.110706 0.124066 0.138016 0.152435 0.167193 0.182147 0.197146 0.212037 0.226663 0.240872 0.254516 0.267454 0.279555 0.2907 0.300781 0.309704 0.317388 0.323766 0.328781 0.332393 0.334573 0.335301 0.334573 0.332393 0.328781 0.323766 0.317388 0.309704 0.300781 0.2907 0.279555 0.267454 0.254516 0.240872 0.226663 0.212037 0.197146 0.182147 0.167193 0.152435 0.138016 0.124066 0.110706 0.0980363 0.0861414 0.0750858 0.064914 0.0556508 0.0473015 0.039854 0.0332804 0.0275393 0.0225787 0.0183383 0.0147529 0.0117541 0.00927365 0.00724447 0.0056029 0.00428975 0.00325113 0.00243898 0.00181123 0.00133174 0.000970032 0.000700878 0.000503804 0.000362583 0.000264735 0.000201066 0.000165295 
0.000189793 0.000203884 0.0002476 0.000325336 0.000444641 0.000616546 0.000855993 0.00118235 0.00161999 0.00219883 0.00295489 0.00393069 0.0051755 0.00674534 0.00870269 0.0111158 0.0140575 0.0176038 0.021832 0.0268177 0.032633 0.0393427 0.0470014 0.0556508 0.0653162 0.0760046 0.0877023 0.100374 0.113961 0.128383 0.14354 0.15931 0.175555 0.192125 0.208859 0.225587 0.242139 0.258346 0.274043 0.28907 0.30328 0.316535 0.328713 0.339704 0.349413 0.357759 0.364675 0.370108 0.374017 0.376374 0.377161 0.376374 0.374017 0.370108 0.364675 0.357759 0.349413 0.339704 0.328713 0.316535 0.30328 0.28907 0.274043 0.258346 0.242139 0.225587 0.208859 0.192125 0.175555 0.15931 0.14354 0.128383 0.113961 0.100374 0.0877023 0.0760046 0.0653162 0.0556508 0.0470014 0.0393427 0.032633 0.0268177 0.021832 0.0176038 0.0140575 0.0111158 0.00870269 0.00674534 0.0051755 0.00393069 0.00295489 0.00219883 0.00161999 0.00118235 0.000855993 0.000616546 0.000444641 0.000325336 0.0002476 0.000203884 
0.000232178 0.000249256 0.000302213 0.000396292 0.000540488 0.00074792 0.00103632 0.00142861 0.00195353 0.00264626 0.00354898 0.00471128 0.00619034 0.00805088 0.0103646 0.0132095 0.0166681 0.0208259 0.0257688 0.0315804 0.0383384 0.0461118 0.0549569 0.064914 0.0760046 0.0882282 0.101561 0.115954 0.131334 0.147602 0.164638 0.182301 0.200432 0.218861 0.237405 0.25588 0.274099 0.291878 0.309042 0.325423 0.340868 0.355236 0.368401 0.380256 0.390705 0.39967 0.407087 0.412906 0.417089 0.419609 0.420451 0.419609 0.417089 0.412906 0.407087 0.39967 0.390705 0.380256 0.368401 0.355236 0.340868 0.325423 0.309042 0.291878 0.274099 0.25588 0.237405 0.218861 0.200432 0.182301 0.164638 0.147602 0.131334 0.115954 0.101561 0.0882282 0.0760046 0.064914 0.0549569 0.0461118 0.0383384 0.0315804 0.0257688 0.0208259 0.0166681 0.0132095 0.0103646 0.00805088 0.00619034 0.00471128 0.00354898 0.00264626 0.00195353 0.00142861 0.00103632 0.00074792 0.000540488 0.000396292 0.000302213 0.000249256 
0.000281531 0.000302051 0.000365646 0.000478519 0.000651295 0.000899442 0.00124382 0.00171132 0.00233555 0.00315751 0.00422617 0.00559885 0.00734134 0.00952772 0.0122397 0.0155652 0.0195972 0.0244307 0.0301603 0.0368769 0.0446638 0.053593 0.0637211 0.0750858 0.0877023 0.101561 0.116625 0.132831 0.150087 0.168275 0.187252 0.206856 0.226907 0.247212 0.267572 0.287782 0.307642 0.326957 0.34554 0.363218 0.379835 0.395247 0.409332 0.421982 0.433107 0.442634 0.450503 0.456667 0.461094 0.463759 0.464649 0.463759 0.461094 0.456667 0.450503 0.442634 0.433107 0.421982 0.409332 0.395247 0.379835 0.363218 0.34554 0.326957 0.307642 0.287782 0.267572 0.247212 0.226907 0.206856 0.187252 0.168275 0.150087 0.132831 0.116625 0.101561 0.0877023 0.0750858 0.0637211 0.053593 0.0446638 0.0368769 0.0301603 0.0244307 0.0195972 0.0155652 0.0122397 0.00952772 0.00734134 0.00559885 0.00422617 0.00315751 0.00233555 0.00171132 0.00124382 0.000899442 0.000651295 0.000478519 0.000365646 0.000302051 
0.000338402 0.000362844 0.000438561 0.000572825 0.000778079 0.00107241 0.00148014 0.00203256 0.00276864 0.00373576 0.00499027 0.00659786 0.00863359 0.0111815 0.0143338 0.018189 0.0228504 0.0284228 0.0350094 0.0427078 0.0516059 0.0617777 0.0732785 0.0861414 0.100374 0.115954 0.132831 0.150923 0.170118 0.190276 0.211232 0.232799 0.254776 0.276949 0.299098 0.321003 0.34245 0.363233 0.383159 0.402052 0.419751 0.436118 0.451032 0.464392 0.476113 0.486129 0.494387 0.500848 0.505481 0.508268 0.509199 0.508268 0.505481 0.500848 0.494387 0.486129 0.476113 0.464392 0.451032 0.436118 0.419751 0.402052 0.383159 0.363233 0.34245 0.321003 0.299098 0.276949 0.254776 0.232799 0.211232 0.190276 0.170118 0.150923 0.132831 0.115954 0.100374 0.0861414 0.0732785 0.0617777 0.0516059 0.0427078 0.0350094 0.0284228 0.0228504 0.018189 0.0143338 0.0111815 0.00863359 0.00659786 0.00499027 0.00373576 0.00276864 0.00203256 0.00148014 0.00107241 0.000778079 0.000572825 0.000438561 0.000362844 
0.000403249 0.000432117 0.000521503 0.000679862 0.000921648 0.00126782 0.00174653 0.00239386 0.00325463 0.00438313 0.00584367 0.00771093 0.0100698 0.0130148 0.016649 0.021082 0.0264275 0.0327998 0.0403102 0.0490626 0.0591484 0.0706419 0.0835957 0.0980363 0.113961 0.131334 0.150087 0.170118 0.191293 0.213448 0.236394 0.25992 0.2838 0.307801 0.331685 0.355215 0.378166 0.400324 0.42149 0.441488 0.46016 0.47737 0.493005 0.506972 0.519195 0.529616 0.538192 0.54489 0.549689 0.552573 0.553536 0.552573 0.549689 0.54489 0.538192 0.529616 0.519195 0.506972 0.493005 0.47737 0.46016 0.441488 0.42149 0.400324 0.378166 0.355215 0.331685 0.307801 0.2838 0.25992 0.236394 0.213448 0.191293 0.170118 0.150087 0.131334 0.113961 0.0980363 0.0835957 0.0706419 0.0591484 0.0490626 0.0403102 0.0327998 0.0264275 0.021082 0.016649 0.0130148 0.0100698 0.00771093 0.00584367 0.00438313 0.00325463 0.00239386 0.00174653 0.00126782 0.000921648 0.000679862 0.000521503 0.000432117 
0.000476411 0.000510221 0.000614861 0.000800082 0.00108253 0.00148632 0.00204373 0.00279605 0.0037944 0.0051005 0.00678715 0.00893853 0.0116499 0.0150266 0.0191831 0.0242399 0.0303212 0.0375506 0.046047 0.0559192 0.0672612 0.0801461 0.0946217 0.110706 0.128383 0.147602 0.168275 0.190276 0.213448 0.237602 0.262522 0.287973 0.313708 0.33947 0.365005 0.390063 0.414409 0.437822 0.460103 0.481076 0.500589 0.518515 0.534747 0.549205 0.561824 0.572558 0.581373 0.588246 0.593164 0.596118 0.597103 0.596118 0.593164 0.588246 0.581373 0.572558 0.561824 0.549205 0.534747 0.518515 0.500589 0.481076 0.460103 0.437822 0.414409 0.390063 0.365005 0.33947 0.313708 0.287973 0.262522 0.237602 0.213448 0.190276 0.168275 0.147602 0.128383 0.110706 0.0946217 0.0801461 0.0672612 0.0559192 0.046047 0.0375506 0.0303212 0.0242399 0.0191831 0.0150266 0.0116499 0.00893853 0.00678715 0.0051005 0.0037944 0.00279605 0.00204373 0.00148632 0.00108253 0.000800082 0.000614861 0.000510221 
0.000558075 0.000597345 0.00071883 0.000933685 0.00126093 0.00172807 0.00237184 0.00323912 0.00438774 0.00588729 0.00781956 0.0102787 0.0133706 0.017212 0.0219287 0.0276522 0.0345171 0.0426557 0.0521935 0.0632436 0.0759007 0.0902351 0.106288 0.124066 0.14354 0.164638 0.187252 0.211232 0.236394 0.262522 0.289375 0.316692 0.344204 0.371634 0.398711 0.425176 0.450784 0.475313 0.498564 0.520366 0.540574 0.559073 0.575769 0.590593 0.603495 0.614442 0.623412 0.630395 0.635384 0.638378 0.639376 0.638378 0.635384 0.630395 0.623412 0.614442 0.603495 0.590593 0.575769 0.559073 0.540574 0.520366 0.498564 0.475313 0.450784 0.425176 0.398711 0.371634 0.344204 0.316692 0.289375 0.262522 0.236394 0.211232 0.187252 0.164638 0.14354 0.124066 0.106288 0.0902351 0.0759007 0.0632436 0.0521935 0.0426557 0.0345171 0.0276522 0.0219287 0.017212 0.0133706 0.0102787 0.00781956 0.00588729 0.00438774 0.00323912 0.00237184 0.00172807 0.00126093 0.000933685 0.00071883 0.000597345 
0.000648245 0.000693485 0.000833377 0.00108058 0.00145666 0.00199274 0.0027303 0.00372213 0.00503318 0.00674131 0.00893766 0.0117267 0.0152253 0.0195619 0.0248734 0.0313024 0.0389933 0.0480865 0.0587134 0.0709898 0.0850096 0.100839 0.118509 0.138016 0.15931 0.182301 0.206856 0.232799 0.25992 0.287973 0.316692 0.345792 0.374979 0.40396 0.43245 0.460179 0.486899 0.512387 0.536448 0.55892 0.579668 0.59859 0.615608 0.630669 0.643737 0.654796 0.663838 0.670862 0.675874 0.678879 0.67988 0.678879 0.675874 0.670862 0.663838 0.654796 0.643737 0.630669 0.615608 0.59859 0.579668 0.55892 0.536448 0.512387 0.486899 0.460179 0.43245 0.40396 0.374979 0.345792 0.316692 0.287973 0.25992 0.232799 0.206856 0.182301 0.15931 0.138016 0.118509 0.100839 0.0850096 0.0709898 0.0587134 0.0480865 0.0389933 0.0313024 0.0248734 0.0195619 0.0152253 0.0117267 0.00893766 0.00674131 0.00503318 0.00372213 0.0027303 0.00199274 0.00145666 0.00108058 0.000833377 0.000693485 
0.00074672 0.000798417 0.000958207 0.00124035 0.0016691 0.0022794 0.00311775 0.00424313 0.00572794 0.0076586 0.010136 0.013275 0.0172041 0.0220627 0.0279994 0.0351674 0.0437203 0.0538058 0.06556 0.0791001 0.0945177 0.111872 0.131185 0.152435 0.175555 0.200432 0.226907 0.254776 0.2838 0.313708 0.344204 0.374979 0.405719 0.436116 0.46587 0.494707 0.522375 0.548653 0.573357 0.596332 0.61746 0.636653 0.653851 0.669017 0.682137 0.693207 0.702236 0.709237 0.714224 0.71721 0.718205 0.71721 0.714224 0.709237 0.702236 0.693207 0.682137 0.669017 0.653851 0.636653 0.61746 0.596332 0.573357 0.548653 0.522375 0.494707 0.46587 0.436116 0.405719 0.374979 0.344204 0.313708 0.2838 0.254776 0.226907 0.200432 0.175555 0.152435 0.131185 0.111872 0.0945177 0.0791001 0.06556 0.0538058 0.0437203 0.0351674 0.0279994 0.0220627 0.0172041 0.013275 0.010136 0.0076586 0.00572794 0.00424313 0.00311775 0.0022794 0.0016691 0.00124035 0.000958207 0.000798417 
0.000853066 0.00091167 0.00109274 0.00141221 0.00189715 0.00258651 0.00353201 0.00479909 0.0064678 0.00863343 0.0114067 0.0149134 0.019293 0.0246966 0.0312838 0.039218 0.0486612 0.0597677 0.0726771 0.0875064 0.104343 0.123239 0.144201 0.167193 0.192125 0.218861 0.247212 0.276949 0.307801 0.33947 0.371634 0.40396 0.436116 0.467776 0.498635 0.528411 0.556855 0.583753 0.608927 0.632239 0.653587 0.6729 0.690138 0.705285 0.718344 0.72933 0.738267 0.745181 0.750099 0.75304 0.754019 0.75304 0.750099 0.745181 0.738267 0.72933 0.718344 0.705285 0.690138 0.6729 0.653587 0.632239 0.608927 0.583753 0.556855 0.528411 0.498635 0.467776 0.436116 0.40396 0.371634 0.33947 0.307801 0.276949 0.247212 0.218861 0.192125 0.167193 0.144201 0.123239 0.104343 0.0875064 0.0726771 0.0597677 0.0486612 0.039218 0.0312838 0.0246966 0.019293 0.0149134 0.0114067 0.00863343 0.0064678 0.00479909 0.00353201 0.00258651 0.00189715 0.00141221 0.00109274 0.00091167 
0.000966604 0.00103252 0.00123609 0.00159499 0.00213923 0.00291189 0.00397007 0.00538585 0.00724712 0.0096582 0.0127398 0.0166285 0.0214749 0.0274415 0.0346984 0.0434187 0.0537723 0.0659188 0.0799998 0.096131 0.114394 0.134831 0.157434 0.182147 0.208859 0.237405 0.267572 0.299098 0.331685 0.365005 0.398711 0.43245 0.46587 0.498635 0.530431 0.560975 0.590021 0.617365 0.642841 0.666328 0.687741 0.707032 0.72418 0.73919 0.752084 0.762898 0.77167 0.778442 0.783249 0.786121 0.787077 0.786121 0.783249 0.778442 0.77167 0.762898 0.752084 0.73919 0.72418 0.707032 0.687741 0.666328 0.642841 0.617365 0.590021 0.560975 0.530431 0.498635 0.46587 0.43245 0.398711 0.365005 0.331685 0.299098 0.267572 0.237405 0.208859 0.182147 0.157434 0.134831 0.114394 0.096131 0.0799998 0.0659188 0.0537723 0.0434187 0.0346984 0.0274415 0.0214749 0.0166285 0.0127398 0.0096582 0.00724712 0.00538585 0.00397007 0.00291189 0.00213923 0.00159499 0.00123609 0.00103252 
0.0010864 0.00115996 0.00138706 0.00178716 0.00239327 0.00325271 0.00442807 0.00599817 0.00805888 0.0107235 0.0141229 0.0184042 0.0237293 0.0302712 0.0382105 0.0477291 0.0590038 0.0721985 0.0874557 0.104888 0.12457 0.146532 0.170749 0.197146 0.225587 0.25588 0.287782 0.321003 0.355215 0.390063 0.425176 0.460179 0.494707 0.528411 0.560975 0.592116 0.621595 0.649218 0.674836 0.698345 0.719681 0.738817 0.755755 0.770522 0.783161 0.793724 0.802268 0.808847 0.813509 0.816291 0.817215 0.816291 0.813509 0.808847 0.802268 0.793724 0.783161 0.770522 0.755755 0.738817 0.719681 0.698345 0.674836 0.649218 0.621595 0.592116 0.560975 0.528411 0.494707 0.460179 0.425176 0.390063 0.355215 0.321003 0.287782 0.25588 0.225587 0.197146 0.170749 0.146532 0.12457 0.104888 0.0874557 0.0721985 0.0590038 0.0477291 0.0382105 0.0302712 0.0237293 0.0184042 0.0141229 0.0107235 0.00805888 0.00599817 0.00442807 0.00325271 0.00239327 0.00178716 0.00138706 0.00115996 
0.00121128 0.00129274 0.00154415 0.00198679 0.0026567 0.0036055 0.00490133 0.00662978 0.00889468 0.0118184 0.0155417 0.0202222 0.0260324 0.033156 0.0417831 0.0521037 0.0643006 0.0785407 0.0949663 0.113686 0.134765 0.15822 0.18401 0.212037 0.242139 0.274099 0.307642 0.34245 0.378166 0.414409 0.450784 0.486899 0.522375 0.556855 0.590021 0.621595 0.651346 0.679093 0.704705 0.728097 0.749228 0.768093 0.784718 0.79915 0.811454 0.821701 0.829963 0.836309 0.840797 0.843471 0.844359 0.843471 0.840797 0.836309 0.829963 0.821701 0.811454 0.79915 0.784718 0.768093 0.749228 0.728097 0.704705 0.679093 0.651346 0.621595 0.590021 0.556855 0.522375 0.486899 0.450784 0.414409 0.378166 0.34245 0.307642 0.274099 0.242139 0.212037 0.18401 0.15822 0.134765 0.113686 0.0949663 0.0785407 0.0643006 0.0521037 0.0417831 0.033156 0.0260324 0.0202222 0.0155417 0.0118184 0.00889468 0.00662978 0.00490133 0.0036055 0.0026567 0.00198679 0.00154415 0.00129274 
0.00133982 0.00142935 0.00170557 0.00219159 0.00292651 0.00396624 0.00538443 0.00727344 0.00974498 0.0129304 0.0169799 0.0220616 0.0283582 0.0360632 0.0453758 0.0564932 0.0696032 0.0848747 0.102449 0.122428 0.144867 0.16977 0.197076 0.226663 0.258346 0.291878 0.326957 0.363233 0.400324 0.437822 0.475313 0.512387 0.548653 0.583753 0.617365 0.649218 0.679093 0.706824 0.732299 0.755453 0.776269 0.794766 0.81099 0.825014 0.83692 0.846799 0.854738 0.860819 0.86511 0.867663 0.86851 0.867663 0.86511 0.860819 0.854738 0.846799 0.83692 0.825014 0.81099 0.794766 0.776269 0.755453 0.732299 0.706824 0.679093 0.649218 0.617365 0.583753 0.548653 0.512387 0.475313 0.437822 0.400324 0.363233 0.326957 0.291878 0.258346 0.226663 0.197076 0.16977 0.144867 0.122428 0.102449 0.0848747 0.0696032 0.0564932 0.0453758 0.0360632 0.0283582 0.0220616 0.0169799 0.0129304 0.00974498 0.00727344 0.00538443 0.00396624 0.00292651 0.00219159 0.00170557 0.00142935 
