0.00036155 0.000369157 0.000392139 0.000430977 0.000486466 0.000559711 0.000652114 0.000765359 0.000901395 0.00106241 0.00125081 0.00146917 0.00172021 0.00200674 0.00233162 0.00269766 0.00310762 0.00356411 0.00406948 0.00462582 0.00523483 0.00589774 0.00661527 0.00738753 0.00821397 0.00909329 0.0100234 0.0110016 0.0120239 0.013086 0.0141824 0.015307 0.0164527 0.0176119 0.0187763 0.0199371 0.0210849 0.0222101 0.0233029 0.0243535 0.0253521 0.026289 0.0271553 0.0279421 0.0286415 0.0292463 0.0297501 0.0301477 0.0304347 0.0306082 0.0306662 0.0306082 0.0304347 0.0301477 0.0297501 0.0292463 0.0286415 0.0279421 0.0271553 0.026289 0.0253521 0.0243535 0.0233029 0.0222101 0.0210849 0.0199371 0.0187763 0.0176119 0.0164527 0.015307 0.0141824 0.013086 0.0120239 0.0110016 0.0100234 0.00909329 0.00821397 0.00738753 0.00661527 0.00589774 0.00523483 0.00462582 0.00406948 0.00356411 0.00310762 0.00269766 0.00233162 0.00200674 0.00172021 0.00146917 0.00125081 0.00106241 0.000901395 0.000765359 0.000652114 0.000559711 0.000486466 0.000430977 0.000392139 0.000369157 
0.000369157 0.000376913 0.000400343 0.000439937 0.000496503 0.000571163 0.000665342 0.000780752 0.000919372 0.00108343 0.00127535 0.00149777 0.00175344 0.0020452 0.00237596 0.00274857 0.00316583 0.00363036 0.00414457 0.00471055 0.00533 0.00600418 0.0067338 0.00751895 0.00835905 0.00925279 0.010198 0.0111919 0.0122306 0.0133095 0.0144231 0.0155652 0.0167286 0.0179056 0.0190877 0.020266 0.021431 0.022573 0.023682 0.024748 0.0257612 0.0267118 0.0275906 0.0283888 0.0290983 0.0297117 0.0302228 0.030626 0.0309171 0.0310931 0.0311519 0.0310931 0.0309171 0.030626 0.0302228 0.0297117 0.0290983 0.0283888 0.0275906 0.0267118 0.0257612 0.024748 0.023682 0.022573 0.021431 0.020266 0.0190877 0.0179056 0.0167286 0.0155652 0.0144231 0.0133095 0.0122306 0.0111919 0.010198 0.00925279 0.00835905 0.00751895 0.0067338 0.00600418 0.00533 0.00471055 0.00414457 0.00363036 0.00316583 0.00274857 0.00237596 0.0020452 0.00175344 0.00149777 0.00127535 0.00108343 0.000919372 0.000780752 0.000665342 0.000571163 0.000496503 0.000439937 0.000400343 0.000376913 
0.000392139 0.000400343 0.000425127 0.000467002 0.000526816 0.000605748 0.000705287 0.000827229 0.000973643 0.00114686 0.00134942 0.00158407 0.00185369 0.00216124 0.00250973 0.00290216 0.0033414 0.00383019 0.004371 0.004966 0.00561693 0.00632505 0.00709107 0.00791503 0.00879629 0.00973341 0.0107242 0.0117654 0.0128532 0.0139827 0.0151481 0.0163428 0.0175594 0.0187898 0.0200252 0.0212562 0.022473 0.0236654 0.024823 0.0259356 0.0269927 0.0279843 0.0289009 0.0297332 0.0304729 0.0311124 0.0316451 0.0320654 0.0323688 0.0325522 0.0326135 0.0325522 0.0323688 0.0320654 0.0316451 0.0311124 0.0304729 0.0297332 0.0289009 0.0279843 0.0269927 0.0259356 0.024823 0.0236654 0.022473 0.0212562 0.0200252 0.0187898 0.0175594 0.0163428 0.0151481 0.0139827 0.0128532 0.0117654 0.0107242 0.00973341 0.00879629 0.00791503 0.00709107 0.00632505 0.00561693 0.004966 0.004371 0.00383019 0.0033414 0.00290216 0.00250973 0.00216124 0.00185369 0.00158407 0.00134942 0.00114686 0.000973643 0.000827229 0.000705287 0.000605748 0.000526816 0.000467002 0.000425127 0.000400343 
0.000430977 0.000439937 0.000467002 0.000512723 0.000578016 0.000664146 0.000772721 0.000905669 0.00106522 0.00125386 0.00147435 0.00172959 0.00202269 0.0023568 0.00273515 0.0031609 0.00363712 0.0041667 0.00475224 0.00539601 0.00609982 0.00686495 0.00769209 0.00858122 0.00953155 0.0105415 0.0116085 0.0127293 0.0138994 0.0151137 0.0163659 0.0176488 0.0189546 0.0202745 0.0215991 0.0229183 0.0242217 0.0254984 0.0267375 0.0279278 0.0290584 0.0301187 0.0310984 0.0319878 0.0327781 0.0334612 0.03403 0.0344788 0.0348028 0.0349986 0.0350641 0.0349986 0.0348028 0.0344788 0.03403 0.0334612 0.0327781 0.0319878 0.0310984 0.0301187 0.0290584 0.0279278 0.0267375 0.0254984 0.0242217 0.0229183 0.0215991 0.0202745 0.0189546 0.0176488 0.0163659 0.0151137 0.0138994 0.0127293 0.0116085 0.0105415 0.00953155 0.00858122 0.00769209 0.00686495 0.00609982 0.00539601 0.00475224 0.0041667 0.00363712 0.0031609 0.00273515 0.0023568 0.00202269 0.00172959 0.00147435 0.00125386 0.00106522 0.000905669 0.000772721 0.000664146 0.000578016 0.000512723 0.000467002 0.000439937 
0.000486466 0.000496503 0.000526816 0.000578016 0.000651107 0.000747486 0.00086892 0.00101753 0.00119576 0.00140636 0.00165231 0.00193684 0.00226329 0.00263513 0.00305586 0.00352891 0.00405759 0.00464502 0.00529397 0.00600686 0.00678559 0.00763146 0.00854512 0.00952645 0.0105745 0.0116874 0.0128623 0.0140954 0.0153818 0.0167158 0.0180904 0.0194979 0.0209294 0.0223755 0.0238258 0.0252694 0.0266948 0.0280904 0.029444 0.0307438 0.0319779 0.0331347 0.0342032 0.0351729 0.0360343 0.0367787 0.0373985 0.0378873 0.0382402 0.0384534 0.0385247 0.0384534 0.0382402 0.0378873 0.0373985 0.0367787 0.0360343 0.0351729 0.0342032 0.0331347 0.0319779 0.0307438 0.029444 0.0280904 0.0266948 0.0252694 0.0238258 0.0223755 0.0209294 0.0194979 0.0180904 0.0167158 0.0153818 0.0140954 0.0128623 0.0116874 0.0105745 0.00952645 0.00854512 0.00763146 0.00678559 0.00600686 0.00529397 0.00464502 0.00405759 0.00352891 0.00305586 0.00263513 0.00226329 0.00193684 0.00165231 0.00140636 0.00119576 0.00101753 0.00086892 0.000747486 0.000651107 0.000578016 0.000526816 0.000496503 
0.000559711 0.000571163 0.000605748 0.000664146 0.000747486 0.000857329 0.000995653 0.00116483 0.00136758 0.00160698 0.00188634 0.00220925 0.00257942 0.00300069 0.0034769 0.00401184 0.00460915 0.0052722 0.00600403 0.0068072 0.00768372 0.00863494 0.00966145 0.010763 0.0119383 0.0131853 0.0145005 0.0158798 0.0173175 0.0188071 0.0203408 0.02191 0.0235048 0.0251146 0.0267279 0.0283327 0.0299163 0.0314658 0.0329678 0.0344094 0.0357774 0.0370591 0.0382425 0.0393161 0.0402694 0.041093 0.0417786 0.0423192 0.0427094 0.0429452 0.043024 0.0429452 0.0427094 0.0423192 0.0417786 0.041093 0.0402694 0.0393161 0.0382425 0.0370591 0.0357774 0.0344094 0.0329678 0.0314658 0.0299163 0.0283327 0.0267279 0.0251146 0.0235048 0.02191 0.0203408 0.0188071 0.0173175 0.0158798 0.0145005 0.0131853 0.0119383 0.010763 0.00966145 0.00863494 0.00768372 0.0068072 0.00600403 0.0052722 0.00460915 0.00401184 0.0034769 0.00300069 0.00257942 0.00220925 0.00188634 0.00160698 0.00136758 0.00116483 0.000995653 0.000857329 0.000747486 0.000664146 0.000605748 0.000571163 
0.000652114 0.000665342 0.000705287 0.000772721 0.00086892 0.000995653 0.00115516 0.00135011 0.0015836 0.00185906 0.00218025 0.00255118 0.00297602 0.00345906 0.00400459 0.00461681 0.00529975 0.00605711 0.00689221 0.00780782 0.00880608 0.00988836 0.0110552 0.012306 0.0136395 0.0150528 0.0165422 0.0181026 0.0197277 0.02141 0.0231406 0.0249097 0.0267063 0.0285184 0.0303331 0.0321368 0.0339156 0.0356548 0.0373399 0.0389561 0.040489 0.0419245 0.0432493 0.0444507 0.0455171 0.0464382 0.0472047 0.047809 0.0482451 0.0485085 0.0485966 0.0485085 0.0482451 0.047809 0.0472047 0.0464382 0.0455171 0.0444507 0.0432493 0.0419245 0.040489 0.0389561 0.0373399 0.0356548 0.0339156 0.0321368 0.0303331 0.0285184 0.0267063 0.0249097 0.0231406 0.02141 0.0197277 0.0181026 0.0165422 0.0150528 0.0136395 0.012306 0.0110552 0.00988836 0.00880608 0.00780782 0.00689221 0.00605711 0.00529975 0.00461681 0.00400459 0.00345906 0.00297602 0.00255118 0.00218025 0.00185906 0.0015836 0.00135011 0.00115516 0.000995653 0.00086892 0.000772721 0.000705287 0.000665342 
0.000765359 0.000780752 0.000827229 0.000905669 0.00101753 0.00116483 0.00135011 0.00157643 0.00184728 0.00216658 0.00253858 0.00296781 0.00345899 0.00401693 0.00464644 0.00535224 0.00613879 0.0070102 0.0079701 0.0090215 0.0101667 0.011407 0.0127429 0.0141736 0.0156972 0.0173106 0.0190093 0.0207872 0.0226372 0.0245505 0.0265171 0.0285258 0.0305639 0.0326179 0.0346733 0.0367148 0.0387266 0.0406923 0.0425956 0.0444201 0.0461495 0.0477683 0.0492615 0.050615 0.0518161 0.0528531 0.0537158 0.0543959 0.0548866 0.0551829 0.0552821 0.0551829 0.0548866 0.0543959 0.0537158 0.0528531 0.0518161 0.050615 0.0492615 0.0477683 0.0461495 0.0444201 0.0425956 0.0406923 0.0387266 0.0367148 0.0346733 0.0326179 0.0305639 0.0285258 0.0265171 0.0245505 0.0226372 0.0207872 0.0190093 0.0173106 0.0156972 0.0141736 0.0127429 0.011407 0.0101667 0.0090215 0.0079701 0.0070102 0.00613879 0.00535224 0.00464644 0.00401693 0.00345899 0.00296781 0.00253858 0.00216658 0.00184728 0.00157643 0.00135011 0.00116483 0.00101753 0.000905669 0.000827229 0.000780752 
0.000901395 0.000919372 0.000973643 0.00106522 0.00119576 0.00136758 0.0015836 0.00184728 0.00216263 0.0025341 0.00296654 0.00346507 0.00403503 0.00468188 0.00541101 0.00622772 0.00713698 0.00814335 0.00925082 0.0104627 0.0117813 0.013208 0.0147432 0.0163857 0.0181333 0.0199819 0.0219264 0.0239598 0.0260736 0.0282578 0.0305008 0.0327898 0.0351104 0.0374472 0.0397838 0.0421029 0.0443865 0.0466163 0.0487739 0.0508409 0.0527991 0.0546311 0.0563201 0.0578506 0.0592081 0.0603798 0.0613543 0.0621223 0.0626764 0.063011 0.0631229 0.063011 0.0626764 0.0621223 0.0613543 0.0603798 0.0592081 0.0578506 0.0563201 0.0546311 0.0527991 0.0508409 0.0487739 0.0466163 0.0443865 0.0421029 0.0397838 0.0374472 0.0351104 0.0327898 0.0305008 0.0282578 0.0260736 0.0239598 0.0219264 0.0199819 0.0181333 0.0163857 0.0147432 0.013208 0.0117813 0.0104627 0.00925082 0.00814335 0.00713698 0.00622772 0.00541101 0.00468188 0.00403503 0.00346507 0.00296654 0.0025341 0.00216263 0.00184728 0.0015836 0.00136758 0.00119576 0.00106522 0.000973643 0.000919372 
0.00106241 0.00108343 0.00114686 0.00125386 0.00140636 0.00160698 0.00185906 0.00216658 0.0025341 0.00296671 0.0034699 0.00404952 0.00471161 0.00546232 0.00630775 0.00725382 0.00830609 0.00946962 0.0107488 0.0121471 0.0136672 0.0153103 0.0170765 0.0189644 0.020971 0.0230918 0.0253203 0.0276485 0.0300666 0.0325629 0.0351242 0.0377357 0.040381 0.0430427 0.045702 0.0483393 0.0509345 0.0534668 0.0559155 0.0582598 0.0604796 0.0625552 0.0644679 0.0662003 0.0677363 0.0690616 0.0701637 0.071032 0.0716582 0.0720364 0.0721629 0.0720364 0.0716582 0.071032 0.0701637 0.0690616 0.0677363 0.0662003 0.0644679 0.0625552 0.0604796 0.0582598 0.0559155 0.0534668 0.0509345 0.0483393 0.045702 0.0430427 0.040381 0.0377357 0.0351242 0.0325629 0.0300666 0.0276485 0.0253203 0.0230918 0.020971 0.0189644 0.0170765 0.0153103 0.0136672 0.0121471 0.0107488 0.00946962 0.00830609 0.00725382 0.00630775 0.00546232 0.00471161 0.00404952 0.0034699 0.00296671 0.0025341 0.00216658 0.00185906 0.00160698 0.00140636 0.00125386 0.00114686 0.00108343 
0.00125081 0.00127535 0.00134942 0.00147435 0.00165231 0.00188634 0.00218025 0.00253858 0.00296654 0.0034699 0.00405494 0.00472827 0.00549675 0.00636731 0.00734681 0.00844188 0.00965873 0.011003 0.0124793 0.0140917 0.0158427 0.0177336 0.0197642 0.0219326 0.0242351 0.0266663 0.0292186 0.0318826 0.0346469 0.037498 0.0404207 0.0433982 0.0464117 0.0494413 0.0524658 0.0554631 0.0584103 0.0612841 0.0640612 0.0667183 0.0692328 0.0715827 0.0737471 0.0757067 0.0774435 0.0789415 0.0801868 0.0811678 0.0818752 0.0823023 0.0824451 0.0823023 0.0818752 0.0811678 0.0801868 0.0789415 0.0774435 0.0757067 0.0737471 0.0715827 0.0692328 0.0667183 0.0640612 0.0612841 0.0584103 0.0554631 0.0524658 0.0494413 0.0464117 0.0433982 0.0404207 0.037498 0.0346469 0.0318826 0.0292186 0.0266663 0.0242351 0.0219326 0.0197642 0.0177336 0.0158427 0.0140917 0.0124793 0.011003 0.00965873 0.00844188 0.00734681 0.00636731 0.00549675 0.00472827 0.00405494 0.0034699 0.00296654 0.00253858 0.00218025 0.00188634 0.00165231 0.00147435 0.00134942 0.00127535 
0.00146917 0.00149777 0.00158407 0.00172959 0.00193684 0.00220925 0.00255118 0.00296781 0.00346507 0.00404952 0.00472827 0.00550883 0.00639891 0.00740634 0.00853883 0.00980377 0.0112081 0.0127579 0.0144584 0.0163138 0.0183268 0.0204985 0.0228283 0.025314 0.0279508 0.0307323 0.0336496 0.0366918 0.0398455 0.0430954 0.046424 0.0498119 0.053238 0.0566795 0.0601126 0.0635121 0.0668523 0.0701072 0.0732504 0.0762559 0.0790985 0.0817536 0.084198 0.08641 0.0883697 0.0900595 0.0914638 0.0925698 0.0933672 0.0938486 0.0940096 0.0938486 0.0933672 0.0925698 0.0914638 0.0900595 0.0883697 0.08641 0.084198 0.0817536 0.0790985 0.0762559 0.0732504 0.0701072 0.0668523 0.0635121 0.0601126 0.0566795 0.053238 0.0498119 0.046424 0.0430954 0.0398455 0.0366918 0.0336496 0.0307323 0.0279508 0.025314 0.0228283 0.0204985 0.0183268 0.0163138 0.0144584 0.0127579 0.0112081 0.00980377 0.00853883 0.00740634 0.00639891 0.00550883 0.00472827 0.00404952 0.00346507 0.00296781 0.00255118 0.00220925 0.00193684 0.00172959 0.00158407 0.00149777 
0.00172021 0.00175344 0.00185369 0.00202269 0.00226329 0.00257942 0.00297602 0.00345899 0.00403503 0.00471161 0.00549675 0.00639891 0.00742681 0.0085892 0.00989472 0.0113516 0.0129675 0.0147491 0.0167021 0.018831 0.0211384 0.0236254 0.026291 0.029132 0.032143 0.0353161 0.038641 0.042105 0.0456926 0.0493864 0.0531662 0.05701 0.0608939 0.064792 0.0686774 0.0725219 0.0762966 0.0799721 0.0835193 0.086909 0.0901129 0.093104 0.0958563 0.0983459 0.100551 0.102451 0.10403 0.105273 0.106169 0.10671 0.106891 0.10671 0.106169 0.105273 0.10403 0.102451 0.100551 0.0983459 0.0958563 0.093104 0.0901129 0.086909 0.0835193 0.0799721 0.0762966 0.0725219 0.0686774 0.064792 0.0608939 0.05701 0.0531662 0.0493864 0.0456926 0.042105 0.038641 0.0353161 0.032143 0.029132 0.026291 0.0236254 0.0211384 0.018831 0.0167021 0.0147491 0.0129675 0.0113516 0.00989472 0.0085892 0.00742681 0.00639891 0.00549675 0.00471161 0.00403503 0.00345899 0.00297602 0.00257942 0.00226329 0.00202269 0.00185369 0.00175344 
0.00200674 0.0020452 0.00216124 0.0023568 0.00263513 0.00300069 0.00345906 0.00401693 0.00468188 0.00546232 0.00636731 0.00740634 0.0085892 0.00992569 0.0114254 0.0130974 0.0149502 0.0169912 0.0192264 0.0216605 0.0242963 0.0271344 0.0301734 0.0334093 0.0368355 0.0404427 0.044219 0.0481495 0.0522165 0.0564 0.0606772 0.0650229 0.0694101 0.0738099 0.0781917 0.0825239 0.0867744 0.0909103 0.0948989 0.0987082 0.102307 0.105664 0.108752 0.111544 0.114015 0.116145 0.117914 0.119306 0.120309 0.120915 0.121118 0.120915 0.120309 0.119306 0.117914 0.116145 0.114015 0.111544 0.108752 0.105664 0.102307 0.0987082 0.0948989 0.0909103 0.0867744 0.0825239 0.0781917 0.0738099 0.0694101 0.0650229 0.0606772 0.0564 0.0522165 0.0481495 0.044219 0.0404427 0.0368355 0.0334093 0.0301734 0.0271344 0.0242963 0.0216605 0.0192264 0.0169912 0.0149502 0.0130974 0.0114254 0.00992569 0.0085892 0.00740634 0.00636731 0.00546232 0.00468188 0.00401693 0.00345906 0.00300069 0.00263513 0.0023568 0.00216124 0.0020452 
0.00233162 0.00237596 0.00250973 0.00273515 0.00305586 0.0034769 0.00400459 0.00464644 0.00541101 0.00630775 0.00734681 0.00853883 0.00989472 0.0114254 0.0131415 0.015053 0.0171693 0.0194983 0.0220466 0.0248189 0.027818 0.0310443 0.0344956 0.0381669 0.0420505 0.0461353 0.0504075 0.0548499 0.0594424 0.064162 0.0689829 0.0738769 0.0788132 0.0837594 0.0886814 0.093544 0.0983111 0.102946 0.107414 0.111677 0.115702 0.119456 0.122906 0.126024 0.128783 0.13116 0.133133 0.134686 0.135806 0.136481 0.136707 0.136481 0.135806 0.134686 0.133133 0.13116 0.128783 0.126024 0.122906 0.119456 0.115702 0.111677 0.107414 0.102946 0.0983111 0.093544 0.0886814 0.0837594 0.0788132 0.0738769 0.0689829 0.064162 0.0594424 0.0548499 0.0504075 0.0461353 0.0420505 0.0381669 0.0344956 0.0310443 0.027818 0.0248189 0.0220466 0.0194983 0.0171693 0.015053 0.0131415 0.0114254 0.00989472 0.00853883 0.00734681 0.00630775 0.00541101 0.00464644 0.00400459 0.0034769 0.00305586 0.00273515 0.00250973 0.00237596 
0.00269766 0.00274857 0.00290216 0.0031609 0.00352891 0.00401184 0.00461681 0.00535224 0.00622772 0.00725382 0.00844188 0.00980377 0.0113516 0.0130974 0.015053 0.0172294 0.0196367 0.0222834 0.0251766 0.0283211 0.0317197 0.0353721 0.0392755 0.0434237 0.0478074 0.0524139 0.057227 0.0622271 0.0673913 0.0726936 0.0781047 0.0835927 0.0891235 0.0946606 0.100166 0.105601 0.110925 0.116097 0.121079 0.125831 0.130314 0.134492 0.13833 0.141798 0.144865 0.147505 0.149698 0.151422 0.152665 0.153415 0.153666 0.153415 0.152665 0.151422 0.149698 0.147505 0.144865 0.141798 0.13833 0.134492 0.130314 0.125831 0.121079 0.116097 0.110925 0.105601 0.100166 0.0946606 0.0891235 0.0835927 0.0781047 0.0726936 0.0673913 0.0622271 0.057227 0.0524139 0.0478074 0.0434237 0.0392755 0.0353721 0.0317197 0.0283211 0.0251766 0.0222834 0.0196367 0.0172294 0.015053 0.0130974 0.0113516 0.00980377 0.00844188 0.00725382 0.00622772 0.00535224 0.00461681 0.00401184 0.00352891 0.0031609 0.00290216 0.00274857 
0.00310762 0.00316583 0.0033414 0.00363712 0.00405759 0.00460915 0.00529975 0.00613879 0.00713698 0.00830609 0.00965873 0.0112081 0.0129675 0.0149502 0.0171693 0.0196367 0.0223632 0.0253582 0.028629 0.0321806 0.0360153 0.0401325 0.0445282 0.0491951 0.0541222 0.0592946 0.0646938 0.0702974 0.0760794 0.0820103 0.0880574 0.0941849 0.100355 0.106526 0.112657 0.118704 0.124623 0.13037 0.135901 0.141172 0.146143 0.150773 0.155024 0.158863 0.162256 0.165177 0.167601 0.169508 0.170881 0.17171 0.171987 0.17171 0.170881 0.169508 0.167601 0.165177 0.162256 0.158863 0.155024 0.150773 0.146143 0.141172 0.135901 0.13037 0.124623 0.118704 0.112657 0.106526 0.100355 0.0941849 0.0880574 0.0820103 0.0760794 0.0702974 0.0646938 0.0592946 0.0541222 0.0491951 0.0445282 0.0401325 0.0360153 0.0321806 0.028629 0.0253582 0.0223632 0.0196367 0.0171693 0.0149502 0.0129675 0.0112081 0.00965873 0.00830609 0.00713698 0.00613879 0.00529975 0.00460915 0.00405759 0.00363712 0.0033414 0.00316583 
0.00356411 0.00363036 0.00383019 0.0041667 0.00464502 0.0052722 0.00605711 0.0070102 0.00814335 0.00946962 0.011003 0.0127579 0.0147491 0.0169912 0.0194983 0.0222834 0.0253582 0.0287326 0.0324142 0.0364081 0.0407161 0.045337 0.0502656 0.0554932 0.0610067 0.0667891 0.0728192 0.0790714 0.0855164 0.0921212 0.0988489 0.10566 0.112512 0.119359 0.126156 0.132854 0.139405 0.145761 0.151873 0.157695 0.163181 0.168288 0.172974 0.177204 0.180942 0.184158 0.186825 0.188923 0.190434 0.191346 0.191651 0.191346 0.190434 0.188923 0.186825 0.184158 0.180942 0.177204 0.172974 0.168288 0.163181 0.157695 0.151873 0.145761 0.139405 0.132854 0.126156 0.119359 0.112512 0.10566 0.0988489 0.0921212 0.0855164 0.0790714 0.0728192 0.0667891 0.0610067 0.0554932 0.0502656 0.045337 0.0407161 0.0364081 0.0324142 0.0287326 0.0253582 0.0222834 0.0194983 0.0169912 0.0147491 0.0127579 0.011003 0.00946962 0.00814335 0.0070102 0.00605711 0.0052722 0.00464502 0.0041667 0.00383019 0.00363036 
0.00406948 0.00414457 0.004371 0.00475224 0.00529397 0.00600403 0.00689221 0.0079701 0.00925082 0.0107488 0.0124793 0.0144584 0.0167021 0.0192264 0.0220466 0.0251766 0.028629 0.0324142 0.0365402 0.0410117 0.0458302 0.0509936 0.0564955 0.0623253 0.0684678 0.0749036 0.0816083 0.0885532 0.0957053 0.103028 0.110479 0.118016 0.12559 0.133153 0.140654 0.14804 0.155257 0.162254 0.168978 0.175378 0.181404 0.18701 0.192153 0.196791 0.200889 0.204413 0.207335 0.209633 0.211287 0.212285 0.212619 0.212285 0.211287 0.209633 0.207335 0.204413 0.200889 0.196791 0.192153 0.18701 0.181404 0.175378 0.168978 0.162254 0.155257 0.14804 0.140654 0.133153 0.12559 0.118016 0.110479 0.103028 0.0957053 0.0885532 0.0816083 0.0749036 0.0684678 0.0623253 0.0564955 0.0509936 0.0458302 0.0410117 0.0365402 0.0324142 0.028629 0.0251766 0.0220466 0.0192264 0.0167021 0.0144584 0.0124793 0.0107488 0.00925082 0.0079701 0.00689221 0.00600403 0.00529397 0.00475224 0.004371 0.00414457 
0.00462582 0.00471055 0.004966 0.00539601 0.00600686 0.0068072 0.00780782 0.0090215 0.0104627 0.0121471 0.0140917 0.0163138 0.018831 0.0216605 0.0248189 0.0283211 0.0321806 0.0364081 0.0410117 0.045996 0.0513619 0.0571062 0.0632209 0.0696936 0.0765067 0.0836379 0.0910596 0.0987396 0.106641 0.114722 0.122938 0.13124 0.139576 0.147892 0.156132 0.164238 0.172153 0.17982 0.187183 0.194185 0.200774 0.206901 0.212517 0.21758 0.222051 0.225894 0.22908 0.231584 0.233387 0.234474 0.234838 0.234474 0.233387 0.231584 0.22908 0.225894 0.222051 0.21758 0.212517 0.206901 0.200774 0.194185 0.187183 0.17982 0.172153 0.164238 0.156132 0.147892 0.139576 0.13124 0.122938 0.114722 0.106641 0.0987396 0.0910596 0.0836379 0.0765067 0.0696936 0.0632209 0.0571062 0.0513619 0.045996 0.0410117 0.0364081 0.0321806 0.0283211 0.0248189 0.0216605 0.018831 0.0163138 0.0140917 0.0121471 0.0104627 0.0090215 0.00780782 0.0068072 0.00600686 0.00539601 0.004966 0.00471055 
0.00523483 0.00533 0.00561693 0.00609982 0.00678559 0.00768372 0.00880608 0.0101667 0.0117813 0.0136672 0.0158427 0.0183268 0.0211384 0.0242963 0.027818 0.0317197 0.0360153 0.0407161 0.0458302 0.0513619 0.0573113 0.0636737 0.0704398 0.0775947 0.0851184 0.0929853 0.101164 0.10962 0.11831 0.127189 0.136208 0.145312 0.154444 0.163546 0.172557 0.181414 0.190055 0.198417 0.206442 0.214068 0.221239 0.227903 0.234008 0.239508 0.244363 0.248535 0.251992 0.254708 0.256663 0.257843 0.258237 0.257843 0.256663 0.254708 0.251992 0.248535 0.244363 0.239508 0.234008 0.227903 0.221239 0.214068 0.206442 0.198417 0.190055 0.181414 0.172557 0.163546 0.154444 0.145312 0.136208 0.127189 0.11831 0.10962 0.101164 0.0929853 0.0851184 0.0775947 0.0704398 0.0636737 0.0573113 0.0513619 0.0458302 0.0407161 0.0360153 0.0317197 0.027818 0.0242963 0.0211384 0.0183268 0.0158427 0.0136672 0.0117813 0.0101667 0.00880608 0.00768372 0.00678559 0.00609982 0.00561693 0.00533 
0.00589774 0.00600418 0.00632505 0.00686495 0.00763146 0.00863494 0.00988836 0.011407 0.013208 0.0153103 0.0177336 0.0204985 0.0236254 0.0271344 0.0310443 0.0353721 0.0401325 0.045337 0.0509936 0.0571062 0.0636737 0.0706903 0.0781445 0.0860191 0.0942912 0.102932 0.111906 0.121174 0.13069 0.140403 0.150258 0.160197 0.170158 0.180076 0.189885 0.199518 0.208908 0.217989 0.226694 0.234962 0.242731 0.249945 0.256551 0.262499 0.267746 0.272253 0.275987 0.27892 0.28103 0.282303 0.282728 0.282303 0.28103 0.27892 0.275987 0.272253 0.267746 0.262499 0.256551 0.249945 0.242731 0.234962 0.226694 0.217989 0.208908 0.199518 0.189885 0.180076 0.170158 0.160197 0.150258 0.140403 0.13069 0.121174 0.111906 0.102932 0.0942912 0.0860191 0.0781445 0.0706903 0.0636737 0.0571062 0.0509936 0.045337 0.0401325 0.0353721 0.0310443 0.0271344 0.0236254 0.0204985 0.0177336 0.0153103 0.013208 0.011407 0.00988836 0.00863494 0.00763146 0.00686495 0.00632505 0.00600418 
0.00661527 0.0067338 0.00709107 0.00769209 0.00854512 0.00966145 0.0110552 0.0127429 0.0147432 0.0170765 0.0197642 0.0228283 0.026291 0.0301734 0.0344956 0.0392755 0.0445282 0.0502656 0.0564955 0.0632209 0.0704398 0.0781445 0.0863215 0.0949508 0.104006 0.113456 0.12326 0.133375 0.143749 0.154328 0.165051 0.175854 0.18667 0.197429 0.20806 0.21849 0.228649 0.238464 0.247866 0.256789 0.265167 0.272942 0.280056 0.286459 0.292104 0.296951 0.300964 0.304116 0.306384 0.307751 0.308208 0.307751 0.306384 0.304116 0.300964 0.296951 0.292104 0.286459 0.280056 0.272942 0.265167 0.256789 0.247866 0.238464 0.228649 0.21849 0.20806 0.197429 0.18667 0.175854 0.165051 0.154328 0.143749 0.133375 0.12326 0.113456 0.104006 0.0949508 0.0863215 0.0781445 0.0704398 0.0632209 0.0564955 0.0502656 0.0445282 0.0392755 0.0344956 0.0301734 0.026291 0.0228283 0.0197642 0.0170765 0.0147432 0.0127429 0.0110552 0.00966145 0.00854512 0.00769209 0.00709107 0.0067338 
0.00738753 0.00751895 0.00791503 0.00858122 0.00952645 0.010763 0.012306 0.0141736 0.0163857 0.0189644 0.0219326 0.025314 0.029132 0.0334093 0.0381669 0.0434237 0.0491951 0.0554932 0.0623253 0.0696936 0.0775947 0.0860191 0.0949508 0.104367 0.114238 0.124528 0.135193 0.146184 0.157446 0.168918 0.180534 0.192226 0.203919 0.21554 0.227011 0.238256 0.249198 0.25976 0.26987 0.279456 0.288451 0.296791 0.304419 0.311279 0.317325 0.322514 0.326809 0.330181 0.332606 0.334068 0.334556 0.334068 0.332606 0.330181 0.326809 0.322514 0.317325 0.311279 0.304419 0.296791 0.288451 0.279456 0.26987 0.25976 0.249198 0.238256 0.227011 0.21554 0.203919 0.192226 0.180534 0.168918 0.157446 0.146184 0.135193 0.124528 0.114238 0.104367 0.0949508 0.0860191 0.0775947 0.0696936 0.0623253 0.0554932 0.0491951 0.0434237 0.0381669 0.0334093 0.029132 0.025314 0.0219326 0.0189644 0.0163857 0.0141736 0.012306 0.010763 0.00952645 0.00858122 0.00791503 0.00751895 
0.00821397 0.00835905 0.00879629 0.00953155 0.0105745 0.0119383 0.0136395 0.0156972 0.0181333 0.020971 0.0242351 0.0279508 0.032143 0.0368355 0.0420505 0.0478074 0.0541222 0.0610067 0.0684678 0.0765067 0.0851184 0.0942912 0.104006 0.114238 0.124953 0.136111 0.147664 0.159557 0.171731 0.184119 0.19665 0.209248 0.221837 0.234335 0.246659 0.258729 0.270463 0.28178 0.292603 0.302857 0.312471 0.321379 0.329521 0.33684 0.343286 0.348815 0.35339 0.356981 0.359563 0.36112 0.36164 0.36112 0.359563 0.356981 0.35339 0.348815 0.343286 0.33684 0.329521 0.321379 0.312471 0.302857 0.292603 0.28178 0.270463 0.258729 0.246659 0.234335 0.221837 0.209248 0.19665 0.184119 0.171731 0.159557 0.147664 0.136111 0.124953 0.114238 0.104006 0.0942912 0.0851184 0.0765067 0.0684678 0.0610067 0.0541222 0.0478074 0.0420505 0.0368355 0.032143 0.0279508 0.0242351 0.020971 0.0181333 0.0156972 0.0136395 0.0119383 0.0105745 0.00953155 0.00879629 0.00835905 
0.00909329 0.00925279 0.00973341 0.0105415 0.0116874 0.0131853 0.0150528 0.0173106 0.0199819 0.0230918 0.0266663 0.0307323 0.0353161 0.0404427 0.0461353 0.0524139 0.0592946 0.0667891 0.0749036 0.0836379 0.0929853 0.102932 0.113456 0.124528 0.136111 0.14816 0.160623 0.173439 0.186544 0.199865 0.213326 0.226846 0.240341 0.253725 0.266912 0.279812 0.292342 0.304416 0.315952 0.326873 0.337105 0.346579 0.355232 0.363005 0.369847 0.375714 0.380567 0.384374 0.387111 0.388761 0.389312 0.388761 0.387111 0.384374 0.380567 0.375714 0.369847 0.363005 0.355232 0.346579 0.337105 0.326873 0.315952 0.304416 0.292342 0.279812 0.266912 0.253725 0.240341 0.226846 0.213326 0.199865 0.186544 0.173439 0.160623 0.14816 0.136111 0.124528 0.113456 0.102932 0.0929853 0.0836379 0.0749036 0.0667891 0.0592946 0.0524139 0.0461353 0.0404427 0.0353161 0.0307323 0.0266663 0.0230918 0.0199819 0.0173106 0.0150528 0.0131853 0.0116874 0.0105415 0.00973341 0.00925279 
0.0100234 0.010198 0.0107242 0.0116085 0.0128623 0.0145005 0.0165422 0.0190093 0.0219264 0.0253203 0.0292186 0.0336496 0.038641 0.044219 0.0504075 0.057227 0.0646938 0.0728192 0.0816083 0.0910596 0.101164 0.111906 0.12326 0.135193 0.147664 0.160623 0.174012 0.187767 0.201817 0.216084 0.230485 0.244934 0.259342 0.273617 0.287666 0.301398 0.314722 0.327549 0.339795 0.351378 0.362221 0.372254 0.38141 0.389631 0.396864 0.403062 0.408186 0.412206 0.415095 0.416835 0.417416 0.416835 0.415095 0.412206 0.408186 0.403062 0.396864 0.389631 0.38141 0.372254 0.362221 0.351378 0.339795 0.327549 0.314722 0.301398 0.287666 0.273617 0.259342 0.244934 0.230485 0.216084 0.201817 0.187767 0.174012 0.160623 0.147664 0.135193 0.12326 0.111906 0.101164 0.0910596 0.0816083 0.0728192 0.0646938 0.057227 0.0504075 0.044219 0.038641 0.0336496 0.0292186 0.0253203 0.0219264 0.0190093 0.0165422 0.0145005 0.0128623 0.0116085 0.0107242 0.010198 
0.0110016 0.0111919 0.0117654 0.0127293 0.0140954 0.0158798 0.0181026 0.0207872 0.0239598 0.0276485 0.0318826 0.0366918 0.042105 0.0481495 0.0548499 0.0622271 0.0702974 0.0790714 0.0885532 0.0987396 0.10962 0.121174 0.133375 0.146184 0.159557 0.173439 0.187767 0.202472 0.217475 0.232693 0.248039 0.263419 0.278739 0.293903 0.308811 0.323369 0.33748 0.351053 0.363999 0.376233 0.387677 0.398258 0.407907 0.416565 0.424178 0.430699 0.436088 0.440313 0.443349 0.445178 0.445789 0.445178 0.443349 0.440313 0.436088 0.430699 0.424178 0.416565 0.407907 0.398258 0.387677 0.376233 0.363999 0.351053 0.33748 0.323369 0.308811 0.293903 0.278739 0.263419 0.248039 0.232693 0.217475 0.202472 0.187767 0.173439 0.159557 0.146184 0.133375 0.121174 0.10962 0.0987396 0.0885532 0.0790714 0.0702974 0.0622271 0.0548499 0.0481495 0.042105 0.0366918 0.0318826 0.0276485 0.0239598 0.0207872 0.0181026 0.0158798 0.0140954 0.0127293 0.0117654 0.0111919 
0.0120239 0.0122306 0.0128532 0.0138994 0.0153818 0.0173175 0.0197277 0.0226372 0.0260736 0.0300666 0.0346469 0.0398455 0.0456926 0.0522165 0.0594424 0.0673913 0.0760794 0.0855164 0.0957053 0.106641 0.11831 0.13069 0.143749 0.157446 0.171731 0.186544 0.201817 0.217475 0.233433 0.249604 0.265892 0.2822 0.298427 0.314471 0.33023 0.345602 0.360488 0.374793 0.388424 0.401295 0.413325 0.424438 0.434567 0.443648 0.451629 0.458461 0.464106 0.46853 0.471707 0.473621 0.474261 0.473621 0.471707 0.46853 0.464106 0.458461 0.451629 0.443648 0.434567 0.424438 0.413325 0.401295 0.388424 0.374793 0.360488 0.345602 0.33023 0.314471 0.298427 0.2822 0.265892 0.249604 0.233433 0.217475 0.201817 0.186544 0.171731 0.157446 0.143749 0.13069 0.11831 0.106641 0.0957053 0.0855164 0.0760794 0.0673913 0.0594424 0.0522165 0.0456926 0.0398455 0.0346469 0.0300666 0.0260736 0.0226372 0.0197277 0.0173175 0.0153818 0.0138994 0.0128532 0.0122306 
0.013086 0.0133095 0.0139827 0.0151137 0.0167158 0.0188071 0.02141 0.0245505 0.0282578 0.0325629 0.037498 0.0430954 0.0493864 0.0564 0.064162 0.0726936 0.0820103 0.0921212 0.103028 0.114722 0.127189 0.140403 0.154328 0.168918 0.184119 0.199865 0.216084 0.232693 0.249604 0.266721 0.283944 0.30117 0.318292 0.335204 0.351797 0.367967 0.383611 0.398629 0.412927 0.426416 0.439012 0.45064 0.461229 0.470718 0.479052 0.486182 0.492071 0.496684 0.499997 0.501992 0.502658 0.501992 0.499997 0.496684 0.492071 0.486182 0.479052 0.470718 0.461229 0.45064 0.439012 0.426416 0.412927 0.398629 0.383611 0.367967 0.351797 0.335204 0.318292 0.30117 0.283944 0.266721 0.249604 0.232693 0.216084 0.199865 0.184119 0.168918 0.154328 0.140403 0.127189 0.114722 0.103028 0.0921212 0.0820103 0.0726936 0.064162 0.0564 0.0493864 0.0430954 0.037498 0.0325629 0.0282578 0.0245505 0.02141 0.0188071 0.0167158 0.0151137 0.0139827 0.0133095 
0.0141824 0.0144231 0.0151481 0.0163659 0.0180904 0.0203408 0.0231406 0.0265171 0.0305008 0.0351242 0.0404207 0.046424 0.0531662 0.0606772 0.0689829 0.0781047 0.0880574 0.0988489 0.110479 0.122938 0.136208 0.150258 0.165051 0.180534 0.19665 0.213326 0.230485 0.248039 0.265892 0.283944 0.302089 0.320217 0.338218 0.355978 0.373386 0.390332 0.406711 0.42242 0.437361 0.451444 0.464584 0.476705 0.487734 0.497611 0.50628 0.513694 0.519814 0.524606 0.528047 0.530119 0.53081 0.530119 0.528047 0.524606 0.519814 0.513694 0.50628 0.497611 0.487734 0.476705 0.464584 0.451444 0.437361 0.42242 0.406711 0.390332 0.373386 0.355978 0.338218 0.320217 0.302089 0.283944 0.265892 0.248039 0.230485 0.213326 0.19665 0.180534 0.165051 0.150258 0.136208 0.122938 0.110479 0.0988489 0.0880574 0.0781047 0.0689829 0.0606772 0.0531662 0.046424 0.0404207 0.0351242 0.0305008 0.0265171 0.0231406 0.0203408 0.0180904 0.0163659 0.0151481 0.0144231 
0.015307 0.0155652 0.0163428 0.0176488 0.0194979 0.02191 0.0249097 0.0285258 0.0327898 0.0377357 0.0433982 0.0498119 0.05701 0.0650229 0.0738769 0.0835927 0.0941849 0.10566 0.118016 0.13124 0.145312 0.160197 0.175854 0.192226 0.209248 0.226846 0.244934 0.263419 0.2822 0.30117 0.320217 0.339227 0.358083 0.376667 0.394865 0.412562 0.429649 0.44602 0.461578 0.476229 0.489887 0.502475 0.513922 0.524165 0.53315 0.540831 0.547167 0.552128 0.555688 0.557831 0.558547 0.557831 0.555688 0.552128 0.547167 0.540831 0.53315 0.524165 0.513922 0.502475 0.489887 0.476229 0.461578 0.44602 0.429649 0.412562 0.394865 0.376667 0.358083 0.339227 0.320217 0.30117 0.2822 0.263419 0.244934 0.226846 0.209248 0.192226 0.175854 0.160197 0.145312 0.13124 0.118016 0.10566 0.0941849 0.0835927 0.0738769 0.0650229 0.05701 0.0498119 0.0433982 0.0377357 0.0327898 0.0285258 0.0249097 0.02191 0.0194979 0.0176488 0.0163428 0.0155652 
0.0164527 0.0167286 0.0175594 0.0189546 0.0209294 0.0235048 0.0267063 0.0305639 0.0351104 0.040381 0.0464117 0.053238 0.0608939 0.0694101 0.0788132 0.0891235 0.100355 0.112512 0.12559 0.139576 0.154444 0.170158 0.18667 0.203919 0.221837 0.240341 0.259342 0.278739 0.298427 0.318292 0.338218 0.358083 0.377766 0.397147 0.416103 0.43452 0.452284 0.469289 0.485432 0.500621 0.514768 0.527796 0.539635 0.550221 0.559502 0.56743 0.573968 0.579085 0.582757 0.584966 0.585704 0.584966 0.582757 0.579085 0.573968 0.56743 0.559502 0.550221 0.539635 0.527796 0.514768 0.500621 0.485432 0.469289 0.452284 0.43452 0.416103 0.397147 0.377766 0.358083 0.338218 0.318292 0.298427 0.278739 0.259342 0.240341 0.221837 0.203919 0.18667 0.170158 0.154444 0.139576 0.12559 0.112512 0.100355 0.0891235 0.0788132 0.0694101 0.0608939 0.053238 0.0464117 0.040381 0.0351104 0.0305639 0.0267063 0.0235048 0.0209294 0.0189546 0.0175594 0.0167286 
0.0176119 0.0179056 0.0187898 0.0202745 0.0223755 0.0251146 0.0285184 0.0326179 0.0374472 0.0430427 0.0494413 0.0566795 0.064792 0.0738099 0.0837594 0.0946606 0.106526 0.119359 0.133153 0.147892 0.163546 0.180076 0.197429 0.21554 0.234335 0.253725 0.273617 0.293903 0.314471 0.335204 0.355978 0.376667 0.397147 0.417289 0.436972 0.456074 0.474481 0.492084 0.50878 0.524474 0.53908 0.55252 0.564722 0.575627 0.585181 0.593338 0.600062 0.605322 0.609095 0.611366 0.612123 0.611366 0.609095 0.605322 0.600062 0.593338 0.585181 0.575627 0.564722 0.55252 0.53908 0.524474 0.50878 0.492084 0.474481 0.456074 0.436972 0.417289 0.397147 0.376667 0.355978 0.335204 0.314471 0.293903 0.273617 0.253725 0.234335 0.21554 0.197429 0.180076 0.163546 0.147892 0.133153 0.119359 0.106526 0.0946606 0.0837594 0.0738099 0.064792 0.0566795 0.0494413 0.0430427 0.0374472 0.0326179 0.0285184 0.0251146 0.0223755 0.0202745 0.0187898 0.0179056 
0.0187763 0.0190877 0.0200252 0.0215991 0.0238258 0.0267279 0.0303331 0.0346733 0.0397838 0.045702 0.0524658 0.0601126 0.0686774 0.0781917 0.0886814 0.100166 0.112657 0.126156 0.140654 0.156132 0.172557 0.189885 0.20806 0.227011 0.246659 0.266912 0.287666 0.308811 0.33023 0.351797 0.373386 0.394865 0.416103 0.436972 0.457343 0.477094 0.496107 0.514271 0.531484 0.54765 0.562682 0.576502 0.58904 0.600238 0.610042 0.618408 0.625301 0.630691 0.634557 0.636882 0.637658 0.636882 0.634557 0.630691 0.625301 0.618408 0.610042 0.600238 0.58904 0.576502 0.562682 0.54765 0.531484 0.514271 0.496107 0.477094 0.457343 0.436972 0.416103 0.394865 0.373386 0.351797 0.33023 0.308811 0.287666 0.266912 0.246659 0.227011 0.20806 0.189885 0.172557 0.156132 0.140654 0.126156 0.112657 0.100166 0.0886814 0.0781917 0.0686774 0.0601126 0.0524658 0.045702 0.0397838 0.0346733 0.0303331 0.0267279 0.0238258 0.0215991 0.0200252 0.0190877 
0.0199371 0.020266 0.0212562 0.0229183 0.0252694 0.0283327 0.0321368 0.0367148 0.0421029 0.0483393 0.0554631 0.0635121 0.0725219 0.0825239 0.093544 0.105601 0.118704 0.132854 0.14804 0.164238 0.181414 0.199518 0.21849 0.238256 0.258729 0.279812 0.301398 0.323369 0.345602 0.367967 0.390332 0.412562 0.43452 0.456074 0.477094 0.497453 0.517033 0.535721 0.553413 0.570015 0.585439 0.599608 0.612453 0.623917 0.633948 0.642503 0.649549 0.655056 0.659004 0.661379 0.662172 0.661379 0.659004 0.655056 0.649549 0.642503 0.633948 0.623917 0.612453 0.599608 0.585439 0.570015 0.553413 0.535721 0.517033 0.497453 0.477094 0.456074 0.43452 0.412562 0.390332 0.367967 0.345602 0.323369 0.301398 0.279812 0.258729 0.238256 0.21849 0.199518 0.181414 0.164238 0.14804 0.132854 0.118704 0.105601 0.093544 0.0825239 0.0725219 0.0635121 0.0554631 0.0483393 0.0421029 0.0367148 0.0321368 0.0283327 0.0252694 0.0229183 0.0212562 0.020266 
0.0210849 0.021431 0.022473 0.0242217 0.0266948 0.0299163 0.0339156 0.0387266 0.0443865 0.0509345 0.0584103 0.0668523 0.0762966 0.0867744 0.0983111 0.110925 0.124623 0.139405 0.155257 0.172153 0.190055 0.208908 0.228649 0.249198 0.270463 0.292342 0.314722 0.33748 0.360488 0.383611 0.406711 0.429649 0.452284 0.474481 0.496107 0.517033 0.537138 0.55631 0.574444 0.591445 0.607227 0.621713 0.634837 0.64654 0.656775 0.665499 0.67268 0.678291 0.682313 0.684731 0.685539 0.684731 0.682313 0.678291 0.67268 0.665499 0.656775 0.64654 0.634837 0.621713 0.607227 0.591445 0.574444 0.55631 0.537138 0.517033 0.496107 0.474481 0.452284 0.429649 0.406711 0.383611 0.360488 0.33748 0.314722 0.292342 0.270463 0.249198 0.228649 0.208908 0.190055 0.172153 0.155257 0.139405 0.124623 0.110925 0.0983111 0.0867744 0.0762966 0.0668523 0.0584103 0.0509345 0.0443865 0.0387266 0.0339156 0.0299163 0.0266948 0.0242217 0.022473 0.021431 
0.0222101 0.022573 0.0236654 0.0254984 0.0280904 0.0314658 0.0356548 0.0406923 0.0466163 0.0534668 0.0612841 0.0701072 0.0799721 0.0909103 0.102946 0.116097 0.13037 0.145761 0.162254 0.17982 0.198417 0.217989 0.238464 0.25976 0.28178 0.304416 0.327549 0.351053 0.374793 0.398629 0.42242 0.44602 0.469289 0.492084 0.514271 0.535721 0.55631 0.575926 0.594463 0.611827 0.627932 0.642703 0.656076 0.667993 0.678408 0.687282 0.694582 0.700285 0.704371 0.706828 0.707648 0.706828 0.704371 0.700285 0.694582 0.687282 0.678408 0.667993 0.656076 0.642703 0.627932 0.611827 0.594463 0.575926 0.55631 0.535721 0.514271 0.492084 0.469289 0.44602 0.42242 0.398629 0.374793 0.351053 0.327549 0.304416 0.28178 0.25976 0.238464 0.217989 0.198417 0.17982 0.162254 0.145761 0.13037 0.116097 0.102946 0.0909103 0.0799721 0.0701072 0.0612841 0.0534668 0.0466163 0.0406923 0.0356548 0.0314658 0.0280904 0.0254984 0.0236654 0.022573 
0.0233029 0.023682 0.024823 0.0267375 0.029444 0.0329678 0.0373399 0.0425956 0.0487739 0.0559155 0.0640612 0.0732504 0.0835193 0.0948989 0.107414 0.121079 0.135901 0.151873 0.168978 0.187183 0.206442 0.226694 0.247866 0.26987 0.292603 0.315952 0.339795 0.363999 0.388424 0.412927 0.437361 0.461578 0.485432 0.50878 0.531484 0.553413 0.574444 0.594463 0.613365 0.631055 0.64745 0.662475 0.676069 0.688175 0.698748 0.707752 0.715157 0.720939 0.72508 0.72757 0.7284 0.72757 0.72508 0.720939 0.715157 0.707752 0.698748 0.688175 0.676069 0.662475 0.64745 0.631055 0.613365 0.594463 0.574444 0.553413 0.531484 0.50878 0.485432 0.461578 0.437361 0.412927 0.388424 0.363999 0.339795 0.315952 0.292603 0.26987 0.247866 0.226694 0.206442 0.187183 0.168978 0.151873 0.135901 0.121079 0.107414 0.0948989 0.0835193 0.0732504 0.0640612 0.0559155 0.0487739 0.0425956 0.0373399 0.0329678 0.029444 0.0267375 0.024823 0.023682 
0.0243535 0.024748 0.0259356 0.0279278 0.0307438 0.0344094 0.0389561 0.0444201 0.0508409 0.0582598 0.0667183 0.0762559 0.086909 0.0987082 0.111677 0.125831 0.141172 0.157695 0.175378 0.194185 0.214068 0.234962 0.256789 0.279456 0.302857 0.326873 0.351378 0.376233 0.401295 0.426416 0.451444 0.476229 0.500621 0.524474 0.54765 0.570015 0.591445 0.611827 0.631055 0.649036 0.665688 0.680938 0.694725 0.706995 0.717706 0.726823 0.734317 0.740166 0.744355 0.746872 0.747712 0.746872 0.744355 0.740166 0.734317 0.726823 0.717706 0.706995 0.694725 0.680938 0.665688 0.649036 0.631055 0.611827 0.591445 0.570015 0.54765 0.524474 0.500621 0.476229 0.451444 0.426416 0.401295 0.376233 0.351378 0.326873 0.302857 0.279456 0.256789 0.234962 0.214068 0.194185 0.175378 0.157695 0.141172 0.125831 0.111677 0.0987082 0.086909 0.0762559 0.0667183 0.0582598 0.0508409 0.0444201 0.0389561 0.0344094 0.0307438 0.0279278 0.0259356 0.024748 
0.0253521 0.0257612 0.0269927 0.0290584 0.0319779 0.0357774 0.040489 0.0461495 0.0527991 0.0604796 0.0692328 0.0790985 0.0901129 0.102307 0.115702 0.130314 0.146143 0.163181 0.181404 0.200774 0.221239 0.242731 0.265167 0.288451 0.312471 0.337105 0.362221 0.387677 0.413325 0.439012 0.464584 0.489887 0.514768 0.53908 0.562682 0.585439 0.607227 0.627932 0.64745 0.665688 0.682565 0.698011 0.711965 0.724378 0.735207 0.744419 0.751988 0.757894 0.762123 0.764664 0.765512 0.764664 0.762123 0.757894 0.751988 0.744419 0.735207 0.724378 0.711965 0.698011 0.682565 0.665688 0.64745 0.627932 0.607227 0.585439 0.562682 0.53908 0.514768 0.489887 0.464584 0.439012 0.413325 0.387677 0.362221 0.337105 0.312471 0.288451 0.265167 0.242731 0.221239 0.200774 0.181404 0.163181 0.146143 0.130314 0.115702 0.102307 0.0901129 0.0790985 0.0692328 0.0604796 0.0527991 0.0461495 0.040489 0.0357774 0.0319779 0.0290584 0.0269927 0.0257612 
