4.13202e-05 4.28119e-05 4.7354e-05 5.5148e-05 6.6532e-05 8.19839e-05 0.000102125 0.000127726 0.000159709 0.00019915 0.000247284 0.000305502 0.000375344 0.000458495 0.000556768 0.000672086 0.000806457 0.000961941 0.00114061 0.00134451 0.00157559 0.00183566 0.00212635 0.00244899 0.00280459 0.00319377 0.00361666 0.00407292 0.00456158 0.00508111 0.00562931 0.00620334 0.00679971 0.00741427 0.00804228 0.00867845 0.00931698 0.00995168 0.010576 0.0111833 0.0117666 0.0123193 0.0128347 0.0133064 0.0137284 0.0140955 0.0144027 0.014646 0.0148222 0.0149288 0.0149646 0.0149288 0.0148222 0.014646 0.0144027 0.0140955 0.0137284 0.0133064 0.0128347 0.0123193 0.0117666 0.0111833 0.010576 0.00995168 0.00931698 0.00867845 0.00804228 0.00741427 0.00679971 0.00620334 0.00562931 0.00508111 0.00456158 0.00407292 0.00361666 0.00319377 0.00280459 0.00244899 0.00212635 0.00183566 0.00157559 0.00134451 0.00114061 0.000961941 0.000806457 0.000672086 0.000556768 0.000458495 0.000375344 0.000305502 0.000247284 0.00019915 0.000159709 0.000127726 0.000102125 8.19839e-05 6.6532e-05 5.5148e-05 4.7354e-05 4.28119e-05 
4.28119e-05 4.43543e-05 4.90506e-05 5.71082e-05 6.88757e-05 8.48452e-05 0.000105657 0.000132104 0.000165135 0.000205858 0.000255544 0.00031562 0.000387672 0.000473428 0.000574751 0.000693613 0.000832073 0.000992241 0.00117624 0.00138616 0.00162399 0.00189159 0.0021906 0.00252239 0.00288798 0.00328797 0.00372251 0.0041912 0.00469306 0.00522648 0.0057892 0.00637831 0.0069902 0.00762061 0.0082647 0.00891702 0.00957164 0.0102222 0.0108621 0.0114843 0.012082 0.0126481 0.013176 0.0136591 0.0140913 0.0144671 0.0147817 0.0150308 0.0152112 0.0153204 0.0153569 0.0153204 0.0152112 0.0150308 0.0147817 0.0144671 0.0140913 0.0136591 0.013176 0.0126481 0.012082 0.0114843 0.0108621 0.0102222 0.00957164 0.00891702 0.0082647 0.00762061 0.0069902 0.00637831 0.0057892 0.00522648 0.00469306 0.0041912 0.00372251 0.00328797 0.00288798 0.00252239 0.0021906 0.00189159 0.00162399 0.00138616 0.00117624 0.000992241 0.000832073 0.000693613 0.000574751 0.000473428 0.000387672 0.00031562 0.000255544 0.000205858 0.000165135 0.000132104 0.000105657 8.48452e-05 6.88757e-05 5.71082e-05 4.90506e-05 4.43543e-05 
4.7354e-05 4.90506e-05 5.42154e-05 6.30746e-05 7.60076e-05 9.35504e-05 0.0001164 0.000145417 0.000181633 0.00022625 0.000280646 0.000346366 0.000425123 0.000518786 0.00062936 0.000758971 0.000909828 0.0010842 0.00128434 0.0015125 0.0017708 0.00206119 0.00238542 0.0027449 0.00314071 0.00357344 0.00404319 0.0045495 0.00509125 0.00566668 0.00627332 0.00690797 0.00756676 0.00824508 0.00893771 0.0096388 0.010342 0.0110405 0.0117271 0.0123946 0.0130354 0.0136423 0.0142079 0.0147253 0.0151882 0.0155905 0.0159272 0.0161938 0.0163868 0.0165037 0.0165428 0.0165037 0.0163868 0.0161938 0.0159272 0.0155905 0.0151882 0.0147253 0.0142079 0.0136423 0.0130354 0.0123946 0.0117271 0.0110405 0.010342 0.0096388 0.00893771 0.00824508 0.00756676 0.00690797 0.00627332 0.00566668 0.00509125 0.0045495 0.00404319 0.00357344 0.00314071 0.0027449 0.00238542 0.00206119 0.0017708 0.0015125 0.00128434 0.0010842 0.000909828 0.000758971 0.00062936 0.000518786 0.000425123 0.000346366 0.000280646 0.00022625 0.000181633 0.000145417 0.0001164 9.35504e-05 7.60076e-05 6.30746e-05 5.42154e-05 4.90506e-05 
5.5148e-05 5.71082e-05 6.30746e-05 7.33048e-05 8.82312e-05 0.000108464 0.000134795 0.000168204 0.00020986 0.000261126 0.00032356 0.000398907 0.0004891 0.000596238 0.000722574 0.000870487 0.00104245 0.00124097 0.00146859 0.00172775 0.00202081 0.00234991 0.00271694 0.00312342 0.00357047 0.0040587 0.00458813 0.00515815 0.00576744 0.00641396 0.00709486 0.00780654 0.0085446 0.00930386 0.0100785 0.0108619 0.0116471 0.0124264 0.013192 0.0139357 0.0146494 0.0153247 0.0159539 0.0165292 0.0170437 0.0174907 0.0178647 0.0181607 0.018375 0.0185048 0.0185482 0.0185048 0.018375 0.0181607 0.0178647 0.0174907 0.0170437 0.0165292 0.0159539 0.0153247 0.0146494 0.0139357 0.013192 0.0124264 0.0116471 0.0108619 0.0100785 0.00930386 0.0085446 0.00780654 0.00709486 0.00641396 0.00576744 0.00515815 0.00458813 0.0040587 0.00357047 0.00312342 0.00271694 0.00234991 0.00202081 0.00172775 0.00146859 0.00124097 0.00104245 0.000870487 0.000722574 0.000596238 0.0004891 0.000398907 0.00032356 0.000261126 0.00020986 0.000168204 0.000134795 0.000108464 8.82312e-05 7.33048e-05 6.30746e-05 5.71082e-05 
6.6532e-05 6.88757e-05 7.60076e-05 8.82312e-05 0.000106055 0.000130196 0.000161584 0.000201368 0.000250916 0.000311824 0.000385905 0.000475196 0.000581939 0.000708568 0.000857688 0.00103204 0.00123446 0.00146784 0.00173505 0.00203889 0.002382 0.00276679 0.00319536 0.00366937 0.00419001 0.00475787 0.00537287 0.0060342 0.00674024 0.00748851 0.00827566 0.00909745 0.00994877 0.0108236 0.0117152 0.0126161 0.0135182 0.0144127 0.0152908 0.0161431 0.0169603 0.0177332 0.0184527 0.0191104 0.0196982 0.0202087 0.0206357 0.0209736 0.0212181 0.0213661 0.0214157 0.0213661 0.0212181 0.0209736 0.0206357 0.0202087 0.0196982 0.0191104 0.0184527 0.0177332 0.0169603 0.0161431 0.0152908 0.0144127 0.0135182 0.0126161 0.0117152 0.0108236 0.00994877 0.00909745 0.00827566 0.00748851 0.00674024 0.0060342 0.00537287 0.00475787 0.00419001 0.00366937 0.00319536 0.00276679 0.002382 0.00203889 0.00173505 0.00146784 0.00123446 0.00103204 0.000857688 0.000708568 0.000581939 0.000475196 0.000385905 0.000311824 0.000250916 0.000201368 0.000161584 0.000130196 0.000106055 8.82312e-05 7.60076e-05 6.88757e-05 
8.19839e-05 8.48452e-05 9.35504e-05 0.000108464 0.000130196 0.000159606 0.000197809 0.000246177 0.000306348 0.00038022 0.000469955 0.000577968 0.000706916 0.000859676 0.00103931 0.00124905 0.00149221 0.00177215 0.00209222 0.00245564 0.00286546 0.0033244 0.00383484 0.00439861 0.00501698 0.00569051 0.00641898 0.00720127 0.00803536 0.00891821 0.00984578 0.010813 0.0118138 0.012841 0.0138868 0.0149424 0.0159982 0.0170443 0.0180702 0.0190651 0.0200183 0.0209192 0.0217573 0.0225229 0.0232068 0.0238005 0.0242969 0.0246896 0.0249737 0.0251457 0.0252032 0.0251457 0.0249737 0.0246896 0.0242969 0.0238005 0.0232068 0.0225229 0.0217573 0.0209192 0.0200183 0.0190651 0.0180702 0.0170443 0.0159982 0.0149424 0.0138868 0.012841 0.0118138 0.010813 0.00984578 0.00891821 0.00803536 0.00720127 0.00641898 0.00569051 0.00501698 0.00439861 0.00383484 0.0033244 0.00286546 0.00245564 0.00209222 0.00177215 0.00149221 0.00124905 0.00103931 0.000859676 0.000706916 0.000577968 0.000469955 0.00038022 0.000306348 0.000246177 0.000197809 0.000159606 0.000130196 0.000108464 9.35504e-05 8.48452e-05 
0.000102125 0.000105657 0.0001164 0.000134795 0.000161584 0.000197809 0.000244819 0.000304275 0.000378152 0.000468741 0.000578639 0.000710747 0.000868245 0.00105457 0.00127337 0.00152847 0.00182379 0.00216331 0.00255093 0.00299043 0.00348531 0.00403874 0.00465337 0.00533127 0.00607379 0.00688141 0.00775369 0.00868917 0.00968526 0.0107382 0.0118431 0.0129937 0.0141828 0.015402 0.0166418 0.0178918 0.0191408 0.0203771 0.0215883 0.022762 0.0238856 0.0249467 0.0259332 0.0268338 0.0276378 0.0283355 0.0289186 0.0293797 0.0297133 0.0299151 0.0299827 0.0299151 0.0297133 0.0293797 0.0289186 0.0283355 0.0276378 0.0268338 0.0259332 0.0249467 0.0238856 0.022762 0.0215883 0.0203771 0.0191408 0.0178918 0.0166418 0.015402 0.0141828 0.0129937 0.0118431 0.0107382 0.00968526 0.00868917 0.00775369 0.00688141 0.00607379 0.00533127 0.00465337 0.00403874 0.00348531 0.00299043 0.00255093 0.00216331 0.00182379 0.00152847 0.00127337 0.00105457 0.000868245 0.000710747 0.000578639 0.000468741 0.000378152 0.000304275 0.000244819 0.000197809 0.000161584 0.000134795 0.0001164 0.000105657 
0.000127726 0.000132104 0.000145417 0.000168204 0.000201368 0.000246177 0.000304275 0.000377677 0.00046878 0.000580355 0.000715544 0.000877841 0.00107107 0.00129935 0.00156706 0.00187874 0.00223906 0.00265271 0.00312431 0.00365825 0.00425863 0.00492908 0.00567263 0.00649157 0.0073873 0.00836023 0.00940962 0.0105335 0.0117286 0.0129903 0.0143125 0.0156878 0.0171073 0.018561 0.0200376 0.0215247 0.0230092 0.0244769 0.0259137 0.0273046 0.0286351 0.0298906 0.0310571 0.0321213 0.0330708 0.0338945 0.0345825 0.0351265 0.0355199 0.0357579 0.0358375 0.0357579 0.0355199 0.0351265 0.0345825 0.0338945 0.0330708 0.0321213 0.0310571 0.0298906 0.0286351 0.0273046 0.0259137 0.0244769 0.0230092 0.0215247 0.0200376 0.018561 0.0171073 0.0156878 0.0143125 0.0129903 0.0117286 0.0105335 0.00940962 0.00836023 0.0073873 0.00649157 0.00567263 0.00492908 0.00425863 0.00365825 0.00312431 0.00265271 0.00223906 0.00187874 0.00156706 0.00129935 0.00107107 0.000877841 0.000715544 0.000580355 0.00046878 0.000377677 0.000304275 0.000246177 0.000201368 0.000168204 0.000145417 0.000132104 
0.000159709 0.000165135 0.000181633 0.00020986 0.000250916 0.000306348 0.000378152 0.00046878 0.000581138 0.000718582 0.000884909 0.00108433 0.00132145 0.00160122 0.00192884 0.00230977 0.00274954 0.00325369 0.00382765 0.00447659 0.00520526 0.00601782 0.00691771 0.00790746 0.00898853 0.0101612 0.0114242 0.0127751 0.0142097 0.0157223 0.0173054 0.01895 0.0206454 0.0223796 0.0241392 0.0259093 0.0276743 0.0294179 0.0311229 0.0327721 0.0343483 0.0358346 0.0372146 0.0384727 0.0395947 0.0405674 0.0413796 0.0420216 0.0424858 0.0427665 0.0428605 0.0427665 0.0424858 0.0420216 0.0413796 0.0405674 0.0395947 0.0384727 0.0372146 0.0358346 0.0343483 0.0327721 0.0311229 0.0294179 0.0276743 0.0259093 0.0241392 0.0223796 0.0206454 0.01895 0.0173054 0.0157223 0.0142097 0.0127751 0.0114242 0.0101612 0.00898853 0.00790746 0.00691771 0.00601782 0.00520526 0.00447659 0.00382765 0.00325369 0.00274954 0.00230977 0.00192884 0.00160122 0.00132145 0.00108433 0.000884909 0.000718582 0.000581138 0.00046878 0.000378152 0.000306348 0.000250916 0.00020986 0.000181633 0.000165135 
0.00019915 0.000205858 0.00022625 0.000261126 0.000311824 0.00038022 0.000468741 0.000580355 0.000718582 0.000887475 0.00109161 0.00133606 0.00162634 0.00196838 0.0023684 0.00283286 0.00336834 0.00398137 0.00467832 0.00546523 0.00634758 0.00733015 0.00841682 0.00961034 0.0109122 0.0123223 0.0138392 0.0154594 0.0171777 0.018987 0.0208783 0.0228406 0.0248611 0.0269254 0.0290174 0.0311196 0.0332137 0.0352802 0.037299 0.0392501 0.0411133 0.0428687 0.0444975 0.0459815 0.0473042 0.0484505 0.0494071 0.050163 0.0507094 0.0510398 0.0511504 0.0510398 0.0507094 0.050163 0.0494071 0.0484505 0.0473042 0.0459815 0.0444975 0.0428687 0.0411133 0.0392501 0.037299 0.0352802 0.0332137 0.0311196 0.0290174 0.0269254 0.0248611 0.0228406 0.0208783 0.018987 0.0171777 0.0154594 0.0138392 0.0123223 0.0109122 0.00961034 0.00841682 0.00733015 0.00634758 0.00546523 0.00467832 0.00398137 0.00336834 0.00283286 0.0023684 0.00196838 0.00162634 0.00133606 0.00109161 0.000887475 0.000718582 0.000580355 0.000468741 0.00038022 0.000311824 0.000261126 0.00022625 0.000205858 
0.000247284 0.000255544 0.000280646 0.00032356 0.000385905 0.000469955 0.000578639 0.000715544 0.000884909 0.00109161 0.00134115 0.00163959 0.00199354 0.00241005 0.00289652 0.00346061 0.00411005 0.00485255 0.00569553 0.00664599 0.00771026 0.00889377 0.0102009 0.0116345 0.0131961 0.0148853 0.0166999 0.0186354 0.0206855 0.0228413 0.0250919 0.027424 0.0298225 0.0322699 0.0347474 0.0372343 0.0397088 0.0421482 0.0445292 0.0468281 0.0490216 0.0510867 0.0530013 0.0547447 0.0562977 0.0576428 0.058765 0.0596514 0.060292 0.0606793 0.0608089 0.0606793 0.060292 0.0596514 0.058765 0.0576428 0.0562977 0.0547447 0.0530013 0.0510867 0.0490216 0.0468281 0.0445292 0.0421482 0.0397088 0.0372343 0.0347474 0.0322699 0.0298225 0.027424 0.0250919 0.0228413 0.0206855 0.0186354 0.0166999 0.0148853 0.0131961 0.0116345 0.0102009 0.00889377 0.00771026 0.00664599 0.00569553 0.00485255 0.00411005 0.00346061 0.00289652 0.00241005 0.00199354 0.00163959 0.00134115 0.00109161 0.000884909 0.000715544 0.000578639 0.000469955 0.000385905 0.00032356 0.000280646 0.000255544 
0.000305502 0.00031562 0.000346366 0.000398907 0.000475196 0.000577968 0.000710747 0.000877841 0.00108433 0.00133606 0.00163959 0.00200216 0.00243162 0.00293633 0.00352504 0.00420676 0.00499058 0.00588548 0.00690009 0.00804249 0.0093199 0.0107385 0.012303 0.0140166 0.0158805 0.0178941 0.020054 0.022355 0.0247887 0.0273447 0.0300095 0.0327674 0.0356002 0.0384874 0.0414066 0.0443336 0.0472429 0.050108 0.0529016 0.0555966 0.0581657 0.0605825 0.0628216 0.0648591 0.066673 0.0682434 0.0695529 0.0705869 0.071334 0.0717856 0.0719367 0.0717856 0.071334 0.0705869 0.0695529 0.0682434 0.066673 0.0648591 0.0628216 0.0605825 0.0581657 0.0555966 0.0529016 0.050108 0.0472429 0.0443336 0.0414066 0.0384874 0.0356002 0.0327674 0.0300095 0.0273447 0.0247887 0.022355 0.020054 0.0178941 0.0158805 0.0140166 0.012303 0.0107385 0.0093199 0.00804249 0.00690009 0.00588548 0.00499058 0.00420676 0.00352504 0.00293633 0.00243162 0.00200216 0.00163959 0.00133606 0.00108433 0.000877841 0.000710747 0.000577968 0.000475196 0.000398907 0.000346366 0.00031562 
0.000375344 0.000387672 0.000425123 0.0004891 0.000581939 0.000706916 0.000868245 0.00107107 0.00132145 0.00162634 0.00199354 0.00243162 0.00294987 0.00355812 0.00426667 0.00508607 0.00602692 0.00709962 0.00831414 0.00967973 0.0112046 0.0128956 0.0147579 0.0167949 0.0190075 0.0213943 0.0239513 0.0266713 0.0295445 0.0325579 0.0356955 0.0389386 0.0422655 0.0456521 0.0490722 0.0524976 0.0558984 0.0592441 0.0625031 0.0656439 0.0686355 0.0714474 0.0740507 0.076418 0.0785242 0.0803467 0.0818657 0.0830649 0.0839309 0.0844544 0.0846295 0.0844544 0.0839309 0.0830649 0.0818657 0.0803467 0.0785242 0.076418 0.0740507 0.0714474 0.0686355 0.0656439 0.0625031 0.0592441 0.0558984 0.0524976 0.0490722 0.0456521 0.0422655 0.0389386 0.0356955 0.0325579 0.0295445 0.0266713 0.0239513 0.0213943 0.0190075 0.0167949 0.0147579 0.0128956 0.0112046 0.00967973 0.00831414 0.00709962 0.00602692 0.00508607 0.00426667 0.00355812 0.00294987 0.00243162 0.00199354 0.00162634 0.00132145 0.00107107 0.000868245 0.000706916 0.000581939 0.0004891 0.000425123 0.000387672 
0.000458495 0.000473428 0.000518786 0.000596238 0.000708568 0.000859676 0.00105457 0.00129935 0.00160122 0.00196838 0.00241005 0.00293633 0.00355812 0.00428696 0.00513485 0.00611407 0.0072369 0.00851532 0.00996075 0.0115837 0.0133934 0.0153974 0.0176014 0.0200086 0.0226197 0.0254325 0.0284415 0.031638 0.0350098 0.0385413 0.0422136 0.0460043 0.0498879 0.0538364 0.0578191 0.0618031 0.0657542 0.069637 0.0734153 0.0770532 0.080515 0.0837662 0.0867739 0.089507 0.0919372 0.0940389 0.0957899 0.0971717 0.0981693 0.0987723 0.0989739 0.0987723 0.0981693 0.0971717 0.0957899 0.0940389 0.0919372 0.089507 0.0867739 0.0837662 0.080515 0.0770532 0.0734153 0.069637 0.0657542 0.0618031 0.0578191 0.0538364 0.0498879 0.0460043 0.0422136 0.0385413 0.0350098 0.031638 0.0284415 0.0254325 0.0226197 0.0200086 0.0176014 0.0153974 0.0133934 0.0115837 0.00996075 0.00851532 0.0072369 0.00611407 0.00513485 0.00428696 0.00355812 0.00293633 0.00241005 0.00196838 0.00160122 0.00129935 0.00105457 0.000859676 0.000708568 0.000596238 0.000518786 0.000473428 
0.000556768 0.000574751 0.00062936 0.000722574 0.000857688 0.00103931 0.00127337 0.00156706 0.00192884 0.0023684 0.00289652 0.00352504 0.00426667 0.00513485 0.00614351 0.00730681 0.00863889 0.0101535 0.0118635 0.0137808 0.0159157 0.0182766 0.0208692 0.0236969 0.0267597 0.0300543 0.0335738 0.0373072 0.04124 0.0453534 0.0496248 0.054028 0.0585334 0.0631081 0.0677166 0.0723212 0.0768825 0.0813599 0.0857123 0.0898986 0.0938787 0.0976135 0.101066 0.104201 0.106986 0.109394 0.111399 0.112981 0.114122 0.114812 0.115043 0.114812 0.114122 0.112981 0.111399 0.109394 0.106986 0.104201 0.101066 0.0976135 0.0938787 0.0898986 0.0857123 0.0813599 0.0768825 0.0723212 0.0677166 0.0631081 0.0585334 0.054028 0.0496248 0.0453534 0.04124 0.0373072 0.0335738 0.0300543 0.0267597 0.0236969 0.0208692 0.0182766 0.0159157 0.0137808 0.0118635 0.0101535 0.00863889 0.00730681 0.00614351 0.00513485 0.00426667 0.00352504 0.00289652 0.0023684 0.00192884 0.00156706 0.00127337 0.00103931 0.000857688 0.000722574 0.00062936 0.000574751 
0.000672086 0.000693613 0.000758971 0.000870487 0.00103204 0.00124905 0.00152847 0.00187874 0.00230977 0.00283286 0.00346061 0.00420676 0.00508607 0.00611407 0.00730681 0.00868055 0.0102514 0.012035 0.0140459 0.0162974 0.0188008 0.0215651 0.0245964 0.0278978 0.0314684 0.0353038 0.0393949 0.0437286 0.0482871 0.0530483 0.0579855 0.0630681 0.0682616 0.0735281 0.0788267 0.0841143 0.0893459 0.0944754 0.0994564 0.104242 0.108788 0.11305 0.116986 0.120558 0.12373 0.12647 0.12875 0.130549 0.131846 0.13263 0.132892 0.13263 0.131846 0.130549 0.12875 0.12647 0.12373 0.120558 0.116986 0.11305 0.108788 0.104242 0.0994564 0.0944754 0.0893459 0.0841143 0.0788267 0.0735281 0.0682616 0.0630681 0.0579855 0.0530483 0.0482871 0.0437286 0.0393949 0.0353038 0.0314684 0.0278978 0.0245964 0.0215651 0.0188008 0.0162974 0.0140459 0.012035 0.0102514 0.00868055 0.00730681 0.00611407 0.00508607 0.00420676 0.00346061 0.00283286 0.00230977 0.00187874 0.00152847 0.00124905 0.00103204 0.000870487 0.000758971 0.000693613 
0.000806457 0.000832073 0.000909828 0.00104245 0.00123446 0.00149221 0.00182379 0.00223906 0.00274954 0.00336834 0.00411005 0.00499058 0.00602692 0.0072369 0.00863889 0.0102514 0.0120928 0.0141805 0.016531 0.019159 0.0220766 0.0252937 0.0288164 0.0326472 0.0367844 0.0412217 0.045948 0.0509472 0.0561981 0.0616745 0.0673453 0.0731749 0.0791235 0.0851476 0.0912005 0.0972331 0.103195 0.109033 0.114696 0.120131 0.125289 0.130119 0.134577 0.138619 0.142206 0.145303 0.14788 0.14991 0.151375 0.15226 0.152556 0.15226 0.151375 0.14991 0.14788 0.145303 0.142206 0.138619 0.134577 0.130119 0.125289 0.120131 0.114696 0.109033 0.103195 0.0972331 0.0912005 0.0851476 0.0791235 0.0731749 0.0673453 0.0616745 0.0561981 0.0509472 0.045948 0.0412217 0.0367844 0.0326472 0.0288164 0.0252937 0.0220766 0.019159 0.016531 0.0141805 0.0120928 0.0102514 0.00863889 0.0072369 0.00602692 0.00499058 0.00411005 0.00336834 0.00274954 0.00223906 0.00182379 0.00149221 0.00123446 0.00104245 0.000909828 0.000832073 
0.000961941 0.000992241 0.0010842 0.00124097 0.00146784 0.00177215 0.00216331 0.00265271 0.00325369 0.00398137 0.00485255 0.00588548 0.00709962 0.00851532 0.0101535 0.012035 0.0141805 0.0166097 0.0193407 0.0223895 0.0257695 0.0294909 0.0335597 0.0379778 0.0427421 0.0478444 0.0532708 0.059002 0.0650128 0.0712724 0.0777449 0.084389 0.0911592 0.0980059 0.104876 0.111714 0.118463 0.125065 0.13146 0.137592 0.143405 0.148844 0.153859 0.158403 0.162432 0.165909 0.1688 0.171077 0.17272 0.173711 0.174043 0.173711 0.17272 0.171077 0.1688 0.165909 0.162432 0.158403 0.153859 0.148844 0.143405 0.137592 0.13146 0.125065 0.118463 0.111714 0.104876 0.0980059 0.0911592 0.084389 0.0777449 0.0712724 0.0650128 0.059002 0.0532708 0.0478444 0.0427421 0.0379778 0.0335597 0.0294909 0.0257695 0.0223895 0.0193407 0.0166097 0.0141805 0.012035 0.0101535 0.00851532 0.00709962 0.00588548 0.00485255 0.00398137 0.00325369 0.00265271 0.00216331 0.00177215 0.00146784 0.00124097 0.0010842 0.000992241 
0.00114061 0.00117624 0.00128434 0.00146859 0.00173505 0.00209222 0.00255093 0.00312431 0.00382765 0.00467832 0.00569553 0.00690009 0.00831414 0.00996075 0.0118635 0.0140459 0.016531 0.0193407 0.0224948 0.0260108 0.029903 0.0341819 0.0388532 0.0439178 0.0493711 0.0552022 0.0613943 0.0679243 0.0747624 0.0818729 0.0892143 0.0967393 0.104396 0.112128 0.119876 0.127577 0.135169 0.142584 0.149761 0.156633 0.163141 0.169225 0.174829 0.179902 0.184397 0.188274 0.191495 0.194032 0.195861 0.196965 0.197335 0.196965 0.195861 0.194032 0.191495 0.188274 0.184397 0.179902 0.174829 0.169225 0.163141 0.156633 0.149761 0.142584 0.135169 0.127577 0.119876 0.112128 0.104396 0.0967393 0.0892143 0.0818729 0.0747624 0.0679243 0.0613943 0.0552022 0.0493711 0.0439178 0.0388532 0.0341819 0.029903 0.0260108 0.0224948 0.0193407 0.016531 0.0140459 0.0118635 0.00996075 0.00831414 0.00690009 0.00569553 0.00467832 0.00382765 0.00312431 0.00255093 0.00209222 0.00173505 0.00146859 0.00128434 0.00117624 
0.00134451 0.00138616 0.0015125 0.00172775 0.00203889 0.00245564 0.00299043 0.00365825 0.00447659 0.00546523 0.00664599 0.00804249 0.00967973 0.0115837 0.0137808 0.0162974 0.019159 0.0223895 0.0260108 0.0300417 0.0344972 0.0393878 0.0447189 0.0504899 0.0566942 0.0633181 0.0703412 0.077736 0.0854678 0.0934953 0.101771 0.11024 0.118845 0.127523 0.136205 0.144824 0.153307 0.161585 0.169584 0.177237 0.184475 0.191234 0.197455 0.203082 0.208064 0.212357 0.215923 0.21873 0.220752 0.221973 0.222382 0.221973 0.220752 0.21873 0.215923 0.212357 0.208064 0.203082 0.197455 0.191234 0.184475 0.177237 0.169584 0.161585 0.153307 0.144824 0.136205 0.127523 0.118845 0.11024 0.101771 0.0934953 0.0854678 0.077736 0.0703412 0.0633181 0.0566942 0.0504899 0.0447189 0.0393878 0.0344972 0.0300417 0.0260108 0.0223895 0.019159 0.0162974 0.0137808 0.0115837 0.00967973 0.00804249 0.00664599 0.00546523 0.00447659 0.00365825 0.00299043 0.00245564 0.00203889 0.00172775 0.0015125 0.00138616 
0.00157559 0.00162399 0.0017708 0.00202081 0.002382 0.00286546 0.00348531 0.00425863 0.00520526 0.00634758 0.00771026 0.0093199 0.0112046 0.0133934 0.0159157 0.0188008 0.0220766 0.0257695 0.029903 0.0344972 0.0395676 0.0451246 0.0511728 0.05771 0.0647269 0.0722066 0.0801246 0.0884484 0.0971379 0.106146 0.115417 0.124891 0.134503 0.14418 0.153849 0.163433 0.172854 0.182034 0.190895 0.19936 0.207359 0.21482 0.22168 0.227879 0.233364 0.238087 0.242008 0.245092 0.247315 0.248656 0.249104 0.248656 0.247315 0.245092 0.242008 0.238087 0.233364 0.227879 0.22168 0.21482 0.207359 0.19936 0.190895 0.182034 0.172854 0.163433 0.153849 0.14418 0.134503 0.124891 0.115417 0.106146 0.0971379 0.0884484 0.0801246 0.0722066 0.0647269 0.05771 0.0511728 0.0451246 0.0395676 0.0344972 0.029903 0.0257695 0.0220766 0.0188008 0.0159157 0.0133934 0.0112046 0.0093199 0.00771026 0.00634758 0.00520526 0.00425863 0.00348531 0.00286546 0.002382 0.00202081 0.0017708 0.00162399 
0.00183566 0.00189159 0.00206119 0.00234991 0.00276679 0.0033244 0.00403874 0.00492908 0.00601782 0.00733015 0.00889377 0.0107385 0.0128956 0.0153974 0.0182766 0.0215651 0.0252937 0.0294909 0.0341819 0.0393878 0.0451246 0.0514024 0.0582243 0.0655862 0.0734758 0.0818723 0.0907466 0.100061 0.109769 0.119816 0.130141 0.140675 0.151345 0.162071 0.172773 0.183365 0.193762 0.203878 0.21363 0.222936 0.231717 0.2399 0.247416 0.254202 0.2602 0.265362 0.269645 0.273012 0.275438 0.276901 0.27739 0.276901 0.275438 0.273012 0.269645 0.265362 0.2602 0.254202 0.247416 0.2399 0.231717 0.222936 0.21363 0.203878 0.193762 0.183365 0.172773 0.162071 0.151345 0.140675 0.130141 0.119816 0.109769 0.100061 0.0907466 0.0818723 0.0734758 0.0655862 0.0582243 0.0514024 0.0451246 0.0393878 0.0341819 0.0294909 0.0252937 0.0215651 0.0182766 0.0153974 0.0128956 0.0107385 0.00889377 0.00733015 0.00601782 0.00492908 0.00403874 0.0033244 0.00276679 0.00234991 0.00206119 0.00189159 
0.00212635 0.0021906 0.00238542 0.00271694 0.00319536 0.00383484 0.00465337 0.00567263 0.00691771 0.00841682 0.0102009 0.012303 0.0147579 0.0176014 0.0208692 0.0245964 0.0288164 0.0335597 0.0388532 0.0447189 0.0511728 0.0582243 0.065875 0.0741181 0.0829379 0.0923093 0.102198 0.112559 0.123341 0.134482 0.145912 0.157555 0.169329 0.181147 0.19292 0.204554 0.215957 0.227037 0.237703 0.247868 0.257449 0.266366 0.274548 0.281928 0.288446 0.294051 0.298698 0.30235 0.30498 0.306565 0.307095 0.306565 0.30498 0.30235 0.298698 0.294051 0.288446 0.281928 0.274548 0.266366 0.257449 0.247868 0.237703 0.227037 0.215957 0.204554 0.19292 0.181147 0.169329 0.157555 0.145912 0.134482 0.123341 0.112559 0.102198 0.0923093 0.0829379 0.0741181 0.065875 0.0582243 0.0511728 0.0447189 0.0388532 0.0335597 0.0288164 0.0245964 0.0208692 0.0176014 0.0147579 0.012303 0.0102009 0.00841682 0.00691771 0.00567263 0.00465337 0.00383484 0.00319536 0.00271694 0.00238542 0.0021906 
0.00244899 0.00252239 0.0027449 0.00312342 0.00366937 0.00439861 0.00533127 0.00649157 0.00790746 0.00961034 0.0116345 0.0140166 0.0167949 0.0200086 0.0236969 0.0278978 0.0326472 0.0379778 0.0439178 0.0504899 0.05771 0.0655862 0.0741181 0.0832959 0.0930998 0.1035 0.114456 0.125917 0.137823 0.150105 0.162685 0.175479 0.188395 0.201339 0.214212 0.226914 0.239345 0.251407 0.263001 0.274037 0.284424 0.294081 0.302932 0.310907 0.317945 0.323992 0.329002 0.332938 0.33577 0.337478 0.338049 0.337478 0.33577 0.332938 0.329002 0.323992 0.317945 0.310907 0.302932 0.294081 0.284424 0.274037 0.263001 0.251407 0.239345 0.226914 0.214212 0.201339 0.188395 0.175479 0.162685 0.150105 0.137823 0.125917 0.114456 0.1035 0.0930998 0.0832959 0.0741181 0.0655862 0.05771 0.0504899 0.0439178 0.0379778 0.0326472 0.0278978 0.0236969 0.0200086 0.0167949 0.0140166 0.0116345 0.00961034 0.00790746 0.00649157 0.00533127 0.00439861 0.00366937 0.00312342 0.0027449 0.00252239 
0.00280459 0.00288798 0.00314071 0.00357047 0.00419001 0.00501698 0.00607379 0.0073873 0.00898853 0.0109122 0.0131961 0.0158805 0.0190075 0.0226197 0.0267597 0.0314684 0.0367844 0.0427421 0.0493711 0.0566942 0.0647269 0.0734758 0.0829379 0.0930998 0.103937 0.115415 0.127485 0.140092 0.153165 0.166629 0.180396 0.194373 0.208461 0.222555 0.23655 0.250337 0.263809 0.276861 0.289389 0.301297 0.31249 0.322884 0.332399 0.340965 0.348516 0.354999 0.360367 0.364581 0.367613 0.36944 0.37005 0.36944 0.367613 0.364581 0.360367 0.354999 0.348516 0.340965 0.332399 0.322884 0.31249 0.301297 0.289389 0.276861 0.263809 0.250337 0.23655 0.222555 0.208461 0.194373 0.180396 0.166629 0.153165 0.140092 0.127485 0.115415 0.103937 0.0930998 0.0829379 0.0734758 0.0647269 0.0566942 0.0493711 0.0427421 0.0367844 0.0314684 0.0267597 0.0226197 0.0190075 0.0158805 0.0131961 0.0109122 0.00898853 0.0073873 0.00607379 0.00501698 0.00419001 0.00357047 0.00314071 0.00288798 
0.00319377 0.00328797 0.00357344 0.0040587 0.00475787 0.00569051 0.00688141 0.00836023 0.0101612 0.0123223 0.0148853 0.0178941 0.0213943 0.0254325 0.0300543 0.0353038 0.0412217 0.0478444 0.0552022 0.0633181 0.0722066 0.0818723 0.0923093 0.1035 0.115415 0.128012 0.141238 0.155028 0.169304 0.183981 0.198964 0.214149 0.229428 0.244688 0.259816 0.274694 0.28921 0.303251 0.316709 0.329481 0.341472 0.352592 0.362759 0.371902 0.379955 0.386863 0.392578 0.397062 0.400287 0.40223 0.402879 0.40223 0.400287 0.397062 0.392578 0.386863 0.379955 0.371902 0.362759 0.352592 0.341472 0.329481 0.316709 0.303251 0.28921 0.274694 0.259816 0.244688 0.229428 0.214149 0.198964 0.183981 0.169304 0.155028 0.141238 0.128012 0.115415 0.1035 0.0923093 0.0818723 0.0722066 0.0633181 0.0552022 0.0478444 0.0412217 0.0353038 0.0300543 0.0254325 0.0213943 0.0178941 0.0148853 0.0123223 0.0101612 0.00836023 0.00688141 0.00569051 0.00475787 0.0040587 0.00357344 0.00328797 
0.00361666 0.00372251 0.00404319 0.00458813 0.00537287 0.00641898 0.00775369 0.00940962 0.0114242 0.0138392 0.0166999 0.020054 0.0239513 0.0284415 0.0335738 0.0393949 0.045948 0.0532708 0.0613943 0.0703412 0.0801246 0.0907466 0.102198 0.114456 0.127485 0.141238 0.155653 0.170656 0.186163 0.202076 0.218292 0.234699 0.251179 0.267611 0.283872 0.299839 0.31539 0.330409 0.344783 0.358404 0.371173 0.383 0.393801 0.403502 0.412039 0.419354 0.425403 0.430146 0.433555 0.435608 0.436294 0.435608 0.433555 0.430146 0.425403 0.419354 0.412039 0.403502 0.393801 0.383 0.371173 0.358404 0.344783 0.330409 0.31539 0.299839 0.283872 0.267611 0.251179 0.234699 0.218292 0.202076 0.186163 0.170656 0.155653 0.141238 0.127485 0.114456 0.102198 0.0907466 0.0801246 0.0703412 0.0613943 0.0532708 0.045948 0.0393949 0.0335738 0.0284415 0.0239513 0.020054 0.0166999 0.0138392 0.0114242 0.00940962 0.00775369 0.00641898 0.00537287 0.00458813 0.00404319 0.00372251 
0.00407292 0.0041912 0.0045495 0.00515815 0.0060342 0.00720127 0.00868917 0.0105335 0.0127751 0.0154594 0.0186354 0.022355 0.0266713 0.031638 0.0373072 0.0437286 0.0509472 0.059002 0.0679243 0.077736 0.0884484 0.100061 0.112559 0.125917 0.140092 0.155028 0.170656 0.186895 0.203648 0.220811 0.23827 0.255903 0.273583 0.291181 0.308566 0.325607 0.342177 0.358153 0.373419 0.387864 0.401386 0.413892 0.4253 0.435534 0.44453 0.452233 0.458596 0.463583 0.467165 0.469323 0.470043 0.469323 0.467165 0.463583 0.458596 0.452233 0.44453 0.435534 0.4253 0.413892 0.401386 0.387864 0.373419 0.358153 0.342177 0.325607 0.308566 0.291181 0.273583 0.255903 0.23827 0.220811 0.203648 0.186895 0.170656 0.155028 0.140092 0.125917 0.112559 0.100061 0.0884484 0.077736 0.0679243 0.059002 0.0509472 0.0437286 0.0373072 0.031638 0.0266713 0.022355 0.0186354 0.0154594 0.0127751 0.0105335 0.00868917 0.00720127 0.0060342 0.00515815 0.0045495 0.0041912 
0.00456158 0.00469306 0.00509125 0.00576744 0.00674024 0.00803536 0.00968526 0.0117286 0.0142097 0.0171777 0.0206855 0.0247887 0.0295445 0.0350098 0.04124 0.0482871 0.0561981 0.0650128 0.0747624 0.0854678 0.0971379 0.109769 0.123341 0.137823 0.153165 0.169304 0.186163 0.203648 0.221656 0.240072 0.258772 0.277625 0.296495 0.315243 0.333732 0.351823 0.369384 0.386288 0.402413 0.417648 0.431888 0.44504 0.457021 0.467757 0.477183 0.485247 0.491903 0.497117 0.500859 0.503113 0.503865 0.503113 0.500859 0.497117 0.491903 0.485247 0.477183 0.467757 0.457021 0.44504 0.431888 0.417648 0.402413 0.386288 0.369384 0.351823 0.333732 0.315243 0.296495 0.277625 0.258772 0.240072 0.221656 0.203648 0.186163 0.169304 0.153165 0.137823 0.123341 0.109769 0.0971379 0.0854678 0.0747624 0.0650128 0.0561981 0.0482871 0.04124 0.0350098 0.0295445 0.0247887 0.0206855 0.0171777 0.0142097 0.0117286 0.00968526 0.00803536 0.00674024 0.00576744 0.00509125 0.00469306 
0.00508111 0.00522648 0.00566668 0.00641396 0.00748851 0.00891821 0.0107382 0.0129903 0.0157223 0.018987 0.0228413 0.0273447 0.0325579 0.0385413 0.0453534 0.0530483 0.0616745 0.0712724 0.0818729 0.0934953 0.106146 0.119816 0.134482 0.150105 0.166629 0.183981 0.202076 0.220811 0.240072 0.259735 0.279665 0.299721 0.319759 0.339632 0.359194 0.378302 0.396818 0.414609 0.431554 0.447537 0.462453 0.476211 0.488726 0.499926 0.50975 0.518145 0.525069 0.530488 0.534377 0.536717 0.537498 0.536717 0.534377 0.530488 0.525069 0.518145 0.50975 0.499926 0.488726 0.476211 0.462453 0.447537 0.431554 0.414609 0.396818 0.378302 0.359194 0.339632 0.319759 0.299721 0.279665 0.259735 0.240072 0.220811 0.202076 0.183981 0.166629 0.150105 0.134482 0.119816 0.106146 0.0934953 0.0818729 0.0712724 0.0616745 0.0530483 0.0453534 0.0385413 0.0325579 0.0273447 0.0228413 0.018987 0.0157223 0.0129903 0.0107382 0.00891821 0.00748851 0.00641396 0.00566668 0.00522648 
0.00562931 0.0057892 0.00627332 0.00709486 0.00827566 0.00984578 0.0118431 0.0143125 0.0173054 0.0208783 0.0250919 0.0300095 0.0356955 0.0422136 0.0496248 0.0579855 0.0673453 0.0777449 0.0892143 0.101771 0.115417 0.130141 0.145912 0.162685 0.180396 0.198964 0.218292 0.23827 0.258772 0.279665 0.300802 0.322035 0.34321 0.364173 0.384769 0.404852 0.424277 0.44291 0.460626 0.477308 0.492854 0.507169 0.520174 0.531798 0.541982 0.550675 0.557839 0.563443 0.567461 0.569878 0.570685 0.569878 0.567461 0.563443 0.557839 0.550675 0.541982 0.531798 0.520174 0.507169 0.492854 0.477308 0.460626 0.44291 0.424277 0.404852 0.384769 0.364173 0.34321 0.322035 0.300802 0.279665 0.258772 0.23827 0.218292 0.198964 0.180396 0.162685 0.145912 0.130141 0.115417 0.101771 0.0892143 0.0777449 0.0673453 0.0579855 0.0496248 0.0422136 0.0356955 0.0300095 0.0250919 0.0208783 0.0173054 0.0143125 0.0118431 0.00984578 0.00827566 0.00709486 0.00627332 0.0057892 
0.00620334 0.00637831 0.00690797 0.00780654 0.00909745 0.010813 0.0129937 0.0156878 0.01895 0.0228406 0.027424 0.0327674 0.0389386 0.0460043 0.054028 0.0630681 0.0731749 0.084389 0.0967393 0.11024 0.124891 0.140675 0.157555 0.175479 0.194373 0.214149 0.234699 0.255903 0.277625 0.299721 0.322035 0.34441 0.366682 0.388689 0.410273 0.43128 0.451562 0.470983 0.489415 0.506743 0.522864 0.537687 0.551134 0.563137 0.57364 0.582597 0.589971 0.595734 0.599865 0.60235 0.603179 0.60235 0.599865 0.595734 0.589971 0.582597 0.57364 0.563137 0.551134 0.537687 0.522864 0.506743 0.489415 0.470983 0.451562 0.43128 0.410273 0.388689 0.366682 0.34441 0.322035 0.299721 0.277625 0.255903 0.234699 0.214149 0.194373 0.175479 0.157555 0.140675 0.124891 0.11024 0.0967393 0.084389 0.0731749 0.0630681 0.054028 0.0460043 0.0389386 0.0327674 0.027424 0.0228406 0.01895 0.0156878 0.0129937 0.010813 0.00909745 0.00780654 0.00690797 0.00637831 
0.00679971 0.0069902 0.00756676 0.0085446 0.00994877 0.0118138 0.0141828 0.0171073 0.0206454 0.0248611 0.0298225 0.0356002 0.0422655 0.0498879 0.0585334 0.0682616 0.0791235 0.0911592 0.104396 0.118845 0.134503 0.151345 0.169329 0.188395 0.208461 0.229428 0.251179 0.273583 0.296495 0.319759 0.34321 0.366682 0.390002 0.413004 0.43552 0.457394 0.478474 0.498623 0.517712 0.535628 0.552268 0.567544 0.581381 0.593716 0.604496 0.61368 0.621234 0.627133 0.631358 0.633899 0.634746 0.633899 0.631358 0.627133 0.621234 0.61368 0.604496 0.593716 0.581381 0.567544 0.552268 0.535628 0.517712 0.498623 0.478474 0.457394 0.43552 0.413004 0.390002 0.366682 0.34321 0.319759 0.296495 0.273583 0.251179 0.229428 0.208461 0.188395 0.169329 0.151345 0.134503 0.118845 0.104396 0.0911592 0.0791235 0.0682616 0.0585334 0.0498879 0.0422655 0.0356002 0.0298225 0.0248611 0.0206454 0.0171073 0.0141828 0.0118138 0.00994877 0.0085446 0.00756676 0.0069902 
0.00741427 0.00762061 0.00824508 0.00930386 0.0108236 0.012841 0.015402 0.018561 0.0223796 0.0269254 0.0322699 0.0384874 0.0456521 0.0538364 0.0631081 0.0735281 0.0851476 0.0980059 0.112128 0.127523 0.14418 0.162071 0.181147 0.201339 0.222555 0.244688 0.267611 0.291181 0.315243 0.339632 0.364173 0.388689 0.413004 0.43694 0.460329 0.483007 0.504823 0.525636 0.545319 0.56376 0.58086 0.596533 0.610708 0.623326 0.63434 0.643713 0.651415 0.657425 0.661728 0.664313 0.665175 0.664313 0.661728 0.657425 0.651415 0.643713 0.63434 0.623326 0.610708 0.596533 0.58086 0.56376 0.545319 0.525636 0.504823 0.483007 0.460329 0.43694 0.413004 0.388689 0.364173 0.339632 0.315243 0.291181 0.267611 0.244688 0.222555 0.201339 0.181147 0.162071 0.14418 0.127523 0.112128 0.0980059 0.0851476 0.0735281 0.0631081 0.0538364 0.0456521 0.0384874 0.0322699 0.0269254 0.0223796 0.018561 0.015402 0.012841 0.0108236 0.00930386 0.00824508 0.00762061 
0.00804228 0.0082647 0.00893771 0.0100785 0.0117152 0.0138868 0.0166418 0.0200376 0.0241392 0.0290174 0.0347474 0.0414066 0.0490722 0.0578191 0.0677166 0.0788267 0.0912005 0.104876 0.119876 0.136205 0.153849 0.172773 0.19292 0.214212 0.23655 0.259816 0.283872 0.308566 0.333732 0.359194 0.384769 0.410273 0.43552 0.460329 0.484524 0.50794 0.530424 0.551836 0.572049 0.590952 0.60845 0.624463 0.638923 0.651777 0.662982 0.672506 0.680325 0.686421 0.690783 0.693403 0.694277 0.693403 0.690783 0.686421 0.680325 0.672506 0.662982 0.651777 0.638923 0.624463 0.60845 0.590952 0.572049 0.551836 0.530424 0.50794 0.484524 0.460329 0.43552 0.410273 0.384769 0.359194 0.333732 0.308566 0.283872 0.259816 0.23655 0.214212 0.19292 0.172773 0.153849 0.136205 0.119876 0.104876 0.0912005 0.0788267 0.0677166 0.0578191 0.0490722 0.0414066 0.0347474 0.0290174 0.0241392 0.0200376 0.0166418 0.0138868 0.0117152 0.0100785 0.00893771 0.0082647 
0.00867845 0.00891702 0.0096388 0.0108619 0.0126161 0.0149424 0.0178918 0.0215247 0.0259093 0.0311196 0.0372343 0.0443336 0.0524976 0.0618031 0.0723212 0.0841143 0.0972331 0.111714 0.127577 0.144824 0.163433 0.183365 0.204554 0.226914 0.250337 0.274694 0.299839 0.325607 0.351823 0.378302 0.404852 0.43128 0.457394 0.483007 0.50794 0.532027 0.555111 0.577053 0.597729 0.617032 0.634869 0.651164 0.665857 0.678899 0.690254 0.699893 0.707799 0.713957 0.718361 0.721005 0.721887 0.721005 0.718361 0.713957 0.707799 0.699893 0.690254 0.678899 0.665857 0.651164 0.634869 0.617032 0.597729 0.577053 0.555111 0.532027 0.50794 0.483007 0.457394 0.43128 0.404852 0.378302 0.351823 0.325607 0.299839 0.274694 0.250337 0.226914 0.204554 0.183365 0.163433 0.144824 0.127577 0.111714 0.0972331 0.0841143 0.0723212 0.0618031 0.0524976 0.0443336 0.0372343 0.0311196 0.0259093 0.0215247 0.0178918 0.0149424 0.0126161 0.0108619 0.0096388 0.00891702 
0.00931698 0.00957164 0.010342 0.0116471 0.0135182 0.0159982 0.0191408 0.0230092 0.0276743 0.0332137 0.0397088 0.0472429 0.0558984 0.0657542 0.0768825 0.0893459 0.103195 0.118463 0.135169 0.153307 0.172854 0.193762 0.215957 0.239345 0.263809 0.28921 0.31539 0.342177 0.369384 0.396818 0.424277 0.451562 0.478474 0.504823 0.530424 0.555111 0.578726 0.601132 0.622207 0.641847 0.659964 0.676488 0.691364 0.704549 0.716012 0.725733 0.733696 0.739895 0.744325 0.746984 0.74787 0.746984 0.744325 0.739895 0.733696 0.725733 0.716012 0.704549 0.691364 0.676488 0.659964 0.641847 0.622207 0.601132 0.578726 0.555111 0.530424 0.504823 0.478474 0.451562 0.424277 0.396818 0.369384 0.342177 0.31539 0.28921 0.263809 0.239345 0.215957 0.193762 0.172854 0.153307 0.135169 0.118463 0.103195 0.0893459 0.0768825 0.0657542 0.0558984 0.0472429 0.0397088 0.0332137 0.0276743 0.0230092 0.0191408 0.0159982 0.0135182 0.0116471 0.010342 0.00957164 
0.00995168 0.0102222 0.0110405 0.0124264 0.0144127 0.0170443 0.0203771 0.0244769 0.0294179 0.0352802 0.0421482 0.050108 0.0592441 0.069637 0.0813599 0.0944754 0.109033 0.125065 0.142584 0.161585 0.182034 0.203878 0.227037 0.251407 0.276861 0.303251 0.330409 0.358153 0.386288 0.414609 0.44291 0.470983 0.498623 0.525636 0.551836 0.577053 0.601132 0.623937 0.645347 0.665265 0.683607 0.700308 0.715319 0.728605 0.740141 0.74991 0.757907 0.764125 0.768566 0.77123 0.772118 0.77123 0.768566 0.764125 0.757907 0.74991 0.740141 0.728605 0.715319 0.700308 0.683607 0.665265 0.645347 0.623937 0.601132 0.577053 0.551836 0.525636 0.498623 0.470983 0.44291 0.414609 0.386288 0.358153 0.330409 0.303251 0.276861 0.251407 0.227037 0.203878 0.182034 0.161585 0.142584 0.125065 0.109033 0.0944754 0.0813599 0.069637 0.0592441 0.050108 0.0421482 0.0352802 0.0294179 0.0244769 0.0203771 0.0170443 0.0144127 0.0124264 0.0110405 0.0102222 
0.010576 0.0108621 0.0117271 0.013192 0.0152908 0.0180702 0.0215883 0.0259137 0.0311229 0.037299 0.0445292 0.0529016 0.0625031 0.0734153 0.0857123 0.0994564 0.114696 0.13146 0.149761 0.169584 0.190895 0.21363 0.237703 0.263001 0.289389 0.316709 0.344783 0.373419 0.402413 0.431554 0.460626 0.489415 0.517712 0.545319 0.572049 0.597729 0.622207 0.645347 0.667035 0.687175 0.705689 0.722521 0.737625 0.750973 0.762548 0.772339 0.780344 0.786564 0.791003 0.793665 0.794552 0.793665 0.791003 0.786564 0.780344 0.772339 0.762548 0.750973 0.737625 0.722521 0.705689 0.687175 0.667035 0.645347 0.622207 0.597729 0.572049 0.545319 0.517712 0.489415 0.460626 0.431554 0.402413 0.373419 0.344783 0.316709 0.289389 0.263001 0.237703 0.21363 0.190895 0.169584 0.149761 0.13146 0.114696 0.0994564 0.0857123 0.0734153 0.0625031 0.0529016 0.0445292 0.037299 0.0311229 0.0259137 0.0215883 0.0180702 0.0152908 0.013192 0.0117271 0.0108621 
0.0111833 0.0114843 0.0123946 0.0139357 0.0161431 0.0190651 0.022762 0.0273046 0.0327721 0.0392501 0.0468281 0.0555966 0.0656439 0.0770532 0.0898986 0.104242 0.120131 0.137592 0.156633 0.177237 0.19936 0.222936 0.247868 0.274037 0.301297 0.329481 0.358404 0.387864 0.417648 0.447537 0.477308 0.506743 0.535628 0.56376 0.590952 0.617032 0.641847 0.665265 0.687175 0.707486 0.726127 0.743045 0.758205 0.771582 0.783166 0.792954 0.800948 0.807154 0.81158 0.814233 0.815117 0.814233 0.81158 0.807154 0.800948 0.792954 0.783166 0.771582 0.758205 0.743045 0.726127 0.707486 0.687175 0.665265 0.641847 0.617032 0.590952 0.56376 0.535628 0.506743 0.477308 0.447537 0.417648 0.387864 0.358404 0.329481 0.301297 0.274037 0.247868 0.222936 0.19936 0.177237 0.156633 0.137592 0.120131 0.104242 0.0898986 0.0770532 0.0656439 0.0555966 0.0468281 0.0392501 0.0327721 0.0273046 0.022762 0.0190651 0.0161431 0.0139357 0.0123946 0.0114843 
