0.000145076 0.000148976 0.000160792 0.000180876 0.000209816 0.00024843 0.000297768 0.000359107 0.000433945 0.000523991 0.000631155 0.000757528 0.000905365 0.00107705 0.00127507 0.00150197 0.00176031 0.0020526 0.00238126 0.00274855 0.00315648 0.00360676 0.00410074 0.00463929 0.00522279 0.005851 0.00652307 0.00723743 0.00799178 0.00878308 0.0096075 0.0104605 0.0113366 0.01223 0.0131338 0.0140409 0.0149436 0.0158336 0.0167027 0.0175423 0.0183439 0.0190991 0.0197998 0.0204384 0.0210076 0.0215009 0.0219128 0.0222382 0.0224735 0.0226158 0.0226634 0.0226158 0.0224735 0.0222382 0.0219128 0.0215009 0.0210076 0.0204384 0.0197998 0.0190991 0.0183439 0.0175423 0.0167027 0.0158336 0.0149436 0.0140409 0.0131338 0.01223 0.0113366 0.0104605 0.0096075 0.00878308 0.00799178 0.00723743 0.00652307 0.005851 0.00522279 0.00463929 0.00410074 0.00360676 0.00315648 0.00274855 0.00238126 0.0020526 0.00176031 0.00150197 0.00127507 0.00107705 0.000905365 0.000757528 0.000631155 0.000523991 0.000433945 0.000359107 0.000297768 0.00024843 0.000209816 0.000180876 0.000160792 0.000148976 
0.000148976 0.000152973 0.000165085 0.000185672 0.000215333 0.000254905 0.00030546 0.000368302 0.000444961 0.000537182 0.000646912 0.000776287 0.000927604 0.00110329 0.00130589 0.00153799 0.00180219 0.00210105 0.00243702 0.00281241 0.00322924 0.00368926 0.00419382 0.0047438 0.00533955 0.00598084 0.00666676 0.00739571 0.00816533 0.0089725 0.00981332 0.0106831 0.0115764 0.012487 0.0134083 0.0143327 0.0152524 0.0161592 0.0170446 0.0178998 0.0187162 0.0194853 0.0201988 0.020849 0.0214285 0.0219308 0.02235 0.0226814 0.0229209 0.0230657 0.0231142 0.0230657 0.0229209 0.0226814 0.02235 0.0219308 0.0214285 0.020849 0.0201988 0.0194853 0.0187162 0.0178998 0.0170446 0.0161592 0.0152524 0.0143327 0.0134083 0.012487 0.0115764 0.0106831 0.00981332 0.0089725 0.00816533 0.00739571 0.00666676 0.00598084 0.00533955 0.0047438 0.00419382 0.00368926 0.00322924 0.00281241 0.00243702 0.00210105 0.00180219 0.00153799 0.00130589 0.00110329 0.000927604 0.000776287 0.000646912 0.000537182 0.000444961 0.000368302 0.00030546 0.000254905 0.000215333 0.000185672 0.000165085 0.000152973 
0.000160792 0.000165085 0.000178094 0.000200202 0.000232045 0.000274515 0.000328752 0.000396141 0.000478307 0.000577103 0.000694595 0.000833043 0.000994879 0.00118268 0.00139911 0.0016469 0.0019288 0.0022475 0.00260557 0.0030054 0.00344912 0.00393852 0.004475 0.00505945 0.00569218 0.0063729 0.00710061 0.00787356 0.00868921 0.00954422 0.0104344 0.0113549 0.0122998 0.0132626 0.0142362 0.0152128 0.016184 0.0171412 0.0180755 0.0189777 0.0198386 0.0206495 0.0214016 0.0220868 0.0226974 0.0232265 0.0236681 0.024017 0.0242692 0.0244218 0.0244728 0.0244218 0.0242692 0.024017 0.0236681 0.0232265 0.0226974 0.0220868 0.0214016 0.0206495 0.0198386 0.0189777 0.0180755 0.0171412 0.016184 0.0152128 0.0142362 0.0132626 0.0122998 0.0113549 0.0104344 0.00954422 0.00868921 0.00787356 0.00710061 0.0063729 0.00569218 0.00505945 0.004475 0.00393852 0.00344912 0.0030054 0.00260557 0.0022475 0.0019288 0.0016469 0.00139911 0.00118268 0.000994879 0.000833043 0.000694595 0.000577103 0.000478307 0.000396141 0.000328752 0.000274515 0.000232045 0.000200202 0.000178094 0.000165085 
0.000180876 0.000185672 0.000200202 0.000224887 0.000260429 0.000307811 0.000368286 0.000443378 0.000534872 0.000644801 0.00077543 0.000929231 0.00110886 0.00131713 0.00155695 0.00183128 0.00214309 0.00249529 0.00289065 0.00333174 0.00382082 0.00435979 0.0049501 0.00559264 0.00628769 0.00703483 0.0078329 0.0086799 0.00957301 0.0105085 0.0114818 0.0124874 0.013519 0.0145695 0.0156311 0.0166953 0.017753 0.0187949 0.0198112 0.0207922 0.0217279 0.0226089 0.0234257 0.0241695 0.0248322 0.0254063 0.0258853 0.0262637 0.0265372 0.0267026 0.026758 0.0267026 0.0265372 0.0262637 0.0258853 0.0254063 0.0248322 0.0241695 0.0234257 0.0226089 0.0217279 0.0207922 0.0198112 0.0187949 0.017753 0.0166953 0.0156311 0.0145695 0.013519 0.0124874 0.0114818 0.0105085 0.00957301 0.0086799 0.0078329 0.00703483 0.00628769 0.00559264 0.0049501 0.00435979 0.00382082 0.00333174 0.00289065 0.00249529 0.00214309 0.00183128 0.00155695 0.00131713 0.00110886 0.000929231 0.00077543 0.000644801 0.000534872 0.000443378 0.000368286 0.000307811 0.000260429 0.000224887 0.000200202 0.000185672 
0.000209816 0.000215333 0.000232045 0.000260429 0.000301281 0.000355709 0.000425131 0.000511268 0.000616132 0.000742011 0.000891453 0.00106723 0.00127233 0.00150987 0.00178312 0.00209536 0.00244989 0.00284991 0.00329849 0.00379841 0.00435215 0.00496173 0.00562868 0.0063539 0.00713759 0.00797918 0.00887724 0.00982945 0.0108325 0.0118823 0.0129734 0.0140998 0.0152543 0.016429 0.0176152 0.0188033 0.0199834 0.021145 0.0222775 0.0233698 0.0244113 0.0253912 0.0262993 0.027126 0.0278622 0.0284998 0.0290316 0.0294518 0.0297553 0.0299389 0.0300003 0.0299389 0.0297553 0.0294518 0.0290316 0.0284998 0.0278622 0.027126 0.0262993 0.0253912 0.0244113 0.0233698 0.0222775 0.021145 0.0199834 0.0188033 0.0176152 0.016429 0.0152543 0.0140998 0.0129734 0.0118823 0.0108325 0.00982945 0.00887724 0.00797918 0.00713759 0.0063539 0.00562868 0.00496173 0.00435215 0.00379841 0.00329849 0.00284991 0.00244989 0.00209536 0.00178312 0.00150987 0.00127233 0.00106723 0.000891453 0.000742011 0.000616132 0.000511268 0.000425131 0.000355709 0.000301281 0.000260429 0.000232045 0.000215333 
0.00024843 0.000254905 0.000274515 0.000307811 0.000355709 0.000419486 0.000500776 0.000601557 0.000724139 0.000871146 0.00104549 0.00125035 0.00148912 0.00176536 0.00208275 0.00244503 0.00285591 0.00331898 0.00383765 0.00441504 0.00505384 0.00575627 0.00652394 0.00735773 0.00825775 0.00922321 0.0102523 0.0113423 0.0124894 0.0136886 0.0149338 0.016218 0.0175331 0.01887 0.0202186 0.0215684 0.022908 0.0242257 0.0255093 0.0267466 0.0279256 0.0290342 0.0300612 0.0309955 0.0318273 0.0325473 0.0331478 0.0336221 0.0339647 0.0341718 0.0342411 0.0341718 0.0339647 0.0336221 0.0331478 0.0325473 0.0318273 0.0309955 0.0300612 0.0290342 0.0279256 0.0267466 0.0255093 0.0242257 0.022908 0.0215684 0.0202186 0.01887 0.0175331 0.016218 0.0149338 0.0136886 0.0124894 0.0113423 0.0102523 0.00922321 0.00825775 0.00735773 0.00652394 0.00575627 0.00505384 0.00441504 0.00383765 0.00331898 0.00285591 0.00244503 0.00208275 0.00176536 0.00148912 0.00125035 0.00104549 0.000871146 0.000724139 0.000601557 0.000500776 0.000419486 0.000355709 0.000307811 0.000274515 0.000254905 
0.000297768 0.00030546 0.000328752 0.000368286 0.000425131 0.000500776 0.000597124 0.000716473 0.000861509 0.00103528 0.00124115 0.00148279 0.00176412 0.00208923 0.00246235 0.00288774 0.00336963 0.0039121 0.00451898 0.00519376 0.00593945 0.00675844 0.00765245 0.00862235 0.00966808 0.0107886 0.0119816 0.0132438 0.0145707 0.0159563 0.0173937 0.0188746 0.0203896 0.0219282 0.023479 0.0250297 0.0265674 0.0280787 0.0295499 0.030967 0.0323164 0.0335845 0.0347585 0.0358262 0.0367762 0.0375984 0.0382838 0.0388249 0.0392157 0.039452 0.0395311 0.039452 0.0392157 0.0388249 0.0382838 0.0375984 0.0367762 0.0358262 0.0347585 0.0335845 0.0323164 0.030967 0.0295499 0.0280787 0.0265674 0.0250297 0.023479 0.0219282 0.0203896 0.0188746 0.0173937 0.0159563 0.0145707 0.0132438 0.0119816 0.0107886 0.00966808 0.00862235 0.00765245 0.00675844 0.00593945 0.00519376 0.00451898 0.0039121 0.00336963 0.00288774 0.00246235 0.00208923 0.00176412 0.00148279 0.00124115 0.00103528 0.000861509 0.000716473 0.000597124 0.000500776 0.000425131 0.000368286 0.000328752 0.00030546 
0.000359107 0.000368302 0.000396141 0.000443378 0.000511268 0.000601557 0.000716473 0.00085871 0.0010314 0.00123811 0.00148275 0.0017696 0.00210319 0.00248827 0.00292971 0.0034324 0.0040012 0.00464075 0.0053554 0.00614907 0.00702509 0.00798611 0.00903392 0.0101693 0.0113921 0.0127008 0.0140927 0.0155636 0.0171082 0.0187194 0.0203891 0.0221075 0.0238637 0.0256456 0.0274399 0.0292326 0.0310087 0.0327529 0.0344494 0.0360824 0.0376364 0.0390959 0.0404462 0.0416737 0.0427654 0.0437098 0.0444968 0.045118 0.0455667 0.0458378 0.0459285 0.0458378 0.0455667 0.045118 0.0444968 0.0437098 0.0427654 0.0416737 0.0404462 0.0390959 0.0376364 0.0360824 0.0344494 0.0327529 0.0310087 0.0292326 0.0274399 0.0256456 0.0238637 0.0221075 0.0203891 0.0187194 0.0171082 0.0155636 0.0140927 0.0127008 0.0113921 0.0101693 0.00903392 0.00798611 0.00702509 0.00614907 0.0053554 0.00464075 0.0040012 0.0034324 0.00292971 0.00248827 0.00210319 0.0017696 0.00148275 0.00123811 0.0010314 0.00085871 0.000716473 0.000601557 0.000511268 0.000443378 0.000396141 0.000368302 
0.000433945 0.000444961 0.000478307 0.000534872 0.000616132 0.000724139 0.000861509 0.0010314 0.0012375 0.00148395 0.00177534 0.00211665 0.00251314 0.00297032 0.00349383 0.00408931 0.00476231 0.00551815 0.00636176 0.00729754 0.00832922 0.00945967 0.0106908 0.0120233 0.0134567 0.014989 0.0166168 0.0183353 0.0201377 0.022016 0.0239603 0.0259593 0.0280003 0.0300691 0.0321503 0.0342278 0.0362843 0.0383021 0.0402634 0.0421499 0.0439437 0.0456275 0.0471845 0.048599 0.0498565 0.050944 0.0518499 0.0525648 0.053081 0.0533929 0.0534973 0.0533929 0.053081 0.0525648 0.0518499 0.050944 0.0498565 0.048599 0.0471845 0.0456275 0.0439437 0.0421499 0.0402634 0.0383021 0.0362843 0.0342278 0.0321503 0.0300691 0.0280003 0.0259593 0.0239603 0.022016 0.0201377 0.0183353 0.0166168 0.014989 0.0134567 0.0120233 0.0106908 0.00945967 0.00832922 0.00729754 0.00636176 0.00551815 0.00476231 0.00408931 0.00349383 0.00297032 0.00251314 0.00211665 0.00177534 0.00148395 0.0012375 0.0010314 0.000861509 0.000724139 0.000616132 0.000534872 0.000478307 0.000444961 
0.000523991 0.000537182 0.000577103 0.000644801 0.000742011 0.000871146 0.00103528 0.00123811 0.00148395 0.00177765 0.00212458 0.00253051 0.00300159 0.00354418 0.0041648 0.00486994 0.00566598 0.00655898 0.00755453 0.00865758 0.00987225 0.0112017 0.0126478 0.0142112 0.0158911 0.0176849 0.0195883 0.0215955 0.0236985 0.0258876 0.0281513 0.0304763 0.0328477 0.035249 0.0376626 0.0400696 0.0424502 0.0447842 0.0470509 0.0492297 0.0513 0.0532421 0.055037 0.0566667 0.0581149 0.0593667 0.0604092 0.0612317 0.0618254 0.0621841 0.0623041 0.0621841 0.0618254 0.0612317 0.0604092 0.0593667 0.0581149 0.0566667 0.055037 0.0532421 0.0513 0.0492297 0.0470509 0.0447842 0.0424502 0.0400696 0.0376626 0.035249 0.0328477 0.0304763 0.0281513 0.0258876 0.0236985 0.0215955 0.0195883 0.0176849 0.0158911 0.0142112 0.0126478 0.0112017 0.00987225 0.00865758 0.00755453 0.00655898 0.00566598 0.00486994 0.0041648 0.00354418 0.00300159 0.00253051 0.00212458 0.00177765 0.00148395 0.00123811 0.00103528 0.000871146 0.000742011 0.000644801 0.000577103 0.000537182 
0.000631155 0.000646912 0.000694595 0.00077543 0.000891453 0.00104549 0.00124115 0.00148275 0.00177534 0.00212458 0.0025367 0.00301844 0.0035769 0.00421946 0.00495361 0.00578683 0.0067264 0.00777921 0.00895159 0.0102491 0.0116762 0.0132364 0.0149316 0.0167622 0.0187268 0.0208224 0.0230436 0.0253832 0.0278318 0.0303779 0.033008 0.0357066 0.0384562 0.0412379 0.0440311 0.0468142 0.0495643 0.0522584 0.0548728 0.0573838 0.0597682 0.0620036 0.0640682 0.0659419 0.0676061 0.0690441 0.0702413 0.0711855 0.071867 0.0722787 0.0724164 0.0722787 0.071867 0.0711855 0.0702413 0.0690441 0.0676061 0.0659419 0.0640682 0.0620036 0.0597682 0.0573838 0.0548728 0.0522584 0.0495643 0.0468142 0.0440311 0.0412379 0.0384562 0.0357066 0.033008 0.0303779 0.0278318 0.0253832 0.0230436 0.0208224 0.0187268 0.0167622 0.0149316 0.0132364 0.0116762 0.0102491 0.00895159 0.00777921 0.0067264 0.00578683 0.00495361 0.00421946 0.0035769 0.00301844 0.0025367 0.00212458 0.00177534 0.00148275 0.00124115 0.00104549 0.000891453 0.00077543 0.000694595 0.000646912 
0.000757528 0.000776287 0.000833043 0.000929231 0.00106723 0.00125035 0.00148279 0.0017696 0.00211665 0.00253051 0.00301844 0.00358822 0.00424807 0.00500647 0.00587204 0.00685334 0.00795865 0.00919578 0.0105719 0.012093 0.0137643 0.0155893 0.0175699 0.0197063 0.0219966 0.0244366 0.0270201 0.0297383 0.03258 0.0355317 0.0385776 0.0416994 0.0448772 0.0480888 0.0513106 0.0545178 0.0576843 0.0607837 0.0637889 0.0666732 0.0694102 0.0719744 0.0743413 0.0764883 0.0783943 0.0800406 0.0814107 0.0824909 0.0832705 0.0837414 0.0838988 0.0837414 0.0832705 0.0824909 0.0814107 0.0800406 0.0783943 0.0764883 0.0743413 0.0719744 0.0694102 0.0666732 0.0637889 0.0607837 0.0576843 0.0545178 0.0513106 0.0480888 0.0448772 0.0416994 0.0385776 0.0355317 0.03258 0.0297383 0.0270201 0.0244366 0.0219966 0.0197063 0.0175699 0.0155893 0.0137643 0.012093 0.0105719 0.00919578 0.00795865 0.00685334 0.00587204 0.00500647 0.00424807 0.00358822 0.00301844 0.00253051 0.00211665 0.0017696 0.00148279 0.00125035 0.00106723 0.000929231 0.000833043 0.000776287 
0.000905365 0.000927604 0.000994879 0.00110886 0.00127233 0.00148912 0.00176412 0.00210319 0.00251314 0.00300159 0.0035769 0.00424807 0.00502452 0.00591602 0.00693239 0.0080834 0.00937842 0.0108263 0.0124349 0.0142111 0.0161604 0.0182865 0.0205913 0.0230745 0.0257335 0.0285632 0.0315558 0.034701 0.0379855 0.0413935 0.0449063 0.0485031 0.0521605 0.0558532 0.0595542 0.0632348 0.0668656 0.0704163 0.0738565 0.0771556 0.0802841 0.0832131 0.0859153 0.088365 0.0905387 0.0924154 0.0939767 0.0952074 0.0960953 0.0966315 0.0968109 0.0966315 0.0960953 0.0952074 0.0939767 0.0924154 0.0905387 0.088365 0.0859153 0.0832131 0.0802841 0.0771556 0.0738565 0.0704163 0.0668656 0.0632348 0.0595542 0.0558532 0.0521605 0.0485031 0.0449063 0.0413935 0.0379855 0.034701 0.0315558 0.0285632 0.0257335 0.0230745 0.0205913 0.0182865 0.0161604 0.0142111 0.0124349 0.0108263 0.00937842 0.0080834 0.00693239 0.00591602 0.00502452 0.00424807 0.0035769 0.00300159 0.00251314 0.00210319 0.00176412 0.00148912 0.00127233 0.00110886 0.000994879 0.000927604 
0.00107705 0.00110329 0.00118268 0.00131713 0.00150987 0.00176536 0.00208923 0.00248827 0.00297032 0.00354418 0.00421946 0.00500647 0.00591602 0.00695922 0.00814729 0.00949126 0.0110017 0.0126885 0.0145605 0.0166252 0.0188884 0.0213541 0.024024 0.0268972 0.0299703 0.0332369 0.0366878 0.0403105 0.0440894 0.048006 0.0520388 0.0561636 0.0603536 0.0645798 0.0688113 0.0730156 0.0771592 0.0812079 0.0851273 0.0888832 0.0924422 0.0957721 0.0988421 0.101624 0.104091 0.10622 0.107991 0.109386 0.110392 0.111 0.111203 0.111 0.110392 0.109386 0.107991 0.10622 0.104091 0.101624 0.0988421 0.0957721 0.0924422 0.0888832 0.0851273 0.0812079 0.0771592 0.0730156 0.0688113 0.0645798 0.0603536 0.0561636 0.0520388 0.048006 0.0440894 0.0403105 0.0366878 0.0332369 0.0299703 0.0268972 0.024024 0.0213541 0.0188884 0.0166252 0.0145605 0.0126885 0.0110017 0.00949126 0.00814729 0.00695922 0.00591602 0.00500647 0.00421946 0.00354418 0.00297032 0.00248827 0.00208923 0.00176536 0.00150987 0.00131713 0.00118268 0.00110329 
0.00127507 0.00130589 0.00139911 0.00155695 0.00178312 0.00208275 0.00246235 0.00292971 0.00349383 0.0041648 0.00495361 0.00587204 0.00693239 0.00814729 0.00952941 0.0110912 0.0128445 0.0148002 0.0169683 0.0193567 0.0219719 0.0248176 0.0278955 0.0312039 0.0347384 0.0384912 0.0424511 0.0466033 0.0509298 0.0554089 0.060016 0.064723 0.0694994 0.0743121 0.079126 0.0839044 0.0886095 0.0932028 0.0976456 0.1019 0.105928 0.109694 0.113164 0.116307 0.119092 0.121495 0.123493 0.125067 0.126202 0.126887 0.127116 0.126887 0.126202 0.125067 0.123493 0.121495 0.119092 0.116307 0.113164 0.109694 0.105928 0.1019 0.0976456 0.0932028 0.0886095 0.0839044 0.079126 0.0743121 0.0694994 0.064723 0.060016 0.0554089 0.0509298 0.0466033 0.0424511 0.0384912 0.0347384 0.0312039 0.0278955 0.0248176 0.0219719 0.0193567 0.0169683 0.0148002 0.0128445 0.0110912 0.00952941 0.00814729 0.00693239 0.00587204 0.00495361 0.0041648 0.00349383 0.00292971 0.00246235 0.00208275 0.00178312 0.00155695 0.00139911 0.00130589 
0.00150197 0.00153799 0.0016469 0.00183128 0.00209536 0.00244503 0.00288774 0.0034324 0.00408931 0.00486994 0.00578683 0.00685334 0.0080834 0.00949126 0.0110912 0.0128971 0.0149221 0.0171786 0.019677 0.0224263 0.0254331 0.0287012 0.0322316 0.0360221 0.040067 0.0443566 0.0488776 0.0536128 0.0585411 0.0636375 0.0688736 0.0742174 0.0796343 0.0850866 0.0905347 0.0959374 0.101252 0.106436 0.111446 0.116239 0.120774 0.125011 0.128912 0.132443 0.135572 0.138269 0.140511 0.142276 0.143549 0.144318 0.144574 0.144318 0.143549 0.142276 0.140511 0.138269 0.135572 0.132443 0.128912 0.125011 0.120774 0.116239 0.111446 0.106436 0.101252 0.0959374 0.0905347 0.0850866 0.0796343 0.0742174 0.0688736 0.0636375 0.0585411 0.0536128 0.0488776 0.0443566 0.040067 0.0360221 0.0322316 0.0287012 0.0254331 0.0224263 0.019677 0.0171786 0.0149221 0.0128971 0.0110912 0.00949126 0.0080834 0.00685334 0.00578683 0.00486994 0.00408931 0.0034324 0.00288774 0.00244503 0.00209536 0.00183128 0.0016469 0.00153799 
0.00176031 0.00180219 0.0019288 0.00214309 0.00244989 0.00285591 0.00336963 0.0040012 0.00476231 0.00566598 0.0067264 0.00795865 0.00937842 0.0110017 0.0128445 0.0149221 0.0172494 0.0198396 0.0227044 0.0258531 0.0292925 0.0330266 0.0370557 0.0413765 0.0459817 0.0508598 0.0559951 0.0613673 0.066952 0.0727207 0.0786407 0.0846759 0.0907868 0.0969312 0.103065 0.109141 0.115112 0.120931 0.126549 0.13192 0.136998 0.141739 0.146101 0.150047 0.153541 0.156553 0.159054 0.161024 0.162444 0.163301 0.163587 0.163301 0.162444 0.161024 0.159054 0.156553 0.153541 0.150047 0.146101 0.141739 0.136998 0.13192 0.126549 0.120931 0.115112 0.109141 0.103065 0.0969312 0.0907868 0.0846759 0.0786407 0.0727207 0.066952 0.0613673 0.0559951 0.0508598 0.0459817 0.0413765 0.0370557 0.0330266 0.0292925 0.0258531 0.0227044 0.0198396 0.0172494 0.0149221 0.0128445 0.0110017 0.00937842 0.00795865 0.0067264 0.00566598 0.00476231 0.0040012 0.00336963 0.00285591 0.00244989 0.00214309 0.0019288 0.00180219 
0.0020526 0.00210105 0.0022475 0.00249529 0.00284991 0.00331898 0.0039121 0.00464075 0.00551815 0.00655898 0.00777921 0.00919578 0.0108263 0.0126885 0.0148002 0.0171786 0.0198396 0.0227979 0.026066 0.0296538 0.0335683 0.0378131 0.0423878 0.0472878 0.0525041 0.0580229 0.0638256 0.069889 0.0761848 0.0826803 0.0893385 0.0961185 0.102976 0.109864 0.116731 0.123528 0.130201 0.136697 0.142964 0.14895 0.154604 0.15988 0.164731 0.169116 0.172997 0.17634 0.179116 0.181301 0.182876 0.183826 0.184144 0.183826 0.182876 0.181301 0.179116 0.17634 0.172997 0.169116 0.164731 0.15988 0.154604 0.14895 0.142964 0.136697 0.130201 0.123528 0.116731 0.109864 0.102976 0.0961185 0.0893385 0.0826803 0.0761848 0.069889 0.0638256 0.0580229 0.0525041 0.0472878 0.0423878 0.0378131 0.0335683 0.0296538 0.026066 0.0227979 0.0198396 0.0171786 0.0148002 0.0126885 0.0108263 0.00919578 0.00777921 0.00655898 0.00551815 0.00464075 0.0039121 0.00331898 0.00284991 0.00249529 0.0022475 0.00210105 
0.00238126 0.00243702 0.00260557 0.00289065 0.00329849 0.00383765 0.00451898 0.0053554 0.00636176 0.00755453 0.00895159 0.0105719 0.0124349 0.0145605 0.0169683 0.019677 0.0227044 0.026066 0.0297753 0.0338427 0.0382753 0.043076 0.0482437 0.0537721 0.0596503 0.0658618 0.072385 0.0791929 0.0862533 0.093529 0.100978 0.108555 0.116209 0.123889 0.131538 0.1391 0.146517 0.15373 0.160683 0.167317 0.173579 0.179417 0.184782 0.189628 0.193914 0.197605 0.200669 0.203079 0.204815 0.205863 0.206213 0.205863 0.204815 0.203079 0.200669 0.197605 0.193914 0.189628 0.184782 0.179417 0.173579 0.167317 0.160683 0.15373 0.146517 0.1391 0.131538 0.123889 0.116209 0.108555 0.100978 0.093529 0.0862533 0.0791929 0.072385 0.0658618 0.0596503 0.0537721 0.0482437 0.043076 0.0382753 0.0338427 0.0297753 0.026066 0.0227044 0.019677 0.0169683 0.0145605 0.0124349 0.0105719 0.00895159 0.00755453 0.00636176 0.0053554 0.00451898 0.00383765 0.00329849 0.00289065 0.00260557 0.00243702 
0.00274855 0.00281241 0.0030054 0.00333174 0.00379841 0.00441504 0.00519376 0.00614907 0.00729754 0.00865758 0.0102491 0.012093 0.0142111 0.0166252 0.0193567 0.0224263 0.0258531 0.0296538 0.0338427 0.0384306 0.0434245 0.0488265 0.0546344 0.0608401 0.0674304 0.0743858 0.0816812 0.0892857 0.0971627 0.10527 0.113561 0.121983 0.130483 0.139 0.147474 0.155843 0.164042 0.172009 0.179679 0.186993 0.19389 0.200315 0.206214 0.21154 0.216249 0.2203 0.223662 0.226306 0.22821 0.229359 0.229743 0.229359 0.22821 0.226306 0.223662 0.2203 0.216249 0.21154 0.206214 0.200315 0.19389 0.186993 0.179679 0.172009 0.164042 0.155843 0.147474 0.139 0.130483 0.121983 0.113561 0.10527 0.0971627 0.0892857 0.0816812 0.0743858 0.0674304 0.0608401 0.0546344 0.0488265 0.0434245 0.0384306 0.0338427 0.0296538 0.0258531 0.0224263 0.0193567 0.0166252 0.0142111 0.012093 0.0102491 0.00865758 0.00729754 0.00614907 0.00519376 0.00441504 0.00379841 0.00333174 0.0030054 0.00281241 
0.00315648 0.00322924 0.00344912 0.00382082 0.00435215 0.00505384 0.00593945 0.00702509 0.00832922 0.00987225 0.0116762 0.0137643 0.0161604 0.0188884 0.0219719 0.0254331 0.0292925 0.0335683 0.0382753 0.0434245 0.0490224 0.0550706 0.0615652 0.0684962 0.0758474 0.0835963 0.0917139 0.100165 0.108908 0.117895 0.127075 0.136389 0.145777 0.155174 0.164513 0.173725 0.182742 0.191493 0.199911 0.207929 0.215485 0.222517 0.228969 0.234791 0.239933 0.244357 0.248025 0.25091 0.252986 0.254239 0.254658 0.254239 0.252986 0.25091 0.248025 0.244357 0.239933 0.234791 0.228969 0.222517 0.215485 0.207929 0.199911 0.191493 0.182742 0.173725 0.164513 0.155174 0.145777 0.136389 0.127075 0.117895 0.108908 0.100165 0.0917139 0.0835963 0.0758474 0.0684962 0.0615652 0.0550706 0.0490224 0.0434245 0.0382753 0.0335683 0.0292925 0.0254331 0.0219719 0.0188884 0.0161604 0.0137643 0.0116762 0.00987225 0.00832922 0.00702509 0.00593945 0.00505384 0.00435215 0.00382082 0.00344912 0.00322924 
0.00360676 0.00368926 0.00393852 0.00435979 0.00496173 0.00575627 0.00675844 0.00798611 0.00945967 0.0112017 0.0132364 0.0155893 0.0182865 0.0213541 0.0248176 0.0287012 0.0330266 0.0378131 0.043076 0.0488265 0.0550706 0.0618088 0.0690352 0.0767375 0.0848966 0.0934863 0.102473 0.111818 0.121473 0.131385 0.141497 0.151745 0.162062 0.172375 0.182614 0.192701 0.202564 0.212126 0.221315 0.23006 0.238292 0.245947 0.252966 0.259294 0.264881 0.269684 0.273665 0.276794 0.279046 0.280405 0.280859 0.280405 0.279046 0.276794 0.273665 0.269684 0.264881 0.259294 0.252966 0.245947 0.238292 0.23006 0.221315 0.212126 0.202564 0.192701 0.182614 0.172375 0.162062 0.151745 0.141497 0.131385 0.121473 0.111818 0.102473 0.0934863 0.0848966 0.0767375 0.0690352 0.0618088 0.0550706 0.0488265 0.043076 0.0378131 0.0330266 0.0287012 0.0248176 0.0213541 0.0182865 0.0155893 0.0132364 0.0112017 0.00945967 0.00798611 0.00675844 0.00575627 0.00496173 0.00435979 0.00393852 0.00368926 
0.00410074 0.00419382 0.004475 0.0049501 0.00562868 0.00652394 0.00765245 0.00903392 0.0106908 0.0126478 0.0149316 0.0175699 0.0205913 0.024024 0.0278955 0.0322316 0.0370557 0.0423878 0.0482437 0.0546344 0.0615652 0.0690352 0.0770364 0.085554 0.0945652 0.10404 0.11394 0.124221 0.13483 0.145709 0.156792 0.16801 0.179288 0.190551 0.201717 0.212707 0.223439 0.233834 0.243812 0.253298 0.26222 0.27051 0.278104 0.284946 0.290982 0.296169 0.300466 0.303842 0.306272 0.307737 0.308226 0.307737 0.306272 0.303842 0.300466 0.296169 0.290982 0.284946 0.278104 0.27051 0.26222 0.253298 0.243812 0.233834 0.223439 0.212707 0.201717 0.190551 0.179288 0.16801 0.156792 0.145709 0.13483 0.124221 0.11394 0.10404 0.0945652 0.085554 0.0770364 0.0690352 0.0615652 0.0546344 0.0482437 0.0423878 0.0370557 0.0322316 0.0278955 0.024024 0.0205913 0.0175699 0.0149316 0.0126478 0.0106908 0.00903392 0.00765245 0.00652394 0.00562868 0.0049501 0.004475 0.00419382 
0.00463929 0.0047438 0.00505945 0.00559264 0.0063539 0.00735773 0.00862235 0.0101693 0.0120233 0.0142112 0.0167622 0.0197063 0.0230745 0.0268972 0.0312039 0.0360221 0.0413765 0.0472878 0.0537721 0.0608401 0.0684962 0.0767375 0.085554 0.0949274 0.104832 0.115232 0.126085 0.137341 0.148941 0.160821 0.172908 0.185127 0.197396 0.209633 0.221751 0.233663 0.245282 0.256522 0.267302 0.277539 0.287158 0.296088 0.304262 0.31162 0.318108 0.32368 0.328293 0.331916 0.334523 0.336094 0.336619 0.336094 0.334523 0.331916 0.328293 0.32368 0.318108 0.31162 0.304262 0.296088 0.287158 0.277539 0.267302 0.256522 0.245282 0.233663 0.221751 0.209633 0.197396 0.185127 0.172908 0.160821 0.148941 0.137341 0.126085 0.115232 0.104832 0.0949274 0.085554 0.0767375 0.0684962 0.0608401 0.0537721 0.0472878 0.0413765 0.0360221 0.0312039 0.0268972 0.0230745 0.0197063 0.0167622 0.0142112 0.0120233 0.0101693 0.00862235 0.00735773 0.0063539 0.00559264 0.00505945 0.0047438 
0.00522279 0.00533955 0.00569218 0.00628769 0.00713759 0.00825775 0.00966808 0.0113921 0.0134567 0.0158911 0.0187268 0.0219966 0.0257335 0.0299703 0.0347384 0.040067 0.0459817 0.0525041 0.0596503 0.0674304 0.0758474 0.0848966 0.0945652 0.104832 0.115665 0.127027 0.138868 0.151132 0.163755 0.176665 0.189783 0.203028 0.21631 0.22954 0.242625 0.255472 0.267988 0.280083 0.291669 0.302661 0.312979 0.322549 0.331302 0.339174 0.346111 0.352064 0.356992 0.36086 0.363641 0.365318 0.365878 0.365318 0.363641 0.36086 0.356992 0.352064 0.346111 0.339174 0.331302 0.322549 0.312979 0.302661 0.291669 0.280083 0.267988 0.255472 0.242625 0.22954 0.21631 0.203028 0.189783 0.176665 0.163755 0.151132 0.138868 0.127027 0.115665 0.104832 0.0945652 0.0848966 0.0758474 0.0674304 0.0596503 0.0525041 0.0459817 0.040067 0.0347384 0.0299703 0.0257335 0.0219966 0.0187268 0.0158911 0.0134567 0.0113921 0.00966808 0.00825775 0.00713759 0.00628769 0.00569218 0.00533955 
0.005851 0.00598084 0.0063729 0.00703483 0.00797918 0.00922321 0.0107886 0.0127008 0.014989 0.0176849 0.0208224 0.0244366 0.0285632 0.0332369 0.0384912 0.0443566 0.0508598 0.0580229 0.0658618 0.0743858 0.0835963 0.0934863 0.10404 0.115232 0.127027 0.13938 0.152239 0.165539 0.17921 0.193173 0.207343 0.22163 0.23594 0.250175 0.264236 0.278024 0.291441 0.304392 0.316783 0.328527 0.339539 0.349743 0.359068 0.367448 0.374827 0.381156 0.386391 0.390499 0.393453 0.395232 0.395827 0.395232 0.393453 0.390499 0.386391 0.381156 0.374827 0.367448 0.359068 0.349743 0.339539 0.328527 0.316783 0.304392 0.291441 0.278024 0.264236 0.250175 0.23594 0.22163 0.207343 0.193173 0.17921 0.165539 0.152239 0.13938 0.127027 0.115232 0.10404 0.0934863 0.0835963 0.0743858 0.0658618 0.0580229 0.0508598 0.0443566 0.0384912 0.0332369 0.0285632 0.0244366 0.0208224 0.0176849 0.014989 0.0127008 0.0107886 0.00922321 0.00797918 0.00703483 0.0063729 0.00598084 
0.00652307 0.00666676 0.00710061 0.0078329 0.00887724 0.0102523 0.0119816 0.0140927 0.0166168 0.0195883 0.0230436 0.0270201 0.0315558 0.0366878 0.0424511 0.0488776 0.0559951 0.0638256 0.072385 0.0816812 0.0917139 0.102473 0.11394 0.126085 0.138868 0.152239 0.166137 0.180494 0.195232 0.210264 0.2255 0.24084 0.256184 0.271428 0.286467 0.301195 0.315509 0.329309 0.342498 0.354984 0.36668 0.377507 0.387392 0.396269 0.404079 0.410773 0.416308 0.420649 0.423769 0.425649 0.426277 0.425649 0.423769 0.420649 0.416308 0.410773 0.404079 0.396269 0.387392 0.377507 0.36668 0.354984 0.342498 0.329309 0.315509 0.301195 0.286467 0.271428 0.256184 0.24084 0.2255 0.210264 0.195232 0.180494 0.166137 0.152239 0.138868 0.126085 0.11394 0.102473 0.0917139 0.0816812 0.072385 0.0638256 0.0559951 0.0488776 0.0424511 0.0366878 0.0315558 0.0270201 0.0230436 0.0195883 0.0166168 0.0140927 0.0119816 0.0102523 0.00887724 0.0078329 0.00710061 0.00666676 
0.00723743 0.00739571 0.00787356 0.0086799 0.00982945 0.0113423 0.0132438 0.0155636 0.0183353 0.0215955 0.0253832 0.0297383 0.034701 0.0403105 0.0466033 0.0536128 0.0613673 0.069889 0.0791929 0.0892857 0.100165 0.111818 0.124221 0.137341 0.151132 0.165539 0.180494 0.195923 0.211739 0.227849 0.244155 0.260552 0.27693 0.29318 0.30919 0.32485 0.34005 0.354686 0.368658 0.38187 0.394233 0.405667 0.416095 0.425452 0.433679 0.440726 0.446548 0.451113 0.454393 0.456368 0.457028 0.456368 0.454393 0.451113 0.446548 0.440726 0.433679 0.425452 0.416095 0.405667 0.394233 0.38187 0.368658 0.354686 0.34005 0.32485 0.30919 0.29318 0.27693 0.260552 0.244155 0.227849 0.211739 0.195923 0.180494 0.165539 0.151132 0.137341 0.124221 0.111818 0.100165 0.0892857 0.0791929 0.069889 0.0613673 0.0536128 0.0466033 0.0403105 0.034701 0.0297383 0.0253832 0.0215955 0.0183353 0.0155636 0.0132438 0.0113423 0.00982945 0.0086799 0.00787356 0.00739571 
0.00799178 0.00816533 0.00868921 0.00957301 0.0108325 0.0124894 0.0145707 0.0171082 0.0201377 0.0236985 0.0278318 0.03258 0.0379855 0.0440894 0.0509298 0.0585411 0.066952 0.0761848 0.0862533 0.0971627 0.108908 0.121473 0.13483 0.148941 0.163755 0.17921 0.195232 0.211739 0.228637 0.245827 0.263202 0.28065 0.298054 0.3153 0.332268 0.348843 0.364911 0.380364 0.395097 0.409014 0.422022 0.434039 0.44499 0.454807 0.463432 0.470814 0.476911 0.481688 0.485119 0.487185 0.487875 0.487185 0.485119 0.481688 0.476911 0.470814 0.463432 0.454807 0.44499 0.434039 0.422022 0.409014 0.395097 0.380364 0.364911 0.348843 0.332268 0.3153 0.298054 0.28065 0.263202 0.245827 0.228637 0.211739 0.195232 0.17921 0.163755 0.148941 0.13483 0.121473 0.108908 0.0971627 0.0862533 0.0761848 0.066952 0.0585411 0.0509298 0.0440894 0.0379855 0.03258 0.0278318 0.0236985 0.0201377 0.0171082 0.0145707 0.0124894 0.0108325 0.00957301 0.00868921 0.00816533 
0.00878308 0.0089725 0.00954422 0.0105085 0.0118823 0.0136886 0.0159563 0.0187194 0.022016 0.0258876 0.0303779 0.0355317 0.0413935 0.048006 0.0554089 0.0636375 0.0727207 0.0826803 0.093529 0.10527 0.117895 0.131385 0.145709 0.160821 0.176665 0.193173 0.210264 0.227849 0.245827 0.264091 0.282525 0.301011 0.319427 0.337649 0.355555 0.373022 0.389934 0.406177 0.421645 0.436238 0.449864 0.462439 0.473886 0.48414 0.49314 0.500839 0.507193 0.512169 0.515742 0.517893 0.518611 0.517893 0.515742 0.512169 0.507193 0.500839 0.49314 0.48414 0.473886 0.462439 0.449864 0.436238 0.421645 0.406177 0.389934 0.373022 0.355555 0.337649 0.319427 0.301011 0.282525 0.264091 0.245827 0.227849 0.210264 0.193173 0.176665 0.160821 0.145709 0.131385 0.117895 0.10527 0.093529 0.0826803 0.0727207 0.0636375 0.0554089 0.048006 0.0413935 0.0355317 0.0303779 0.0258876 0.022016 0.0187194 0.0159563 0.0136886 0.0118823 0.0105085 0.00954422 0.0089725 
0.0096075 0.00981332 0.0104344 0.0114818 0.0129734 0.0149338 0.0173937 0.0203891 0.0239603 0.0281513 0.033008 0.0385776 0.0449063 0.0520388 0.060016 0.0688736 0.0786407 0.0893385 0.100978 0.113561 0.127075 0.141497 0.156792 0.172908 0.189783 0.207343 0.2255 0.244155 0.263202 0.282525 0.302002 0.321507 0.340912 0.360086 0.378901 0.397231 0.414955 0.431957 0.448127 0.463365 0.477576 0.490677 0.502591 0.513253 0.522605 0.530598 0.537191 0.542352 0.546056 0.548285 0.54903 0.548285 0.546056 0.542352 0.537191 0.530598 0.522605 0.513253 0.502591 0.490677 0.477576 0.463365 0.448127 0.431957 0.414955 0.397231 0.378901 0.360086 0.340912 0.321507 0.302002 0.282525 0.263202 0.244155 0.2255 0.207343 0.189783 0.172908 0.156792 0.141497 0.127075 0.113561 0.100978 0.0893385 0.0786407 0.0688736 0.060016 0.0520388 0.0449063 0.0385776 0.033008 0.0281513 0.0239603 0.0203891 0.0173937 0.0149338 0.0129734 0.0114818 0.0104344 0.00981332 
0.0104605 0.0106831 0.0113549 0.0124874 0.0140998 0.016218 0.0188746 0.0221075 0.0259593 0.0304763 0.0357066 0.0416994 0.0485031 0.0561636 0.064723 0.0742174 0.0846759 0.0961185 0.108555 0.121983 0.136389 0.151745 0.16801 0.185127 0.203028 0.22163 0.24084 0.260552 0.28065 0.301011 0.321507 0.342005 0.362368 0.382463 0.402154 0.421312 0.439812 0.457534 0.47437 0.490214 0.504975 0.518567 0.530916 0.541957 0.551632 0.559896 0.566708 0.572038 0.575861 0.578162 0.57893 0.578162 0.575861 0.572038 0.566708 0.559896 0.551632 0.541957 0.530916 0.518567 0.504975 0.490214 0.47437 0.457534 0.439812 0.421312 0.402154 0.382463 0.362368 0.342005 0.321507 0.301011 0.28065 0.260552 0.24084 0.22163 0.203028 0.185127 0.16801 0.151745 0.136389 0.121983 0.108555 0.0961185 0.0846759 0.0742174 0.064723 0.0561636 0.0485031 0.0416994 0.0357066 0.0304763 0.0259593 0.0221075 0.0188746 0.016218 0.0140998 0.0124874 0.0113549 0.0106831 
0.0113366 0.0115764 0.0122998 0.013519 0.0152543 0.0175331 0.0203896 0.0238637 0.0280003 0.0328477 0.0384562 0.0448772 0.0521605 0.0603536 0.0694994 0.0796343 0.0907868 0.102976 0.116209 0.130483 0.145777 0.162062 0.179288 0.197396 0.21631 0.23594 0.256184 0.27693 0.298054 0.319427 0.340912 0.362368 0.383656 0.404632 0.42516 0.445105 0.46434 0.482742 0.500201 0.516612 0.531882 0.545929 0.558677 0.570064 0.580034 0.588543 0.595553 0.601035 0.604966 0.607331 0.60812 0.607331 0.604966 0.601035 0.595553 0.588543 0.580034 0.570064 0.558677 0.545929 0.531882 0.516612 0.500201 0.482742 0.46434 0.445105 0.42516 0.404632 0.383656 0.362368 0.340912 0.319427 0.298054 0.27693 0.256184 0.23594 0.21631 0.197396 0.179288 0.162062 0.145777 0.130483 0.116209 0.102976 0.0907868 0.0796343 0.0694994 0.0603536 0.0521605 0.0448772 0.0384562 0.0328477 0.0280003 0.0238637 0.0203896 0.0175331 0.0152543 0.013519 0.0122998 0.0115764 
0.01223 0.012487 0.0132626 0.0145695 0.016429 0.01887 0.0219282 0.0256456 0.0300691 0.035249 0.0412379 0.0480888 0.0558532 0.0645798 0.0743121 0.0850866 0.0969312 0.109864 0.123889 0.139 0.155174 0.172375 0.190551 0.209633 0.22954 0.250175 0.271428 0.29318 0.3153 0.337649 0.360086 0.382463 0.404632 0.426449 0.44777 0.468457 0.48838 0.507417 0.525455 0.542389 0.558128 0.572588 0.585699 0.597398 0.607634 0.616362 0.623548 0.629164 0.63319 0.635611 0.636419 0.635611 0.63319 0.629164 0.623548 0.616362 0.607634 0.597398 0.585699 0.572588 0.558128 0.542389 0.525455 0.507417 0.48838 0.468457 0.44777 0.426449 0.404632 0.382463 0.360086 0.337649 0.3153 0.29318 0.271428 0.250175 0.22954 0.209633 0.190551 0.172375 0.155174 0.139 0.123889 0.109864 0.0969312 0.0850866 0.0743121 0.0645798 0.0558532 0.0480888 0.0412379 0.035249 0.0300691 0.0256456 0.0219282 0.01887 0.016429 0.0145695 0.0132626 0.012487 
0.0131338 0.0134083 0.0142362 0.0156311 0.0176152 0.0202186 0.023479 0.0274399 0.0321503 0.0376626 0.0440311 0.0513106 0.0595542 0.0688113 0.079126 0.0905347 0.103065 0.116731 0.131538 0.147474 0.164513 0.182614 0.201717 0.221751 0.242625 0.264236 0.286467 0.30919 0.332268 0.355555 0.378901 0.402154 0.42516 0.44777 0.469835 0.491216 0.511781 0.531404 0.549973 0.567386 0.583549 0.598383 0.611819 0.623796 0.634265 0.643186 0.650526 0.656259 0.660367 0.662837 0.663661 0.662837 0.660367 0.656259 0.650526 0.643186 0.634265 0.623796 0.611819 0.598383 0.583549 0.567386 0.549973 0.531404 0.511781 0.491216 0.469835 0.44777 0.42516 0.402154 0.378901 0.355555 0.332268 0.30919 0.286467 0.264236 0.242625 0.221751 0.201717 0.182614 0.164513 0.147474 0.131538 0.116731 0.103065 0.0905347 0.079126 0.0688113 0.0595542 0.0513106 0.0440311 0.0376626 0.0321503 0.0274399 0.023479 0.0202186 0.0176152 0.0156311 0.0142362 0.0134083 
0.0140409 0.0143327 0.0152128 0.0166953 0.0188033 0.0215684 0.0250297 0.0292326 0.0342278 0.0400696 0.0468142 0.0545178 0.0632348 0.0730156 0.0839044 0.0959374 0.109141 0.123528 0.1391 0.155843 0.173725 0.192701 0.212707 0.233663 0.255472 0.278024 0.301195 0.32485 0.348843 0.373022 0.397231 0.421312 0.445105 0.468457 0.491216 0.513241 0.534395 0.554555 0.573608 0.591452 0.607997 0.623164 0.636886 0.649106 0.659779 0.668866 0.676337 0.68217 0.686348 0.688859 0.689697 0.688859 0.686348 0.68217 0.676337 0.668866 0.659779 0.649106 0.636886 0.623164 0.607997 0.591452 0.573608 0.554555 0.534395 0.513241 0.491216 0.468457 0.445105 0.421312 0.397231 0.373022 0.348843 0.32485 0.301195 0.278024 0.255472 0.233663 0.212707 0.192701 0.173725 0.155843 0.1391 0.123528 0.109141 0.0959374 0.0839044 0.0730156 0.0632348 0.0545178 0.0468142 0.0400696 0.0342278 0.0292326 0.0250297 0.0215684 0.0188033 0.0166953 0.0152128 0.0143327 
0.0149436 0.0152524 0.016184 0.017753 0.0199834 0.022908 0.0265674 0.0310087 0.0362843 0.0424502 0.0495643 0.0576843 0.0668656 0.0771592 0.0886095 0.101252 0.115112 0.130201 0.146517 0.164042 0.182742 0.202564 0.223439 0.245282 0.267988 0.291441 0.315509 0.34005 0.364911 0.389934 0.414955 0.439812 0.46434 0.48838 0.511781 0.534395 0.556088 0.576735 0.596223 0.614452 0.631334 0.646793 0.660764 0.673194 0.68404 0.693268 0.70085 0.706765 0.711001 0.713546 0.714395 0.713546 0.711001 0.706765 0.70085 0.693268 0.68404 0.673194 0.660764 0.646793 0.631334 0.614452 0.596223 0.576735 0.556088 0.534395 0.511781 0.48838 0.46434 0.439812 0.414955 0.389934 0.364911 0.34005 0.315509 0.291441 0.267988 0.245282 0.223439 0.202564 0.182742 0.164042 0.146517 0.130201 0.115112 0.101252 0.0886095 0.0771592 0.0668656 0.0576843 0.0495643 0.0424502 0.0362843 0.0310087 0.0265674 0.022908 0.0199834 0.017753 0.016184 0.0152524 
0.0158336 0.0161592 0.0171412 0.0187949 0.021145 0.0242257 0.0280787 0.0327529 0.0383021 0.0447842 0.0522584 0.0607837 0.0704163 0.0812079 0.0932028 0.106436 0.120931 0.136697 0.15373 0.172009 0.191493 0.212126 0.233834 0.256522 0.280083 0.304392 0.329309 0.354686 0.380364 0.406177 0.431957 0.457534 0.482742 0.507417 0.531404 0.554555 0.576735 0.597819 0.617694 0.636263 0.653439 0.669149 0.683333 0.695941 0.706932 0.716276 0.723948 0.729931 0.734212 0.736784 0.737642 0.736784 0.734212 0.729931 0.723948 0.716276 0.706932 0.695941 0.683333 0.669149 0.653439 0.636263 0.617694 0.597819 0.576735 0.554555 0.531404 0.507417 0.482742 0.457534 0.431957 0.406177 0.380364 0.354686 0.329309 0.304392 0.280083 0.256522 0.233834 0.212126 0.191493 0.172009 0.15373 0.136697 0.120931 0.106436 0.0932028 0.0812079 0.0704163 0.0607837 0.0522584 0.0447842 0.0383021 0.0327529 0.0280787 0.0242257 0.021145 0.0187949 0.0171412 0.0161592 
0.0167027 0.0170446 0.0180755 0.0198112 0.0222775 0.0255093 0.0295499 0.0344494 0.0402634 0.0470509 0.0548728 0.0637889 0.0738565 0.0851273 0.0976456 0.111446 0.126549 0.142964 0.160683 0.179679 0.199911 0.221315 0.243812 0.267302 0.291669 0.316783 0.342498 0.368658 0.395097 0.421645 0.448127 0.47437 0.500201 0.525455 0.549973 0.573608 0.596223 0.617694 0.63791 0.656774 0.674204 0.690129 0.704491 0.717246 0.728355 0.737792 0.745535 0.75157 0.755887 0.75848 0.759345 0.75848 0.755887 0.75157 0.745535 0.737792 0.728355 0.717246 0.704491 0.690129 0.674204 0.656774 0.63791 0.617694 0.596223 0.573608 0.549973 0.525455 0.500201 0.47437 0.448127 0.421645 0.395097 0.368658 0.342498 0.316783 0.291669 0.267302 0.243812 0.221315 0.199911 0.179679 0.160683 0.142964 0.126549 0.111446 0.0976456 0.0851273 0.0738565 0.0637889 0.0548728 0.0470509 0.0402634 0.0344494 0.0295499 0.0255093 0.0222775 0.0198112 0.0180755 0.0170446 
0.0175423 0.0178998 0.0189777 0.0207922 0.0233698 0.0267466 0.030967 0.0360824 0.0421499 0.0492297 0.0573838 0.0666732 0.0771556 0.0888832 0.1019 0.116239 0.13192 0.14895 0.167317 0.186993 0.207929 0.23006 0.253298 0.277539 0.302661 0.328527 0.354984 0.38187 0.409014 0.436238 0.463365 0.490214 0.516612 0.542389 0.567386 0.591452 0.614452 0.636263 0.656774 0.675892 0.693537 0.709641 0.72415 0.737023 0.748226 0.757735 0.765532 0.771607 0.77595 0.778558 0.779427 0.778558 0.77595 0.771607 0.765532 0.757735 0.748226 0.737023 0.72415 0.709641 0.693537 0.675892 0.656774 0.636263 0.614452 0.591452 0.567386 0.542389 0.516612 0.490214 0.463365 0.436238 0.409014 0.38187 0.354984 0.328527 0.302661 0.277539 0.253298 0.23006 0.207929 0.186993 0.167317 0.14895 0.13192 0.116239 0.1019 0.0888832 0.0771556 0.0666732 0.0573838 0.0492297 0.0421499 0.0360824 0.030967 0.0267466 0.0233698 0.0207922 0.0189777 0.0178998 
