0.000795793 0.000808989 0.000848767 0.000915701 0.00101073 0.00113516 0.00129062 0.00147907 0.00170273 0.00196407 0.00226576 0.0026106 0.00300149 0.00344136 0.0039331 0.00447946 0.00508303 0.00574611 0.00647064 0.00725817 0.00810968 0.0090256 0.0100057 0.011049 0.0121537 0.0133173 0.0145363 0.0158064 0.0171223 0.018478 0.0198665 0.0212801 0.0227101 0.0241474 0.0255822 0.0270042 0.0284028 0.0297669 0.0310857 0.0323481 0.0335434 0.034661 0.035691 0.0366239 0.0374512 0.0381652 0.0387589 0.0392267 0.0395642 0.039768 0.0398361 0.039768 0.0395642 0.0392267 0.0387589 0.0381652 0.0374512 0.0366239 0.035691 0.034661 0.0335434 0.0323481 0.0310857 0.0297669 0.0284028 0.0270042 0.0255822 0.0241474 0.0227101 0.0212801 0.0198665 0.018478 0.0171223 0.0158064 0.0145363 0.0133173 0.0121537 0.011049 0.0100057 0.0090256 0.00810968 0.00725817 0.00647064 0.00574611 0.00508303 0.00447946 0.0039331 0.00344136 0.00300149 0.0026106 0.00226576 0.00196407 0.00170273 0.00147907 0.00129062 0.00113516 0.00101073 0.000915701 0.000848767 0.000808989 
0.000808989 0.000822386 0.000862773 0.000930727 0.0010272 0.00115352 0.00131133 0.0015026 0.0017296 0.00199482 0.00230095 0.00265084 0.00304741 0.00349362 0.00399238 0.00454649 0.00515855 0.00583087 0.00656542 0.00736374 0.00822682 0.00915508 0.0101482 0.0112053 0.0123246 0.0135033 0.014738 0.0160244 0.017357 0.0187298 0.0201357 0.0215667 0.0230144 0.0244692 0.0259215 0.0273606 0.0287759 0.0301563 0.0314906 0.0327679 0.0339772 0.0351078 0.0361497 0.0370935 0.0379303 0.0386524 0.039253 0.0397262 0.0400675 0.0402736 0.0403425 0.0402736 0.0400675 0.0397262 0.039253 0.0386524 0.0379303 0.0370935 0.0361497 0.0351078 0.0339772 0.0327679 0.0314906 0.0301563 0.0287759 0.0273606 0.0259215 0.0244692 0.0230144 0.0215667 0.0201357 0.0187298 0.017357 0.0160244 0.014738 0.0135033 0.0123246 0.0112053 0.0101482 0.00915508 0.00822682 0.00736374 0.00656542 0.00583087 0.00515855 0.00454649 0.00399238 0.00349362 0.00304741 0.00265084 0.00230095 0.00199482 0.0017296 0.0015026 0.00131133 0.00115352 0.0010272 0.000930727 0.000862773 0.000822386 
0.000848767 0.000862773 0.00090499 0.000976019 0.00107685 0.00120884 0.00137372 0.00157351 0.00181056 0.00208745 0.00240697 0.00277204 0.0031857 0.00365099 0.00417091 0.00474833 0.00538592 0.00608605 0.00685073 0.00768151 0.00857939 0.00954475 0.0105773 0.0116759 0.0128387 0.014063 0.015345 0.0166802 0.0180631 0.0194872 0.0209452 0.0224289 0.0239294 0.025437 0.0269415 0.0284321 0.0298977 0.0313268 0.0327081 0.0340299 0.0352812 0.0364509 0.0375288 0.0385049 0.0393704 0.0401171 0.040738 0.0412273 0.0415802 0.0417933 0.0418645 0.0417933 0.0415802 0.0412273 0.040738 0.0401171 0.0393704 0.0385049 0.0375288 0.0364509 0.0352812 0.0340299 0.0327081 0.0313268 0.0298977 0.0284321 0.0269415 0.025437 0.0239294 0.0224289 0.0209452 0.0194872 0.0180631 0.0166802 0.015345 0.014063 0.0128387 0.0116759 0.0105773 0.00954475 0.00857939 0.00768151 0.00685073 0.00608605 0.00538592 0.00474833 0.00417091 0.00365099 0.0031857 0.00277204 0.00240697 0.00208745 0.00181056 0.00157351 0.00137372 0.00120884 0.00107685 0.000976019 0.00090499 0.000862773 
0.000915701 0.000930727 0.000976019 0.00105221 0.00116035 0.00130188 0.00147862 0.00169271 0.00194664 0.00224312 0.00258509 0.00297565 0.00341797 0.00391526 0.00447065 0.00508716 0.00576755 0.0065143 0.00732948 0.00821465 0.00917082 0.0101983 0.0112968 0.0124649 0.0137007 0.0150011 0.0163623 0.0177792 0.0192461 0.020756 0.0223011 0.0238728 0.0254617 0.0270575 0.0286494 0.030226 0.0317755 0.0332861 0.0347456 0.0361419 0.0374633 0.0386983 0.0398361 0.0408662 0.0417794 0.0425672 0.0432223 0.0437383 0.0441105 0.0443352 0.0444104 0.0443352 0.0441105 0.0437383 0.0432223 0.0425672 0.0417794 0.0408662 0.0398361 0.0386983 0.0374633 0.0361419 0.0347456 0.0332861 0.0317755 0.030226 0.0286494 0.0270575 0.0254617 0.0238728 0.0223011 0.020756 0.0192461 0.0177792 0.0163623 0.0150011 0.0137007 0.0124649 0.0112968 0.0101983 0.00917082 0.00821465 0.00732948 0.0065143 0.00576755 0.00508716 0.00447065 0.00391526 0.00341797 0.00297565 0.00258509 0.00224312 0.00194664 0.00169271 0.00147862 0.00130188 0.00116035 0.00105221 0.000976019 0.000930727 
0.00101073 0.0010272 0.00107685 0.00116035 0.00127884 0.00143387 0.00162739 0.00186172 0.00213952 0.00246371 0.00283745 0.00326403 0.00374687 0.00428937 0.00489488 0.00556659 0.00630742 0.00711998 0.0080064 0.00896831 0.0100067 0.0111218 0.0123131 0.0135793 0.0149179 0.0163256 0.0177982 0.0193301 0.0209152 0.0225457 0.0242135 0.025909 0.0276221 0.0293417 0.0310564 0.0327537 0.0344213 0.0360462 0.0376155 0.0391164 0.0405362 0.0418628 0.0430846 0.0441905 0.0451707 0.0460161 0.0467189 0.0472725 0.0476718 0.0479128 0.0479934 0.0479128 0.0476718 0.0472725 0.0467189 0.0460161 0.0451707 0.0441905 0.0430846 0.0418628 0.0405362 0.0391164 0.0376155 0.0360462 0.0344213 0.0327537 0.0310564 0.0293417 0.0276221 0.025909 0.0242135 0.0225457 0.0209152 0.0193301 0.0177982 0.0163256 0.0149179 0.0135793 0.0123131 0.0111218 0.0100067 0.00896831 0.0080064 0.00711998 0.00630742 0.00556659 0.00489488 0.00428937 0.00374687 0.00326403 0.00283745 0.00246371 0.00213952 0.00186172 0.00162739 0.00143387 0.00127884 0.00116035 0.00107685 0.0010272 
0.00113516 0.00115352 0.00120884 0.00130188 0.00143387 0.0016065 0.0018219 0.00208262 0.00239154 0.00275183 0.00316694 0.00364044 0.00417602 0.00477736 0.00544807 0.00619156 0.00701097 0.00790903 0.00888801 0.00994956 0.0110947 0.0123235 0.0136353 0.0150284 0.0165003 0.018047 0.0196639 0.0213448 0.0230827 0.0248695 0.0266957 0.0285513 0.0304249 0.0323046 0.0341778 0.0360311 0.0378509 0.0396233 0.0413344 0.0429701 0.0445169 0.0459615 0.0472916 0.0484952 0.0495617 0.0504813 0.0512457 0.0518477 0.0522818 0.0525439 0.0526315 0.0525439 0.0522818 0.0518477 0.0512457 0.0504813 0.0495617 0.0484952 0.0472916 0.0459615 0.0445169 0.0429701 0.0413344 0.0396233 0.0378509 0.0360311 0.0341778 0.0323046 0.0304249 0.0285513 0.0266957 0.0248695 0.0230827 0.0213448 0.0196639 0.018047 0.0165003 0.0150284 0.0136353 0.0123235 0.0110947 0.00994956 0.00888801 0.00790903 0.00701097 0.00619156 0.00544807 0.00477736 0.00417602 0.00364044 0.00316694 0.00275183 0.00239154 0.00208262 0.0018219 0.0016065 0.00143387 0.00130188 0.00120884 0.00115352 
0.00129062 0.00131133 0.00137372 0.00147862 0.00162739 0.0018219 0.00206452 0.00235802 0.0027056 0.00311074 0.0035772 0.00410893 0.00470994 0.00538426 0.00613579 0.00696823 0.00788494 0.00888887 0.00998238 0.0111672 0.0124442 0.0138135 0.0152741 0.0168241 0.0184603 0.0201786 0.0219733 0.0238378 0.0257641 0.0277431 0.0297644 0.0318168 0.0338878 0.0359643 0.0380323 0.0400771 0.0420839 0.0440374 0.0459223 0.0477234 0.0494259 0.0510153 0.0524781 0.0538014 0.0549736 0.0559842 0.0568239 0.0574852 0.057962 0.0582498 0.0583461 0.0582498 0.057962 0.0574852 0.0568239 0.0559842 0.0549736 0.0538014 0.0524781 0.0510153 0.0494259 0.0477234 0.0459223 0.0440374 0.0420839 0.0400771 0.0380323 0.0359643 0.0338878 0.0318168 0.0297644 0.0277431 0.0257641 0.0238378 0.0219733 0.0201786 0.0184603 0.0168241 0.0152741 0.0138135 0.0124442 0.0111672 0.00998238 0.00888887 0.00788494 0.00696823 0.00613579 0.00538426 0.00470994 0.00410893 0.0035772 0.00311074 0.0027056 0.00235802 0.00206452 0.0018219 0.00162739 0.00147862 0.00137372 0.00131133 
0.00147907 0.0015026 0.00157351 0.00169271 0.00186172 0.00208262 0.00235802 0.00269103 0.00308515 0.00354428 0.00407255 0.00467432 0.005354 0.006116 0.0069646 0.00790382 0.0089373 0.0100682 0.011299 0.0126314 0.0140664 0.0156038 0.0172424 0.0189798 0.0208125 0.0227355 0.0247425 0.0268259 0.0289768 0.0311849 0.0334386 0.0357253 0.0380312 0.0403417 0.0426412 0.0449136 0.0471425 0.0493109 0.0514022 0.0533995 0.0552865 0.0570475 0.0586676 0.0601328 0.0614303 0.0625485 0.0634775 0.064209 0.0647363 0.0650546 0.065161 0.0650546 0.0647363 0.064209 0.0634775 0.0625485 0.0614303 0.0601328 0.0586676 0.0570475 0.0552865 0.0533995 0.0514022 0.0493109 0.0471425 0.0449136 0.0426412 0.0403417 0.0380312 0.0357253 0.0334386 0.0311849 0.0289768 0.0268259 0.0247425 0.0227355 0.0208125 0.0189798 0.0172424 0.0156038 0.0140664 0.0126314 0.011299 0.0100682 0.0089373 0.00790382 0.0069646 0.006116 0.005354 0.00467432 0.00407255 0.00354428 0.00308515 0.00269103 0.00235802 0.00208262 0.00186172 0.00169271 0.00157351 0.0015026 
0.00170273 0.0017296 0.00181056 0.00194664 0.00213952 0.00239154 0.0027056 0.00308515 0.00353413 0.00405683 0.00465786 0.00534202 0.00611421 0.00697928 0.00794191 0.00900649 0.010177 0.0114567 0.0128484 0.0143537 0.0159736 0.0177076 0.0195543 0.0215108 0.0235728 0.0257347 0.0279893 0.0303279 0.0327403 0.035215 0.0377391 0.0402982 0.0428771 0.0454593 0.0480276 0.0505641 0.0530505 0.0554681 0.0577984 0.0600229 0.0621236 0.0640833 0.0658854 0.0675146 0.0689568 0.0701995 0.0712318 0.0720443 0.07263 0.0729835 0.0731017 0.0729835 0.07263 0.0720443 0.0712318 0.0701995 0.0689568 0.0675146 0.0658854 0.0640833 0.0621236 0.0600229 0.0577984 0.0554681 0.0530505 0.0505641 0.0480276 0.0454593 0.0428771 0.0402982 0.0377391 0.035215 0.0327403 0.0303279 0.0279893 0.0257347 0.0235728 0.0215108 0.0195543 0.0177076 0.0159736 0.0143537 0.0128484 0.0114567 0.010177 0.00900649 0.00794191 0.00697928 0.00611421 0.00534202 0.00465786 0.00405683 0.00353413 0.00308515 0.0027056 0.00239154 0.00213952 0.00194664 0.00181056 0.0017296 
0.00196407 0.00199482 0.00208745 0.00224312 0.00246371 0.00275183 0.00311074 0.00354428 0.00405683 0.00465318 0.00533846 0.00611799 0.00699719 0.00798139 0.00907576 0.0102851 0.0116136 0.013065 0.014642 0.0163465 0.0181791 0.0201393 0.0222251 0.0244331 0.0267583 0.0291942 0.0317325 0.0343633 0.0370751 0.0398548 0.0426878 0.0455581 0.0484485 0.0513407 0.0542155 0.0570529 0.0598325 0.0625338 0.065136 0.0676189 0.0699626 0.0721478 0.0741567 0.0759721 0.0775787 0.0789627 0.080112 0.0810165 0.0816684 0.0820619 0.0821934 0.0820619 0.0816684 0.0810165 0.080112 0.0789627 0.0775787 0.0759721 0.0741567 0.0721478 0.0699626 0.0676189 0.065136 0.0625338 0.0598325 0.0570529 0.0542155 0.0513407 0.0484485 0.0455581 0.0426878 0.0398548 0.0370751 0.0343633 0.0317325 0.0291942 0.0267583 0.0244331 0.0222251 0.0201393 0.0181791 0.0163465 0.014642 0.013065 0.0116136 0.0102851 0.00907576 0.00798139 0.00699719 0.00611799 0.00533846 0.00465318 0.00405683 0.00354428 0.00311074 0.00275183 0.00246371 0.00224312 0.00208745 0.00199482 
0.00226576 0.00230095 0.00240697 0.00258509 0.00283745 0.00316694 0.0035772 0.00407255 0.00465786 0.00533846 0.00612005 0.00700855 0.00800992 0.00913008 0.0103747 0.0117489 0.0132575 0.0149042 0.016692 0.0186227 0.0206969 0.0229136 0.0252705 0.0277634 0.0303866 0.0331324 0.0359913 0.0389522 0.0420019 0.0451255 0.0483067 0.0515275 0.0547686 0.0580094 0.0612286 0.064404 0.0675128 0.0705323 0.0734395 0.0762119 0.0788277 0.0812656 0.0835058 0.0855296 0.08732 0.0888619 0.090142 0.0911494 0.0918752 0.0923133 0.0924597 0.0923133 0.0918752 0.0911494 0.090142 0.0888619 0.08732 0.0855296 0.0835058 0.0812656 0.0788277 0.0762119 0.0734395 0.0705323 0.0675128 0.064404 0.0612286 0.0580094 0.0547686 0.0515275 0.0483067 0.0451255 0.0420019 0.0389522 0.0359913 0.0331324 0.0303866 0.0277634 0.0252705 0.0229136 0.0206969 0.0186227 0.016692 0.0149042 0.0132575 0.0117489 0.0103747 0.00913008 0.00800992 0.00700855 0.00612005 0.00533846 0.00465786 0.00407255 0.0035772 0.00316694 0.00283745 0.00258509 0.00240697 0.00230095 
0.0026106 0.00265084 0.00277204 0.00297565 0.00326403 0.00364044 0.00410893 0.00467432 0.00534202 0.00611799 0.00700855 0.00802023 0.00915965 0.0104333 0.0118474 0.0134076 0.0151189 0.0169855 0.0190105 0.0211955 0.0235409 0.0260456 0.0287064 0.0315185 0.0344752 0.0375677 0.040785 0.0441144 0.0475411 0.0510482 0.0546173 0.0582283 0.0618594 0.0654878 0.0690895 0.07264 0.076114 0.0794862 0.0827313 0.0858243 0.0887411 0.0914585 0.0939544 0.0962085 0.098202 0.0999182 0.101343 0.102464 0.103271 0.103758 0.103921 0.103758 0.103271 0.102464 0.101343 0.0999182 0.098202 0.0962085 0.0939544 0.0914585 0.0887411 0.0858243 0.0827313 0.0794862 0.076114 0.07264 0.0690895 0.0654878 0.0618594 0.0582283 0.0546173 0.0510482 0.0475411 0.0441144 0.040785 0.0375677 0.0344752 0.0315185 0.0287064 0.0260456 0.0235409 0.0211955 0.0190105 0.0169855 0.0151189 0.0134076 0.0118474 0.0104333 0.00915965 0.00802023 0.00700855 0.00611799 0.00534202 0.00467432 0.00410893 0.00364044 0.00326403 0.00297565 0.00277204 0.00265084 
0.00300149 0.00304741 0.0031857 0.00341797 0.00374687 0.00417602 0.00470994 0.005354 0.00611421 0.00699719 0.00800992 0.00915965 0.0104537 0.0118991 0.0135027 0.0152707 0.0172084 0.0193203 0.0216095 0.0240777 0.026725 0.0295497 0.0325481 0.0357146 0.0390411 0.0425175 0.0461316 0.0498686 0.0537118 0.0576423 0.0616394 0.0656803 0.0697409 0.0737958 0.0778182 0.0817808 0.0856558 0.089415 0.0930305 0.0964748 0.0997214 0.102745 0.10552 0.108026 0.110242 0.112148 0.113731 0.114976 0.115872 0.116413 0.116594 0.116413 0.115872 0.114976 0.113731 0.112148 0.110242 0.108026 0.10552 0.102745 0.0997214 0.0964748 0.0930305 0.089415 0.0856558 0.0817808 0.0778182 0.0737958 0.0697409 0.0656803 0.0616394 0.0576423 0.0537118 0.0498686 0.0461316 0.0425175 0.0390411 0.0357146 0.0325481 0.0295497 0.026725 0.0240777 0.0216095 0.0193203 0.0172084 0.0152707 0.0135027 0.0118991 0.0104537 0.00915965 0.00800992 0.00699719 0.00611421 0.005354 0.00470994 0.00417602 0.00374687 0.00341797 0.0031857 0.00304741 
0.00344136 0.00349362 0.00365099 0.00391526 0.00428937 0.00477736 0.00538426 0.006116 0.00697928 0.00798139 0.00913008 0.0104333 0.0118991 0.0135352 0.0153491 0.0173473 0.0195358 0.0219192 0.0245006 0.0272816 0.0302621 0.0334397 0.0368101 0.0403664 0.0440996 0.047998 0.0520474 0.0562314 0.060531 0.0649249 0.0693899 0.0739007 0.0784302 0.0829502 0.0874311 0.0918426 0.0961538 0.100334 0.104352 0.108178 0.111782 0.115137 0.118216 0.120994 0.12345 0.125563 0.127317 0.128695 0.129688 0.130288 0.130488 0.130288 0.129688 0.128695 0.127317 0.125563 0.12345 0.120994 0.118216 0.115137 0.111782 0.108178 0.104352 0.100334 0.0961538 0.0918426 0.0874311 0.0829502 0.0784302 0.0739007 0.0693899 0.0649249 0.060531 0.0562314 0.0520474 0.047998 0.0440996 0.0403664 0.0368101 0.0334397 0.0302621 0.0272816 0.0245006 0.0219192 0.0195358 0.0173473 0.0153491 0.0135352 0.0118991 0.0104333 0.00913008 0.00798139 0.00697928 0.006116 0.00538426 0.00477736 0.00428937 0.00391526 0.00365099 0.00349362 
0.0039331 0.00399238 0.00417091 0.00447065 0.00489488 0.00544807 0.00613579 0.0069646 0.00794191 0.00907576 0.0103747 0.0118474 0.0135027 0.0153491 0.0173945 0.0196463 0.0221105 0.0247921 0.0276942 0.0308184 0.0341639 0.0377278 0.0415049 0.0454873 0.0496643 0.0540227 0.0585464 0.0632168 0.0680126 0.0729099 0.0778826 0.0829027 0.0879401 0.0929634 0.09794 0.102836 0.107618 0.112252 0.116704 0.12094 0.12493 0.128641 0.132046 0.135118 0.137832 0.140166 0.142103 0.143625 0.144722 0.145383 0.145604 0.145383 0.144722 0.143625 0.142103 0.140166 0.137832 0.135118 0.132046 0.128641 0.12493 0.12094 0.116704 0.112252 0.107618 0.102836 0.09794 0.0929634 0.0879401 0.0829027 0.0778826 0.0729099 0.0680126 0.0632168 0.0585464 0.0540227 0.0496643 0.0454873 0.0415049 0.0377278 0.0341639 0.0308184 0.0276942 0.0247921 0.0221105 0.0196463 0.0173945 0.0153491 0.0135027 0.0118474 0.0103747 0.00907576 0.00794191 0.0069646 0.00613579 0.00544807 0.00489488 0.00447065 0.00417091 0.00399238 
0.00447946 0.00454649 0.00474833 0.00508716 0.00556659 0.00619156 0.00696823 0.00790382 0.00900649 0.0102851 0.0117489 0.0134076 0.0152707 0.0173473 0.0196463 0.0221753 0.0249408 0.0279478 0.0311997 0.0346976 0.0384404 0.0424244 0.0466432 0.0510878 0.0557459 0.0606024 0.0656393 0.0708353 0.0761666 0.0816067 0.0871265 0.0926948 0.0982783 0.103842 0.109351 0.114767 0.120053 0.125173 0.130088 0.134764 0.139164 0.143256 0.147009 0.150393 0.153382 0.155952 0.158083 0.159759 0.160966 0.161693 0.161937 0.161693 0.160966 0.159759 0.158083 0.155952 0.153382 0.150393 0.147009 0.143256 0.139164 0.134764 0.130088 0.125173 0.120053 0.114767 0.109351 0.103842 0.0982783 0.0926948 0.0871265 0.0816067 0.0761666 0.0708353 0.0656393 0.0606024 0.0557459 0.0510878 0.0466432 0.0424244 0.0384404 0.0346976 0.0311997 0.0279478 0.0249408 0.0221753 0.0196463 0.0173473 0.0152707 0.0134076 0.0117489 0.0102851 0.00900649 0.00790382 0.00696823 0.00619156 0.00556659 0.00508716 0.00474833 0.00454649 
0.00508303 0.00515855 0.00538592 0.00576755 0.00630742 0.00701097 0.00788494 0.0089373 0.010177 0.0116136 0.0132575 0.0151189 0.0172084 0.0195358 0.0221105 0.0249408 0.0280334 0.0313936 0.0350245 0.038927 0.0430994 0.0475372 0.0522329 0.0571758 0.0623521 0.0677445 0.0733327 0.079093 0.0849987 0.0910203 0.0971255 0.10328 0.109446 0.115587 0.121662 0.127632 0.133455 0.13909 0.144498 0.14964 0.154476 0.158971 0.163092 0.166806 0.170086 0.172905 0.175243 0.17708 0.178403 0.179201 0.179467 0.179201 0.178403 0.17708 0.175243 0.172905 0.170086 0.166806 0.163092 0.158971 0.154476 0.14964 0.144498 0.13909 0.133455 0.127632 0.121662 0.115587 0.109446 0.10328 0.0971255 0.0910203 0.0849987 0.079093 0.0733327 0.0677445 0.0623521 0.0571758 0.0522329 0.0475372 0.0430994 0.038927 0.0350245 0.0313936 0.0280334 0.0249408 0.0221105 0.0195358 0.0172084 0.0151189 0.0132575 0.0116136 0.010177 0.0089373 0.00788494 0.00701097 0.00630742 0.00576755 0.00538592 0.00515855 
0.00574611 0.00583087 0.00608605 0.0065143 0.00711998 0.00790903 0.00888887 0.0100682 0.0114567 0.013065 0.0149042 0.0169855 0.0193203 0.0219192 0.0247921 0.0279478 0.0313936 0.0351345 0.0391738 0.0435118 0.0481461 0.0530713 0.0582785 0.0637554 0.0694863 0.0754518 0.0816289 0.0879912 0.094509 0.10115 0.107877 0.114654 0.121439 0.128191 0.134866 0.141421 0.147811 0.153991 0.159919 0.165551 0.170846 0.175765 0.180273 0.184334 0.187919 0.191 0.193554 0.195561 0.197005 0.197876 0.198167 0.197876 0.197005 0.195561 0.193554 0.191 0.187919 0.184334 0.180273 0.175765 0.170846 0.165551 0.159919 0.153991 0.147811 0.141421 0.134866 0.128191 0.121439 0.114654 0.107877 0.10115 0.094509 0.0879912 0.0816289 0.0754518 0.0694863 0.0637554 0.0582785 0.0530713 0.0481461 0.0435118 0.0391738 0.0351345 0.0313936 0.0279478 0.0247921 0.0219192 0.0193203 0.0169855 0.0149042 0.013065 0.0114567 0.0100682 0.00888887 0.00790903 0.00711998 0.0065143 0.00608605 0.00583087 
0.00647064 0.00656542 0.00685073 0.00732948 0.0080064 0.00888801 0.00998238 0.011299 0.0128484 0.014642 0.016692 0.0190105 0.0216095 0.0245006 0.0276942 0.0311997 0.0350245 0.0391738 0.0436505 0.0484545 0.0535826 0.0590281 0.0647808 0.0708267 0.0771478 0.0837224 0.0905247 0.0975254 0.104692 0.111987 0.119372 0.126806 0.134243 0.141639 0.148946 0.156116 0.1631 0.169852 0.176324 0.182469 0.188244 0.193607 0.198518 0.202942 0.206845 0.210199 0.212977 0.215161 0.216732 0.21768 0.217996 0.21768 0.216732 0.215161 0.212977 0.210199 0.206845 0.202942 0.198518 0.193607 0.188244 0.182469 0.176324 0.169852 0.1631 0.156116 0.148946 0.141639 0.134243 0.126806 0.119372 0.111987 0.104692 0.0975254 0.0905247 0.0837224 0.0771478 0.0708267 0.0647808 0.0590281 0.0535826 0.0484545 0.0436505 0.0391738 0.0350245 0.0311997 0.0276942 0.0245006 0.0216095 0.0190105 0.016692 0.014642 0.0128484 0.011299 0.00998238 0.00888801 0.0080064 0.00732948 0.00685073 0.00656542 
0.00725817 0.00736374 0.00768151 0.00821465 0.00896831 0.00994956 0.0111672 0.0126314 0.0143537 0.0163465 0.0186227 0.0211955 0.0240777 0.0272816 0.0308184 0.0346976 0.038927 0.0435118 0.0484545 0.0537544 0.0594073 0.0654054 0.0717367 0.0783853 0.0853309 0.0925492 0.100011 0.107685 0.115534 0.123518 0.131594 0.139717 0.147838 0.155908 0.163874 0.171687 0.179292 0.186639 0.193677 0.200357 0.20663 0.212453 0.217783 0.222582 0.226815 0.230451 0.233463 0.235829 0.237531 0.238557 0.2389 0.238557 0.237531 0.235829 0.233463 0.230451 0.226815 0.222582 0.217783 0.212453 0.20663 0.200357 0.193677 0.186639 0.179292 0.171687 0.163874 0.155908 0.147838 0.139717 0.131594 0.123518 0.115534 0.107685 0.100011 0.0925492 0.0853309 0.0783853 0.0717367 0.0654054 0.0594073 0.0537544 0.0484545 0.0435118 0.038927 0.0346976 0.0308184 0.0272816 0.0240777 0.0211955 0.0186227 0.0163465 0.0143537 0.0126314 0.0111672 0.00994956 0.00896831 0.00821465 0.00768151 0.00736374 
0.00810968 0.00822682 0.00857939 0.00917082 0.0100067 0.0110947 0.0124442 0.0140664 0.0159736 0.0181791 0.0206969 0.0235409 0.026725 0.0302621 0.0341639 0.0384404 0.0430994 0.0481461 0.0535826 0.0594073 0.0656151 0.0721967 0.0791383 0.0864218 0.0940245 0.101919 0.110074 0.118453 0.127017 0.135721 0.144519 0.153361 0.162194 0.170964 0.179617 0.188096 0.196345 0.204308 0.211932 0.219163 0.225952 0.232249 0.238011 0.243197 0.247769 0.251694 0.254946 0.257499 0.259336 0.260444 0.260814 0.260444 0.259336 0.257499 0.254946 0.251694 0.247769 0.243197 0.238011 0.232249 0.225952 0.219163 0.211932 0.204308 0.196345 0.188096 0.179617 0.170964 0.162194 0.153361 0.144519 0.135721 0.127017 0.118453 0.110074 0.101919 0.0940245 0.0864218 0.0791383 0.0721967 0.0656151 0.0594073 0.0535826 0.0481461 0.0430994 0.0384404 0.0341639 0.0302621 0.026725 0.0235409 0.0206969 0.0181791 0.0159736 0.0140664 0.0124442 0.0110947 0.0100067 0.00917082 0.00857939 0.00822682 
0.0090256 0.00915508 0.00954475 0.0101983 0.0111218 0.0123235 0.0138135 0.0156038 0.0177076 0.0201393 0.0229136 0.0260456 0.0295497 0.0334397 0.0377278 0.0424244 0.0475372 0.0530713 0.0590281 0.0654054 0.0721967 0.079391 0.0869728 0.0949215 0.103212 0.111813 0.120691 0.129806 0.139114 0.148567 0.158114 0.167701 0.177271 0.186767 0.196128 0.205295 0.214207 0.222805 0.231031 0.238829 0.246145 0.252929 0.259133 0.264714 0.269632 0.273855 0.27735 0.280095 0.28207 0.28326 0.283657 0.28326 0.28207 0.280095 0.27735 0.273855 0.269632 0.264714 0.259133 0.252929 0.246145 0.238829 0.231031 0.222805 0.214207 0.205295 0.196128 0.186767 0.177271 0.167701 0.158114 0.148567 0.139114 0.129806 0.120691 0.111813 0.103212 0.0949215 0.0869728 0.079391 0.0721967 0.0654054 0.0590281 0.0530713 0.0475372 0.0424244 0.0377278 0.0334397 0.0295497 0.0260456 0.0229136 0.0201393 0.0177076 0.0156038 0.0138135 0.0123235 0.0111218 0.0101983 0.00954475 0.00915508 
0.0100057 0.0101482 0.0105773 0.0112968 0.0123131 0.0136353 0.0152741 0.0172424 0.0195543 0.0222251 0.0252705 0.0287064 0.0325481 0.0368101 0.0415049 0.0466432 0.0522329 0.0582785 0.0647808 0.0717367 0.0791383 0.0869728 0.0952225 0.103864 0.11287 0.122207 0.131835 0.141712 0.15179 0.162017 0.172338 0.182693 0.193023 0.203264 0.213353 0.223225 0.232816 0.242063 0.250904 0.25928 0.267135 0.274414 0.281067 0.28705 0.292321 0.296844 0.300588 0.303527 0.30564 0.306914 0.30734 0.306914 0.30564 0.303527 0.300588 0.296844 0.292321 0.28705 0.281067 0.274414 0.267135 0.25928 0.250904 0.242063 0.232816 0.223225 0.213353 0.203264 0.193023 0.182693 0.172338 0.162017 0.15179 0.141712 0.131835 0.122207 0.11287 0.103864 0.0952225 0.0869728 0.0791383 0.0717367 0.0647808 0.0582785 0.0522329 0.0466432 0.0415049 0.0368101 0.0325481 0.0287064 0.0252705 0.0222251 0.0195543 0.0172424 0.0152741 0.0136353 0.0123131 0.0112968 0.0105773 0.0101482 
0.011049 0.0112053 0.0116759 0.0124649 0.0135793 0.0150284 0.0168241 0.0189798 0.0215108 0.0244331 0.0277634 0.0315185 0.0357146 0.0403664 0.0454873 0.0510878 0.0571758 0.0637554 0.0708267 0.0783853 0.0864218 0.0949215 0.103864 0.113225 0.122972 0.133068 0.143471 0.154134 0.165005 0.176028 0.187142 0.198286 0.209393 0.220396 0.231227 0.241818 0.2521 0.262007 0.271473 0.280436 0.288835 0.296615 0.303723 0.310112 0.315739 0.320565 0.324559 0.327693 0.329947 0.331305 0.331759 0.331305 0.329947 0.327693 0.324559 0.320565 0.315739 0.310112 0.303723 0.296615 0.288835 0.280436 0.271473 0.262007 0.2521 0.241818 0.231227 0.220396 0.209393 0.198286 0.187142 0.176028 0.165005 0.154134 0.143471 0.133068 0.122972 0.113225 0.103864 0.0949215 0.0864218 0.0783853 0.0708267 0.0637554 0.0571758 0.0510878 0.0454873 0.0403664 0.0357146 0.0315185 0.0277634 0.0244331 0.0215108 0.0189798 0.0168241 0.0150284 0.0135793 0.0124649 0.0116759 0.0112053 
0.0121537 0.0123246 0.0128387 0.0137007 0.0149179 0.0165003 0.0184603 0.0208125 0.0235728 0.0267583 0.0303866 0.0344752 0.0390411 0.0440996 0.0496643 0.0557459 0.0623521 0.0694863 0.0771478 0.0853309 0.0940245 0.103212 0.11287 0.122972 0.133481 0.144358 0.155556 0.167025 0.178708 0.190545 0.20247 0.214416 0.226314 0.238092 0.249677 0.260997 0.271979 0.282552 0.292649 0.302203 0.311151 0.319434 0.326999 0.333795 0.339778 0.344908 0.349152 0.352481 0.354875 0.356318 0.3568 0.356318 0.354875 0.352481 0.349152 0.344908 0.339778 0.333795 0.326999 0.319434 0.311151 0.302203 0.292649 0.282552 0.271979 0.260997 0.249677 0.238092 0.226314 0.214416 0.20247 0.190545 0.178708 0.167025 0.155556 0.144358 0.133481 0.122972 0.11287 0.103212 0.0940245 0.0853309 0.0771478 0.0694863 0.0623521 0.0557459 0.0496643 0.0440996 0.0390411 0.0344752 0.0303866 0.0267583 0.0235728 0.0208125 0.0184603 0.0165003 0.0149179 0.0137007 0.0128387 0.0123246 
0.0133173 0.0135033 0.014063 0.0150011 0.0163256 0.018047 0.0201786 0.0227355 0.0257347 0.0291942 0.0331324 0.0375677 0.0425175 0.047998 0.0540227 0.0606024 0.0677445 0.0754518 0.0837224 0.0925492 0.101919 0.111813 0.122207 0.133068 0.144358 0.156033 0.168044 0.180335 0.192845 0.205508 0.218256 0.231017 0.243715 0.256276 0.268621 0.280675 0.29236 0.303604 0.314333 0.324479 0.333976 0.342763 0.350783 0.357985 0.364323 0.369755 0.374247 0.377771 0.380305 0.381831 0.382341 0.381831 0.380305 0.377771 0.374247 0.369755 0.364323 0.357985 0.350783 0.342763 0.333976 0.324479 0.314333 0.303604 0.29236 0.280675 0.268621 0.256276 0.243715 0.231017 0.218256 0.205508 0.192845 0.180335 0.168044 0.156033 0.144358 0.133068 0.122207 0.111813 0.101919 0.0925492 0.0837224 0.0754518 0.0677445 0.0606024 0.0540227 0.047998 0.0425175 0.0375677 0.0331324 0.0291942 0.0257347 0.0227355 0.0201786 0.018047 0.0163256 0.0150011 0.014063 0.0135033 
0.0145363 0.014738 0.015345 0.0163623 0.0177982 0.0196639 0.0219733 0.0247425 0.0279893 0.0317325 0.0359913 0.040785 0.0461316 0.0520474 0.0585464 0.0656393 0.0733327 0.0816289 0.0905247 0.100011 0.110074 0.120691 0.131835 0.143471 0.155556 0.168044 0.18088 0.194004 0.207351 0.22085 0.234429 0.24801 0.261514 0.274861 0.287969 0.300758 0.313147 0.325059 0.336419 0.347154 0.357197 0.366484 0.374956 0.38256 0.389248 0.394979 0.399717 0.403433 0.406104 0.407713 0.40825 0.407713 0.406104 0.403433 0.399717 0.394979 0.389248 0.38256 0.374956 0.366484 0.357197 0.347154 0.336419 0.325059 0.313147 0.300758 0.287969 0.274861 0.261514 0.24801 0.234429 0.22085 0.207351 0.194004 0.18088 0.168044 0.155556 0.143471 0.131835 0.120691 0.110074 0.100011 0.0905247 0.0816289 0.0733327 0.0656393 0.0585464 0.0520474 0.0461316 0.040785 0.0359913 0.0317325 0.0279893 0.0247425 0.0219733 0.0196639 0.0177982 0.0163623 0.015345 0.014738 
0.0158064 0.0160244 0.0166802 0.0177792 0.0193301 0.0213448 0.0238378 0.0268259 0.0303279 0.0343633 0.0389522 0.0441144 0.0498686 0.0562314 0.0632168 0.0708353 0.079093 0.0879912 0.0975254 0.107685 0.118453 0.129806 0.141712 0.154134 0.167025 0.180335 0.194004 0.207968 0.222158 0.236498 0.250911 0.265314 0.279624 0.293757 0.307625 0.321146 0.334234 0.34681 0.358794 0.370112 0.380694 0.390474 0.399391 0.40739 0.414424 0.420448 0.425428 0.429331 0.432137 0.433826 0.434391 0.433826 0.432137 0.429331 0.425428 0.420448 0.414424 0.40739 0.399391 0.390474 0.380694 0.370112 0.358794 0.34681 0.334234 0.321146 0.307625 0.293757 0.279624 0.265314 0.250911 0.236498 0.222158 0.207968 0.194004 0.180335 0.167025 0.154134 0.141712 0.129806 0.118453 0.107685 0.0975254 0.0879912 0.079093 0.0708353 0.0632168 0.0562314 0.0498686 0.0441144 0.0389522 0.0343633 0.0303279 0.0268259 0.0238378 0.0213448 0.0193301 0.0177792 0.0166802 0.0160244 
0.0171223 0.017357 0.0180631 0.0192461 0.0209152 0.0230827 0.0257641 0.0289768 0.0327403 0.0370751 0.0420019 0.0475411 0.0537118 0.060531 0.0680126 0.0761666 0.0849987 0.094509 0.104692 0.115534 0.127017 0.139114 0.15179 0.165005 0.178708 0.192845 0.207351 0.222158 0.237192 0.252372 0.267617 0.28284 0.297952 0.312864 0.327487 0.341731 0.355511 0.368741 0.38134 0.393231 0.404342 0.414605 0.423957 0.432344 0.439714 0.446024 0.451238 0.455325 0.458262 0.46003 0.460621 0.46003 0.458262 0.455325 0.451238 0.446024 0.439714 0.432344 0.423957 0.414605 0.404342 0.393231 0.38134 0.368741 0.355511 0.341731 0.327487 0.312864 0.297952 0.28284 0.267617 0.252372 0.237192 0.222158 0.207351 0.192845 0.178708 0.165005 0.15179 0.139114 0.127017 0.115534 0.104692 0.094509 0.0849987 0.0761666 0.0680126 0.060531 0.0537118 0.0475411 0.0420019 0.0370751 0.0327403 0.0289768 0.0257641 0.0230827 0.0209152 0.0192461 0.0180631 0.017357 
0.018478 0.0187298 0.0194872 0.020756 0.0225457 0.0248695 0.0277431 0.0311849 0.035215 0.0398548 0.0451255 0.0510482 0.0576423 0.0649249 0.0729099 0.0816067 0.0910203 0.10115 0.111987 0.123518 0.135721 0.148567 0.162017 0.176028 0.190545 0.205508 0.22085 0.236498 0.252372 0.268389 0.284459 0.300494 0.316399 0.332081 0.347446 0.362404 0.376862 0.390733 0.403934 0.416385 0.428012 0.438745 0.44852 0.457282 0.464979 0.471567 0.477008 0.481272 0.484335 0.486179 0.486795 0.486179 0.484335 0.481272 0.477008 0.471567 0.464979 0.457282 0.44852 0.438745 0.428012 0.416385 0.403934 0.390733 0.376862 0.362404 0.347446 0.332081 0.316399 0.300494 0.284459 0.268389 0.252372 0.236498 0.22085 0.205508 0.190545 0.176028 0.162017 0.148567 0.135721 0.123518 0.111987 0.10115 0.0910203 0.0816067 0.0729099 0.0649249 0.0576423 0.0510482 0.0451255 0.0398548 0.035215 0.0311849 0.0277431 0.0248695 0.0225457 0.020756 0.0194872 0.0187298 
0.0198665 0.0201357 0.0209452 0.0223011 0.0242135 0.0266957 0.0297644 0.0334386 0.0377391 0.0426878 0.0483067 0.0546173 0.0616394 0.0693899 0.0778826 0.0871265 0.0971255 0.107877 0.119372 0.131594 0.144519 0.158114 0.172338 0.187142 0.20247 0.218256 0.234429 0.250911 0.267617 0.284459 0.301345 0.318179 0.334863 0.351301 0.367395 0.383048 0.398168 0.412665 0.426451 0.439445 0.451572 0.462759 0.472944 0.482068 0.490079 0.496934 0.502593 0.507027 0.510211 0.512129 0.512769 0.512129 0.510211 0.507027 0.502593 0.496934 0.490079 0.482068 0.472944 0.462759 0.451572 0.439445 0.426451 0.412665 0.398168 0.383048 0.367395 0.351301 0.334863 0.318179 0.301345 0.284459 0.267617 0.250911 0.234429 0.218256 0.20247 0.187142 0.172338 0.158114 0.144519 0.131594 0.119372 0.107877 0.0971255 0.0871265 0.0778826 0.0693899 0.0616394 0.0546173 0.0483067 0.0426878 0.0377391 0.0334386 0.0297644 0.0266957 0.0242135 0.0223011 0.0209452 0.0201357 
0.0212801 0.0215667 0.0224289 0.0238728 0.025909 0.0285513 0.0318168 0.0357253 0.0402982 0.0455581 0.0515275 0.0582283 0.0656803 0.0739007 0.0829027 0.0926948 0.10328 0.114654 0.126806 0.139717 0.153361 0.167701 0.182693 0.198286 0.214416 0.231017 0.24801 0.265314 0.28284 0.300494 0.318179 0.335795 0.353242 0.370416 0.387219 0.403549 0.419312 0.434413 0.448764 0.462282 0.47489 0.486515 0.497092 0.506562 0.514874 0.521983 0.527851 0.532447 0.535747 0.537734 0.538397 0.537734 0.535747 0.532447 0.527851 0.521983 0.514874 0.506562 0.497092 0.486515 0.47489 0.462282 0.448764 0.434413 0.419312 0.403549 0.387219 0.370416 0.353242 0.335795 0.318179 0.300494 0.28284 0.265314 0.24801 0.231017 0.214416 0.198286 0.182693 0.167701 0.153361 0.139717 0.126806 0.114654 0.10328 0.0926948 0.0829027 0.0739007 0.0656803 0.0582283 0.0515275 0.0455581 0.0402982 0.0357253 0.0318168 0.0285513 0.025909 0.0238728 0.0224289 0.0215667 
0.0227101 0.0230144 0.0239294 0.0254617 0.0276221 0.0304249 0.0338878 0.0380312 0.0428771 0.0484485 0.0547686 0.0618594 0.0697409 0.0784302 0.0879401 0.0982783 0.109446 0.121439 0.134243 0.147838 0.162194 0.177271 0.193023 0.209393 0.226314 0.243715 0.261514 0.279624 0.297952 0.316399 0.334863 0.353242 0.371428 0.389318 0.406806 0.42379 0.440171 0.455854 0.470748 0.484769 0.497836 0.509878 0.520829 0.530629 0.539226 0.546577 0.552642 0.557391 0.560801 0.562853 0.563538 0.562853 0.560801 0.557391 0.552642 0.546577 0.539226 0.530629 0.520829 0.509878 0.497836 0.484769 0.470748 0.455854 0.440171 0.42379 0.406806 0.389318 0.371428 0.353242 0.334863 0.316399 0.297952 0.279624 0.261514 0.243715 0.226314 0.209393 0.193023 0.177271 0.162194 0.147838 0.134243 0.121439 0.109446 0.0982783 0.0879401 0.0784302 0.0697409 0.0618594 0.0547686 0.0484485 0.0428771 0.0380312 0.0338878 0.0304249 0.0276221 0.0254617 0.0239294 0.0230144 
0.0241474 0.0244692 0.025437 0.0270575 0.0293417 0.0323046 0.0359643 0.0403417 0.0454593 0.0513407 0.0580094 0.0654878 0.0737958 0.0829502 0.0929634 0.103842 0.115587 0.128191 0.141639 0.155908 0.170964 0.186767 0.203264 0.220396 0.238092 0.256276 0.274861 0.293757 0.312864 0.332081 0.351301 0.370416 0.389318 0.407896 0.426044 0.443656 0.460629 0.476868 0.49228 0.506778 0.520282 0.532719 0.544023 0.554135 0.563002 0.570579 0.57683 0.581723 0.585235 0.587349 0.588055 0.587349 0.585235 0.581723 0.57683 0.570579 0.563002 0.554135 0.544023 0.532719 0.520282 0.506778 0.49228 0.476868 0.460629 0.443656 0.426044 0.407896 0.389318 0.370416 0.351301 0.332081 0.312864 0.293757 0.274861 0.256276 0.238092 0.220396 0.203264 0.186767 0.170964 0.155908 0.141639 0.128191 0.115587 0.103842 0.0929634 0.0829502 0.0737958 0.0654878 0.0580094 0.0513407 0.0454593 0.0403417 0.0359643 0.0323046 0.0293417 0.0270575 0.025437 0.0244692 
0.0255822 0.0259215 0.0269415 0.0286494 0.0310564 0.0341778 0.0380323 0.0426412 0.0480276 0.0542155 0.0612286 0.0690895 0.0778182 0.0874311 0.09794 0.109351 0.121662 0.134866 0.148946 0.163874 0.179617 0.196128 0.213353 0.231227 0.249677 0.268621 0.287969 0.307625 0.327487 0.347446 0.367395 0.387219 0.406806 0.426044 0.444822 0.463031 0.480569 0.497336 0.513237 0.528187 0.542103 0.554912 0.566548 0.576952 0.586071 0.593861 0.600284 0.605312 0.608919 0.61109 0.611815 0.61109 0.608919 0.605312 0.600284 0.593861 0.586071 0.576952 0.566548 0.554912 0.542103 0.528187 0.513237 0.497336 0.480569 0.463031 0.444822 0.426044 0.406806 0.387219 0.367395 0.347446 0.327487 0.307625 0.287969 0.268621 0.249677 0.231227 0.213353 0.196128 0.179617 0.163874 0.148946 0.134866 0.121662 0.109351 0.09794 0.0874311 0.0778182 0.0690895 0.0612286 0.0542155 0.0480276 0.0426412 0.0380323 0.0341778 0.0310564 0.0286494 0.0269415 0.0259215 
0.0270042 0.0273606 0.0284321 0.030226 0.0327537 0.0360311 0.0400771 0.0449136 0.0505641 0.0570529 0.064404 0.07264 0.0817808 0.0918426 0.102836 0.114767 0.127632 0.141421 0.156116 0.171687 0.188096 0.205295 0.223225 0.241818 0.260997 0.280675 0.300758 0.321146 0.341731 0.362404 0.383048 0.403549 0.42379 0.443656 0.463031 0.481808 0.499878 0.517142 0.533505 0.548878 0.56318 0.576337 0.588283 0.598958 0.608311 0.616298 0.622882 0.628033 0.631729 0.633953 0.634695 0.633953 0.631729 0.628033 0.622882 0.616298 0.608311 0.598958 0.588283 0.576337 0.56318 0.548878 0.533505 0.517142 0.499878 0.481808 0.463031 0.443656 0.42379 0.403549 0.383048 0.362404 0.341731 0.321146 0.300758 0.280675 0.260997 0.241818 0.223225 0.205295 0.188096 0.171687 0.156116 0.141421 0.127632 0.114767 0.102836 0.0918426 0.0817808 0.07264 0.064404 0.0570529 0.0505641 0.0449136 0.0400771 0.0360311 0.0327537 0.030226 0.0284321 0.0273606 
0.0284028 0.0287759 0.0298977 0.0317755 0.0344213 0.0378509 0.0420839 0.0471425 0.0530505 0.0598325 0.0675128 0.076114 0.0856558 0.0961538 0.107618 0.120053 0.133455 0.147811 0.1631 0.179292 0.196345 0.214207 0.232816 0.2521 0.271979 0.29236 0.313147 0.334234 0.355511 0.376862 0.398168 0.419312 0.440171 0.460629 0.480569 0.499878 0.518449 0.536179 0.552972 0.56874 0.583401 0.59688 0.609112 0.620038 0.629607 0.637775 0.644506 0.649772 0.653549 0.655821 0.656579 0.655821 0.653549 0.649772 0.644506 0.637775 0.629607 0.620038 0.609112 0.59688 0.583401 0.56874 0.552972 0.536179 0.518449 0.499878 0.480569 0.460629 0.440171 0.419312 0.398168 0.376862 0.355511 0.334234 0.313147 0.29236 0.271979 0.2521 0.232816 0.214207 0.196345 0.179292 0.1631 0.147811 0.133455 0.120053 0.107618 0.0961538 0.0856558 0.076114 0.0675128 0.0598325 0.0530505 0.0471425 0.0420839 0.0378509 0.0344213 0.0317755 0.0298977 0.0287759 
0.0297669 0.0301563 0.0313268 0.0332861 0.0360462 0.0396233 0.0440374 0.0493109 0.0554681 0.0625338 0.0705323 0.0794862 0.089415 0.100334 0.112252 0.125173 0.13909 0.153991 0.169852 0.186639 0.204308 0.222805 0.242063 0.262007 0.282552 0.303604 0.325059 0.34681 0.368741 0.390733 0.412665 0.434413 0.455854 0.476868 0.497336 0.517142 0.536179 0.554342 0.571535 0.587668 0.602659 0.616435 0.62893 0.640086 0.649852 0.658186 0.665051 0.67042 0.674271 0.676587 0.67736 0.676587 0.674271 0.67042 0.665051 0.658186 0.649852 0.640086 0.62893 0.616435 0.602659 0.587668 0.571535 0.554342 0.536179 0.517142 0.497336 0.476868 0.455854 0.434413 0.412665 0.390733 0.368741 0.34681 0.325059 0.303604 0.282552 0.262007 0.242063 0.222805 0.204308 0.186639 0.169852 0.153991 0.13909 0.125173 0.112252 0.100334 0.089415 0.0794862 0.0705323 0.0625338 0.0554681 0.0493109 0.0440374 0.0396233 0.0360462 0.0332861 0.0313268 0.0301563 
0.0310857 0.0314906 0.0327081 0.0347456 0.0376155 0.0413344 0.0459223 0.0514022 0.0577984 0.065136 0.0734395 0.0827313 0.0930305 0.104352 0.116704 0.130088 0.144498 0.159919 0.176324 0.193677 0.211932 0.231031 0.250904 0.271473 0.292649 0.314333 0.336419 0.358794 0.38134 0.403934 0.426451 0.448764 0.470748 0.49228 0.513237 0.533505 0.552972 0.571535 0.589095 0.605563 0.620857 0.634904 0.647639 0.659004 0.668949 0.677432 0.684419 0.689881 0.693797 0.696153 0.69694 0.696153 0.693797 0.689881 0.684419 0.677432 0.668949 0.659004 0.647639 0.634904 0.620857 0.605563 0.589095 0.571535 0.552972 0.533505 0.513237 0.49228 0.470748 0.448764 0.426451 0.403934 0.38134 0.358794 0.336419 0.314333 0.292649 0.271473 0.250904 0.231031 0.211932 0.193677 0.176324 0.159919 0.144498 0.130088 0.116704 0.104352 0.0930305 0.0827313 0.0734395 0.065136 0.0577984 0.0514022 0.0459223 0.0413344 0.0376155 0.0347456 0.0327081 0.0314906 
0.0323481 0.0327679 0.0340299 0.0361419 0.0391164 0.0429701 0.0477234 0.0533995 0.0600229 0.0676189 0.0762119 0.0858243 0.0964748 0.108178 0.12094 0.134764 0.14964 0.165551 0.182469 0.200357 0.219163 0.238829 0.25928 0.280436 0.302203 0.324479 0.347154 0.370112 0.393231 0.416385 0.439445 0.462282 0.484769 0.506778 0.528187 0.548878 0.56874 0.587668 0.605563 0.622336 0.637905 0.652198 0.665149 0.676702 0.686807 0.695425 0.70252 0.708066 0.712042 0.714433 0.715231 0.714433 0.712042 0.708066 0.70252 0.695425 0.686807 0.676702 0.665149 0.652198 0.637905 0.622336 0.605563 0.587668 0.56874 0.548878 0.528187 0.506778 0.484769 0.462282 0.439445 0.416385 0.393231 0.370112 0.347154 0.324479 0.302203 0.280436 0.25928 0.238829 0.219163 0.200357 0.182469 0.165551 0.14964 0.134764 0.12094 0.108178 0.0964748 0.0858243 0.0762119 0.0676189 0.0600229 0.0533995 0.0477234 0.0429701 0.0391164 0.0361419 0.0340299 0.0327679 
0.0335434 0.0339772 0.0352812 0.0374633 0.0405362 0.0445169 0.0494259 0.0552865 0.0621236 0.0699626 0.0788277 0.0887411 0.0997214 0.111782 0.12493 0.139164 0.154476 0.170846 0.188244 0.20663 0.225952 0.246145 0.267135 0.288835 0.311151 0.333976 0.357197 0.380694 0.404342 0.428012 0.451572 0.47489 0.497836 0.520282 0.542103 0.56318 0.583401 0.602659 0.620857 0.637905 0.653722 0.668235 0.681379 0.6931 0.703349 0.712085 0.719277 0.724897 0.728925 0.731347 0.732156 0.731347 0.728925 0.724897 0.719277 0.712085 0.703349 0.6931 0.681379 0.668235 0.653722 0.637905 0.620857 0.602659 0.583401 0.56318 0.542103 0.520282 0.497836 0.47489 0.451572 0.428012 0.404342 0.380694 0.357197 0.333976 0.311151 0.288835 0.267135 0.246145 0.225952 0.20663 0.188244 0.170846 0.154476 0.139164 0.12493 0.111782 0.0997214 0.0887411 0.0788277 0.0699626 0.0621236 0.0552865 0.0494259 0.0445169 0.0405362 0.0374633 0.0352812 0.0339772 
