0.00186647 0.00188956 0.00195904 0.00207548 0.00223987 0.00245352 0.00271809 0.00303551 0.00340798 0.00383788 0.00432771 0.00488006 0.00549751 0.00618257 0.00693756 0.00776459 0.00866543 0.00964145 0.0106935 0.011822 0.0130264 0.0143058 0.0156584 0.0170814 0.0185714 0.020124 0.0217338 0.0233946 0.0250993 0.0268398 0.0286074 0.0303925 0.0321847 0.0339733 0.0357468 0.0374935 0.0392014 0.0408583 0.0424521 0.0439707 0.0454026 0.0467364 0.0479614 0.0490678 0.0500462 0.0508887 0.051588 0.0521382 0.0525347 0.0527739 0.0528539 0.0527739 0.0525347 0.0521382 0.051588 0.0508887 0.0500462 0.0490678 0.0479614 0.0467364 0.0454026 0.0439707 0.0424521 0.0408583 0.0392014 0.0374935 0.0357468 0.0339733 0.0321847 0.0303925 0.0286074 0.0268398 0.0250993 0.0233946 0.0217338 0.020124 0.0185714 0.0170814 0.0156584 0.0143058 0.0130264 0.011822 0.0106935 0.00964145 0.00866543 0.00776459 0.00693756 0.00618257 0.00549751 0.00488006 0.00432771 0.00383788 0.00340798 0.00303551 0.00271809 0.00245352 0.00223987 0.00207548 0.00195904 0.00188956 
0.00188956 0.00191291 0.00198318 0.00210094 0.00226718 0.00248324 0.00275077 0.00307173 0.00344834 0.00388298 0.00437819 0.00493657 0.00556072 0.00625314 0.00701621 0.00785202 0.00876235 0.00974858 0.0108116 0.0119516 0.0131684 0.0144608 0.0158269 0.0172642 0.0187689 0.0203367 0.0219622 0.0236391 0.0253602 0.0271173 0.0289016 0.0307034 0.0325124 0.0343176 0.0361074 0.0378701 0.0395936 0.0412655 0.0428736 0.0444059 0.0458505 0.0471962 0.0484321 0.0495482 0.0505353 0.0513851 0.0520905 0.0526456 0.0530455 0.0532868 0.0533675 0.0532868 0.0530455 0.0526456 0.0520905 0.0513851 0.0505353 0.0495482 0.0484321 0.0471962 0.0458505 0.0444059 0.0428736 0.0412655 0.0395936 0.0378701 0.0361074 0.0343176 0.0325124 0.0307034 0.0289016 0.0271173 0.0253602 0.0236391 0.0219622 0.0203367 0.0187689 0.0172642 0.0158269 0.0144608 0.0131684 0.0119516 0.0108116 0.00974858 0.00876235 0.00785202 0.00701621 0.00625314 0.00556072 0.00493657 0.00437819 0.00388298 0.00344834 0.00307173 0.00275077 0.00248324 0.00226718 0.00210094 0.00198318 0.00191291 
0.00195904 0.00198318 0.0020558 0.00217753 0.00234934 0.00257262 0.00284906 0.00318066 0.0035697 0.00401861 0.00452998 0.00510648 0.00575074 0.00646533 0.00725265 0.00811484 0.00905369 0.0100706 0.0111664 0.0123413 0.013595 0.0149263 0.0163334 0.0178132 0.0193623 0.0209759 0.0226485 0.0243736 0.0261438 0.0279508 0.0297853 0.0316375 0.0334967 0.0353516 0.0371906 0.0390013 0.0407714 0.0424883 0.0441395 0.0457127 0.0471957 0.0485769 0.0498453 0.0509907 0.0520036 0.0528756 0.0535994 0.0541689 0.0545792 0.0548267 0.0549095 0.0548267 0.0545792 0.0541689 0.0535994 0.0528756 0.0520036 0.0509907 0.0498453 0.0485769 0.0471957 0.0457127 0.0441395 0.0424883 0.0407714 0.0390013 0.0371906 0.0353516 0.0334967 0.0316375 0.0297853 0.0279508 0.0261438 0.0243736 0.0226485 0.0209759 0.0193623 0.0178132 0.0163334 0.0149263 0.013595 0.0123413 0.0111664 0.0100706 0.00905369 0.00811484 0.00725265 0.00646533 0.00575074 0.00510648 0.00452998 0.00401861 0.0035697 0.00318066 0.00284906 0.00257262 0.00234934 0.00217753 0.0020558 0.00198318 
0.00207548 0.00210094 0.00217753 0.00230587 0.00248701 0.00272237 0.00301371 0.00336313 0.00377296 0.00424574 0.00478415 0.00539094 0.00606884 0.0068205 0.00764838 0.00855465 0.00954116 0.0106093 0.0117599 0.0129931 0.0143086 0.015705 0.0171802 0.0187313 0.0203543 0.0220444 0.0237956 0.0256013 0.0274535 0.0293435 0.0312618 0.0331981 0.035141 0.037079 0.0389997 0.0408905 0.0427384 0.0445304 0.0462535 0.0478947 0.0494416 0.0508821 0.0522048 0.053399 0.0544549 0.0553638 0.0561182 0.0567118 0.0571393 0.0573973 0.0574836 0.0573973 0.0571393 0.0567118 0.0561182 0.0553638 0.0544549 0.053399 0.0522048 0.0508821 0.0494416 0.0478947 0.0462535 0.0445304 0.0427384 0.0408905 0.0389997 0.037079 0.035141 0.0331981 0.0312618 0.0293435 0.0274535 0.0256013 0.0237956 0.0220444 0.0203543 0.0187313 0.0171802 0.015705 0.0143086 0.0129931 0.0117599 0.0106093 0.00954116 0.00855465 0.00764838 0.0068205 0.00606884 0.00539094 0.00478415 0.00424574 0.00377296 0.00336313 0.00301371 0.00272237 0.00248701 0.00230587 0.00217753 0.00210094 
0.00223987 0.00226718 0.00234934 0.00248701 0.00268128 0.00293366 0.003246 0.00362048 0.00405958 0.00456596 0.00514243 0.00579185 0.00651709 0.00732089 0.0082058 0.00917408 0.0102276 0.0113678 0.0125953 0.0139105 0.0153127 0.0168005 0.0183715 0.0200226 0.0217494 0.0235468 0.0254084 0.027327 0.0292942 0.0313009 0.0333367 0.0353907 0.0374511 0.0395054 0.0415407 0.0435437 0.0455006 0.0473978 0.0492214 0.050958 0.0525944 0.0541178 0.0555164 0.0567789 0.057895 0.0588557 0.0596529 0.06028 0.0607318 0.0610044 0.0610955 0.0610044 0.0607318 0.06028 0.0596529 0.0588557 0.057895 0.0567789 0.0555164 0.0541178 0.0525944 0.050958 0.0492214 0.0473978 0.0455006 0.0435437 0.0415407 0.0395054 0.0374511 0.0353907 0.0333367 0.0313009 0.0292942 0.027327 0.0254084 0.0235468 0.0217494 0.0200226 0.0183715 0.0168005 0.0153127 0.0139105 0.0125953 0.0113678 0.0102276 0.00917408 0.0082058 0.00732089 0.00651709 0.00579185 0.00514243 0.00456596 0.00405958 0.00362048 0.003246 0.00293366 0.00268128 0.00248701 0.00234934 0.00226718 
0.00245352 0.00248324 0.00257262 0.00272237 0.00293366 0.00320808 0.00354761 0.00395457 0.00443158 0.00498146 0.00560718 0.00631178 0.00709827 0.00796952 0.0089282 0.00997666 0.0111168 0.0123501 0.0136772 0.0150982 0.0166124 0.0182181 0.0199128 0.0216929 0.0235537 0.0254894 0.0274934 0.0295576 0.0316731 0.0338299 0.036017 0.0382227 0.0404343 0.0426384 0.0448213 0.0469686 0.0490657 0.0510981 0.0530511 0.0549103 0.0566616 0.0582917 0.0597879 0.0611381 0.0623316 0.0633587 0.0642109 0.0648812 0.0653641 0.0656554 0.0657528 0.0656554 0.0653641 0.0648812 0.0642109 0.0633587 0.0623316 0.0611381 0.0597879 0.0582917 0.0566616 0.0549103 0.0530511 0.0510981 0.0490657 0.0469686 0.0448213 0.0426384 0.0404343 0.0382227 0.036017 0.0338299 0.0316731 0.0295576 0.0274934 0.0254894 0.0235537 0.0216929 0.0199128 0.0182181 0.0166124 0.0150982 0.0136772 0.0123501 0.0111168 0.00997666 0.0089282 0.00796952 0.00709827 0.00631178 0.00560718 0.00498146 0.00443158 0.00395457 0.00354761 0.00320808 0.00293366 0.00272237 0.00257262 0.00248324 
0.00271809 0.00275077 0.00284906 0.00301371 0.003246 0.00354761 0.00392067 0.00436768 0.00489142 0.00549492 0.00618135 0.00695393 0.00781585 0.00877016 0.00981966 0.0109668 0.0122135 0.0135613 0.0150107 0.0165618 0.0182137 0.0199643 0.0218109 0.0237493 0.0257744 0.02788 0.0300584 0.0323011 0.0345983 0.0369392 0.0393117 0.0417031 0.0440997 0.0464872 0.0488505 0.0511743 0.0534429 0.0556406 0.0577517 0.0597607 0.0616526 0.063413 0.0650282 0.0664856 0.0677736 0.0688818 0.0698012 0.0705242 0.071045 0.0713592 0.0714642 0.0713592 0.071045 0.0705242 0.0698012 0.0688818 0.0677736 0.0664856 0.0650282 0.063413 0.0616526 0.0597607 0.0577517 0.0556406 0.0534429 0.0511743 0.0488505 0.0464872 0.0440997 0.0417031 0.0393117 0.0369392 0.0345983 0.0323011 0.0300584 0.02788 0.0257744 0.0237493 0.0218109 0.0199643 0.0182137 0.0165618 0.0150107 0.0135613 0.0122135 0.0109668 0.00981966 0.00877016 0.00781585 0.00695393 0.00618135 0.00549492 0.00489142 0.00436768 0.00392067 0.00354761 0.003246 0.00301371 0.00284906 0.00275077 
0.00303551 0.00307173 0.00318066 0.00336313 0.00362048 0.00395457 0.00436768 0.00486249 0.00544202 0.0061095 0.00686835 0.007722 0.00867387 0.00972718 0.0108849 0.0121495 0.0135232 0.0150072 0.0166022 0.018308 0.0201235 0.0220464 0.0240733 0.0261998 0.02842 0.030727 0.0331125 0.0355669 0.0380795 0.0406383 0.0432304 0.0458417 0.0484574 0.0510618 0.0536386 0.0561711 0.0586425 0.0610355 0.0633334 0.0655193 0.0675771 0.0694913 0.0712472 0.0728311 0.0742306 0.0754344 0.076433 0.0772182 0.0777838 0.0781249 0.078239 0.0781249 0.0777838 0.0772182 0.076433 0.0754344 0.0742306 0.0728311 0.0712472 0.0694913 0.0675771 0.0655193 0.0633334 0.0610355 0.0586425 0.0561711 0.0536386 0.0510618 0.0484574 0.0458417 0.0432304 0.0406383 0.0380795 0.0355669 0.0331125 0.030727 0.02842 0.0261998 0.0240733 0.0220464 0.0201235 0.018308 0.0166022 0.0150072 0.0135232 0.0121495 0.0108849 0.00972718 0.00867387 0.007722 0.00686835 0.0061095 0.00544202 0.00486249 0.00436768 0.00395457 0.00362048 0.00336313 0.00318066 0.00307173 
0.00340798 0.00344834 0.0035697 0.00377296 0.00405958 0.00443158 0.00489142 0.00544202 0.00608662 0.00682873 0.007672 0.00862015 0.00967681 0.0108454 0.0121291 0.0135305 0.0150518 0.0166942 0.0184585 0.0203441 0.0223496 0.0244723 0.0267086 0.0290532 0.0314996 0.0340401 0.0366653 0.0393648 0.0421266 0.0449377 0.0477837 0.0506492 0.0535179 0.0563728 0.059196 0.0619695 0.0646747 0.0672931 0.0698063 0.0721962 0.0744453 0.0765367 0.0784545 0.0801841 0.0817119 0.0830259 0.0841156 0.0849724 0.0855895 0.0859617 0.0860861 0.0859617 0.0855895 0.0849724 0.0841156 0.0830259 0.0817119 0.0801841 0.0784545 0.0765367 0.0744453 0.0721962 0.0698063 0.0672931 0.0646747 0.0619695 0.059196 0.0563728 0.0535179 0.0506492 0.0477837 0.0449377 0.0421266 0.0393648 0.0366653 0.0340401 0.0314996 0.0290532 0.0267086 0.0244723 0.0223496 0.0203441 0.0184585 0.0166942 0.0150518 0.0135305 0.0121291 0.0108454 0.00967681 0.00862015 0.007672 0.00682873 0.00608662 0.00544202 0.00489142 0.00443158 0.00405958 0.00377296 0.0035697 0.00344834 
0.00383788 0.00388298 0.00401861 0.00424574 0.00456596 0.00498146 0.00549492 0.0061095 0.00682873 0.00765638 0.00859641 0.0096528 0.0108295 0.01213 0.0135579 0.0151157 0.0168057 0.0186292 0.0205867 0.0226775 0.0248998 0.0272506 0.0297254 0.0323185 0.0350225 0.0378287 0.0407267 0.0437049 0.04675 0.0498476 0.0529818 0.0561358 0.0592917 0.0624306 0.0655332 0.0685797 0.0715498 0.0744233 0.0771802 0.0798009 0.0822663 0.084558 0.086659 0.0885532 0.090226 0.0916644 0.0928571 0.0937948 0.0944699 0.0948772 0.0950133 0.0948772 0.0944699 0.0937948 0.0928571 0.0916644 0.090226 0.0885532 0.086659 0.084558 0.0822663 0.0798009 0.0771802 0.0744233 0.0715498 0.0685797 0.0655332 0.0624306 0.0592917 0.0561358 0.0529818 0.0498476 0.04675 0.0437049 0.0407267 0.0378287 0.0350225 0.0323185 0.0297254 0.0272506 0.0248998 0.0226775 0.0205867 0.0186292 0.0168057 0.0151157 0.0135579 0.01213 0.0108295 0.0096528 0.00859641 0.00765638 0.00682873 0.0061095 0.00549492 0.00498146 0.00456596 0.00424574 0.00401861 0.00388298 
0.00432771 0.00437819 0.00452998 0.00478415 0.00514243 0.00560718 0.00618135 0.00686835 0.007672 0.00859641 0.00964583 0.0108246 0.0121368 0.0135864 0.0151769 0.0169112 0.0187915 0.0208191 0.0229942 0.025316 0.0277823 0.0303895 0.0331325 0.0360048 0.038998 0.0421023 0.0453063 0.0485969 0.0519594 0.0553779 0.0588348 0.0623115 0.0657884 0.0692448 0.0726596 0.0760108 0.0792765 0.0824347 0.0854635 0.0883414 0.0910478 0.0935627 0.0958677 0.0979451 0.0997794 0.101356 0.102664 0.103691 0.104431 0.104877 0.105026 0.104877 0.104431 0.103691 0.102664 0.101356 0.0997794 0.0979451 0.0958677 0.0935627 0.0910478 0.0883414 0.0854635 0.0824347 0.0792765 0.0760108 0.0726596 0.0692448 0.0657884 0.0623115 0.0588348 0.0553779 0.0519594 0.0485969 0.0453063 0.0421023 0.038998 0.0360048 0.0331325 0.0303895 0.0277823 0.025316 0.0229942 0.0208191 0.0187915 0.0169112 0.0151769 0.0135864 0.0121368 0.0108246 0.00964583 0.00859641 0.007672 0.00686835 0.00618135 0.00560718 0.00514243 0.00478415 0.00452998 0.00437819 
0.00488006 0.00493657 0.00510648 0.00539094 0.00579185 0.00631178 0.00695393 0.007722 0.00862015 0.0096528 0.0108246 0.01214 0.0136037 0.0152198 0.0169919 0.018923 0.0210155 0.0232705 0.0256881 0.0282671 0.0310048 0.0338972 0.0369382 0.0401205 0.0434347 0.0468699 0.0504131 0.0540498 0.0577638 0.0615374 0.0653512 0.0691847 0.0730163 0.0768234 0.0805826 0.0842701 0.0878619 0.0913338 0.094662 0.0978233 0.100795 0.103556 0.106085 0.108364 0.110376 0.112105 0.113538 0.114665 0.115476 0.115965 0.116128 0.115965 0.115476 0.114665 0.113538 0.112105 0.110376 0.108364 0.106085 0.103556 0.100795 0.0978233 0.094662 0.0913338 0.0878619 0.0842701 0.0805826 0.0768234 0.0730163 0.0691847 0.0653512 0.0615374 0.0577638 0.0540498 0.0504131 0.0468699 0.0434347 0.0401205 0.0369382 0.0338972 0.0310048 0.0282671 0.0256881 0.0232705 0.0210155 0.018923 0.0169919 0.0152198 0.0136037 0.01214 0.0108246 0.0096528 0.00862015 0.007722 0.00695393 0.00631178 0.00579185 0.00539094 0.00510648 0.00493657 
0.00549751 0.00556072 0.00575074 0.00606884 0.00651709 0.00709827 0.00781585 0.00867387 0.00967681 0.0108295 0.0121368 0.0136037 0.0152351 0.0170353 0.0190082 0.021157 0.0234839 0.0259899 0.0286751 0.0315376 0.0345745 0.0377808 0.0411499 0.0446732 0.0483404 0.0521389 0.0560545 0.060071 0.0641705 0.0683332 0.0725379 0.076762 0.0809816 0.085172 0.0893076 0.0933624 0.09731 0.101124 0.104779 0.108249 0.11151 0.114538 0.117312 0.11981 0.122015 0.12391 0.12548 0.126714 0.127602 0.128138 0.128317 0.128138 0.127602 0.126714 0.12548 0.12391 0.122015 0.11981 0.117312 0.114538 0.11151 0.108249 0.104779 0.101124 0.09731 0.0933624 0.0893076 0.085172 0.0809816 0.076762 0.0725379 0.0683332 0.0641705 0.060071 0.0560545 0.0521389 0.0483404 0.0446732 0.0411499 0.0377808 0.0345745 0.0315376 0.0286751 0.0259899 0.0234839 0.021157 0.0190082 0.0170353 0.0152351 0.0136037 0.0121368 0.0108295 0.00967681 0.00867387 0.00781585 0.00709827 0.00651709 0.00606884 0.00575074 0.00556072 
0.00618257 0.00625314 0.00646533 0.0068205 0.00732089 0.00796952 0.00877016 0.00972718 0.0108454 0.01213 0.0135864 0.0152198 0.0170353 0.0190377 0.0212309 0.0236183 0.026202 0.028983 0.0319609 0.0351336 0.0384974 0.0420467 0.0457738 0.0496692 0.053721 0.0579154 0.0622364 0.0666661 0.0711846 0.07577 0.0803991 0.085047 0.0896874 0.0942932 0.0988365 0.103289 0.107621 0.111806 0.115813 0.119617 0.12319 0.126507 0.129544 0.132279 0.134693 0.136766 0.138484 0.139834 0.140805 0.141391 0.141587 0.141391 0.140805 0.139834 0.138484 0.136766 0.134693 0.132279 0.129544 0.126507 0.12319 0.119617 0.115813 0.111806 0.107621 0.103289 0.0988365 0.0942932 0.0896874 0.085047 0.0803991 0.07577 0.0711846 0.0666661 0.0622364 0.0579154 0.053721 0.0496692 0.0457738 0.0420467 0.0384974 0.0351336 0.0319609 0.028983 0.026202 0.0236183 0.0212309 0.0190377 0.0170353 0.0152198 0.0135864 0.01213 0.0108454 0.00972718 0.00877016 0.00796952 0.00732089 0.0068205 0.00646533 0.00625314 
0.00693756 0.00701621 0.00725265 0.00764838 0.0082058 0.0089282 0.00981966 0.0108849 0.0121291 0.0135579 0.0151769 0.0169919 0.0190082 0.0212309 0.0236641 0.0263112 0.0291743 0.0322542 0.0355502 0.0390597 0.0427783 0.0466995 0.0508145 0.0551127 0.0595807 0.0642031 0.0689621 0.0738379 0.0788084 0.0838498 0.0889361 0.0940402 0.0991333 0.104186 0.109167 0.114046 0.118792 0.123373 0.12776 0.131921 0.135828 0.139454 0.142773 0.145762 0.148398 0.150662 0.152538 0.154011 0.155072 0.155711 0.155925 0.155711 0.155072 0.154011 0.152538 0.150662 0.148398 0.145762 0.142773 0.139454 0.135828 0.131921 0.12776 0.123373 0.118792 0.114046 0.109167 0.104186 0.0991333 0.0940402 0.0889361 0.0838498 0.0788084 0.0738379 0.0689621 0.0642031 0.0595807 0.0551127 0.0508145 0.0466995 0.0427783 0.0390597 0.0355502 0.0322542 0.0291743 0.0263112 0.0236641 0.0212309 0.0190082 0.0169919 0.0151769 0.0135579 0.0121291 0.0108849 0.00981966 0.0089282 0.0082058 0.00764838 0.00725265 0.00701621 
0.00776459 0.00785202 0.00811484 0.00855465 0.00917408 0.00997666 0.0109668 0.0121495 0.0135305 0.0151157 0.0169112 0.018923 0.021157 0.0236183 0.0263112 0.0292392 0.0324043 0.0358071 0.0394464 0.0433192 0.0474201 0.0517418 0.0562744 0.0610058 0.065921 0.071003 0.0762321 0.0815863 0.0870412 0.0925706 0.0981461 0.103738 0.109315 0.114844 0.120293 0.125627 0.130813 0.135818 0.140606 0.145148 0.149411 0.153365 0.156984 0.160241 0.163114 0.16558 0.167623 0.169228 0.170383 0.171079 0.171312 0.171079 0.170383 0.169228 0.167623 0.16558 0.163114 0.160241 0.156984 0.153365 0.149411 0.145148 0.140606 0.135818 0.130813 0.125627 0.120293 0.114844 0.109315 0.103738 0.0981461 0.0925706 0.0870412 0.0815863 0.0762321 0.071003 0.065921 0.0610058 0.0562744 0.0517418 0.0474201 0.0433192 0.0394464 0.0358071 0.0324043 0.0292392 0.0263112 0.0236183 0.021157 0.018923 0.0169112 0.0151157 0.0135305 0.0121495 0.0109668 0.00997666 0.00917408 0.00855465 0.00811484 0.00785202 
0.00866543 0.00876235 0.00905369 0.00954116 0.0102276 0.0111168 0.0122135 0.0135232 0.0150518 0.0168057 0.0187915 0.0210155 0.0234839 0.026202 0.0291743 0.0324043 0.0358939 0.0396434 0.043651 0.0479132 0.0524237 0.0571742 0.0621535 0.0673478 0.0727408 0.0783133 0.0840436 0.0899074 0.095878 0.101927 0.108022 0.114132 0.120223 0.126258 0.132202 0.138018 0.143671 0.149122 0.154337 0.15928 0.163918 0.168219 0.172154 0.175695 0.178816 0.181496 0.183716 0.185459 0.186713 0.187469 0.187722 0.187469 0.186713 0.185459 0.183716 0.181496 0.178816 0.175695 0.172154 0.168219 0.163918 0.15928 0.154337 0.149122 0.143671 0.138018 0.132202 0.126258 0.120223 0.114132 0.108022 0.101927 0.095878 0.0899074 0.0840436 0.0783133 0.0727408 0.0673478 0.0621535 0.0571742 0.0524237 0.0479132 0.043651 0.0396434 0.0358939 0.0324043 0.0291743 0.026202 0.0234839 0.0210155 0.0187915 0.0168057 0.0150518 0.0135232 0.0122135 0.0111168 0.0102276 0.00954116 0.00905369 0.00876235 
0.00964145 0.00974858 0.0100706 0.0106093 0.0113678 0.0123501 0.0135613 0.0150072 0.0166942 0.0186292 0.0208191 0.0232705 0.0259899 0.028983 0.0322542 0.0358071 0.0396434 0.0437629 0.0481635 0.0528408 0.0577877 0.0629945 0.0684487 0.074135 0.0800352 0.0861281 0.0923897 0.0987934 0.10531 0.111907 0.118553 0.12521 0.131842 0.13841 0.144876 0.1512 0.157342 0.163264 0.168926 0.174291 0.179323 0.183988 0.188254 0.192092 0.195474 0.198377 0.200781 0.202669 0.204027 0.204846 0.20512 0.204846 0.204027 0.202669 0.200781 0.198377 0.195474 0.192092 0.188254 0.183988 0.179323 0.174291 0.168926 0.163264 0.157342 0.1512 0.144876 0.13841 0.131842 0.12521 0.118553 0.111907 0.10531 0.0987934 0.0923897 0.0861281 0.0800352 0.074135 0.0684487 0.0629945 0.0577877 0.0528408 0.0481635 0.0437629 0.0396434 0.0358071 0.0322542 0.028983 0.0259899 0.0232705 0.0208191 0.0186292 0.0166942 0.0150072 0.0135613 0.0123501 0.0113678 0.0106093 0.0100706 0.00974858 
0.0106935 0.0108116 0.0111664 0.0117599 0.0125953 0.0136772 0.0150107 0.0166022 0.0184585 0.0205867 0.0229942 0.0256881 0.0286751 0.0319609 0.0355502 0.0394464 0.043651 0.0481635 0.0529811 0.0580985 0.0635076 0.0691974 0.0751541 0.0813603 0.0877961 0.094438 0.10126 0.108232 0.115323 0.122498 0.12972 0.136951 0.144151 0.151279 0.158291 0.165146 0.171801 0.178214 0.184343 0.190148 0.195591 0.200635 0.205246 0.209393 0.213047 0.216182 0.218779 0.220817 0.222283 0.223167 0.223462 0.223167 0.222283 0.220817 0.218779 0.216182 0.213047 0.209393 0.205246 0.200635 0.195591 0.190148 0.184343 0.178214 0.171801 0.165146 0.158291 0.151279 0.144151 0.136951 0.12972 0.122498 0.115323 0.108232 0.10126 0.094438 0.0877961 0.0813603 0.0751541 0.0691974 0.0635076 0.0580985 0.0529811 0.0481635 0.043651 0.0394464 0.0355502 0.0319609 0.0286751 0.0256881 0.0229942 0.0205867 0.0184585 0.0166022 0.0150107 0.0136772 0.0125953 0.0117599 0.0111664 0.0108116 
0.011822 0.0119516 0.0123413 0.0129931 0.0139105 0.0150982 0.0165618 0.018308 0.0203441 0.0226775 0.025316 0.0282671 0.0315376 0.0351336 0.0390597 0.0433192 0.0479132 0.0528408 0.0580985 0.0636801 0.0695763 0.0757748 0.0822599 0.0890128 0.096011 0.103229 0.110638 0.118206 0.125898 0.133676 0.141502 0.149333 0.157125 0.164835 0.172416 0.179824 0.187012 0.193934 0.200548 0.20681 0.212679 0.218115 0.223084 0.227551 0.231486 0.234862 0.237657 0.23985 0.241428 0.242379 0.242697 0.242379 0.241428 0.23985 0.237657 0.234862 0.231486 0.227551 0.223084 0.218115 0.212679 0.20681 0.200548 0.193934 0.187012 0.179824 0.172416 0.164835 0.157125 0.149333 0.141502 0.133676 0.125898 0.118206 0.110638 0.103229 0.096011 0.0890128 0.0822599 0.0757748 0.0695763 0.0636801 0.0580985 0.0528408 0.0479132 0.0433192 0.0390597 0.0351336 0.0315376 0.0282671 0.025316 0.0226775 0.0203441 0.018308 0.0165618 0.0150982 0.0139105 0.0129931 0.0123413 0.0119516 
0.0130264 0.0131684 0.013595 0.0143086 0.0153127 0.0166124 0.0182137 0.0201235 0.0223496 0.0248998 0.0277823 0.0310048 0.0345745 0.0384974 0.0427783 0.0474201 0.0524237 0.0577877 0.0635076 0.0695763 0.0759832 0.0827146 0.089753 0.0970774 0.104663 0.112483 0.120504 0.128693 0.13701 0.145417 0.153869 0.162322 0.17073 0.179043 0.187214 0.195193 0.202932 0.210382 0.217496 0.224229 0.230536 0.236378 0.241714 0.24651 0.250734 0.254358 0.257356 0.25971 0.261402 0.262423 0.262763 0.262423 0.261402 0.25971 0.257356 0.254358 0.250734 0.24651 0.241714 0.236378 0.230536 0.224229 0.217496 0.210382 0.202932 0.195193 0.187214 0.179043 0.17073 0.162322 0.153869 0.145417 0.13701 0.128693 0.120504 0.112483 0.104663 0.0970774 0.089753 0.0827146 0.0759832 0.0695763 0.0635076 0.0577877 0.0524237 0.0474201 0.0427783 0.0384974 0.0345745 0.0310048 0.0277823 0.0248998 0.0223496 0.0201235 0.0182137 0.0166124 0.0153127 0.0143086 0.013595 0.0131684 
0.0143058 0.0144608 0.0149263 0.015705 0.0168005 0.0182181 0.0199643 0.0220464 0.0244723 0.0272506 0.0303895 0.0338972 0.0377808 0.0420467 0.0466995 0.0517418 0.0571742 0.0629945 0.0691974 0.0757748 0.0827146 0.0900014 0.097616 0.105535 0.113732 0.122176 0.130833 0.139665 0.148631 0.157687 0.166788 0.175884 0.184925 0.193861 0.202638 0.211206 0.219511 0.227503 0.235131 0.242347 0.249104 0.25536 0.261073 0.266207 0.270726 0.274602 0.27781 0.280326 0.282136 0.283227 0.283591 0.283227 0.282136 0.280326 0.27781 0.274602 0.270726 0.266207 0.261073 0.25536 0.249104 0.242347 0.235131 0.227503 0.219511 0.211206 0.202638 0.193861 0.184925 0.175884 0.166788 0.157687 0.148631 0.139665 0.130833 0.122176 0.113732 0.105535 0.097616 0.0900014 0.0827146 0.0757748 0.0691974 0.0629945 0.0571742 0.0517418 0.0466995 0.0420467 0.0377808 0.0338972 0.0303895 0.0272506 0.0244723 0.0220464 0.0199643 0.0182181 0.0168005 0.015705 0.0149263 0.0144608 
0.0156584 0.0158269 0.0163334 0.0171802 0.0183715 0.0199128 0.0218109 0.0240733 0.0267086 0.0297254 0.0331325 0.0369382 0.0411499 0.0457738 0.0508145 0.0562744 0.0621535 0.0684487 0.0751541 0.0822599 0.089753 0.097616 0.105828 0.114363 0.123192 0.132281 0.141594 0.15109 0.160724 0.170449 0.180216 0.189972 0.199665 0.209239 0.218639 0.227808 0.236693 0.245238 0.253391 0.2611 0.268316 0.274994 0.281091 0.286567 0.291388 0.295521 0.29894 0.301622 0.303551 0.304713 0.305102 0.304713 0.303551 0.301622 0.29894 0.295521 0.291388 0.286567 0.281091 0.274994 0.268316 0.2611 0.253391 0.245238 0.236693 0.227808 0.218639 0.209239 0.199665 0.189972 0.180216 0.170449 0.160724 0.15109 0.141594 0.132281 0.123192 0.114363 0.105828 0.097616 0.089753 0.0822599 0.0751541 0.0684487 0.0621535 0.0562744 0.0508145 0.0457738 0.0411499 0.0369382 0.0331325 0.0297254 0.0267086 0.0240733 0.0218109 0.0199128 0.0183715 0.0171802 0.0163334 0.0158269 
0.0170814 0.0172642 0.0178132 0.0187313 0.0200226 0.0216929 0.0237493 0.0261998 0.0290532 0.0323185 0.0360048 0.0401205 0.0446732 0.0496692 0.0551127 0.0610058 0.0673478 0.074135 0.0813603 0.0890128 0.0970774 0.105535 0.114363 0.123532 0.133012 0.142765 0.152753 0.162929 0.173248 0.183659 0.194108 0.204539 0.214897 0.225122 0.235156 0.244939 0.254413 0.263521 0.272206 0.280416 0.288097 0.295203 0.301689 0.307512 0.312636 0.317029 0.320662 0.323512 0.325561 0.326796 0.327208 0.326796 0.325561 0.323512 0.320662 0.317029 0.312636 0.307512 0.301689 0.295203 0.288097 0.280416 0.272206 0.263521 0.254413 0.244939 0.235156 0.225122 0.214897 0.204539 0.194108 0.183659 0.173248 0.162929 0.152753 0.142765 0.133012 0.123532 0.114363 0.105535 0.0970774 0.0890128 0.0813603 0.074135 0.0673478 0.0610058 0.0551127 0.0496692 0.0446732 0.0401205 0.0360048 0.0323185 0.0290532 0.0261998 0.0237493 0.0216929 0.0200226 0.0187313 0.0178132 0.0172642 
0.0185714 0.0187689 0.0193623 0.0203543 0.0217494 0.0235537 0.0257744 0.02842 0.0314996 0.0350225 0.038998 0.0434347 0.0483404 0.053721 0.0595807 0.065921 0.0727408 0.0800352 0.0877961 0.096011 0.104663 0.113732 0.123192 0.133012 0.143158 0.153591 0.164267 0.17514 0.186157 0.197266 0.20841 0.219528 0.230562 0.241448 0.252124 0.262529 0.2726 0.282277 0.2915 0.300215 0.308366 0.315903 0.32278 0.328952 0.334383 0.339037 0.342885 0.345903 0.348073 0.34938 0.349817 0.34938 0.348073 0.345903 0.342885 0.339037 0.334383 0.328952 0.32278 0.315903 0.308366 0.300215 0.2915 0.282277 0.2726 0.262529 0.252124 0.241448 0.230562 0.219528 0.20841 0.197266 0.186157 0.17514 0.164267 0.153591 0.143158 0.133012 0.123192 0.113732 0.104663 0.096011 0.0877961 0.0800352 0.0727408 0.065921 0.0595807 0.053721 0.0483404 0.0434347 0.038998 0.0350225 0.0314996 0.02842 0.0257744 0.0235537 0.0217494 0.0203543 0.0193623 0.0187689 
0.020124 0.0203367 0.0209759 0.0220444 0.0235468 0.0254894 0.02788 0.030727 0.0340401 0.0378287 0.0421023 0.0468699 0.0521389 0.0579154 0.0642031 0.071003 0.0783133 0.0861281 0.094438 0.103229 0.112483 0.122176 0.132281 0.142765 0.153591 0.164716 0.176093 0.187673 0.1994 0.211217 0.223064 0.234878 0.246594 0.258148 0.269473 0.280504 0.291176 0.301425 0.31119 0.320411 0.329033 0.337003 0.344271 0.350794 0.35653 0.361445 0.365509 0.368695 0.370986 0.372366 0.372826 0.372366 0.370986 0.368695 0.365509 0.361445 0.35653 0.350794 0.344271 0.337003 0.329033 0.320411 0.31119 0.301425 0.291176 0.280504 0.269473 0.258148 0.246594 0.234878 0.223064 0.211217 0.1994 0.187673 0.176093 0.164716 0.153591 0.142765 0.132281 0.122176 0.112483 0.103229 0.094438 0.0861281 0.0783133 0.071003 0.0642031 0.0579154 0.0521389 0.0468699 0.0421023 0.0378287 0.0340401 0.030727 0.02788 0.0254894 0.0235468 0.0220444 0.0209759 0.0203367 
0.0217338 0.0219622 0.0226485 0.0237956 0.0254084 0.0274934 0.0300584 0.0331125 0.0366653 0.0407267 0.0453063 0.0504131 0.0560545 0.0622364 0.0689621 0.0762321 0.0840436 0.0923897 0.10126 0.110638 0.120504 0.130833 0.141594 0.152753 0.164267 0.176093 0.18818 0.200475 0.212919 0.225451 0.238007 0.250521 0.262925 0.275149 0.287125 0.298784 0.310058 0.32088 0.331186 0.340914 0.350005 0.358406 0.366065 0.372936 0.378977 0.384152 0.388429 0.391783 0.394193 0.395645 0.39613 0.395645 0.394193 0.391783 0.388429 0.384152 0.378977 0.372936 0.366065 0.358406 0.350005 0.340914 0.331186 0.32088 0.310058 0.298784 0.287125 0.275149 0.262925 0.250521 0.238007 0.225451 0.212919 0.200475 0.18818 0.176093 0.164267 0.152753 0.141594 0.130833 0.120504 0.110638 0.10126 0.0923897 0.0840436 0.0762321 0.0689621 0.0622364 0.0560545 0.0504131 0.0453063 0.0407267 0.0366653 0.0331125 0.0300584 0.0274934 0.0254084 0.0237956 0.0226485 0.0219622 
0.0233946 0.0236391 0.0243736 0.0256013 0.027327 0.0295576 0.0323011 0.0355669 0.0393648 0.0437049 0.0485969 0.0540498 0.060071 0.0666661 0.0738379 0.0815863 0.0899074 0.0987934 0.108232 0.118206 0.128693 0.139665 0.15109 0.162929 0.17514 0.187673 0.200475 0.213489 0.226654 0.239903 0.253171 0.266386 0.279477 0.292373 0.304999 0.317284 0.329158 0.34055 0.351394 0.361625 0.371183 0.380011 0.388057 0.395273 0.401615 0.407047 0.411536 0.415055 0.417583 0.419106 0.419615 0.419106 0.417583 0.415055 0.411536 0.407047 0.401615 0.395273 0.388057 0.380011 0.371183 0.361625 0.351394 0.34055 0.329158 0.317284 0.304999 0.292373 0.279477 0.266386 0.253171 0.239903 0.226654 0.213489 0.200475 0.187673 0.17514 0.162929 0.15109 0.139665 0.128693 0.118206 0.108232 0.0987934 0.0899074 0.0815863 0.0738379 0.0666661 0.060071 0.0540498 0.0485969 0.0437049 0.0393648 0.0355669 0.0323011 0.0295576 0.027327 0.0256013 0.0243736 0.0236391 
0.0250993 0.0253602 0.0261438 0.0274535 0.0292942 0.0316731 0.0345983 0.0380795 0.0421266 0.04675 0.0519594 0.0577638 0.0641705 0.0711846 0.0788084 0.0870412 0.095878 0.10531 0.115323 0.125898 0.13701 0.148631 0.160724 0.173248 0.186157 0.1994 0.212919 0.226654 0.240538 0.254505 0.268483 0.282397 0.296173 0.309736 0.323008 0.335915 0.348383 0.36034 0.371716 0.382444 0.392463 0.401713 0.410141 0.417696 0.424335 0.430019 0.434716 0.438397 0.441042 0.442635 0.443167 0.442635 0.441042 0.438397 0.434716 0.430019 0.424335 0.417696 0.410141 0.401713 0.392463 0.382444 0.371716 0.36034 0.348383 0.335915 0.323008 0.309736 0.296173 0.282397 0.268483 0.254505 0.240538 0.226654 0.212919 0.1994 0.186157 0.173248 0.160724 0.148631 0.13701 0.125898 0.115323 0.10531 0.095878 0.0870412 0.0788084 0.0711846 0.0641705 0.0577638 0.0519594 0.04675 0.0421266 0.0380795 0.0345983 0.0316731 0.0292942 0.0274535 0.0261438 0.0253602 
0.0268398 0.0271173 0.0279508 0.0293435 0.0313009 0.0338299 0.0369392 0.0406383 0.0449377 0.0498476 0.0553779 0.0615374 0.0683332 0.07577 0.0838498 0.0925706 0.101927 0.111907 0.122498 0.133676 0.145417 0.157687 0.170449 0.183659 0.197266 0.211217 0.225451 0.239903 0.254505 0.269185 0.283867 0.298475 0.31293 0.327152 0.341063 0.354584 0.367638 0.380151 0.39205 0.403268 0.413739 0.423403 0.432204 0.440092 0.447022 0.452953 0.457853 0.461692 0.464451 0.466112 0.466667 0.466112 0.464451 0.461692 0.457853 0.452953 0.447022 0.440092 0.432204 0.423403 0.413739 0.403268 0.39205 0.380151 0.367638 0.354584 0.341063 0.327152 0.31293 0.298475 0.283867 0.269185 0.254505 0.239903 0.225451 0.211217 0.197266 0.183659 0.170449 0.157687 0.145417 0.133676 0.122498 0.111907 0.101927 0.0925706 0.0838498 0.07577 0.0683332 0.0615374 0.0553779 0.0498476 0.0449377 0.0406383 0.0369392 0.0338299 0.0313009 0.0293435 0.0279508 0.0271173 
0.0286074 0.0289016 0.0297853 0.0312618 0.0333367 0.036017 0.0393117 0.0432304 0.0477837 0.0529818 0.0588348 0.0653512 0.0725379 0.0803991 0.0889361 0.0981461 0.108022 0.118553 0.12972 0.141502 0.153869 0.166788 0.180216 0.194108 0.20841 0.223064 0.238007 0.253171 0.268483 0.283867 0.299246 0.314538 0.329661 0.344533 0.359071 0.373195 0.386824 0.399882 0.412294 0.42399 0.434902 0.44497 0.454136 0.462348 0.46956 0.475732 0.480829 0.484823 0.487692 0.489419 0.489996 0.489419 0.487692 0.484823 0.480829 0.475732 0.46956 0.462348 0.454136 0.44497 0.434902 0.42399 0.412294 0.399882 0.386824 0.373195 0.359071 0.344533 0.329661 0.314538 0.299246 0.283867 0.268483 0.253171 0.238007 0.223064 0.20841 0.194108 0.180216 0.166788 0.153869 0.141502 0.12972 0.118553 0.108022 0.0981461 0.0889361 0.0803991 0.0725379 0.0653512 0.0588348 0.0529818 0.0477837 0.0432304 0.0393117 0.036017 0.0333367 0.0312618 0.0297853 0.0289016 
0.0303925 0.0307034 0.0316375 0.0331981 0.0353907 0.0382227 0.0417031 0.0458417 0.0506492 0.0561358 0.0623115 0.0691847 0.076762 0.085047 0.0940402 0.103738 0.114132 0.12521 0.136951 0.149333 0.162322 0.175884 0.189972 0.204539 0.219528 0.234878 0.250521 0.266386 0.282397 0.298475 0.314538 0.330501 0.346279 0.361787 0.37694 0.391652 0.405843 0.419431 0.432342 0.444503 0.455844 0.466304 0.475823 0.484349 0.491835 0.498239 0.503527 0.50767 0.510645 0.512437 0.513035 0.512437 0.510645 0.50767 0.503527 0.498239 0.491835 0.484349 0.475823 0.466304 0.455844 0.444503 0.432342 0.419431 0.405843 0.391652 0.37694 0.361787 0.346279 0.330501 0.314538 0.298475 0.282397 0.266386 0.250521 0.234878 0.219528 0.204539 0.189972 0.175884 0.162322 0.149333 0.136951 0.12521 0.114132 0.103738 0.0940402 0.085047 0.076762 0.0691847 0.0623115 0.0561358 0.0506492 0.0458417 0.0417031 0.0382227 0.0353907 0.0331981 0.0316375 0.0307034 
0.0321847 0.0325124 0.0334967 0.035141 0.0374511 0.0404343 0.0440997 0.0484574 0.0535179 0.0592917 0.0657884 0.0730163 0.0809816 0.0896874 0.0991333 0.109315 0.120223 0.131842 0.144151 0.157125 0.17073 0.184925 0.199665 0.214897 0.230562 0.246594 0.262925 0.279477 0.296173 0.31293 0.329661 0.346279 0.362697 0.378824 0.394573 0.409858 0.424593 0.438696 0.45209 0.4647 0.476456 0.487293 0.497153 0.505981 0.51373 0.520358 0.525829 0.530115 0.533193 0.535046 0.535665 0.535046 0.533193 0.530115 0.525829 0.520358 0.51373 0.505981 0.497153 0.487293 0.476456 0.4647 0.45209 0.438696 0.424593 0.409858 0.394573 0.378824 0.362697 0.346279 0.329661 0.31293 0.296173 0.279477 0.262925 0.246594 0.230562 0.214897 0.199665 0.184925 0.17073 0.157125 0.144151 0.131842 0.120223 0.109315 0.0991333 0.0896874 0.0809816 0.0730163 0.0657884 0.0592917 0.0535179 0.0484574 0.0440997 0.0404343 0.0374511 0.035141 0.0334967 0.0325124 
0.0339733 0.0343176 0.0353516 0.037079 0.0395054 0.0426384 0.0464872 0.0510618 0.0563728 0.0624306 0.0692448 0.0768234 0.085172 0.0942932 0.104186 0.114844 0.126258 0.13841 0.151279 0.164835 0.179043 0.193861 0.209239 0.225122 0.241448 0.258148 0.275149 0.292373 0.309736 0.327152 0.344533 0.361787 0.378824 0.395551 0.411878 0.427715 0.442975 0.457574 0.471433 0.484474 0.496628 0.507828 0.518015 0.527132 0.535133 0.541975 0.547622 0.552044 0.555219 0.557131 0.557769 0.557131 0.555219 0.552044 0.547622 0.541975 0.535133 0.527132 0.518015 0.507828 0.496628 0.484474 0.471433 0.457574 0.442975 0.427715 0.411878 0.395551 0.378824 0.361787 0.344533 0.327152 0.309736 0.292373 0.275149 0.258148 0.241448 0.225122 0.209239 0.193861 0.179043 0.164835 0.151279 0.13841 0.126258 0.114844 0.104186 0.0942932 0.085172 0.0768234 0.0692448 0.0624306 0.0563728 0.0510618 0.0464872 0.0426384 0.0395054 0.037079 0.0353516 0.0343176 
0.0357468 0.0361074 0.0371906 0.0389997 0.0415407 0.0448213 0.0488505 0.0536386 0.059196 0.0655332 0.0726596 0.0805826 0.0893076 0.0988365 0.109167 0.120293 0.132202 0.144876 0.158291 0.172416 0.187214 0.202638 0.218639 0.235156 0.252124 0.269473 0.287125 0.304999 0.323008 0.341063 0.359071 0.37694 0.394573 0.411878 0.428759 0.445127 0.460891 0.475965 0.490268 0.503723 0.516257 0.527803 0.5383 0.547693 0.555933 0.562978 0.568791 0.573343 0.576611 0.578579 0.579236 0.578579 0.576611 0.573343 0.568791 0.562978 0.555933 0.547693 0.5383 0.527803 0.516257 0.503723 0.490268 0.475965 0.460891 0.445127 0.428759 0.411878 0.394573 0.37694 0.359071 0.341063 0.323008 0.304999 0.287125 0.269473 0.252124 0.235156 0.218639 0.202638 0.187214 0.172416 0.158291 0.144876 0.132202 0.120293 0.109167 0.0988365 0.0893076 0.0805826 0.0726596 0.0655332 0.059196 0.0536386 0.0488505 0.0448213 0.0415407 0.0389997 0.0371906 0.0361074 
0.0374935 0.0378701 0.0390013 0.0408905 0.0435437 0.0469686 0.0511743 0.0561711 0.0619695 0.0685797 0.0760108 0.0842701 0.0933624 0.103289 0.114046 0.125627 0.138018 0.1512 0.165146 0.179824 0.195193 0.211206 0.227808 0.244939 0.262529 0.280504 0.298784 0.317284 0.335915 0.354584 0.373195 0.391652 0.409858 0.427715 0.445127 0.462 0.478244 0.493771 0.508497 0.522344 0.535238 0.547112 0.557904 0.567558 0.576024 0.583261 0.589231 0.593905 0.597261 0.59928 0.599955 0.59928 0.597261 0.593905 0.589231 0.583261 0.576024 0.567558 0.557904 0.547112 0.535238 0.522344 0.508497 0.493771 0.478244 0.462 0.445127 0.427715 0.409858 0.391652 0.373195 0.354584 0.335915 0.317284 0.298784 0.280504 0.262529 0.244939 0.227808 0.211206 0.195193 0.179824 0.165146 0.1512 0.138018 0.125627 0.114046 0.103289 0.0933624 0.0842701 0.0760108 0.0685797 0.0619695 0.0561711 0.0511743 0.0469686 0.0435437 0.0408905 0.0390013 0.0378701 
0.0392014 0.0395936 0.0407714 0.0427384 0.0455006 0.0490657 0.0534429 0.0586425 0.0646747 0.0715498 0.0792765 0.0878619 0.09731 0.107621 0.118792 0.130813 0.143671 0.157342 0.171801 0.187012 0.202932 0.219511 0.236693 0.254413 0.2726 0.291176 0.310058 0.329158 0.348383 0.367638 0.386824 0.405843 0.424593 0.442975 0.460891 0.478244 0.494943 0.510898 0.526024 0.540241 0.553475 0.565657 0.576726 0.586624 0.595303 0.60272 0.608837 0.613626 0.617063 0.619132 0.619823 0.619132 0.617063 0.613626 0.608837 0.60272 0.595303 0.586624 0.576726 0.565657 0.553475 0.540241 0.526024 0.510898 0.494943 0.478244 0.460891 0.442975 0.424593 0.405843 0.386824 0.367638 0.348383 0.329158 0.310058 0.291176 0.2726 0.254413 0.236693 0.219511 0.202932 0.187012 0.171801 0.157342 0.143671 0.130813 0.118792 0.107621 0.09731 0.0878619 0.0792765 0.0715498 0.0646747 0.0586425 0.0534429 0.0490657 0.0455006 0.0427384 0.0407714 0.0395936 
0.0408583 0.0412655 0.0424883 0.0445304 0.0473978 0.0510981 0.0556406 0.0610355 0.0672931 0.0744233 0.0824347 0.0913338 0.101124 0.111806 0.123373 0.135818 0.149122 0.163264 0.178214 0.193934 0.210382 0.227503 0.245238 0.263521 0.282277 0.301425 0.32088 0.34055 0.36034 0.380151 0.399882 0.419431 0.438696 0.457574 0.475965 0.493771 0.510898 0.527255 0.542755 0.557319 0.570871 0.583342 0.59467 0.604797 0.613674 0.621258 0.627513 0.632408 0.635922 0.638036 0.638742 0.638036 0.635922 0.632408 0.627513 0.621258 0.613674 0.604797 0.59467 0.583342 0.570871 0.557319 0.542755 0.527255 0.510898 0.493771 0.475965 0.457574 0.438696 0.419431 0.399882 0.380151 0.36034 0.34055 0.32088 0.301425 0.282277 0.263521 0.245238 0.227503 0.210382 0.193934 0.178214 0.163264 0.149122 0.135818 0.123373 0.111806 0.101124 0.0913338 0.0824347 0.0744233 0.0672931 0.0610355 0.0556406 0.0510981 0.0473978 0.0445304 0.0424883 0.0412655 
0.0424521 0.0428736 0.0441395 0.0462535 0.0492214 0.0530511 0.0577517 0.0633334 0.0698063 0.0771802 0.0854635 0.094662 0.104779 0.115813 0.12776 0.140606 0.154337 0.168926 0.184343 0.200548 0.217496 0.235131 0.253391 0.272206 0.2915 0.31119 0.331186 0.351394 0.371716 0.39205 0.412294 0.432342 0.45209 0.471433 0.490268 0.508497 0.526024 0.542755 0.558605 0.573492 0.58734 0.600079 0.611646 0.621985 0.631045 0.638785 0.645166 0.65016 0.653744 0.6559 0.65662 0.6559 0.653744 0.65016 0.645166 0.638785 0.631045 0.621985 0.611646 0.600079 0.58734 0.573492 0.558605 0.542755 0.526024 0.508497 0.490268 0.471433 0.45209 0.432342 0.412294 0.39205 0.371716 0.351394 0.331186 0.31119 0.2915 0.272206 0.253391 0.235131 0.217496 0.200548 0.184343 0.168926 0.154337 0.140606 0.12776 0.115813 0.104779 0.094662 0.0854635 0.0771802 0.0698063 0.0633334 0.0577517 0.0530511 0.0492214 0.0462535 0.0441395 0.0428736 
0.0439707 0.0444059 0.0457127 0.0478947 0.050958 0.0549103 0.0597607 0.0655193 0.0721962 0.0798009 0.0883414 0.0978233 0.108249 0.119617 0.131921 0.145148 0.15928 0.174291 0.190148 0.20681 0.224229 0.242347 0.2611 0.280416 0.300215 0.320411 0.340914 0.361625 0.382444 0.403268 0.42399 0.444503 0.4647 0.484474 0.503723 0.522344 0.540241 0.557319 0.573492 0.588677 0.602797 0.615783 0.627571 0.638104 0.647333 0.655215 0.661712 0.666797 0.670445 0.67264 0.673373 0.67264 0.670445 0.666797 0.661712 0.655215 0.647333 0.638104 0.627571 0.615783 0.602797 0.588677 0.573492 0.557319 0.540241 0.522344 0.503723 0.484474 0.4647 0.444503 0.42399 0.403268 0.382444 0.361625 0.340914 0.320411 0.300215 0.280416 0.2611 0.242347 0.224229 0.20681 0.190148 0.174291 0.15928 0.145148 0.131921 0.119617 0.108249 0.0978233 0.0883414 0.0798009 0.0721962 0.0655193 0.0597607 0.0549103 0.050958 0.0478947 0.0457127 0.0444059 
0.0454026 0.0458505 0.0471957 0.0494416 0.0525944 0.0566616 0.0616526 0.0675771 0.0744453 0.0822663 0.0910478 0.100795 0.11151 0.12319 0.135828 0.149411 0.163918 0.179323 0.195591 0.212679 0.230536 0.249104 0.268316 0.288097 0.308366 0.329033 0.350005 0.371183 0.392463 0.413739 0.434902 0.455844 0.476456 0.496628 0.516257 0.535238 0.553475 0.570871 0.58734 0.602797 0.617166 0.630377 0.642366 0.653077 0.66246 0.67047 0.677074 0.68224 0.685946 0.688177 0.688921 0.688177 0.685946 0.68224 0.677074 0.67047 0.66246 0.653077 0.642366 0.630377 0.617166 0.602797 0.58734 0.570871 0.553475 0.535238 0.516257 0.496628 0.476456 0.455844 0.434902 0.413739 0.392463 0.371183 0.350005 0.329033 0.308366 0.288097 0.268316 0.249104 0.230536 0.212679 0.195591 0.179323 0.163918 0.149411 0.135828 0.12319 0.11151 0.100795 0.0910478 0.0822663 0.0744453 0.0675771 0.0616526 0.0566616 0.0525944 0.0494416 0.0471957 0.0458505 
