5.95805e-05 6.15629e-05 6.75897e-05 7.79012e-05 9.28993e-05 0.00011315 0.000139387 0.000172512 0.0002136 0.000263898 0.000324823 0.000397959 0.000485046 0.00058797 0.000708742 0.000849475 0.00101235 0.00119958 0.00141336 0.00165584 0.00192903 0.00223475 0.0025746 0.00294984 0.00336135 0.00380956 0.00429439 0.00481519 0.00537069 0.00595895 0.00657739 0.00722269 0.00789089 0.00857734 0.00927679 0.00998339 0.0106908 0.0113924 0.012081 0.0127495 0.0133905 0.0139968 0.0145613 0.0150774 0.0155386 0.0159393 0.0162745 0.0165397 0.0167317 0.0168479 0.0168868 0.0168479 0.0167317 0.0165397 0.0162745 0.0159393 0.0155386 0.0150774 0.0145613 0.0139968 0.0133905 0.0127495 0.012081 0.0113924 0.0106908 0.00998339 0.00927679 0.00857734 0.00789089 0.00722269 0.00657739 0.00595895 0.00537069 0.00481519 0.00429439 0.00380956 0.00336135 0.00294984 0.0025746 0.00223475 0.00192903 0.00165584 0.00141336 0.00119958 0.00101235 0.000849475 0.000708742 0.00058797 0.000485046 0.000397959 0.000324823 0.000263898 0.0002136 0.000172512 0.000139387 0.00011315 9.28993e-05 7.79012e-05 6.75897e-05 6.15629e-05 
6.15629e-05 6.36072e-05 6.98221e-05 8.04545e-05 9.59175e-05 0.000116793 0.000143833 0.000177966 0.000220295 0.000272098 0.000334832 0.000410119 0.000499745 0.000605641 0.000729868 0.000874586 0.00104203 0.00123446 0.00145412 0.0017032 0.00198375 0.00229764 0.00264646 0.00303152 0.00345369 0.0039134 0.00441055 0.00494445 0.00551379 0.00611659 0.00675015 0.0074111 0.00809536 0.00879818 0.00951416 0.0102373 0.0109612 0.011679 0.0123834 0.0130671 0.0137227 0.0143426 0.0149198 0.0154474 0.0159189 0.0163285 0.0166711 0.0169422 0.0171384 0.0172572 0.0172969 0.0172572 0.0171384 0.0169422 0.0166711 0.0163285 0.0159189 0.0154474 0.0149198 0.0143426 0.0137227 0.0130671 0.0123834 0.011679 0.0109612 0.0102373 0.00951416 0.00879818 0.00809536 0.0074111 0.00675015 0.00611659 0.00551379 0.00494445 0.00441055 0.0039134 0.00345369 0.00303152 0.00264646 0.00229764 0.00198375 0.0017032 0.00145412 0.00123446 0.00104203 0.000874586 0.000729868 0.000605641 0.000499745 0.000410119 0.000334832 0.000272098 0.000220295 0.000177966 0.000143833 0.000116793 9.59175e-05 8.04545e-05 6.98221e-05 6.36072e-05 
6.75897e-05 6.98221e-05 7.66081e-05 8.82146e-05 0.000105088 0.000127858 0.000157338 0.000194528 0.00024062 0.000296992 0.000365209 0.00044702 0.000544341 0.000659244 0.000793937 0.000950732 0.00113201 0.00134019 0.00157765 0.00184671 0.00214955 0.00248812 0.00286411 0.00327886 0.00373326 0.00422773 0.0047621 0.0053356 0.00594677 0.00659344 0.00727269 0.00798089 0.00871364 0.00946584 0.0102317 0.0110049 0.0117785 0.0125451 0.0132972 0.0140269 0.0147263 0.0153874 0.0160028 0.0165651 0.0170675 0.0175039 0.0178688 0.0181575 0.0183665 0.0184929 0.0185352 0.0184929 0.0183665 0.0181575 0.0178688 0.0175039 0.0170675 0.0165651 0.0160028 0.0153874 0.0147263 0.0140269 0.0132972 0.0125451 0.0117785 0.0110049 0.0102317 0.00946584 0.00871364 0.00798089 0.00727269 0.00659344 0.00594677 0.0053356 0.0047621 0.00422773 0.00373326 0.00327886 0.00286411 0.00248812 0.00214955 0.00184671 0.00157765 0.00134019 0.00113201 0.000950732 0.000793937 0.000659244 0.000544341 0.00044702 0.000365209 0.000296992 0.00024062 0.000194528 0.000157338 0.000127858 0.000105088 8.82146e-05 7.66081e-05 6.98221e-05 
7.79012e-05 8.04545e-05 8.82146e-05 0.000101483 0.000120763 0.000146763 0.000180401 0.000222802 0.000275303 0.000339453 0.000417007 0.000509918 0.000620327 0.000750546 0.000903027 0.00108034 0.00128511 0.00152002 0.00178768 0.00209064 0.00243125 0.00281166 0.00323367 0.00369868 0.00420764 0.00476091 0.00535824 0.00599867 0.00668052 0.0074013 0.00815771 0.00894565 0.00976021 0.0105957 0.0114457 0.0123032 0.0131605 0.0140095 0.0148419 0.0156489 0.016422 0.0171525 0.0178321 0.0184529 0.0190073 0.0194887 0.0198911 0.0202094 0.0204398 0.0205792 0.0206258 0.0205792 0.0204398 0.0202094 0.0198911 0.0194887 0.0190073 0.0184529 0.0178321 0.0171525 0.016422 0.0156489 0.0148419 0.0140095 0.0131605 0.0123032 0.0114457 0.0105957 0.00976021 0.00894565 0.00815771 0.0074013 0.00668052 0.00599867 0.00535824 0.00476091 0.00420764 0.00369868 0.00323367 0.00281166 0.00243125 0.00209064 0.00178768 0.00152002 0.00128511 0.00108034 0.000903027 0.000750546 0.000620327 0.000509918 0.000417007 0.000339453 0.000275303 0.000222802 0.000180401 0.000146763 0.000120763 0.000101483 8.82146e-05 8.04545e-05 
9.28993e-05 9.59175e-05 0.000105088 0.000120763 0.000143526 0.000174202 0.000213855 0.000263791 0.000325557 0.000400944 0.000491977 0.000600906 0.000730193 0.000882486 0.00106059 0.00126744 0.00150602 0.00177936 0.00209042 0.00244205 0.00283689 0.0032773 0.00376527 0.00430231 0.00488938 0.00552679 0.00621414 0.00695024 0.00773304 0.00855961 0.0094261 0.0103278 0.0112589 0.0122131 0.0131828 0.0141602 0.0151366 0.0161028 0.0170492 0.0179662 0.018844 0.019673 0.0204437 0.0211474 0.0217755 0.0223207 0.0227763 0.0231367 0.0233974 0.0235551 0.0236079 0.0235551 0.0233974 0.0231367 0.0227763 0.0223207 0.0217755 0.0211474 0.0204437 0.019673 0.018844 0.0179662 0.0170492 0.0161028 0.0151366 0.0141602 0.0131828 0.0122131 0.0112589 0.0103278 0.0094261 0.00855961 0.00773304 0.00695024 0.00621414 0.00552679 0.00488938 0.00430231 0.00376527 0.0032773 0.00283689 0.00244205 0.00209042 0.00177936 0.00150602 0.00126744 0.00106059 0.000882486 0.000730193 0.000600906 0.000491977 0.000400944 0.000325557 0.000263791 0.000213855 0.000174202 0.000143526 0.000120763 0.000105088 9.59175e-05 
0.00011315 0.000116793 0.000127858 0.000146763 0.000174202 0.000211152 0.000258871 0.000318905 0.000393081 0.00048351 0.000592573 0.000722913 0.000877414 0.00105917 0.00127145 0.00151766 0.00180126 0.00212573 0.00249449 0.00291078 0.0033776 0.0038976 0.00447298 0.00510539 0.00579581 0.00654447 0.00735076 0.00821315 0.00912912 0.0100951 0.0111066 0.012158 0.0132425 0.0143526 0.0154797 0.0166146 0.0177471 0.0188669 0.0199628 0.0210239 0.0220388 0.0229966 0.0238865 0.0246985 0.0254231 0.0260517 0.0265768 0.0269921 0.0272924 0.027474 0.0275349 0.027474 0.0272924 0.0269921 0.0265768 0.0260517 0.0254231 0.0246985 0.0238865 0.0229966 0.0220388 0.0210239 0.0199628 0.0188669 0.0177471 0.0166146 0.0154797 0.0143526 0.0132425 0.012158 0.0111066 0.0100951 0.00912912 0.00821315 0.00735076 0.00654447 0.00579581 0.00510539 0.00447298 0.0038976 0.0033776 0.00291078 0.00249449 0.00212573 0.00180126 0.00151766 0.00127145 0.00105917 0.000877414 0.000722913 0.000592573 0.00048351 0.000393081 0.000318905 0.000258871 0.000211152 0.000174202 0.000146763 0.000127858 0.000116793 
0.000139387 0.000143833 0.000157338 0.000180401 0.000213855 0.000258871 0.000316957 0.000389959 0.000480061 0.000589777 0.000721942 0.000879692 0.00106644 0.00128585 0.00154176 0.00183817 0.00217914 0.00256872 0.00301087 0.00350932 0.00406752 0.00468846 0.00537461 0.00612775 0.00694888 0.00783811 0.00879454 0.00981619 0.0109 0.0120415 0.0132354 0.0144748 0.0157519 0.0170577 0.0183821 0.0197141 0.0210422 0.0223541 0.0236369 0.0248778 0.0260639 0.0271825 0.0282211 0.0291682 0.030013 0.0307455 0.0313571 0.0318407 0.0321903 0.0324018 0.0324726 0.0324018 0.0321903 0.0318407 0.0313571 0.0307455 0.030013 0.0291682 0.0282211 0.0271825 0.0260639 0.0248778 0.0236369 0.0223541 0.0210422 0.0197141 0.0183821 0.0170577 0.0157519 0.0144748 0.0132354 0.0120415 0.0109 0.00981619 0.00879454 0.00783811 0.00694888 0.00612775 0.00537461 0.00468846 0.00406752 0.00350932 0.00301087 0.00256872 0.00217914 0.00183817 0.00154176 0.00128585 0.00106644 0.000879692 0.000721942 0.000589777 0.000480061 0.000389959 0.000316957 0.000258871 0.000213855 0.000180401 0.000157338 0.000143833 
0.000172512 0.000177966 0.000194528 0.000222802 0.000263791 0.000318905 0.000389959 0.000479173 0.000589167 0.000722953 0.00088392 0.00107581 0.00130269 0.00156889 0.00187899 0.00223767 0.00264973 0.0031199 0.00365278 0.00425272 0.00492365 0.005669 0.00649151 0.00739311 0.0083748 0.0094365 0.0105769 0.0117936 0.0130826 0.0144387 0.0158552 0.0173239 0.0188356 0.0203795 0.0219437 0.0235153 0.0250807 0.0266255 0.0281348 0.0295936 0.0309868 0.0322997 0.0335181 0.0346284 0.0356182 0.0364761 0.0371922 0.0377581 0.0381672 0.0384146 0.0384974 0.0384146 0.0381672 0.0377581 0.0371922 0.0364761 0.0356182 0.0346284 0.0335181 0.0322997 0.0309868 0.0295936 0.0281348 0.0266255 0.0250807 0.0235153 0.0219437 0.0203795 0.0188356 0.0173239 0.0158552 0.0144387 0.0130826 0.0117936 0.0105769 0.0094365 0.0083748 0.00739311 0.00649151 0.005669 0.00492365 0.00425272 0.00365278 0.0031199 0.00264973 0.00223767 0.00187899 0.00156889 0.00130269 0.00107581 0.00088392 0.000722953 0.000589167 0.000479173 0.000389959 0.000318905 0.000263791 0.000222802 0.000194528 0.000177966 
0.0002136 0.000220295 0.00024062 0.000275303 0.000325557 0.000393081 0.000480061 0.000589167 0.000723546 0.00088681 0.00108301 0.00131663 0.0015925 0.00191577 0.00229185 0.0027263 0.00322474 0.00379272 0.0044356 0.0051584 0.00596567 0.00686127 0.00784827 0.00892875 0.0101037 0.0113727 0.012734 0.0141845 0.0157193 0.017332 0.0190144 0.0207569 0.0225482 0.0243756 0.0262251 0.0280815 0.0299287 0.0317498 0.0335274 0.0352441 0.0368824 0.0384252 0.0398559 0.0411589 0.0423199 0.0433257 0.0441649 0.044828 0.0453072 0.045597 0.0456939 0.045597 0.0453072 0.044828 0.0441649 0.0433257 0.0423199 0.0411589 0.0398559 0.0384252 0.0368824 0.0352441 0.0335274 0.0317498 0.0299287 0.0280815 0.0262251 0.0243756 0.0225482 0.0207569 0.0190144 0.017332 0.0157193 0.0141845 0.012734 0.0113727 0.0101037 0.00892875 0.00784827 0.00686127 0.00596567 0.0051584 0.0044356 0.00379272 0.00322474 0.0027263 0.00229185 0.00191577 0.0015925 0.00131663 0.00108301 0.00088681 0.000723546 0.000589167 0.000480061 0.000393081 0.000325557 0.000275303 0.00024062 0.000220295 
0.000263898 0.000272098 0.000296992 0.000339453 0.000400944 0.00048351 0.000589777 0.000722953 0.00088681 0.00108567 0.00132438 0.00160827 0.00194309 0.00233496 0.00279026 0.00331555 0.00391743 0.00460237 0.00537662 0.00624599 0.00721565 0.00829 0.00947242 0.0107651 0.012169 0.0136833 0.0153057 0.0170321 0.0188566 0.0207713 0.0227664 0.0248303 0.0269495 0.0291091 0.0312923 0.0334815 0.0356575 0.0378008 0.0398911 0.041908 0.0438313 0.0456411 0.0473183 0.048845 0.0502044 0.0513817 0.0523636 0.0531392 0.0536995 0.0540383 0.0541517 0.0540383 0.0536995 0.0531392 0.0523636 0.0513817 0.0502044 0.048845 0.0473183 0.0456411 0.0438313 0.041908 0.0398911 0.0378008 0.0356575 0.0334815 0.0312923 0.0291091 0.0269495 0.0248303 0.0227664 0.0207713 0.0188566 0.0170321 0.0153057 0.0136833 0.012169 0.0107651 0.00947242 0.00829 0.00721565 0.00624599 0.00537662 0.00460237 0.00391743 0.00331555 0.00279026 0.00233496 0.00194309 0.00160827 0.00132438 0.00108567 0.00088681 0.000722953 0.000589777 0.00048351 0.000400944 0.000339453 0.000296992 0.000272098 
0.000324823 0.000334832 0.000365209 0.000417007 0.000491977 0.000592573 0.000721942 0.00088392 0.00108301 0.00132438 0.00161379 0.00195756 0.00236252 0.0028359 0.00338521 0.00401815 0.00474243 0.00556561 0.00649491 0.00753699 0.00869777 0.00998217 0.0113939 0.0129353 0.014607 0.0164079 0.018335 0.0203829 0.0225444 0.02481 0.0271679 0.0296042 0.0321029 0.0346463 0.0372147 0.0397874 0.0423422 0.044856 0.0473055 0.0496669 0.0519169 0.0540326 0.055992 0.0577744 0.0593607 0.0607338 0.0618787 0.0627826 0.0634355 0.0638302 0.0639623 0.0638302 0.0634355 0.0627826 0.0618787 0.0607338 0.0593607 0.0577744 0.055992 0.0540326 0.0519169 0.0496669 0.0473055 0.044856 0.0423422 0.0397874 0.0372147 0.0346463 0.0321029 0.0296042 0.0271679 0.02481 0.0225444 0.0203829 0.018335 0.0164079 0.014607 0.0129353 0.0113939 0.00998217 0.00869777 0.00753699 0.00649491 0.00556561 0.00474243 0.00401815 0.00338521 0.0028359 0.00236252 0.00195756 0.00161379 0.00132438 0.00108301 0.00088392 0.000721942 0.000592573 0.000491977 0.000417007 0.000365209 0.000334832 
0.000397959 0.000410119 0.00044702 0.000509918 0.000600906 0.000722913 0.000879692 0.00107581 0.00131663 0.00160827 0.00195756 0.00237199 0.00285959 0.00342887 0.00408864 0.0048479 0.0057156 0.00670052 0.00781095 0.00905451 0.0104379 0.0119666 0.0136447 0.0154744 0.0174563 0.0195885 0.0218671 0.0242856 0.026835 0.0295037 0.0322778 0.0351407 0.0380735 0.0410554 0.0440633 0.047073 0.0500586 0.0529935 0.0558507 0.0586028 0.0612228 0.0636846 0.065963 0.0680343 0.0698768 0.0714708 0.0727993 0.0738478 0.0746051 0.0750628 0.0752159 0.0750628 0.0746051 0.0738478 0.0727993 0.0714708 0.0698768 0.0680343 0.065963 0.0636846 0.0612228 0.0586028 0.0558507 0.0529935 0.0500586 0.047073 0.0440633 0.0410554 0.0380735 0.0351407 0.0322778 0.0295037 0.026835 0.0242856 0.0218671 0.0195885 0.0174563 0.0154744 0.0136447 0.0119666 0.0104379 0.00905451 0.00781095 0.00670052 0.0057156 0.0048479 0.00408864 0.00342887 0.00285959 0.00237199 0.00195756 0.00160827 0.00131663 0.00107581 0.000879692 0.000722913 0.000600906 0.000509918 0.00044702 0.000410119 
0.000485046 0.000499745 0.000544341 0.000620327 0.000730193 0.000877414 0.00106644 0.00130269 0.0015925 0.00194309 0.00236252 0.00285959 0.00344373 0.00412487 0.00491331 0.00581948 0.00685376 0.00802622 0.00934636 0.0108229 0.0124632 0.0142734 0.0162579 0.0184189 0.0207564 0.023268 0.0259485 0.0287899 0.0317813 0.0349087 0.0381556 0.0415023 0.0449267 0.0484043 0.0519084 0.0554107 0.0588814 0.0622899 0.0656048 0.068795 0.0718297 0.0746788 0.0773139 0.0797079 0.0818362 0.0836767 0.0852099 0.0864197 0.0872931 0.087821 0.0879975 0.087821 0.0872931 0.0864197 0.0852099 0.0836767 0.0818362 0.0797079 0.0773139 0.0746788 0.0718297 0.068795 0.0656048 0.0622899 0.0588814 0.0554107 0.0519084 0.0484043 0.0449267 0.0415023 0.0381556 0.0349087 0.0317813 0.0287899 0.0259485 0.023268 0.0207564 0.0184189 0.0162579 0.0142734 0.0124632 0.0108229 0.00934636 0.00802622 0.00685376 0.00581948 0.00491331 0.00412487 0.00344373 0.00285959 0.00236252 0.00194309 0.0015925 0.00130269 0.00106644 0.000877414 0.000730193 0.000620327 0.000544341 0.000499745 
0.00058797 0.000605641 0.000659244 0.000750546 0.000882486 0.00105917 0.00128585 0.00156889 0.00191577 0.00233496 0.0028359 0.00342887 0.00412487 0.00493547 0.00587257 0.00694824 0.00817439 0.00956255 0.0111235 0.012867 0.0148015 0.0169334 0.0192674 0.0218056 0.0245476 0.0274898 0.0306257 0.0339455 0.0374359 0.0410805 0.0448595 0.0487498 0.0527257 0.0567585 0.0608175 0.0648699 0.0688814 0.072817 0.0766409 0.0803176 0.083812 0.0870903 0.09012 0.0928708 0.0953149 0.0974273 0.0991864 0.100574 0.101575 0.102181 0.102383 0.102181 0.101575 0.100574 0.0991864 0.0974273 0.0953149 0.0928708 0.09012 0.0870903 0.083812 0.0803176 0.0766409 0.072817 0.0688814 0.0648699 0.0608175 0.0567585 0.0527257 0.0487498 0.0448595 0.0410805 0.0374359 0.0339455 0.0306257 0.0274898 0.0245476 0.0218056 0.0192674 0.0169334 0.0148015 0.012867 0.0111235 0.00956255 0.00817439 0.00694824 0.00587257 0.00493547 0.00412487 0.00342887 0.0028359 0.00233496 0.00191577 0.00156889 0.00128585 0.00105917 0.000882486 0.000750546 0.000659244 0.000605641 
0.000708742 0.000729868 0.000793937 0.000903027 0.00106059 0.00127145 0.00154176 0.00187899 0.00229185 0.00279026 0.00338521 0.00408864 0.00491331 0.00587257 0.00698015 0.00824987 0.00969536 0.0113297 0.013165 0.0152123 0.0174807 0.0199773 0.0227069 0.0256712 0.0288692 0.0322962 0.0359438 0.0398002 0.0438495 0.0480721 0.0524448 0.0569406 0.0615297 0.0661788 0.0708526 0.0755136 0.0801225 0.0846395 0.0890239 0.0932357 0.0972351 0.100984 0.104446 0.107588 0.110377 0.112787 0.114792 0.116374 0.117515 0.118205 0.118435 0.118205 0.117515 0.116374 0.114792 0.112787 0.110377 0.107588 0.104446 0.100984 0.0972351 0.0932357 0.0890239 0.0846395 0.0801225 0.0755136 0.0708526 0.0661788 0.0615297 0.0569406 0.0524448 0.0480721 0.0438495 0.0398002 0.0359438 0.0322962 0.0288692 0.0256712 0.0227069 0.0199773 0.0174807 0.0152123 0.013165 0.0113297 0.00969536 0.00824987 0.00698015 0.00587257 0.00491331 0.00408864 0.00338521 0.00279026 0.00229185 0.00187899 0.00154176 0.00127145 0.00106059 0.000903027 0.000793937 0.000729868 
0.000849475 0.000874586 0.000950732 0.00108034 0.00126744 0.00151766 0.00183817 0.00223767 0.0027263 0.00331555 0.00401815 0.0048479 0.00581948 0.00694824 0.00824987 0.00974014 0.0114345 0.0133477 0.0154933 0.0178835 0.0205282 0.0234351 0.0266088 0.0300509 0.0337591 0.0377274 0.0419455 0.0463989 0.0510689 0.0559322 0.0609618 0.0661264 0.0713914 0.0767188 0.082068 0.0873963 0.0926593 0.0978117 0.102808 0.107603 0.112152 0.116412 0.120344 0.123908 0.127072 0.129803 0.132076 0.133867 0.135159 0.135939 0.1362 0.135939 0.135159 0.133867 0.132076 0.129803 0.127072 0.123908 0.120344 0.116412 0.112152 0.107603 0.102808 0.0978117 0.0926593 0.0873963 0.082068 0.0767188 0.0713914 0.0661264 0.0609618 0.0559322 0.0510689 0.0463989 0.0419455 0.0377274 0.0337591 0.0300509 0.0266088 0.0234351 0.0205282 0.0178835 0.0154933 0.0133477 0.0114345 0.00974014 0.00824987 0.00694824 0.00581948 0.0048479 0.00401815 0.00331555 0.0027263 0.00223767 0.00183817 0.00151766 0.00126744 0.00108034 0.000950732 0.000874586 
0.00101235 0.00104203 0.00113201 0.00128511 0.00150602 0.00180126 0.00217914 0.00264973 0.00322474 0.00391743 0.00474243 0.0057156 0.00685376 0.00817439 0.00969536 0.0114345 0.0134092 0.015636 0.01813 0.0209044 0.0239701 0.0273351 0.0310039 0.0349774 0.0392521 0.0438203 0.0486694 0.0537819 0.0591357 0.0647037 0.0704542 0.0763514 0.0823553 0.0884228 0.0945076 0.100561 0.106534 0.112375 0.118033 0.123457 0.128598 0.13341 0.137846 0.141865 0.14543 0.148506 0.151064 0.15308 0.154533 0.155411 0.155705 0.155411 0.154533 0.15308 0.151064 0.148506 0.14543 0.141865 0.137846 0.13341 0.128598 0.123457 0.118033 0.112375 0.106534 0.100561 0.0945076 0.0884228 0.0823553 0.0763514 0.0704542 0.0647037 0.0591357 0.0537819 0.0486694 0.0438203 0.0392521 0.0349774 0.0310039 0.0273351 0.0239701 0.0209044 0.01813 0.015636 0.0134092 0.0114345 0.00969536 0.00817439 0.00685376 0.0057156 0.00474243 0.00391743 0.00322474 0.00264973 0.00217914 0.00180126 0.00150602 0.00128511 0.00113201 0.00104203 
0.00119958 0.00123446 0.00134019 0.00152002 0.00177936 0.00212573 0.00256872 0.0031199 0.00379272 0.00460237 0.00556561 0.00670052 0.00802622 0.00956255 0.0113297 0.0133477 0.015636 0.018213 0.0210952 0.0242972 0.0278304 0.0317032 0.0359197 0.04048 0.0453791 0.0506071 0.0561487 0.0619833 0.0680846 0.0744212 0.0809567 0.0876498 0.0944551 0.101323 0.108203 0.115039 0.121775 0.128355 0.134722 0.14082 0.146594 0.151993 0.156967 0.16147 0.165461 0.168903 0.171764 0.174018 0.175642 0.176623 0.176951 0.176623 0.175642 0.174018 0.171764 0.168903 0.165461 0.16147 0.156967 0.151993 0.146594 0.14082 0.134722 0.128355 0.121775 0.115039 0.108203 0.101323 0.0944551 0.0876498 0.0809567 0.0744212 0.0680846 0.0619833 0.0561487 0.0506071 0.0453791 0.04048 0.0359197 0.0317032 0.0278304 0.0242972 0.0210952 0.018213 0.015636 0.0133477 0.0113297 0.00956255 0.00802622 0.00670052 0.00556561 0.00460237 0.00379272 0.0031199 0.00256872 0.00212573 0.00177936 0.00152002 0.00134019 0.00123446 
0.00141336 0.00145412 0.00157765 0.00178768 0.00209042 0.00249449 0.00301087 0.00365278 0.0044356 0.00537662 0.00649491 0.00781095 0.00934636 0.0111235 0.013165 0.0154933 0.01813 0.0210952 0.0244072 0.0280815 0.0321303 0.0365619 0.04138 0.0465834 0.0521655 0.0581139 0.06441 0.0710294 0.0779416 0.0851104 0.0924937 0.100045 0.107712 0.11544 0.12317 0.130841 0.138392 0.145759 0.15288 0.159692 0.166136 0.172156 0.177697 0.182711 0.187151 0.190978 0.194157 0.19666 0.198464 0.199553 0.199917 0.199553 0.198464 0.19666 0.194157 0.190978 0.187151 0.182711 0.177697 0.172156 0.166136 0.159692 0.15288 0.145759 0.138392 0.130841 0.12317 0.11544 0.107712 0.100045 0.0924937 0.0851104 0.0779416 0.0710294 0.06441 0.0581139 0.0521655 0.0465834 0.04138 0.0365619 0.0321303 0.0280815 0.0244072 0.0210952 0.01813 0.0154933 0.013165 0.0111235 0.00934636 0.00781095 0.00649491 0.00537662 0.0044356 0.00365278 0.00301087 0.00249449 0.00209042 0.00178768 0.00157765 0.00145412 
0.00165584 0.0017032 0.00184671 0.00209064 0.00244205 0.00291078 0.00350932 0.00425272 0.0051584 0.00624599 0.00753699 0.00905451 0.0108229 0.012867 0.0152123 0.0178835 0.0209044 0.0242972 0.0280815 0.032274 0.0368872 0.0419293 0.0474035 0.0533068 0.0596306 0.0663595 0.0734714 0.0809376 0.0887228 0.0967853 0.105077 0.113545 0.122132 0.130775 0.139409 0.147966 0.156378 0.164575 0.172489 0.180053 0.1872 0.19387 0.200005 0.20555 0.210458 0.214686 0.218196 0.220958 0.222949 0.22415 0.224552 0.22415 0.222949 0.220958 0.218196 0.214686 0.210458 0.20555 0.200005 0.19387 0.1872 0.180053 0.172489 0.164575 0.156378 0.147966 0.139409 0.130775 0.122132 0.113545 0.105077 0.0967853 0.0887228 0.0809376 0.0734714 0.0663595 0.0596306 0.0533068 0.0474035 0.0419293 0.0368872 0.032274 0.0280815 0.0242972 0.0209044 0.0178835 0.0152123 0.012867 0.0108229 0.00905451 0.00753699 0.00624599 0.0051584 0.00425272 0.00350932 0.00291078 0.00244205 0.00209064 0.00184671 0.0017032 
0.00192903 0.00198375 0.00214955 0.00243125 0.00283689 0.0033776 0.00406752 0.00492365 0.00596567 0.00721565 0.00869777 0.0104379 0.0124632 0.0148015 0.0174807 0.0205282 0.0239701 0.0278304 0.0321303 0.0368872 0.042114 0.0478187 0.0540031 0.0606626 0.067786 0.0753544 0.0833419 0.0917149 0.100433 0.109448 0.118706 0.128147 0.137707 0.147316 0.156901 0.166389 0.175704 0.18477 0.193512 0.201858 0.209736 0.21708 0.223829 0.229925 0.235316 0.239957 0.243808 0.246837 0.249019 0.250336 0.250776 0.250336 0.249019 0.246837 0.243808 0.239957 0.235316 0.229925 0.223829 0.21708 0.209736 0.201858 0.193512 0.18477 0.175704 0.166389 0.156901 0.147316 0.137707 0.128147 0.118706 0.109448 0.100433 0.0917149 0.0833419 0.0753544 0.067786 0.0606626 0.0540031 0.0478187 0.042114 0.0368872 0.0321303 0.0278304 0.0239701 0.0205282 0.0174807 0.0148015 0.0124632 0.0104379 0.00869777 0.00721565 0.00596567 0.00492365 0.00406752 0.0033776 0.00283689 0.00243125 0.00214955 0.00198375 
0.00223475 0.00229764 0.00248812 0.00281166 0.0032773 0.0038976 0.00468846 0.005669 0.00686127 0.00829 0.00998217 0.0119666 0.0142734 0.0169334 0.0199773 0.0234351 0.0273351 0.0317032 0.0365619 0.0419293 0.0478187 0.0542371 0.061185 0.0686557 0.0766348 0.0850998 0.09402 0.103357 0.113063 0.123086 0.133363 0.143829 0.15441 0.16503 0.17561 0.186068 0.196321 0.206288 0.215886 0.225039 0.233669 0.241707 0.249086 0.255745 0.261629 0.266692 0.27089 0.274192 0.276569 0.278003 0.278482 0.278003 0.276569 0.274192 0.27089 0.266692 0.261629 0.255745 0.249086 0.241707 0.233669 0.225039 0.215886 0.206288 0.196321 0.186068 0.17561 0.16503 0.15441 0.143829 0.133363 0.123086 0.113063 0.103357 0.09402 0.0850998 0.0766348 0.0686557 0.061185 0.0542371 0.0478187 0.0419293 0.0365619 0.0317032 0.0273351 0.0234351 0.0199773 0.0169334 0.0142734 0.0119666 0.00998217 0.00829 0.00686127 0.005669 0.00468846 0.0038976 0.0032773 0.00281166 0.00248812 0.00229764 
0.0025746 0.00264646 0.00286411 0.00323367 0.00376527 0.00447298 0.00537461 0.00649151 0.00784827 0.00947242 0.0113939 0.0136447 0.0162579 0.0192674 0.0227069 0.0266088 0.0310039 0.0359197 0.04138 0.0474035 0.0540031 0.061185 0.068948 0.0772826 0.0861711 0.0955864 0.105493 0.115846 0.126594 0.137673 0.149018 0.160552 0.172197 0.183868 0.195477 0.206937 0.218157 0.229049 0.239526 0.249503 0.258901 0.267644 0.275662 0.282892 0.289276 0.294764 0.299314 0.302889 0.305462 0.307014 0.307533 0.307014 0.305462 0.302889 0.299314 0.294764 0.289276 0.282892 0.275662 0.267644 0.258901 0.249503 0.239526 0.229049 0.218157 0.206937 0.195477 0.183868 0.172197 0.160552 0.149018 0.137673 0.126594 0.115846 0.105493 0.0955864 0.0861711 0.0772826 0.068948 0.061185 0.0540031 0.0474035 0.04138 0.0359197 0.0310039 0.0266088 0.0227069 0.0192674 0.0162579 0.0136447 0.0113939 0.00947242 0.00784827 0.00649151 0.00537461 0.00447298 0.00376527 0.00323367 0.00286411 0.00264646 
0.00294984 0.00303152 0.00327886 0.00369868 0.00430231 0.00510539 0.00612775 0.00739311 0.00892875 0.0107651 0.0129353 0.0154744 0.0184189 0.0218056 0.0256712 0.0300509 0.0349774 0.04048 0.0465834 0.0533068 0.0606626 0.0686557 0.0772826 0.0865309 0.0963786 0.106794 0.117736 0.129154 0.140988 0.153169 0.165622 0.178264 0.191007 0.20376 0.216427 0.228912 0.24112 0.252954 0.264322 0.275135 0.285308 0.294762 0.303423 0.311225 0.318109 0.324023 0.328922 0.33277 0.335539 0.337208 0.337766 0.337208 0.335539 0.33277 0.328922 0.324023 0.318109 0.311225 0.303423 0.294762 0.285308 0.275135 0.264322 0.252954 0.24112 0.228912 0.216427 0.20376 0.191007 0.178264 0.165622 0.153169 0.140988 0.129154 0.117736 0.106794 0.0963786 0.0865309 0.0772826 0.0686557 0.0606626 0.0533068 0.0465834 0.04048 0.0349774 0.0300509 0.0256712 0.0218056 0.0184189 0.0154744 0.0129353 0.0107651 0.00892875 0.00739311 0.00612775 0.00510539 0.00430231 0.00369868 0.00327886 0.00303152 
0.00336135 0.00345369 0.00373326 0.00420764 0.00488938 0.00579581 0.00694888 0.0083748 0.0101037 0.012169 0.014607 0.0174563 0.0207564 0.0245476 0.0288692 0.0337591 0.0392521 0.0453791 0.0521655 0.0596306 0.067786 0.0766348 0.0861711 0.0963786 0.107231 0.118692 0.130713 0.143237 0.156197 0.169516 0.183111 0.196891 0.21076 0.224618 0.238362 0.251889 0.265095 0.27788 0.290145 0.301796 0.312744 0.322906 0.332207 0.340578 0.347957 0.354291 0.359535 0.363652 0.366613 0.368398 0.368994 0.368398 0.366613 0.363652 0.359535 0.354291 0.347957 0.340578 0.332207 0.322906 0.312744 0.301796 0.290145 0.27788 0.265095 0.251889 0.238362 0.224618 0.21076 0.196891 0.183111 0.169516 0.156197 0.143237 0.130713 0.118692 0.107231 0.0963786 0.0861711 0.0766348 0.067786 0.0596306 0.0521655 0.0453791 0.0392521 0.0337591 0.0288692 0.0245476 0.0207564 0.0174563 0.014607 0.012169 0.0101037 0.0083748 0.00694888 0.00579581 0.00488938 0.00420764 0.00373326 0.00345369 
0.00380956 0.0039134 0.00422773 0.00476091 0.00552679 0.00654447 0.00783811 0.0094365 0.0113727 0.0136833 0.0164079 0.0195885 0.023268 0.0274898 0.0322962 0.0377274 0.0438203 0.0506071 0.0581139 0.0663595 0.0753544 0.0850998 0.0955864 0.106794 0.118692 0.131236 0.144374 0.158039 0.172157 0.186644 0.201407 0.216347 0.23136 0.246337 0.261168 0.275742 0.289951 0.303686 0.316844 0.329327 0.341043 0.351905 0.361835 0.370763 0.378627 0.385371 0.390952 0.39533 0.398478 0.400375 0.401009 0.400375 0.398478 0.39533 0.390952 0.385371 0.378627 0.370763 0.361835 0.351905 0.341043 0.329327 0.316844 0.303686 0.289951 0.275742 0.261168 0.246337 0.23136 0.216347 0.201407 0.186644 0.172157 0.158039 0.144374 0.131236 0.118692 0.106794 0.0955864 0.0850998 0.0753544 0.0663595 0.0581139 0.0506071 0.0438203 0.0377274 0.0322962 0.0274898 0.023268 0.0195885 0.0164079 0.0136833 0.0113727 0.0094365 0.00783811 0.00654447 0.00552679 0.00476091 0.00422773 0.0039134 
0.00429439 0.00441055 0.0047621 0.00535824 0.00621414 0.00735076 0.00879454 0.0105769 0.012734 0.0153057 0.018335 0.0218671 0.0259485 0.0306257 0.0359438 0.0419455 0.0486694 0.0561487 0.06441 0.0734714 0.0833419 0.09402 0.105493 0.117736 0.130713 0.144374 0.158658 0.173492 0.188793 0.204468 0.220415 0.236528 0.252693 0.268795 0.284714 0.300333 0.315537 0.330213 0.344253 0.357554 0.370021 0.381566 0.392109 0.401578 0.40991 0.417051 0.422955 0.427585 0.430912 0.432917 0.433587 0.432917 0.430912 0.427585 0.422955 0.417051 0.40991 0.401578 0.392109 0.381566 0.370021 0.357554 0.344253 0.330213 0.315537 0.300333 0.284714 0.268795 0.252693 0.236528 0.220415 0.204468 0.188793 0.173492 0.158658 0.144374 0.130713 0.117736 0.105493 0.09402 0.0833419 0.0734714 0.06441 0.0561487 0.0486694 0.0419455 0.0359438 0.0306257 0.0259485 0.0218671 0.018335 0.0153057 0.012734 0.0105769 0.00879454 0.00735076 0.00621414 0.00535824 0.0047621 0.00441055 
0.00481519 0.00494445 0.0053356 0.00599867 0.00695024 0.00821315 0.00981619 0.0117936 0.0141845 0.0170321 0.0203829 0.0242856 0.0287899 0.0339455 0.0398002 0.0463989 0.0537819 0.0619833 0.0710294 0.0809376 0.0917149 0.103357 0.115846 0.129154 0.143237 0.158039 0.173492 0.189513 0.206013 0.222888 0.240028 0.257318 0.274635 0.291855 0.308854 0.325506 0.341691 0.357289 0.37219 0.386287 0.399482 0.411686 0.422818 0.432805 0.441585 0.449103 0.455314 0.460183 0.46368 0.465786 0.46649 0.465786 0.46368 0.460183 0.455314 0.449103 0.441585 0.432805 0.422818 0.411686 0.399482 0.386287 0.37219 0.357289 0.341691 0.325506 0.308854 0.291855 0.274635 0.257318 0.240028 0.222888 0.206013 0.189513 0.173492 0.158039 0.143237 0.129154 0.115846 0.103357 0.0917149 0.0809376 0.0710294 0.0619833 0.0537819 0.0463989 0.0398002 0.0339455 0.0287899 0.0242856 0.0203829 0.0170321 0.0141845 0.0117936 0.00981619 0.00821315 0.00695024 0.00599867 0.0053356 0.00494445 
0.00537069 0.00551379 0.00594677 0.00668052 0.00773304 0.00912912 0.0109 0.0130826 0.0157193 0.0188566 0.0225444 0.026835 0.0317813 0.0374359 0.0438495 0.0510689 0.0591357 0.0680846 0.0779416 0.0887228 0.100433 0.113063 0.126594 0.140988 0.156197 0.172157 0.188793 0.206013 0.223717 0.241795 0.260126 0.278587 0.297046 0.315371 0.333432 0.351095 0.368235 0.384729 0.400462 0.415324 0.429217 0.44205 0.453741 0.464218 0.47342 0.481293 0.487792 0.492884 0.496539 0.49874 0.499475 0.49874 0.496539 0.492884 0.487792 0.481293 0.47342 0.464218 0.453741 0.44205 0.429217 0.415324 0.400462 0.384729 0.368235 0.351095 0.333432 0.315371 0.297046 0.278587 0.260126 0.241795 0.223717 0.206013 0.188793 0.172157 0.156197 0.140988 0.126594 0.113063 0.100433 0.0887228 0.0779416 0.0680846 0.0591357 0.0510689 0.0438495 0.0374359 0.0317813 0.026835 0.0225444 0.0188566 0.0157193 0.0130826 0.0109 0.00912912 0.00773304 0.00668052 0.00594677 0.00551379 
0.00595895 0.00611659 0.00659344 0.0074013 0.00855961 0.0100951 0.0120415 0.0144387 0.017332 0.0207713 0.02481 0.0295037 0.0349087 0.0410805 0.0480721 0.0559322 0.0647037 0.0744212 0.0851104 0.0967853 0.109448 0.123086 0.137673 0.153169 0.169516 0.186644 0.204468 0.222888 0.241795 0.261068 0.28058 0.300196 0.319777 0.339185 0.358279 0.376924 0.394987 0.412341 0.428869 0.44446 0.459014 0.472438 0.484654 0.495589 0.505183 0.513383 0.520149 0.525445 0.529246 0.531533 0.532297 0.531533 0.529246 0.525445 0.520149 0.513383 0.505183 0.495589 0.484654 0.472438 0.459014 0.44446 0.428869 0.412341 0.394987 0.376924 0.358279 0.339185 0.319777 0.300196 0.28058 0.261068 0.241795 0.222888 0.204468 0.186644 0.169516 0.153169 0.137673 0.123086 0.109448 0.0967853 0.0851104 0.0744212 0.0647037 0.0559322 0.0480721 0.0410805 0.0349087 0.0295037 0.02481 0.0207713 0.017332 0.0144387 0.0120415 0.0100951 0.00855961 0.0074013 0.00659344 0.00611659 
0.00657739 0.00675015 0.00727269 0.00815771 0.0094261 0.0111066 0.0132354 0.0158552 0.0190144 0.0227664 0.0271679 0.0322778 0.0381556 0.0448595 0.0524448 0.0609618 0.0704542 0.0809567 0.0924937 0.105077 0.118706 0.133363 0.149018 0.165622 0.183111 0.201407 0.220415 0.240028 0.260126 0.28058 0.301252 0.321998 0.342674 0.363131 0.383225 0.402812 0.421757 0.439929 0.457209 0.473485 0.488656 0.502632 0.515332 0.526688 0.53664 0.54514 0.552146 0.557627 0.561558 0.563924 0.564714 0.563924 0.561558 0.557627 0.552146 0.54514 0.53664 0.526688 0.515332 0.502632 0.488656 0.473485 0.457209 0.439929 0.421757 0.402812 0.383225 0.363131 0.342674 0.321998 0.301252 0.28058 0.260126 0.240028 0.220415 0.201407 0.183111 0.165622 0.149018 0.133363 0.118706 0.105077 0.0924937 0.0809567 0.0704542 0.0609618 0.0524448 0.0448595 0.0381556 0.0322778 0.0271679 0.0227664 0.0190144 0.0158552 0.0132354 0.0111066 0.0094261 0.00815771 0.00727269 0.00675015 
0.00722269 0.0074111 0.00798089 0.00894565 0.0103278 0.012158 0.0144748 0.0173239 0.0207569 0.0248303 0.0296042 0.0351407 0.0415023 0.0487498 0.0569406 0.0661264 0.0763514 0.0876498 0.100045 0.113545 0.128147 0.143829 0.160552 0.178264 0.196891 0.216347 0.236528 0.257318 0.278587 0.300196 0.321998 0.343843 0.365576 0.387043 0.408092 0.428576 0.448355 0.467298 0.485281 0.502193 0.517934 0.532414 0.545555 0.557292 0.567566 0.576333 0.583553 0.589197 0.593245 0.595679 0.596491 0.595679 0.593245 0.589197 0.583553 0.576333 0.567566 0.557292 0.545555 0.532414 0.517934 0.502193 0.485281 0.467298 0.448355 0.428576 0.408092 0.387043 0.365576 0.343843 0.321998 0.300196 0.278587 0.257318 0.236528 0.216347 0.196891 0.178264 0.160552 0.143829 0.128147 0.113545 0.100045 0.0876498 0.0763514 0.0661264 0.0569406 0.0487498 0.0415023 0.0351407 0.0296042 0.0248303 0.0207569 0.0173239 0.0144748 0.012158 0.0103278 0.00894565 0.00798089 0.0074111 
0.00789089 0.00809536 0.00871364 0.00976021 0.0112589 0.0132425 0.0157519 0.0188356 0.0225482 0.0269495 0.0321029 0.0380735 0.0449267 0.0527257 0.0615297 0.0713914 0.0823553 0.0944551 0.107712 0.122132 0.137707 0.15441 0.172197 0.191007 0.21076 0.23136 0.252693 0.274635 0.297046 0.319777 0.342674 0.365576 0.388322 0.410751 0.432705 0.454035 0.474595 0.494253 0.512886 0.530381 0.54664 0.561576 0.575112 0.587187 0.597746 0.606746 0.614152 0.619938 0.624085 0.626578 0.62741 0.626578 0.624085 0.619938 0.614152 0.606746 0.597746 0.587187 0.575112 0.561576 0.54664 0.530381 0.512886 0.494253 0.474595 0.454035 0.432705 0.410751 0.388322 0.365576 0.342674 0.319777 0.297046 0.274635 0.252693 0.23136 0.21076 0.191007 0.172197 0.15441 0.137707 0.122132 0.107712 0.0944551 0.0823553 0.0713914 0.0615297 0.0527257 0.0449267 0.0380735 0.0321029 0.0269495 0.0225482 0.0188356 0.0157519 0.0132425 0.0112589 0.00976021 0.00871364 0.00809536 
0.00857734 0.00879818 0.00946584 0.0105957 0.0122131 0.0143526 0.0170577 0.0203795 0.0243756 0.0291091 0.0346463 0.0410554 0.0484043 0.0567585 0.0661788 0.0767188 0.0884228 0.101323 0.11544 0.130775 0.147316 0.16503 0.183868 0.20376 0.224618 0.246337 0.268795 0.291855 0.315371 0.339185 0.363131 0.387043 0.410751 0.434088 0.456893 0.47901 0.500295 0.52061 0.539835 0.557857 0.574581 0.58992 0.603805 0.616173 0.626977 0.636177 0.643741 0.649646 0.653875 0.656417 0.657265 0.656417 0.653875 0.649646 0.643741 0.636177 0.626977 0.616173 0.603805 0.58992 0.574581 0.557857 0.539835 0.52061 0.500295 0.47901 0.456893 0.434088 0.410751 0.387043 0.363131 0.339185 0.315371 0.291855 0.268795 0.246337 0.224618 0.20376 0.183868 0.16503 0.147316 0.130775 0.11544 0.101323 0.0884228 0.0767188 0.0661788 0.0567585 0.0484043 0.0410554 0.0346463 0.0291091 0.0243756 0.0203795 0.0170577 0.0143526 0.0122131 0.0105957 0.00946584 0.00879818 
0.00927679 0.00951416 0.0102317 0.0114457 0.0131828 0.0154797 0.0183821 0.0219437 0.0262251 0.0312923 0.0372147 0.0440633 0.0519084 0.0608175 0.0708526 0.082068 0.0945076 0.108203 0.12317 0.139409 0.156901 0.17561 0.195477 0.216427 0.238362 0.261168 0.284714 0.308854 0.333432 0.358279 0.383225 0.408092 0.432705 0.456893 0.480488 0.503333 0.52528 0.546193 0.56595 0.584442 0.601574 0.617266 0.631449 0.644068 0.655078 0.664443 0.672136 0.678138 0.682434 0.685015 0.685876 0.685015 0.682434 0.678138 0.672136 0.664443 0.655078 0.644068 0.631449 0.617266 0.601574 0.584442 0.56595 0.546193 0.52528 0.503333 0.480488 0.456893 0.432705 0.408092 0.383225 0.358279 0.333432 0.308854 0.284714 0.261168 0.238362 0.216427 0.195477 0.17561 0.156901 0.139409 0.12317 0.108203 0.0945076 0.082068 0.0708526 0.0608175 0.0519084 0.0440633 0.0372147 0.0312923 0.0262251 0.0219437 0.0183821 0.0154797 0.0131828 0.0114457 0.0102317 0.00951416 
0.00998339 0.0102373 0.0110049 0.0123032 0.0141602 0.0166146 0.0197141 0.0235153 0.0280815 0.0334815 0.0397874 0.047073 0.0554107 0.0648699 0.0755136 0.0873963 0.100561 0.115039 0.130841 0.147966 0.166389 0.186068 0.206937 0.228912 0.251889 0.275742 0.300333 0.325506 0.351095 0.376924 0.402812 0.428576 0.454035 0.47901 0.503333 0.526842 0.549388 0.570836 0.591065 0.609969 0.627455 0.643447 0.657882 0.670708 0.681884 0.691381 0.699176 0.705253 0.7096 0.712211 0.713082 0.712211 0.7096 0.705253 0.699176 0.691381 0.681884 0.670708 0.657882 0.643447 0.627455 0.609969 0.591065 0.570836 0.549388 0.526842 0.503333 0.47901 0.454035 0.428576 0.402812 0.376924 0.351095 0.325506 0.300333 0.275742 0.251889 0.228912 0.206937 0.186068 0.166389 0.147966 0.130841 0.115039 0.100561 0.0873963 0.0755136 0.0648699 0.0554107 0.047073 0.0397874 0.0334815 0.0280815 0.0235153 0.0197141 0.0166146 0.0141602 0.0123032 0.0110049 0.0102373 
0.0106908 0.0109612 0.0117785 0.0131605 0.0151366 0.0177471 0.0210422 0.0250807 0.0299287 0.0356575 0.0423422 0.0500586 0.0588814 0.0688814 0.0801225 0.0926593 0.106534 0.121775 0.138392 0.156378 0.175704 0.196321 0.218157 0.24112 0.265095 0.289951 0.315537 0.341691 0.368235 0.394987 0.421757 0.448355 0.474595 0.500295 0.52528 0.549388 0.572471 0.594392 0.615033 0.634291 0.652077 0.668319 0.682959 0.695949 0.707256 0.716854 0.724724 0.730855 0.735238 0.73787 0.738747 0.73787 0.735238 0.730855 0.724724 0.716854 0.707256 0.695949 0.682959 0.668319 0.652077 0.634291 0.615033 0.594392 0.572471 0.549388 0.52528 0.500295 0.474595 0.448355 0.421757 0.394987 0.368235 0.341691 0.315537 0.289951 0.265095 0.24112 0.218157 0.196321 0.175704 0.156378 0.138392 0.121775 0.106534 0.0926593 0.0801225 0.0688814 0.0588814 0.0500586 0.0423422 0.0356575 0.0299287 0.0250807 0.0210422 0.0177471 0.0151366 0.0131605 0.0117785 0.0109612 
0.0113924 0.011679 0.0125451 0.0140095 0.0161028 0.0188669 0.0223541 0.0266255 0.0317498 0.0378008 0.044856 0.0529935 0.0622899 0.072817 0.0846395 0.0978117 0.112375 0.128355 0.145759 0.164575 0.18477 0.206288 0.229049 0.252954 0.27788 0.303686 0.330213 0.357289 0.384729 0.412341 0.439929 0.467298 0.494253 0.52061 0.546193 0.570836 0.594392 0.616726 0.637721 0.657278 0.675312 0.691756 0.706557 0.719673 0.731076 0.740745 0.748666 0.754831 0.759237 0.761881 0.762763 0.761881 0.759237 0.754831 0.748666 0.740745 0.731076 0.719673 0.706557 0.691756 0.675312 0.657278 0.637721 0.616726 0.594392 0.570836 0.546193 0.52061 0.494253 0.467298 0.439929 0.412341 0.384729 0.357289 0.330213 0.303686 0.27788 0.252954 0.229049 0.206288 0.18477 0.164575 0.145759 0.128355 0.112375 0.0978117 0.0846395 0.072817 0.0622899 0.0529935 0.044856 0.0378008 0.0317498 0.0266255 0.0223541 0.0188669 0.0161028 0.0140095 0.0125451 0.011679 
0.012081 0.0123834 0.0132972 0.0148419 0.0170492 0.0199628 0.0236369 0.0281348 0.0335274 0.0398911 0.0473055 0.0558507 0.0656048 0.0766409 0.0890239 0.102808 0.118033 0.134722 0.15288 0.172489 0.193512 0.215886 0.239526 0.264322 0.290145 0.316844 0.344253 0.37219 0.400462 0.428869 0.457209 0.485281 0.512886 0.539835 0.56595 0.591065 0.615033 0.637721 0.659015 0.678819 0.697053 0.713654 0.728576 0.741782 0.753249 0.762961 0.770911 0.777095 0.781511 0.78416 0.785043 0.78416 0.781511 0.777095 0.770911 0.762961 0.753249 0.741782 0.728576 0.713654 0.697053 0.678819 0.659015 0.637721 0.615033 0.591065 0.56595 0.539835 0.512886 0.485281 0.457209 0.428869 0.400462 0.37219 0.344253 0.316844 0.290145 0.264322 0.239526 0.215886 0.193512 0.172489 0.15288 0.134722 0.118033 0.102808 0.0890239 0.0766409 0.0656048 0.0558507 0.0473055 0.0398911 0.0335274 0.0281348 0.0236369 0.0199628 0.0170492 0.0148419 0.0132972 0.0123834 
0.0127495 0.0130671 0.0140269 0.0156489 0.0179662 0.0210239 0.0248778 0.0295936 0.0352441 0.041908 0.0496669 0.0586028 0.068795 0.0803176 0.0932357 0.107603 0.123457 0.14082 0.159692 0.180053 0.201858 0.225039 0.249503 0.275135 0.301796 0.329327 0.357554 0.386287 0.415324 0.44446 0.473485 0.502193 0.530381 0.557857 0.584442 0.609969 0.634291 0.657278 0.678819 0.698821 0.71721 0.733929 0.748935 0.762199 0.773702 0.783435 0.791395 0.797581 0.801997 0.804644 0.805527 0.804644 0.801997 0.797581 0.791395 0.783435 0.773702 0.762199 0.748935 0.733929 0.71721 0.698821 0.678819 0.657278 0.634291 0.609969 0.584442 0.557857 0.530381 0.502193 0.473485 0.44446 0.415324 0.386287 0.357554 0.329327 0.301796 0.275135 0.249503 0.225039 0.201858 0.180053 0.159692 0.14082 0.123457 0.107603 0.0932357 0.0803176 0.068795 0.0586028 0.0496669 0.041908 0.0352441 0.0295936 0.0248778 0.0210239 0.0179662 0.0156489 0.0140269 0.0130671 
