8.82408e-10 1.03351e-09 1.52962e-09 2.50845e-09 4.23218e-09 7.14114e-09 1.19391e-08 1.97204e-08 3.21529e-08 5.1735e-08 8.21471e-08 1.28723e-07 1.99068e-07 3.03849e-07 4.57778e-07 6.80814e-07 9.99572e-07 1.44894e-06 2.07384e-06 2.93111e-06 4.09127e-06 5.64021e-06 7.68044e-06 1.03317e-05 1.37306e-05 1.80294e-05 2.33932e-05 2.99951e-05 3.80105e-05 4.76088e-05 5.89441e-05 7.21443e-05 8.72994e-05 0.000104451 0.000123578 0.000144594 0.000167333 0.000191553 0.00021693 0.000243069 0.000269512 0.000295746 0.000321227 0.000345395 0.000367692 0.00038759 0.000404601 0.000418301 0.000428345 0.000434476 0.000436537 0.000434476 0.000428345 0.000418301 0.000404601 0.00038759 0.000367692 0.000345395 0.000321227 0.000295746 0.000269512 0.000243069 0.00021693 0.000191553 0.000167333 0.000144594 0.000123578 0.000104451 8.72994e-05 7.21443e-05 5.89441e-05 4.76088e-05 3.80105e-05 2.99951e-05 2.33932e-05 1.80294e-05 1.37306e-05 1.03317e-05 7.68044e-06 5.64021e-06 4.09127e-06 2.93111e-06 2.07384e-06 1.44894e-06 9.99572e-07 6.80814e-07 4.57778e-07 3.03849e-07 1.99068e-07 1.28723e-07 8.21471e-08 5.1735e-08 3.21529e-08 1.97204e-08 1.19391e-08 7.14114e-09 4.23218e-09 2.50845e-09 1.52962e-09 1.03351e-09 
1.03351e-09 1.20977e-09 1.78819e-09 2.92855e-09 4.93468e-09 8.31634e-09 1.38871e-08 2.29104e-08 3.73088e-08 5.99576e-08 9.50859e-08 1.48813e-07 2.29849e-07 3.50388e-07 5.27223e-07 7.83093e-07 1.14827e-06 1.66235e-06 2.37625e-06 3.35422e-06 4.67588e-06 6.438e-06 8.75581e-06 1.17636e-05 1.56145e-05 2.04785e-05 2.65396e-05 3.39902e-05 4.30248e-05 5.38306e-05 6.65771e-05 8.14039e-05 9.84084e-05 0.000117632 0.000139051 0.000162561 0.000187978 0.000215026 0.000243345 0.000272494 0.000301961 0.000331178 0.00035954 0.000386427 0.000411223 0.000433342 0.000452245 0.000467466 0.000478623 0.000485432 0.000487722 0.000485432 0.000478623 0.000467466 0.000452245 0.000433342 0.000411223 0.000386427 0.00035954 0.000331178 0.000301961 0.000272494 0.000243345 0.000215026 0.000187978 0.000162561 0.000139051 0.000117632 9.84084e-05 8.14039e-05 6.65771e-05 5.38306e-05 4.30248e-05 3.39902e-05 2.65396e-05 2.04785e-05 1.56145e-05 1.17636e-05 8.75581e-06 6.438e-06 4.67588e-06 3.35422e-06 2.37625e-06 1.66235e-06 1.14827e-06 7.83093e-07 5.27223e-07 3.50388e-07 2.29849e-07 1.48813e-07 9.50859e-08 5.99576e-08 3.73088e-08 2.29104e-08 1.38871e-08 8.31634e-09 4.93468e-09 2.92855e-09 1.78819e-09 1.20977e-09 
1.52962e-09 1.78819e-09 2.63598e-09 4.30454e-09 7.23346e-09 1.21584e-08 2.02502e-08 3.3321e-08 5.41197e-08 8.67434e-08 1.37197e-07 2.14137e-07 3.2984e-07 5.01429e-07 7.52394e-07 1.11441e-06 1.62949e-06 2.35234e-06 3.35301e-06 4.71954e-06 6.56055e-06 9.00741e-06 1.22159e-05 1.63667e-05 2.16647e-05 2.83364e-05 3.66253e-05 4.67851e-05 5.90699e-05 7.37225e-05 9.09603e-05 0.00011096 0.000133839 0.000159643 0.000188327 0.000219745 0.000253639 0.000289639 0.000327263 0.000365924 0.000404945 0.00044358 0.000481036 0.000516502 0.000549177 0.000578297 0.000603166 0.000623178 0.00063784 0.000646786 0.000649794 0.000646786 0.00063784 0.000623178 0.000603166 0.000578297 0.000549177 0.000516502 0.000481036 0.00044358 0.000404945 0.000365924 0.000327263 0.000289639 0.000253639 0.000219745 0.000188327 0.000159643 0.000133839 0.00011096 9.09603e-05 7.37225e-05 5.90699e-05 4.67851e-05 3.66253e-05 2.83364e-05 2.16647e-05 1.63667e-05 1.22159e-05 9.00741e-06 6.56055e-06 4.71954e-06 3.35301e-06 2.35234e-06 1.62949e-06 1.11441e-06 7.52394e-07 5.01429e-07 3.2984e-07 2.14137e-07 1.37197e-07 8.67434e-08 5.41197e-08 3.3321e-08 2.02502e-08 1.21584e-08 7.23346e-09 4.30454e-09 2.63598e-09 1.78819e-09 
2.50845e-09 2.92855e-09 4.30454e-09 7.00783e-09 1.1742e-08 1.96814e-08 3.26893e-08 5.36398e-08 8.68771e-08 1.38852e-07 2.18982e-07 3.40793e-07 5.23384e-07 7.9329e-07 1.18675e-06 1.75241e-06 2.55452e-06 3.67635e-06 5.22401e-06 7.33022e-06 1.01579e-05 1.39031e-05 1.8797e-05 2.51065e-05 3.31322e-05 4.32046e-05 5.5677e-05 7.09141e-05 8.9279e-05 0.000111115 0.000136725 0.000166349 0.000200144 0.000238153 0.000280293 0.000326334 0.000375886 0.000428399 0.000483164 0.000539327 0.000595911 0.000651841 0.000705982 0.000757177 0.000804285 0.000846225 0.000882011 0.000910788 0.000931859 0.000944713 0.000949033 0.000944713 0.000931859 0.000910788 0.000882011 0.000846225 0.000804285 0.000757177 0.000705982 0.000651841 0.000595911 0.000539327 0.000483164 0.000428399 0.000375886 0.000326334 0.000280293 0.000238153 0.000200144 0.000166349 0.000136725 0.000111115 8.9279e-05 7.09141e-05 5.5677e-05 4.32046e-05 3.31322e-05 2.51065e-05 1.8797e-05 1.39031e-05 1.01579e-05 7.33022e-06 5.22401e-06 3.67635e-06 2.55452e-06 1.75241e-06 1.18675e-06 7.9329e-07 5.23384e-07 3.40793e-07 2.18982e-07 1.38852e-07 8.68771e-08 5.36398e-08 3.26893e-08 1.96814e-08 1.1742e-08 7.00783e-09 4.30454e-09 2.92855e-09 
4.23218e-09 4.93468e-09 7.23346e-09 1.1742e-08 1.96202e-08 3.27992e-08 5.43337e-08 8.89209e-08 1.43636e-07 2.28947e-07 3.60083e-07 5.58829e-07 8.55831e-07 1.29349e-06 1.92947e-06 2.84089e-06 4.12906e-06 5.9248e-06 8.39398e-06 1.17431e-05 1.62243e-05 2.21397e-05 2.98434e-05 3.97421e-05 5.22914e-05 6.79889e-05 8.7363e-05 0.000110956 0.000139301 0.0001729 0.000212187 0.0002575 0.000309045 0.000366861 0.000430792 0.000500467 0.000575277 0.00065438 0.000736702 0.00082096 0.000905693 0.000989307 0.00107012 0.00114644 0.00121657 0.00127895 0.00133213 0.00137486 0.00140613 0.0014252 0.00143161 0.0014252 0.00140613 0.00137486 0.00133213 0.00127895 0.00121657 0.00114644 0.00107012 0.000989307 0.000905693 0.00082096 0.000736702 0.00065438 0.000575277 0.000500467 0.000430792 0.000366861 0.000309045 0.0002575 0.000212187 0.0001729 0.000139301 0.000110956 8.7363e-05 6.79889e-05 5.22914e-05 3.97421e-05 2.98434e-05 2.21397e-05 1.62243e-05 1.17431e-05 8.39398e-06 5.9248e-06 4.12906e-06 2.84089e-06 1.92947e-06 1.29349e-06 8.55831e-07 5.58829e-07 3.60083e-07 2.28947e-07 1.43636e-07 8.89209e-08 5.43337e-08 3.27992e-08 1.96202e-08 1.1742e-08 7.23346e-09 4.93468e-09 
7.14114e-09 8.31634e-09 1.21584e-08 1.96814e-08 3.27992e-08 5.46902e-08 9.0368e-08 1.47518e-07 2.37677e-07 3.77858e-07 5.92722e-07 9.17414e-07 1.4012e-06 2.11195e-06 3.14162e-06 4.61267e-06 6.68528e-06 9.56538e-06 1.35129e-05 1.88499e-05 2.59677e-05 3.53329e-05 4.74895e-05 6.30587e-05 8.27328e-05 0.000107263 0.000137442 0.000174076 0.000217955 0.000269807 0.000330258 0.000399782 0.000478645 0.000566866 0.000664168 0.000769948 0.00088326 0.00100281 0.00112696 0.00125379 0.0013811 0.00150652 0.00162756 0.0017417 0.00184648 0.00193956 0.00201885 0.00208252 0.0021291 0.00215748 0.00216702 0.00215748 0.0021291 0.00208252 0.00201885 0.00193956 0.00184648 0.0017417 0.00162756 0.00150652 0.0013811 0.00125379 0.00112696 0.00100281 0.00088326 0.000769948 0.000664168 0.000566866 0.000478645 0.000399782 0.000330258 0.000269807 0.000217955 0.000174076 0.000137442 0.000107263 8.27328e-05 6.30587e-05 4.74895e-05 3.53329e-05 2.59677e-05 1.88499e-05 1.35129e-05 9.56538e-06 6.68528e-06 4.61267e-06 3.14162e-06 2.11195e-06 1.4012e-06 9.17414e-07 5.92722e-07 3.77858e-07 2.37677e-07 1.47518e-07 9.0368e-08 5.46902e-08 3.27992e-08 1.96814e-08 1.21584e-08 8.31634e-09 
1.19391e-08 1.38871e-08 2.02502e-08 3.26893e-08 5.43337e-08 9.0368e-08 1.48947e-07 2.42532e-07 3.8977e-07 6.18065e-07 9.66996e-07 1.49277e-06 2.27387e-06 3.41801e-06 5.07055e-06 7.42421e-06 1.07301e-05 1.53095e-05 2.15662e-05 2.9998e-05 4.12072e-05 5.59075e-05 7.49275e-05 9.92076e-05 0.00012979 0.000167798 0.000214409 0.000270812 0.000338158 0.000417501 0.000509728 0.000615488 0.00073512 0.000868585 0.00101541 0.00117462 0.00134478 0.00152389 0.00170951 0.00189876 0.00208838 0.00227487 0.00245457 0.0026238 0.00277896 0.00291666 0.00303384 0.00312788 0.00319662 0.00323851 0.00325258 0.00323851 0.00319662 0.00312788 0.00303384 0.00291666 0.00277896 0.0026238 0.00245457 0.00227487 0.00208838 0.00189876 0.00170951 0.00152389 0.00134478 0.00117462 0.00101541 0.000868585 0.00073512 0.000615488 0.000509728 0.000417501 0.000338158 0.000270812 0.000214409 0.000167798 0.00012979 9.92076e-05 7.49275e-05 5.59075e-05 4.12072e-05 2.9998e-05 2.15662e-05 1.53095e-05 1.07301e-05 7.42421e-06 5.07055e-06 3.41801e-06 2.27387e-06 1.49277e-06 9.66996e-07 6.18065e-07 3.8977e-07 2.42532e-07 1.48947e-07 9.0368e-08 5.43337e-08 3.26893e-08 2.02502e-08 1.38871e-08 
1.97204e-08 2.29104e-08 3.3321e-08 5.36398e-08 8.89209e-08 1.47518e-07 2.42532e-07 3.93922e-07 6.31459e-07 9.98736e-07 1.5585e-06 2.39953e-06 3.6453e-06 5.46466e-06 8.08447e-06 1.18043e-05 1.70128e-05 2.42049e-05 3.39999e-05 4.71574e-05 6.45919e-05 8.73817e-05 0.000116771 0.000154166 0.000201111 0.000259266 0.000330352 0.000416096 0.000518153 0.000638017 0.000776923 0.000935741 0.00111488 0.00131417 0.00153283 0.00176935 0.00202149 0.00228631 0.00256015 0.00283878 0.00311743 0.00339101 0.00365422 0.00390173 0.00412838 0.00432932 0.00450016 0.00463715 0.00473724 0.00479821 0.00481869 0.00479821 0.00473724 0.00463715 0.00450016 0.00432932 0.00412838 0.00390173 0.00365422 0.00339101 0.00311743 0.00283878 0.00256015 0.00228631 0.00202149 0.00176935 0.00153283 0.00131417 0.00111488 0.000935741 0.000776923 0.000638017 0.000518153 0.000416096 0.000330352 0.000259266 0.000201111 0.000154166 0.000116771 8.73817e-05 6.45919e-05 4.71574e-05 3.39999e-05 2.42049e-05 1.70128e-05 1.18043e-05 8.08447e-06 5.46466e-06 3.6453e-06 2.39953e-06 1.5585e-06 9.98736e-07 6.31459e-07 3.93922e-07 2.42532e-07 1.47518e-07 8.89209e-08 5.36398e-08 3.3321e-08 2.29104e-08 
3.21529e-08 3.73088e-08 5.41197e-08 8.68771e-08 1.43636e-07 2.37677e-07 3.8977e-07 6.31459e-07 1.00963e-06 1.59272e-06 2.47885e-06 3.80635e-06 5.76687e-06 8.62143e-06 1.27193e-05 1.85197e-05 2.66156e-05 3.77591e-05 5.28862e-05 7.31398e-05 9.98882e-05 0.000134736 0.000179526 0.000236324 0.000307391 0.000395131 0.000502026 0.00063054 0.000783008 0.000961509 0.00116772 0.00140278 0.00166712 0.00196038 0.00228124 0.00262739 0.00299549 0.00338116 0.0037791 0.00418312 0.0045864 0.00498164 0.00536126 0.00571772 0.00604371 0.00633239 0.00657761 0.00677408 0.00691756 0.00700492 0.00703425 0.00700492 0.00691756 0.00677408 0.00657761 0.00633239 0.00604371 0.00571772 0.00536126 0.00498164 0.0045864 0.00418312 0.0037791 0.00338116 0.00299549 0.00262739 0.00228124 0.00196038 0.00166712 0.00140278 0.00116772 0.000961509 0.000783008 0.00063054 0.000502026 0.000395131 0.000307391 0.000236324 0.000179526 0.000134736 9.98882e-05 7.31398e-05 5.28862e-05 3.77591e-05 2.66156e-05 1.85197e-05 1.27193e-05 8.62143e-06 5.76687e-06 3.80635e-06 2.47885e-06 1.59272e-06 1.00963e-06 6.31459e-07 3.8977e-07 2.37677e-07 1.43636e-07 8.68771e-08 5.41197e-08 3.73088e-08 
5.1735e-08 5.99576e-08 8.67434e-08 1.38852e-07 2.28947e-07 3.77858e-07 6.18065e-07 9.98736e-07 1.59272e-06 2.50594e-06 3.88975e-06 5.9567e-06 9.0001e-06 1.34178e-05 1.97398e-05 2.86602e-05 4.10709e-05 5.80977e-05 8.1135e-05 0.000111877 0.000152339 0.000204876 0.000272169 0.000357211 0.000463251 0.000593723 0.000752137 0.000941946 0.00116638 0.00142828 0.00172986 0.00207254 0.00245674 0.00288169 0.00334532 0.00384413 0.00437318 0.00492612 0.0054953 0.00607193 0.00664633 0.00720821 0.00774698 0.0082521 0.00871341 0.00912144 0.00946769 0.00974491 0.00994722 0.0100704 0.0101117 0.0100704 0.00994722 0.00974491 0.00946769 0.00912144 0.00871341 0.0082521 0.00774698 0.00720821 0.00664633 0.00607193 0.0054953 0.00492612 0.00437318 0.00384413 0.00334532 0.00288169 0.00245674 0.00207254 0.00172986 0.00142828 0.00116638 0.000941946 0.000752137 0.000593723 0.000463251 0.000357211 0.000272169 0.000204876 0.000152339 0.000111877 8.1135e-05 5.80977e-05 4.10709e-05 2.86602e-05 1.97398e-05 1.34178e-05 9.0001e-06 5.9567e-06 3.88975e-06 2.50594e-06 1.59272e-06 9.98736e-07 6.18065e-07 3.77858e-07 2.28947e-07 1.38852e-07 8.67434e-08 5.99576e-08 
8.21471e-08 9.50859e-08 1.37197e-07 2.18982e-07 3.60083e-07 5.92722e-07 9.66996e-07 1.5585e-06 2.47885e-06 3.88975e-06 6.02142e-06 9.19585e-06 1.38557e-05 2.05986e-05 3.02178e-05 4.37467e-05 6.25078e-05 8.81616e-05 0.000122755 0.000168759 0.000229103 0.000307181 0.000406841 0.000532343 0.000688284 0.000879479 0.00111081 0.00138701 0.00171249 0.00209099 0.0025254 0.00301741 0.00356727 0.0041736 0.00483314 0.00554071 0.00628913 0.00706932 0.00787047 0.00868024 0.00948517 0.010271 0.0110232 0.0117272 0.0123693 0.0129365 0.0134174 0.013802 0.0140826 0.0142532 0.0143105 0.0142532 0.0140826 0.013802 0.0134174 0.0129365 0.0123693 0.0117272 0.0110232 0.010271 0.00948517 0.00868024 0.00787047 0.00706932 0.00628913 0.00554071 0.00483314 0.0041736 0.00356727 0.00301741 0.0025254 0.00209099 0.00171249 0.00138701 0.00111081 0.000879479 0.000688284 0.000532343 0.000406841 0.000307181 0.000229103 0.000168759 0.000122755 8.81616e-05 6.25078e-05 4.37467e-05 3.02178e-05 2.05986e-05 1.38557e-05 9.19585e-06 6.02142e-06 3.88975e-06 2.47885e-06 1.5585e-06 9.66996e-07 5.92722e-07 3.60083e-07 2.18982e-07 1.37197e-07 9.50859e-08 
1.28723e-07 1.48813e-07 2.14137e-07 3.40793e-07 5.58829e-07 9.17414e-07 1.49277e-06 2.39953e-06 3.80635e-06 5.9567e-06 9.19585e-06 1.40048e-05 2.10421e-05 3.11932e-05 4.56279e-05 6.58631e-05 9.38307e-05 0.000131944 0.000183163 0.000251041 0.000339764 0.000454154 0.00059964 0.000782193 0.0010082 0.0012843 0.00161716 0.00201316 0.00247814 0.00301699 0.00363329 0.00432894 0.00510385 0.00595559 0.00687922 0.00786716 0.00890917 0.00999249 0.0111021 0.0122209 0.0133306 0.0144117 0.0154446 0.0164097 0.0172886 0.018064 0.0187206 0.0192454 0.0196279 0.0198605 0.0199385 0.0198605 0.0196279 0.0192454 0.0187206 0.018064 0.0172886 0.0164097 0.0154446 0.0144117 0.0133306 0.0122209 0.0111021 0.00999249 0.00890917 0.00786716 0.00687922 0.00595559 0.00510385 0.00432894 0.00363329 0.00301699 0.00247814 0.00201316 0.00161716 0.0012843 0.0010082 0.000782193 0.00059964 0.000454154 0.000339764 0.000251041 0.000183163 0.000131944 9.38307e-05 6.58631e-05 4.56279e-05 3.11932e-05 2.10421e-05 1.40048e-05 9.19585e-06 5.9567e-06 3.80635e-06 2.39953e-06 1.49277e-06 9.17414e-07 5.58829e-07 3.40793e-07 2.14137e-07 1.48813e-07 
1.99068e-07 2.29849e-07 3.2984e-07 5.23384e-07 8.55831e-07 1.4012e-06 2.27387e-06 3.6453e-06 5.76687e-06 9.0001e-06 1.38557e-05 2.10421e-05 3.15254e-05 4.65988e-05 6.79627e-05 9.78123e-05 0.000138929 0.000194769 0.000269547 0.000368297 0.000496909 0.000662126 0.000871488 0.00113322 0.00145606 0.00184899 0.00232093 0.00288034 0.00353477 0.00429042 0.0051516 0.00612025 0.00719557 0.00837358 0.0096469 0.0110047 0.0124325 0.0139127 0.0154248 0.0169457 0.0184506 0.0199135 0.0213085 0.0226097 0.0237927 0.024835 0.0257166 0.0264206 0.0269333 0.0272449 0.0273495 0.0272449 0.0269333 0.0264206 0.0257166 0.024835 0.0237927 0.0226097 0.0213085 0.0199135 0.0184506 0.0169457 0.0154248 0.0139127 0.0124325 0.0110047 0.0096469 0.00837358 0.00719557 0.00612025 0.0051516 0.00429042 0.00353477 0.00288034 0.00232093 0.00184899 0.00145606 0.00113322 0.000871488 0.000662126 0.000496909 0.000368297 0.000269547 0.000194769 0.000138929 9.78123e-05 6.79627e-05 4.65988e-05 3.15254e-05 2.10421e-05 1.38557e-05 9.0001e-06 5.76687e-06 3.6453e-06 2.27387e-06 1.4012e-06 8.55831e-07 5.23384e-07 3.2984e-07 2.29849e-07 
3.03849e-07 3.50388e-07 5.01429e-07 7.9329e-07 1.29349e-06 2.11195e-06 3.41801e-06 5.46466e-06 8.62143e-06 1.34178e-05 2.05986e-05 3.11932e-05 4.65988e-05 6.86775e-05 9.98664e-05 0.000143296 0.000202913 0.000283595 0.000391255 0.000532917 0.000716742 0.000952011 0.00124903 0.00161894 0.00207348 0.0026246 0.00328401 0.00406266 0.00497014 0.00601404 0.00719933 0.0085277 0.00999711 0.0116013 0.0133294 0.0151662 0.0170918 0.0190822 0.0211097 0.0231436 0.0251512 0.0270985 0.0289514 0.0306765 0.0322424 0.03362 0.0347838 0.0357122 0.0363879 0.0367984 0.0369361 0.0367984 0.0363879 0.0357122 0.0347838 0.03362 0.0322424 0.0306765 0.0289514 0.0270985 0.0251512 0.0231436 0.0211097 0.0190822 0.0170918 0.0151662 0.0133294 0.0116013 0.00999711 0.0085277 0.00719933 0.00601404 0.00497014 0.00406266 0.00328401 0.0026246 0.00207348 0.00161894 0.00124903 0.000952011 0.000716742 0.000532917 0.000391255 0.000283595 0.000202913 0.000143296 9.98664e-05 6.86775e-05 4.65988e-05 3.11932e-05 2.05986e-05 1.34178e-05 8.62143e-06 5.46466e-06 3.41801e-06 2.11195e-06 1.29349e-06 7.9329e-07 5.01429e-07 3.50388e-07 
4.57778e-07 5.27223e-07 7.52394e-07 1.18675e-06 1.92947e-06 3.14162e-06 5.07055e-06 8.08447e-06 1.27193e-05 1.97398e-05 3.02178e-05 4.56279e-05 6.79627e-05 9.98664e-05 0.000144782 0.000207112 0.000292373 0.00040735 0.000560219 0.000760626 0.00101971 0.00135005 0.00176549 0.00228089 0.00291174 0.00367364 0.00458167 0.0056497 0.00688958 0.00831033 0.00991733 0.0117116 0.0136889 0.0158399 0.018149 0.020595 0.023151 0.0257848 0.0284598 0.0311359 0.0337706 0.0363201 0.0387406 0.0409899 0.0430279 0.0448183 0.0463288 0.0475326 0.048408 0.0489396 0.0491178 0.0489396 0.048408 0.0475326 0.0463288 0.0448183 0.0430279 0.0409899 0.0387406 0.0363201 0.0337706 0.0311359 0.0284598 0.0257848 0.023151 0.020595 0.018149 0.0158399 0.0136889 0.0117116 0.00991733 0.00831033 0.00688958 0.0056497 0.00458167 0.00367364 0.00291174 0.00228089 0.00176549 0.00135005 0.00101971 0.000760626 0.000560219 0.00040735 0.000292373 0.000207112 0.000144782 9.98664e-05 6.79627e-05 4.56279e-05 3.02178e-05 1.97398e-05 1.27193e-05 8.08447e-06 5.07055e-06 3.14162e-06 1.92947e-06 1.18675e-06 7.52394e-07 5.27223e-07 
6.80814e-07 7.83093e-07 1.11441e-06 1.75241e-06 2.84089e-06 4.61267e-06 7.42421e-06 1.18043e-05 1.85197e-05 2.86602e-05 4.37467e-05 6.58631e-05 9.78123e-05 0.000143296 0.000207112 0.000295359 0.000415644 0.000577266 0.000791359 0.00107098 0.00143109 0.00188847 0.00246144 0.00316946 0.00403261 0.00507089 0.00630332 0.00774707 0.00941639 0.0113216 0.013468 0.0158551 0.0184759 0.021316 0.0243538 0.0275604 0.0308999 0.0343298 0.0378028 0.0412672 0.0446686 0.0479519 0.0510619 0.0539459 0.0565543 0.0588419 0.0607695 0.062304 0.063419 0.0640956 0.0643224 0.0640956 0.063419 0.062304 0.0607695 0.0588419 0.0565543 0.0539459 0.0510619 0.0479519 0.0446686 0.0412672 0.0378028 0.0343298 0.0308999 0.0275604 0.0243538 0.021316 0.0184759 0.0158551 0.013468 0.0113216 0.00941639 0.00774707 0.00630332 0.00507089 0.00403261 0.00316946 0.00246144 0.00188847 0.00143109 0.00107098 0.000791359 0.000577266 0.000415644 0.000295359 0.000207112 0.000143296 9.78123e-05 6.58631e-05 4.37467e-05 2.86602e-05 1.85197e-05 1.18043e-05 7.42421e-06 4.61267e-06 2.84089e-06 1.75241e-06 1.11441e-06 7.83093e-07 
9.99572e-07 1.14827e-06 1.62949e-06 2.55452e-06 4.12906e-06 6.68528e-06 1.07301e-05 1.70128e-05 2.66156e-05 4.10709e-05 6.25078e-05 9.38307e-05 0.000138929 0.000202913 0.000292373 0.000415644 0.000583063 0.000807187 0.00110296 0.00148779 0.00198148 0.00260604 0.0033853 0.00434437 0.0055088 0.00690371 0.00855263 0.0104763 0.0126912 0.0152087 0.0180333 0.021162 0.0245833 0.0282764 0.0322118 0.0363504 0.0406453 0.0450417 0.0494788 0.0538915 0.0582118 0.0623709 0.0663012 0.0699378 0.0732204 0.0760946 0.078513 0.0804359 0.081832 0.0826787 0.0829625 0.0826787 0.081832 0.0804359 0.078513 0.0760946 0.0732204 0.0699378 0.0663012 0.0623709 0.0582118 0.0538915 0.0494788 0.0450417 0.0406453 0.0363504 0.0322118 0.0282764 0.0245833 0.021162 0.0180333 0.0152087 0.0126912 0.0104763 0.00855263 0.00690371 0.0055088 0.00434437 0.0033853 0.00260604 0.00198148 0.00148779 0.00110296 0.000807187 0.000583063 0.000415644 0.000292373 0.000202913 0.000138929 9.38307e-05 6.25078e-05 4.10709e-05 2.66156e-05 1.70128e-05 1.07301e-05 6.68528e-06 4.12906e-06 2.55452e-06 1.62949e-06 1.14827e-06 
1.44894e-06 1.66235e-06 2.35234e-06 3.67635e-06 5.9248e-06 9.56538e-06 1.53095e-05 2.42049e-05 3.77591e-05 5.80977e-05 8.81616e-05 0.000131944 0.000194769 0.000283595 0.00040735 0.000577266 0.000807187 0.00111383 0.00151697 0.00203944 0.00270707 0.00354829 0.00459361 0.00587479 0.00742383 0.00927163 0.0114466 0.0139732 0.01687 0.0201484 0.0238112 0.0278513 0.032251 0.0369811 0.0420015 0.0472611 0.0526989 0.0582455 0.0638247 0.0693555 0.0747542 0.0799371 0.0848223 0.0893321 0.0933946 0.0969454 0.0999285 0.102298 0.104016 0.105058 0.105407 0.105058 0.104016 0.102298 0.0999285 0.0969454 0.0933946 0.0893321 0.0848223 0.0799371 0.0747542 0.0693555 0.0638247 0.0582455 0.0526989 0.0472611 0.0420015 0.0369811 0.032251 0.0278513 0.0238112 0.0201484 0.01687 0.0139732 0.0114466 0.00927163 0.00742383 0.00587479 0.00459361 0.00354829 0.00270707 0.00203944 0.00151697 0.00111383 0.000807187 0.000577266 0.00040735 0.000283595 0.000194769 0.000131944 8.81616e-05 5.80977e-05 3.77591e-05 2.42049e-05 1.53095e-05 9.56538e-06 5.9248e-06 3.67635e-06 2.35234e-06 1.66235e-06 
2.07384e-06 2.37625e-06 3.35301e-06 5.22401e-06 8.39398e-06 1.35129e-05 2.15662e-05 3.39999e-05 5.28862e-05 8.1135e-05 0.000122755 0.000183163 0.000269547 0.000391255 0.000560219 0.000791359 0.00110296 0.00151697 0.00205914 0.00275903 0.00364977 0.00476752 0.0061507 0.00783882 0.00987114 0.012285 0.0151139 0.0183856 0.0221203 0.0263284 0.0310094 0.0361503 0.0417246 0.0476924 0.0540003 0.0605824 0.0673612 0.07425 0.0811547 0.0879764 0.0946144 0.100968 0.106941 0.112442 0.117386 0.121699 0.125317 0.128187 0.130266 0.131526 0.131948 0.131526 0.130266 0.128187 0.125317 0.121699 0.117386 0.112442 0.106941 0.100968 0.0946144 0.0879764 0.0811547 0.07425 0.0673612 0.0605824 0.0540003 0.0476924 0.0417246 0.0361503 0.0310094 0.0263284 0.0221203 0.0183856 0.0151139 0.012285 0.00987114 0.00783882 0.0061507 0.00476752 0.00364977 0.00275903 0.00205914 0.00151697 0.00110296 0.000791359 0.000560219 0.000391255 0.000269547 0.000183163 0.000122755 8.1135e-05 5.28862e-05 3.39999e-05 2.15662e-05 1.35129e-05 8.39398e-06 5.22401e-06 3.35301e-06 2.37625e-06 
2.93111e-06 3.35422e-06 4.71954e-06 7.33022e-06 1.17431e-05 1.88499e-05 2.9998e-05 4.71574e-05 7.31398e-05 0.000111877 0.000168759 0.000251041 0.000368297 0.000532917 0.000760626 0.00107098 0.00148779 0.00203944 0.00275903 0.00368423 0.0048569 0.0063223 0.00812798 0.0103223 0.0129525 0.0160626 0.0196912 0.023869 0.0286163 0.0339414 0.039838 0.0462848 0.0532442 0.0606623 0.0684696 0.0765821 0.0849034 0.0933268 0.101738 0.110019 0.118051 0.125714 0.132898 0.139497 0.145415 0.150567 0.154882 0.158299 0.160773 0.16227 0.162772 0.16227 0.160773 0.158299 0.154882 0.150567 0.145415 0.139497 0.132898 0.125714 0.118051 0.110019 0.101738 0.0933268 0.0849034 0.0765821 0.0684696 0.0606623 0.0532442 0.0462848 0.039838 0.0339414 0.0286163 0.023869 0.0196912 0.0160626 0.0129525 0.0103223 0.00812798 0.0063223 0.0048569 0.00368423 0.00275903 0.00203944 0.00148779 0.00107098 0.000760626 0.000532917 0.000368297 0.000251041 0.000168759 0.000111877 7.31398e-05 4.71574e-05 2.9998e-05 1.88499e-05 1.17431e-05 7.33022e-06 4.71954e-06 3.35422e-06 
4.09127e-06 4.67588e-06 6.56055e-06 1.01579e-05 1.62243e-05 2.59677e-05 4.12072e-05 6.45919e-05 9.98882e-05 0.000152339 0.000229103 0.000339764 0.000496909 0.000716742 0.00101971 0.00143109 0.00198148 0.00270707 0.00364977 0.0048569 0.00638054 0.00827646 0.0106026 0.0134169 0.0167752 0.0207283 0.0253194 0.0305809 0.036532 0.0431761 0.0504991 0.0584683 0.0670314 0.0761176 0.0856378 0.0954871 0.105547 0.115689 0.125777 0.135672 0.145235 0.154331 0.162832 0.170619 0.177585 0.183638 0.188697 0.192698 0.195592 0.197342 0.197928 0.197342 0.195592 0.192698 0.188697 0.183638 0.177585 0.170619 0.162832 0.154331 0.145235 0.135672 0.125777 0.115689 0.105547 0.0954871 0.0856378 0.0761176 0.0670314 0.0584683 0.0504991 0.0431761 0.036532 0.0305809 0.0253194 0.0207283 0.0167752 0.0134169 0.0106026 0.00827646 0.00638054 0.0048569 0.00364977 0.00270707 0.00198148 0.00143109 0.00101971 0.000716742 0.000496909 0.000339764 0.000229103 0.000152339 9.98882e-05 6.45919e-05 4.12072e-05 2.59677e-05 1.62243e-05 1.01579e-05 6.56055e-06 4.67588e-06 
5.64021e-06 6.438e-06 9.00741e-06 1.39031e-05 2.21397e-05 3.53329e-05 5.59075e-05 8.73817e-05 0.000134736 0.000204876 0.000307181 0.000454154 0.000662126 0.000952011 0.00135005 0.00188847 0.00260604 0.00354829 0.00476752 0.0063223 0.00827646 0.0106976 0.0136551 0.0172172 0.0214486 0.0264065 0.0321375 0.0386744 0.0460326 0.0542083 0.0631762 0.0728885 0.083275 0.0942439 0.105684 0.117465 0.129445 0.141471 0.153385 0.165024 0.176232 0.186856 0.196753 0.205793 0.213859 0.220852 0.226686 0.231293 0.234621 0.236632 0.237305 0.236632 0.234621 0.231293 0.226686 0.220852 0.213859 0.205793 0.196753 0.186856 0.176232 0.165024 0.153385 0.141471 0.129445 0.117465 0.105684 0.0942439 0.083275 0.0728885 0.0631762 0.0542083 0.0460326 0.0386744 0.0321375 0.0264065 0.0214486 0.0172172 0.0136551 0.0106976 0.00827646 0.0063223 0.00476752 0.00354829 0.00260604 0.00188847 0.00135005 0.000952011 0.000662126 0.000454154 0.000307181 0.000204876 0.000134736 8.73817e-05 5.59075e-05 3.53329e-05 2.21397e-05 1.39031e-05 9.00741e-06 6.438e-06 
7.68044e-06 8.75581e-06 1.22159e-05 1.8797e-05 2.98434e-05 4.74895e-05 7.49275e-05 0.000116771 0.000179526 0.000272169 0.000406841 0.00059964 0.000871488 0.00124903 0.00176549 0.00246144 0.0033853 0.00459361 0.0061507 0.00812798 0.0106026 0.0136551 0.0173671 0.0218177 0.02708 0.0332167 0.0402765 0.0482898 0.0572659 0.06719 0.0780218 0.0896947 0.102116 0.11517 0.128719 0.142606 0.156662 0.170709 0.184564 0.198046 0.210977 0.223189 0.234529 0.244854 0.254043 0.26199 0.268606 0.273822 0.277585 0.279857 0.280617 0.279857 0.277585 0.273822 0.268606 0.26199 0.254043 0.244854 0.234529 0.223189 0.210977 0.198046 0.184564 0.170709 0.156662 0.142606 0.128719 0.11517 0.102116 0.0896947 0.0780218 0.06719 0.0572659 0.0482898 0.0402765 0.0332167 0.02708 0.0218177 0.0173671 0.0136551 0.0106026 0.00812798 0.0061507 0.00459361 0.0033853 0.00246144 0.00176549 0.00124903 0.000871488 0.00059964 0.000406841 0.000272169 0.000179526 0.000116771 7.49275e-05 4.74895e-05 2.98434e-05 1.8797e-05 1.22159e-05 8.75581e-06 
1.03317e-05 1.17636e-05 1.63667e-05 2.51065e-05 3.97421e-05 6.30587e-05 9.92076e-05 0.000154166 0.000236324 0.000357211 0.000532343 0.000782193 0.00113322 0.00161894 0.00228089 0.00316946 0.00434437 0.00587479 0.00783882 0.0103223 0.0134169 0.0172172 0.0218177 0.0273082 0.0337692 0.0412676 0.0498516 0.0595468 0.0703524 0.0822387 0.095146 0.108985 0.123635 0.138954 0.154773 0.170908 0.18716 0.203326 0.219199 0.234577 0.249266 0.263087 0.275873 0.287479 0.297777 0.306661 0.314041 0.319849 0.324034 0.326558 0.327402 0.326558 0.324034 0.319849 0.314041 0.306661 0.297777 0.287479 0.275873 0.263087 0.249266 0.234577 0.219199 0.203326 0.18716 0.170908 0.154773 0.138954 0.123635 0.108985 0.095146 0.0822387 0.0703524 0.0595468 0.0498516 0.0412676 0.0337692 0.0273082 0.0218177 0.0172172 0.0134169 0.0103223 0.00783882 0.00587479 0.00434437 0.00316946 0.00228089 0.00161894 0.00113322 0.000782193 0.000532343 0.000357211 0.000236324 0.000154166 9.92076e-05 6.30587e-05 3.97421e-05 2.51065e-05 1.63667e-05 1.17636e-05 
1.37306e-05 1.56145e-05 2.16647e-05 3.31322e-05 5.22914e-05 8.27328e-05 0.00012979 0.000201111 0.000307391 0.000463251 0.000688284 0.0010082 0.00145606 0.00207348 0.00291174 0.00403261 0.0055088 0.00742383 0.00987114 0.0129525 0.0167752 0.0214486 0.02708 0.0337692 0.041603 0.0506501 0.0609555 0.0725359 0.0853762 0.0994274 0.114605 0.130793 0.14784 0.165571 0.183785 0.202267 0.220791 0.239125 0.257042 0.274321 0.290755 0.306155 0.320348 0.333187 0.344544 0.354314 0.362413 0.368775 0.373351 0.37611 0.377031 0.37611 0.373351 0.368775 0.362413 0.354314 0.344544 0.333187 0.320348 0.306155 0.290755 0.274321 0.257042 0.239125 0.220791 0.202267 0.183785 0.165571 0.14784 0.130793 0.114605 0.0994274 0.0853762 0.0725359 0.0609555 0.0506501 0.041603 0.0337692 0.02708 0.0214486 0.0167752 0.0129525 0.00987114 0.00742383 0.0055088 0.00403261 0.00291174 0.00207348 0.00145606 0.0010082 0.000688284 0.000463251 0.000307391 0.000201111 0.00012979 8.27328e-05 5.22914e-05 3.31322e-05 2.16647e-05 1.56145e-05 
1.80294e-05 2.04785e-05 2.83364e-05 4.32046e-05 6.79889e-05 0.000107263 0.000167798 0.000259266 0.000395131 0.000593723 0.000879479 0.0012843 0.00184899 0.0026246 0.00367364 0.00507089 0.00690371 0.00927163 0.012285 0.0160626 0.0207283 0.0264065 0.0332167 0.0412676 0.0506501 0.0614319 0.0736508 0.0873105 0.102377 0.118776 0.136395 0.155083 0.174658 0.194906 0.215594 0.236474 0.25729 0.277788 0.29772 0.31685 0.334962 0.351861 0.367374 0.381356 0.393683 0.404257 0.413 0.419855 0.424779 0.427743 0.428733 0.427743 0.424779 0.419855 0.413 0.404257 0.393683 0.381356 0.367374 0.351861 0.334962 0.31685 0.29772 0.277788 0.25729 0.236474 0.215594 0.194906 0.174658 0.155083 0.136395 0.118776 0.102377 0.0873105 0.0736508 0.0614319 0.0506501 0.0412676 0.0332167 0.0264065 0.0207283 0.0160626 0.012285 0.00927163 0.00690371 0.00507089 0.00367364 0.0026246 0.00184899 0.0012843 0.000879479 0.000593723 0.000395131 0.000259266 0.000167798 0.000107263 6.79889e-05 4.32046e-05 2.83364e-05 2.04785e-05 
2.33932e-05 2.65396e-05 3.66253e-05 5.5677e-05 8.7363e-05 0.000137442 0.000214409 0.000330352 0.000502026 0.000752137 0.00111081 0.00161716 0.00232093 0.00328401 0.00458167 0.00630332 0.00855263 0.0114466 0.0151139 0.0196912 0.0253194 0.0321375 0.0402765 0.0498516 0.0609555 0.0736508 0.087964 0.10388 0.121342 0.140244 0.16044 0.181743 0.20393 0.226752 0.249939 0.273211 0.296285 0.318884 0.340743 0.361618 0.381287 0.399555 0.416254 0.431246 0.444418 0.455682 0.464971 0.472238 0.477449 0.480584 0.48163 0.480584 0.477449 0.472238 0.464971 0.455682 0.444418 0.431246 0.416254 0.399555 0.381287 0.361618 0.340743 0.318884 0.296285 0.273211 0.249939 0.226752 0.20393 0.181743 0.16044 0.140244 0.121342 0.10388 0.087964 0.0736508 0.0609555 0.0498516 0.0402765 0.0321375 0.0253194 0.0196912 0.0151139 0.0114466 0.00855263 0.00630332 0.00458167 0.00328401 0.00232093 0.00161716 0.00111081 0.000752137 0.000502026 0.000330352 0.000214409 0.000137442 8.7363e-05 5.5677e-05 3.66253e-05 2.65396e-05 
2.99951e-05 3.39902e-05 4.67851e-05 7.09141e-05 0.000110956 0.000174076 0.000270812 0.000416096 0.00063054 0.000941946 0.00138701 0.00201316 0.00288034 0.00406266 0.0056497 0.00774707 0.0104763 0.0139732 0.0183856 0.023869 0.0305809 0.0386744 0.0482898 0.0595468 0.0725359 0.0873105 0.10388 0.122208 0.142204 0.163729 0.186598 0.210582 0.235418 0.260815 0.286469 0.312068 0.337304 0.361881 0.385524 0.407983 0.429037 0.448497 0.466206 0.482039 0.495898 0.50771 0.517424 0.525006 0.530434 0.533695 0.534782 0.533695 0.530434 0.525006 0.517424 0.50771 0.495898 0.482039 0.466206 0.448497 0.429037 0.407983 0.385524 0.361881 0.337304 0.312068 0.286469 0.260815 0.235418 0.210582 0.186598 0.163729 0.142204 0.122208 0.10388 0.0873105 0.0725359 0.0595468 0.0482898 0.0386744 0.0305809 0.023869 0.0183856 0.0139732 0.0104763 0.00774707 0.0056497 0.00406266 0.00288034 0.00201316 0.00138701 0.000941946 0.00063054 0.000416096 0.000270812 0.000174076 0.000110956 7.09141e-05 4.67851e-05 3.39902e-05 
3.80105e-05 4.30248e-05 5.90699e-05 8.9279e-05 0.000139301 0.000217955 0.000338158 0.000518153 0.000783008 0.00116638 0.00171249 0.00247814 0.00353477 0.00497014 0.00688958 0.00941639 0.0126912 0.01687 0.0221203 0.0286163 0.036532 0.0460326 0.0572659 0.0703524 0.0853762 0.102377 0.121342 0.142204 0.164838 0.189066 0.214658 0.241339 0.268803 0.29672 0.324751 0.352553 0.379797 0.406175 0.431405 0.455237 0.477459 0.497894 0.516402 0.532875 0.547238 0.559436 0.569437 0.577224 0.582788 0.586126 0.587239 0.586126 0.582788 0.577224 0.569437 0.559436 0.547238 0.532875 0.516402 0.497894 0.477459 0.455237 0.431405 0.406175 0.379797 0.352553 0.324751 0.29672 0.268803 0.241339 0.214658 0.189066 0.164838 0.142204 0.121342 0.102377 0.0853762 0.0703524 0.0572659 0.0460326 0.036532 0.0286163 0.0221203 0.01687 0.0126912 0.00941639 0.00688958 0.00497014 0.00353477 0.00247814 0.00171249 0.00116638 0.000783008 0.000518153 0.000338158 0.000217955 0.000139301 8.9279e-05 5.90699e-05 4.30248e-05 
4.76088e-05 5.38306e-05 7.37225e-05 0.000111115 0.0001729 0.000269807 0.000417501 0.000638017 0.000961509 0.00142828 0.00209099 0.00301699 0.00429042 0.00601404 0.00831033 0.0113216 0.0152087 0.0201484 0.0263284 0.0339414 0.0431761 0.0542083 0.06719 0.0822387 0.0994274 0.118776 0.140244 0.163729 0.189066 0.21603 0.244343 0.273684 0.303702 0.334028 0.364287 0.394114 0.423161 0.451112 0.477686 0.50264 0.525777 0.546939 0.566008 0.582901 0.597566 0.609975 0.620116 0.62799 0.633606 0.63697 0.638091 0.63697 0.633606 0.62799 0.620116 0.609975 0.597566 0.582901 0.566008 0.546939 0.525777 0.50264 0.477686 0.451112 0.423161 0.394114 0.364287 0.334028 0.303702 0.273684 0.244343 0.21603 0.189066 0.163729 0.140244 0.118776 0.0994274 0.0822387 0.06719 0.0542083 0.0431761 0.0339414 0.0263284 0.0201484 0.0152087 0.0113216 0.00831033 0.00601404 0.00429042 0.00301699 0.00209099 0.00142828 0.000961509 0.000638017 0.000417501 0.000269807 0.0001729 0.000111115 7.37225e-05 5.38306e-05 
5.89441e-05 6.65771e-05 9.09603e-05 0.000136725 0.000212187 0.000330258 0.000509728 0.000776923 0.00116772 0.00172986 0.0025254 0.00363329 0.0051516 0.00719933 0.00991733 0.013468 0.0180333 0.0238112 0.0310094 0.039838 0.0504991 0.0631762 0.0780218 0.095146 0.114605 0.136395 0.16044 0.186598 0.214658 0.244343 0.275326 0.307238 0.339682 0.372252 0.404542 0.436165 0.466765 0.496022 0.523661 0.549457 0.573231 0.594852 0.61423 0.631311 0.646071 0.65851 0.66864 0.676483 0.682064 0.685403 0.686515 0.685403 0.682064 0.676483 0.66864 0.65851 0.646071 0.631311 0.61423 0.594852 0.573231 0.549457 0.523661 0.496022 0.466765 0.436165 0.404542 0.372252 0.339682 0.307238 0.275326 0.244343 0.214658 0.186598 0.16044 0.136395 0.114605 0.095146 0.0780218 0.0631762 0.0504991 0.039838 0.0310094 0.0238112 0.0180333 0.013468 0.00991733 0.00719933 0.0051516 0.00363329 0.0025254 0.00172986 0.00116772 0.000776923 0.000509728 0.000330258 0.000212187 0.000136725 9.09603e-05 6.65771e-05 
7.21443e-05 8.14039e-05 0.00011096 0.000166349 0.0002575 0.000399782 0.000615488 0.000935741 0.00140278 0.00207254 0.00301741 0.00432894 0.00612025 0.0085277 0.0117116 0.0158551 0.021162 0.0278513 0.0361503 0.0462848 0.0584683 0.0728885 0.0896947 0.108985 0.130793 0.155083 0.181743 0.210582 0.241339 0.273684 0.307238 0.341582 0.376276 0.410878 0.444958 0.478112 0.50998 0.540246 0.568652 0.594991 0.619114 0.64092 0.660351 0.677388 0.692038 0.70433 0.714303 0.722001 0.727465 0.73073 0.731815 0.73073 0.727465 0.722001 0.714303 0.70433 0.692038 0.677388 0.660351 0.64092 0.619114 0.594991 0.568652 0.540246 0.50998 0.478112 0.444958 0.410878 0.376276 0.341582 0.307238 0.273684 0.241339 0.210582 0.181743 0.155083 0.130793 0.108985 0.0896947 0.0728885 0.0584683 0.0462848 0.0361503 0.0278513 0.021162 0.0158551 0.0117116 0.0085277 0.00612025 0.00432894 0.00301741 0.00207254 0.00140278 0.000935741 0.000615488 0.000399782 0.0002575 0.000166349 0.00011096 8.14039e-05 
8.72994e-05 9.84084e-05 0.000133839 0.000200144 0.000309045 0.000478645 0.00073512 0.00111488 0.00166712 0.00245674 0.00356727 0.00510385 0.00719557 0.00999711 0.0136889 0.0184759 0.0245833 0.032251 0.0417246 0.0532442 0.0670314 0.083275 0.102116 0.123635 0.14784 0.174658 0.20393 0.235418 0.268803 0.303702 0.339682 0.376276 0.413004 0.44939 0.484986 0.519379 0.552209 0.583174 0.612037 0.638618 0.662802 0.684523 0.703761 0.720533 0.73488 0.746861 0.756542 0.76399 0.769263 0.772408 0.773452 0.772408 0.769263 0.76399 0.756542 0.746861 0.73488 0.720533 0.703761 0.684523 0.662802 0.638618 0.612037 0.583174 0.552209 0.519379 0.484986 0.44939 0.413004 0.376276 0.339682 0.303702 0.268803 0.235418 0.20393 0.174658 0.14784 0.123635 0.102116 0.083275 0.0670314 0.0532442 0.0417246 0.032251 0.0245833 0.0184759 0.0136889 0.00999711 0.00719557 0.00510385 0.00356727 0.00245674 0.00166712 0.00111488 0.00073512 0.000478645 0.000309045 0.000200144 0.000133839 9.84084e-05 
0.000104451 0.000117632 0.000159643 0.000238153 0.000366861 0.000566866 0.000868585 0.00131417 0.00196038 0.00288169 0.0041736 0.00595559 0.00837358 0.0116013 0.0158399 0.021316 0.0282764 0.0369811 0.0476924 0.0606623 0.0761176 0.0942439 0.11517 0.138954 0.165571 0.194906 0.226752 0.260815 0.29672 0.334028 0.372252 0.410878 0.44939 0.487287 0.524105 0.559429 0.592909 0.624261 0.653275 0.679808 0.703779 0.725164 0.743983 0.760288 0.774159 0.785683 0.794955 0.802062 0.80708 0.810066 0.811058 0.810066 0.80708 0.802062 0.794955 0.785683 0.774159 0.760288 0.743983 0.725164 0.703779 0.679808 0.653275 0.624261 0.592909 0.559429 0.524105 0.487287 0.44939 0.410878 0.372252 0.334028 0.29672 0.260815 0.226752 0.194906 0.165571 0.138954 0.11517 0.0942439 0.0761176 0.0606623 0.0476924 0.0369811 0.0282764 0.021316 0.0158399 0.0116013 0.00837358 0.00595559 0.0041736 0.00288169 0.00196038 0.00131417 0.000868585 0.000566866 0.000366861 0.000238153 0.000159643 0.000117632 
0.000123578 0.000139051 0.000188327 0.000280293 0.000430792 0.000664168 0.00101541 0.00153283 0.00228124 0.00334532 0.00483314 0.00687922 0.0096469 0.0133294 0.018149 0.0243538 0.0322118 0.0420015 0.0540003 0.0684696 0.0856378 0.105684 0.128719 0.154773 0.183785 0.215594 0.249939 0.286469 0.324751 0.364287 0.404542 0.444958 0.484986 0.524105 0.561843 0.59779 0.631612 0.663051 0.691929 0.718143 0.741653 0.762478 0.780678 0.796346 0.809593 0.820541 0.829307 0.835999 0.84071 0.843508 0.844436 0.843508 0.84071 0.835999 0.829307 0.820541 0.809593 0.796346 0.780678 0.762478 0.741653 0.718143 0.691929 0.663051 0.631612 0.59779 0.561843 0.524105 0.484986 0.444958 0.404542 0.364287 0.324751 0.286469 0.249939 0.215594 0.183785 0.154773 0.128719 0.105684 0.0856378 0.0684696 0.0540003 0.0420015 0.0322118 0.0243538 0.018149 0.0133294 0.0096469 0.00687922 0.00483314 0.00334532 0.00228124 0.00153283 0.00101541 0.000664168 0.000430792 0.000280293 0.000188327 0.000139051 
0.000144594 0.000162561 0.000219745 0.000326334 0.000500467 0.000769948 0.00117462 0.00176935 0.00262739 0.00384413 0.00554071 0.00786716 0.0110047 0.0151662 0.020595 0.0275604 0.0363504 0.0472611 0.0605824 0.0765821 0.0954871 0.117465 0.142606 0.170908 0.202267 0.236474 0.273211 0.312068 0.352553 0.394114 0.436165 0.478112 0.519379 0.559429 0.59779 0.634064 0.667938 0.699187 0.72767 0.753327 0.776162 0.796237 0.813655 0.828546 0.841055 0.851333 0.85952 0.865745 0.870111 0.872699 0.873556 0.872699 0.870111 0.865745 0.85952 0.851333 0.841055 0.828546 0.813655 0.796237 0.776162 0.753327 0.72767 0.699187 0.667938 0.634064 0.59779 0.559429 0.519379 0.478112 0.436165 0.394114 0.352553 0.312068 0.273211 0.236474 0.202267 0.170908 0.142606 0.117465 0.0954871 0.0765821 0.0605824 0.0472611 0.0363504 0.0275604 0.020595 0.0151662 0.0110047 0.00786716 0.00554071 0.00384413 0.00262739 0.00176935 0.00117462 0.000769948 0.000500467 0.000326334 0.000219745 0.000162561 
0.000167333 0.000187978 0.000253639 0.000375886 0.000575277 0.00088326 0.00134478 0.00202149 0.00299549 0.00437318 0.00628913 0.00890917 0.0124325 0.0170918 0.023151 0.0308999 0.0406453 0.0526989 0.0673612 0.0849034 0.105547 0.129445 0.156662 0.18716 0.220791 0.25729 0.296285 0.337304 0.379797 0.423161 0.466765 0.50998 0.552209 0.592909 0.631612 0.667938 0.701603 0.732417 0.760283 0.785183 0.807169 0.826345 0.842856 0.856868 0.868559 0.878103 0.885664 0.891386 0.895385 0.897749 0.898531 0.897749 0.895385 0.891386 0.885664 0.878103 0.868559 0.856868 0.842856 0.826345 0.807169 0.785183 0.760283 0.732417 0.701603 0.667938 0.631612 0.592909 0.552209 0.50998 0.466765 0.423161 0.379797 0.337304 0.296285 0.25729 0.220791 0.18716 0.156662 0.129445 0.105547 0.0849034 0.0673612 0.0526989 0.0406453 0.0308999 0.023151 0.0170918 0.0124325 0.00890917 0.00628913 0.00437318 0.00299549 0.00202149 0.00134478 0.00088326 0.000575277 0.000375886 0.000253639 0.000187978 
