0.00163258 0.00165379 0.00171762 0.00182467 0.00197591 0.00217268 0.00241667 0.00270983 0.00305441 0.00345283 0.00390768 0.00442163 0.00499734 0.00563744 0.00634441 0.00712051 0.00796769 0.00888752 0.00988109 0.010949 0.012091 0.0133066 0.014594 0.0159509 0.0173742 0.0188598 0.0204026 0.0219967 0.0236354 0.0253108 0.0270146 0.0287374 0.0304691 0.0321993 0.0339166 0.0356097 0.0372667 0.0388755 0.0404243 0.0419012 0.0432946 0.0445933 0.0457867 0.046865 0.0478191 0.0486409 0.0493232 0.0498602 0.0502472 0.0504807 0.0505588 0.0504807 0.0502472 0.0498602 0.0493232 0.0486409 0.0478191 0.046865 0.0457867 0.0445933 0.0432946 0.0419012 0.0404243 0.0388755 0.0372667 0.0356097 0.0339166 0.0321993 0.0304691 0.0287374 0.0270146 0.0253108 0.0236354 0.0219967 0.0204026 0.0188598 0.0173742 0.0159509 0.014594 0.0133066 0.012091 0.010949 0.00988109 0.00888752 0.00796769 0.00712051 0.00634441 0.00563744 0.00499734 0.00442163 0.00390768 0.00345283 0.00305441 0.00270983 0.00241667 0.00217268 0.00197591 0.00182467 0.00171762 0.00165379 
0.00165379 0.00167525 0.00173984 0.00184816 0.0020012 0.0022003 0.00244715 0.00274375 0.00309235 0.00349539 0.00395549 0.00447532 0.00505759 0.00570493 0.00641983 0.00720458 0.00806112 0.00899104 0.00999542 0.0110748 0.0122291 0.0134576 0.0147586 0.0161297 0.0175678 0.0190686 0.0206272 0.0222375 0.0238926 0.0255848 0.0273054 0.0290452 0.0307938 0.0325408 0.0342747 0.035984 0.0376568 0.0392809 0.0408443 0.042335 0.0437414 0.0450522 0.0462567 0.0473449 0.0483078 0.0491371 0.0498257 0.0503676 0.0507581 0.0509938 0.0510726 0.0509938 0.0507581 0.0503676 0.0498257 0.0491371 0.0483078 0.0473449 0.0462567 0.0450522 0.0437414 0.042335 0.0408443 0.0392809 0.0376568 0.035984 0.0342747 0.0325408 0.0307938 0.0290452 0.0273054 0.0255848 0.0238926 0.0222375 0.0206272 0.0190686 0.0175678 0.0161297 0.0147586 0.0134576 0.0122291 0.0110748 0.00999542 0.00899104 0.00806112 0.00720458 0.00641983 0.00570493 0.00505759 0.00447532 0.00395549 0.00349539 0.00309235 0.00274375 0.00244715 0.0022003 0.0020012 0.00184816 0.00173984 0.00167525 
0.00171762 0.00173984 0.00180672 0.00191886 0.00207729 0.00228338 0.00253887 0.0028458 0.00320648 0.00362342 0.00409929 0.00463683 0.00523879 0.00590788 0.00664663 0.00745735 0.00834204 0.00930227 0.0103391 0.0114532 0.0126443 0.0139115 0.0152532 0.016667 0.0181494 0.0196962 0.0213021 0.0229609 0.0246655 0.0264079 0.0281793 0.0299699 0.0317694 0.0335667 0.0353504 0.0371084 0.0388286 0.0404984 0.0421056 0.0436379 0.0450833 0.0464303 0.047668 0.0487861 0.0497753 0.0506272 0.0513345 0.0518912 0.0522923 0.0525343 0.0526153 0.0525343 0.0522923 0.0518912 0.0513345 0.0506272 0.0497753 0.0487861 0.047668 0.0464303 0.0450833 0.0436379 0.0421056 0.0404984 0.0388286 0.0371084 0.0353504 0.0335667 0.0317694 0.0299699 0.0281793 0.0264079 0.0246655 0.0229609 0.0213021 0.0196962 0.0181494 0.016667 0.0152532 0.0139115 0.0126443 0.0114532 0.0103391 0.00930227 0.00834204 0.00745735 0.00664663 0.00590788 0.00523879 0.00463683 0.00409929 0.00362342 0.00320648 0.0028458 0.00253887 0.00228338 0.00207729 0.00191886 0.00180672 0.00173984 
0.00182467 0.00184816 0.00191886 0.00203741 0.00220486 0.00242266 0.00269261 0.00301684 0.00339774 0.00383794 0.00434019 0.00490735 0.00554227 0.00624773 0.00702637 0.00788054 0.00881229 0.00982321 0.0109144 0.0120863 0.0133388 0.0146709 0.0160808 0.0175657 0.0191223 0.0207457 0.0224306 0.0241704 0.0259577 0.0277839 0.0296399 0.0315154 0.0333997 0.0352811 0.0371478 0.038987 0.0407862 0.0425324 0.0442126 0.0458142 0.0473247 0.0487321 0.050025 0.0511929 0.052226 0.0531156 0.0538541 0.0544353 0.054854 0.0551067 0.0551912 0.0551067 0.054854 0.0544353 0.0538541 0.0531156 0.052226 0.0511929 0.050025 0.0487321 0.0473247 0.0458142 0.0442126 0.0425324 0.0407862 0.038987 0.0371478 0.0352811 0.0333997 0.0315154 0.0296399 0.0277839 0.0259577 0.0241704 0.0224306 0.0207457 0.0191223 0.0175657 0.0160808 0.0146709 0.0133388 0.0120863 0.0109144 0.00982321 0.00881229 0.00788054 0.00702637 0.00624773 0.00554227 0.00490735 0.00434019 0.00383794 0.00339774 0.00301684 0.00269261 0.00242266 0.00220486 0.00203741 0.00191886 0.00184816 
0.00197591 0.0020012 0.00207729 0.00220486 0.00238503 0.00261932 0.00290965 0.00325824 0.00366764 0.00414059 0.00468001 0.00528888 0.0059702 0.00672687 0.00756164 0.00847695 0.0094749 0.0105571 0.0117247 0.012978 0.0143169 0.0157401 0.0172456 0.0188306 0.0204912 0.0222223 0.0240182 0.0258716 0.0277748 0.0297187 0.0316933 0.033688 0.0356911 0.0376905 0.0396734 0.0416265 0.0435365 0.0453895 0.0471721 0.0488708 0.0504724 0.0519643 0.0533347 0.0545722 0.0556667 0.0566091 0.0573913 0.0580068 0.0584503 0.0587179 0.0588073 0.0587179 0.0584503 0.0580068 0.0573913 0.0566091 0.0556667 0.0545722 0.0533347 0.0519643 0.0504724 0.0488708 0.0471721 0.0453895 0.0435365 0.0416265 0.0396734 0.0376905 0.0356911 0.033688 0.0316933 0.0297187 0.0277748 0.0258716 0.0240182 0.0222223 0.0204912 0.0188306 0.0172456 0.0157401 0.0143169 0.012978 0.0117247 0.0105571 0.0094749 0.00847695 0.00756164 0.00672687 0.0059702 0.00528888 0.00468001 0.00414059 0.00366764 0.00325824 0.00290965 0.00261932 0.00238503 0.00220486 0.00207729 0.0020012 
0.00217268 0.0022003 0.00228338 0.00242266 0.00261932 0.00287501 0.00319175 0.00357193 0.00401826 0.00453367 0.00512123 0.00578414 0.00652555 0.00734853 0.00825595 0.00925038 0.010334 0.0115084 0.0127748 0.0141334 0.0155838 0.0171247 0.0187539 0.020468 0.0222629 0.024133 0.026072 0.0280721 0.0301248 0.0322203 0.0343479 0.0364961 0.0386523 0.0408036 0.0429362 0.0450359 0.0470884 0.049079 0.0509932 0.0528167 0.0545355 0.0561362 0.057606 0.0589331 0.0601066 0.0611168 0.0619552 0.0626148 0.06309 0.0633768 0.0634726 0.0633768 0.06309 0.0626148 0.0619552 0.0611168 0.0601066 0.0589331 0.057606 0.0561362 0.0545355 0.0528167 0.0509932 0.049079 0.0470884 0.0450359 0.0429362 0.0408036 0.0386523 0.0364961 0.0343479 0.0322203 0.0301248 0.0280721 0.026072 0.024133 0.0222629 0.020468 0.0187539 0.0171247 0.0155838 0.0141334 0.0127748 0.0115084 0.010334 0.00925038 0.00825595 0.00734853 0.00652555 0.00578414 0.00512123 0.00453367 0.00401826 0.00357193 0.00319175 0.00287501 0.00261932 0.00242266 0.00228338 0.0022003 
0.00241667 0.00244715 0.00253887 0.00269261 0.00290965 0.00319175 0.0035411 0.00396029 0.0044522 0.00501998 0.00566695 0.00639649 0.00721199 0.00811671 0.00911366 0.0102056 0.0113946 0.0126826 0.0140705 0.0155586 0.0171462 0.0188318 0.0206129 0.0224858 0.0244456 0.0264864 0.0286009 0.030781 0.033017 0.0352984 0.0376136 0.0399498 0.0422936 0.0446309 0.0469467 0.0492258 0.0514527 0.0536115 0.0556868 0.0576629 0.059525 0.0612586 0.0628499 0.0642864 0.0655564 0.0666494 0.0675564 0.0682699 0.0687838 0.069094 0.0691976 0.069094 0.0687838 0.0682699 0.0675564 0.0666494 0.0655564 0.0642864 0.0628499 0.0612586 0.059525 0.0576629 0.0556868 0.0536115 0.0514527 0.0492258 0.0469467 0.0446309 0.0422936 0.0399498 0.0376136 0.0352984 0.033017 0.030781 0.0286009 0.0264864 0.0244456 0.0224858 0.0206129 0.0188318 0.0171462 0.0155586 0.0140705 0.0126826 0.0113946 0.0102056 0.00911366 0.00811671 0.00721199 0.00639649 0.00566695 0.00501998 0.0044522 0.00396029 0.0035411 0.00319175 0.00290965 0.00269261 0.00253887 0.00244715 
0.00270983 0.00274375 0.0028458 0.00301684 0.00325824 0.00357193 0.00396029 0.00442609 0.00497248 0.00560285 0.00632077 0.00712989 0.00803383 0.00903607 0.0101398 0.0113479 0.0126628 0.014086 0.0156187 0.0172609 0.0190118 0.0208696 0.0228313 0.0248928 0.0270486 0.029292 0.0316152 0.0340087 0.0364623 0.0389641 0.0415015 0.0440605 0.0466266 0.049184 0.0517168 0.0542082 0.0566413 0.0589991 0.0612647 0.0634213 0.0654526 0.0673431 0.0690781 0.0706438 0.0720276 0.0732184 0.0742064 0.0749834 0.0755432 0.0758809 0.0759937 0.0758809 0.0755432 0.0749834 0.0742064 0.0732184 0.0720276 0.0706438 0.0690781 0.0673431 0.0654526 0.0634213 0.0612647 0.0589991 0.0566413 0.0542082 0.0517168 0.049184 0.0466266 0.0440605 0.0415015 0.0389641 0.0364623 0.0340087 0.0316152 0.029292 0.0270486 0.0248928 0.0228313 0.0208696 0.0190118 0.0172609 0.0156187 0.014086 0.0126628 0.0113479 0.0101398 0.00903607 0.00803383 0.00712989 0.00632077 0.00560285 0.00497248 0.00442609 0.00396029 0.00357193 0.00325824 0.00301684 0.0028458 0.00274375 
0.00305441 0.00309235 0.00320648 0.00339774 0.00366764 0.00401826 0.0044522 0.00497248 0.00558251 0.00628597 0.00708673 0.00798872 0.00899584 0.0101118 0.0113401 0.0126836 0.0141449 0.0157256 0.0174267 0.0192482 0.021189 0.0232469 0.0254185 0.0276989 0.0300821 0.0325606 0.0351255 0.0377665 0.0404721 0.0432292 0.0460237 0.0488406 0.0516635 0.0544755 0.0572588 0.0599954 0.0626667 0.0652542 0.0677394 0.070104 0.0723306 0.074402 0.0763025 0.078017 0.079532 0.0808354 0.0819167 0.082767 0.0833793 0.0837488 0.0838723 0.0837488 0.0833793 0.082767 0.0819167 0.0808354 0.079532 0.078017 0.0763025 0.074402 0.0723306 0.070104 0.0677394 0.0652542 0.0626667 0.0599954 0.0572588 0.0544755 0.0516635 0.0488406 0.0460237 0.0432292 0.0404721 0.0377665 0.0351255 0.0325606 0.0300821 0.0276989 0.0254185 0.0232469 0.021189 0.0192482 0.0174267 0.0157256 0.0141449 0.0126836 0.0113401 0.0101118 0.00899584 0.00798872 0.00708673 0.00628597 0.00558251 0.00497248 0.0044522 0.00401826 0.00366764 0.00339774 0.00320648 0.00309235 
0.00345283 0.00349539 0.00362342 0.00383794 0.00414059 0.00453367 0.00501998 0.00560285 0.00628597 0.00707335 0.00796918 0.00897772 0.0101032 0.0113495 0.0127204 0.0142191 0.015848 0.0176089 0.0195026 0.0215291 0.0236868 0.0259731 0.0283841 0.0309143 0.0335568 0.0363032 0.0391434 0.0420661 0.0450582 0.0481055 0.0511924 0.0543021 0.0574168 0.0605176 0.0635853 0.0665999 0.0695412 0.0723888 0.0751227 0.077723 0.0801704 0.0824467 0.0845343 0.0864172 0.0880805 0.0895112 0.0906979 0.0916309 0.0923028 0.0927081 0.0928436 0.0927081 0.0923028 0.0916309 0.0906979 0.0895112 0.0880805 0.0864172 0.0845343 0.0824467 0.0801704 0.077723 0.0751227 0.0723888 0.0695412 0.0665999 0.0635853 0.0605176 0.0574168 0.0543021 0.0511924 0.0481055 0.0450582 0.0420661 0.0391434 0.0363032 0.0335568 0.0309143 0.0283841 0.0259731 0.0236868 0.0215291 0.0195026 0.0176089 0.015848 0.0142191 0.0127204 0.0113495 0.0101032 0.00897772 0.00796918 0.00707335 0.00628597 0.00560285 0.00501998 0.00453367 0.00414059 0.00383794 0.00362342 0.00349539 
0.00390768 0.00395549 0.00409929 0.00434019 0.00468001 0.00512123 0.00566695 0.00632077 0.00708673 0.00796918 0.00897267 0.0101018 0.0113612 0.012755 0.0142871 0.015961 0.0177791 0.0197434 0.0218545 0.0241119 0.026514 0.0290576 0.0317381 0.0345493 0.0374832 0.0405305 0.0436799 0.0469186 0.0502323 0.053605 0.0570194 0.060457 0.0638981 0.0673221 0.0707077 0.074033 0.0772758 0.0804139 0.0834254 0.0862885 0.0889824 0.0914869 0.0937831 0.0958535 0.0976821 0.0992546 0.100559 0.101584 0.102322 0.102767 0.102916 0.102767 0.102322 0.101584 0.100559 0.0992546 0.0976821 0.0958535 0.0937831 0.0914869 0.0889824 0.0862885 0.0834254 0.0804139 0.0772758 0.074033 0.0707077 0.0673221 0.0638981 0.060457 0.0570194 0.053605 0.0502323 0.0469186 0.0436799 0.0405305 0.0374832 0.0345493 0.0317381 0.0290576 0.026514 0.0241119 0.0218545 0.0197434 0.0177791 0.015961 0.0142871 0.012755 0.0113612 0.0101018 0.00897267 0.00796918 0.00708673 0.00632077 0.00566695 0.00512123 0.00468001 0.00434019 0.00409929 0.00395549 
0.00442163 0.00447532 0.00463683 0.00490735 0.00528888 0.00578414 0.00639649 0.00712989 0.00798872 0.00897772 0.0101018 0.011366 0.0127752 0.0143339 0.0160463 0.017916 0.0199456 0.0221368 0.0244903 0.0270052 0.0296796 0.0325097 0.03549 0.0386136 0.0418715 0.0452529 0.0487455 0.0523348 0.0560049 0.059738 0.0635151 0.0673156 0.0711178 0.074899 0.0786358 0.0823041 0.0858798 0.0893384 0.0926559 0.0958087 0.098774 0.10153 0.104056 0.106333 0.108343 0.110072 0.111505 0.112631 0.113442 0.113931 0.114095 0.113931 0.113442 0.112631 0.111505 0.110072 0.108343 0.106333 0.104056 0.10153 0.098774 0.0958087 0.0926559 0.0893384 0.0858798 0.0823041 0.0786358 0.074899 0.0711178 0.0673156 0.0635151 0.059738 0.0560049 0.0523348 0.0487455 0.0452529 0.0418715 0.0386136 0.03549 0.0325097 0.0296796 0.0270052 0.0244903 0.0221368 0.0199456 0.017916 0.0160463 0.0143339 0.0127752 0.011366 0.0101018 0.00897772 0.00798872 0.00712989 0.00639649 0.00578414 0.00528888 0.00490735 0.00463683 0.00447532 
0.00499734 0.00505759 0.00523879 0.00554227 0.0059702 0.00652555 0.00721199 0.00803383 0.00899584 0.0101032 0.0113612 0.0127752 0.0143505 0.016092 0.0180042 0.0200906 0.022354 0.0247962 0.0274175 0.0302169 0.0331917 0.0363377 0.0396485 0.0431162 0.0467306 0.0504797 0.0543494 0.0583239 0.0623852 0.0665138 0.0706884 0.0748865 0.0790841 0.0832561 0.087377 0.0914203 0.0953596 0.0991681 0.10282 0.106288 0.10955 0.11258 0.115356 0.117857 0.120066 0.121964 0.123537 0.124774 0.125664 0.126201 0.126381 0.126201 0.125664 0.124774 0.123537 0.121964 0.120066 0.117857 0.115356 0.11258 0.10955 0.106288 0.10282 0.0991681 0.0953596 0.0914203 0.087377 0.0832561 0.0790841 0.0748865 0.0706884 0.0665138 0.0623852 0.0583239 0.0543494 0.0504797 0.0467306 0.0431162 0.0396485 0.0363377 0.0331917 0.0302169 0.0274175 0.0247962 0.022354 0.0200906 0.0180042 0.016092 0.0143505 0.0127752 0.0113612 0.0101032 0.00899584 0.00803383 0.00721199 0.00652555 0.0059702 0.00554227 0.00523879 0.00505759 
0.00563744 0.00570493 0.00590788 0.00624773 0.00672687 0.00734853 0.00811671 0.00903607 0.0101118 0.0113495 0.012755 0.0143339 0.016092 0.0180346 0.0201661 0.0224906 0.0250107 0.0277281 0.030643 0.0337539 0.0370576 0.040549 0.0442211 0.0480646 0.0520681 0.0562182 0.060499 0.0648929 0.0693801 0.0739388 0.0785455 0.0831754 0.0878021 0.0923982 0.0969354 0.101385 0.105718 0.109905 0.113918 0.117728 0.121309 0.124635 0.127681 0.130426 0.132847 0.134929 0.136654 0.138009 0.138985 0.139573 0.13977 0.139573 0.138985 0.138009 0.136654 0.134929 0.132847 0.130426 0.127681 0.124635 0.121309 0.117728 0.113918 0.109905 0.105718 0.101385 0.0969354 0.0923982 0.0878021 0.0831754 0.0785455 0.0739388 0.0693801 0.0648929 0.060499 0.0562182 0.0520681 0.0480646 0.0442211 0.040549 0.0370576 0.0337539 0.030643 0.0277281 0.0250107 0.0224906 0.0201661 0.0180346 0.016092 0.0143339 0.012755 0.0113495 0.0101118 0.00903607 0.00811671 0.00734853 0.00672687 0.00624773 0.00590788 0.00570493 
0.00634441 0.00641983 0.00664663 0.00702637 0.00756164 0.00825595 0.00911366 0.0101398 0.0113401 0.0127204 0.0142871 0.0160463 0.0180042 0.0201661 0.0225371 0.0251211 0.0279209 0.030938 0.0341724 0.037622 0.041283 0.0451497 0.0492136 0.0534646 0.0578897 0.0624738 0.0671993 0.0720466 0.0769937 0.0820166 0.0870894 0.0921847 0.0972736 0.102326 0.107311 0.112197 0.116953 0.121547 0.125947 0.130124 0.134047 0.13769 0.141026 0.14403 0.14668 0.148957 0.150844 0.152327 0.153394 0.154037 0.154252 0.154037 0.153394 0.152327 0.150844 0.148957 0.14668 0.14403 0.141026 0.13769 0.134047 0.130124 0.125947 0.121547 0.116953 0.112197 0.107311 0.102326 0.0972736 0.0921847 0.0870894 0.0820166 0.0769937 0.0720466 0.0671993 0.0624738 0.0578897 0.0534646 0.0492136 0.0451497 0.041283 0.037622 0.0341724 0.030938 0.0279209 0.0251211 0.0225371 0.0201661 0.0180042 0.0160463 0.0142871 0.0127204 0.0113401 0.0101398 0.00911366 0.00825595 0.00756164 0.00702637 0.00664663 0.00641983 
0.00712051 0.00720458 0.00745735 0.00788054 0.00847695 0.00925038 0.0102056 0.0113479 0.0126836 0.0142191 0.015961 0.017916 0.0200906 0.0224906 0.0251211 0.0279863 0.0310889 0.0344302 0.0380099 0.0418254 0.0458722 0.0501434 0.0546298 0.0593195 0.0641982 0.069249 0.0744523 0.0797863 0.0852268 0.0907472 0.0963191 0.101912 0.107496 0.113036 0.118499 0.123851 0.129058 0.134084 0.138897 0.143464 0.147752 0.151732 0.155375 0.158655 0.161548 0.164033 0.166092 0.167709 0.168873 0.169575 0.16981 0.169575 0.168873 0.167709 0.166092 0.164033 0.161548 0.158655 0.155375 0.151732 0.147752 0.143464 0.138897 0.134084 0.129058 0.123851 0.118499 0.113036 0.107496 0.101912 0.0963191 0.0907472 0.0852268 0.0797863 0.0744523 0.069249 0.0641982 0.0593195 0.0546298 0.0501434 0.0458722 0.0418254 0.0380099 0.0344302 0.0310889 0.0279863 0.0251211 0.0224906 0.0200906 0.017916 0.015961 0.0142191 0.0126836 0.0113479 0.0102056 0.00925038 0.00847695 0.00788054 0.00745735 0.00720458 
0.00796769 0.00806112 0.00834204 0.00881229 0.0094749 0.010334 0.0113946 0.0126628 0.0141449 0.015848 0.0177791 0.0199456 0.022354 0.0250107 0.0279209 0.0310889 0.0345173 0.0382073 0.042158 0.0463664 0.050827 0.0555319 0.0604707 0.0656301 0.0709938 0.0765432 0.0822566 0.0881098 0.094076 0.100126 0.106229 0.112352 0.11846 0.124518 0.130488 0.136334 0.142019 0.147504 0.152754 0.157733 0.162406 0.166742 0.170709 0.17428 0.177429 0.180133 0.182373 0.184133 0.185399 0.186162 0.186417 0.186162 0.185399 0.184133 0.182373 0.180133 0.177429 0.17428 0.170709 0.166742 0.162406 0.157733 0.152754 0.147504 0.142019 0.136334 0.130488 0.124518 0.11846 0.112352 0.106229 0.100126 0.094076 0.0881098 0.0822566 0.0765432 0.0709938 0.0656301 0.0604707 0.0555319 0.050827 0.0463664 0.042158 0.0382073 0.0345173 0.0310889 0.0279209 0.0250107 0.022354 0.0199456 0.0177791 0.015848 0.0141449 0.0126628 0.0113946 0.010334 0.0094749 0.00881229 0.00834204 0.00806112 
0.00888752 0.00899104 0.00930227 0.00982321 0.0105571 0.0115084 0.0126826 0.014086 0.0157256 0.0176089 0.0197434 0.0221368 0.0247962 0.0277281 0.030938 0.0344302 0.0382073 0.0422701 0.0466172 0.0512449 0.0561469 0.0613141 0.0667347 0.0723936 0.0782731 0.0843521 0.0906067 0.0970104 0.103534 0.110145 0.116809 0.123492 0.130154 0.136758 0.143263 0.14963 0.155816 0.161784 0.167493 0.172905 0.177982 0.182692 0.186999 0.190875 0.194292 0.197226 0.199656 0.201564 0.202937 0.203764 0.204041 0.203764 0.202937 0.201564 0.199656 0.197226 0.194292 0.190875 0.186999 0.182692 0.177982 0.172905 0.167493 0.161784 0.155816 0.14963 0.143263 0.136758 0.130154 0.123492 0.116809 0.110145 0.103534 0.0970104 0.0906067 0.0843521 0.0782731 0.0723936 0.0667347 0.0613141 0.0561469 0.0512449 0.0466172 0.0422701 0.0382073 0.0344302 0.030938 0.0277281 0.0247962 0.0221368 0.0197434 0.0176089 0.0157256 0.014086 0.0126826 0.0115084 0.0105571 0.00982321 0.00930227 0.00899104 
0.00988109 0.00999542 0.0103391 0.0109144 0.0117247 0.0127748 0.0140705 0.0156187 0.0174267 0.0195026 0.0218545 0.0244903 0.0274175 0.030643 0.0341724 0.0380099 0.042158 0.0466172 0.0513855 0.0564585 0.0618287 0.0674859 0.0734166 0.0796042 0.0860287 0.0926671 0.0994929 0.106477 0.113587 0.120788 0.128044 0.135314 0.142558 0.149735 0.1568 0.163711 0.170424 0.176896 0.183084 0.188948 0.194447 0.199546 0.204208 0.208402 0.212098 0.215271 0.217898 0.21996 0.221444 0.222339 0.222638 0.222339 0.221444 0.21996 0.217898 0.215271 0.212098 0.208402 0.204208 0.199546 0.194447 0.188948 0.183084 0.176896 0.170424 0.163711 0.1568 0.149735 0.142558 0.135314 0.128044 0.120788 0.113587 0.106477 0.0994929 0.0926671 0.0860287 0.0796042 0.0734166 0.0674859 0.0618287 0.0564585 0.0513855 0.0466172 0.042158 0.0380099 0.0341724 0.030643 0.0274175 0.0244903 0.0218545 0.0195026 0.0174267 0.0156187 0.0140705 0.0127748 0.0117247 0.0109144 0.0103391 0.00999542 
0.010949 0.0110748 0.0114532 0.0120863 0.012978 0.0141334 0.0155586 0.0172609 0.0192482 0.0215291 0.0241119 0.0270052 0.0302169 0.0337539 0.037622 0.0418254 0.0463664 0.0512449 0.0564585 0.0620016 0.0678659 0.0740397 0.0805078 0.0872518 0.0942494 0.101475 0.108901 0.116493 0.124218 0.132037 0.13991 0.147794 0.155646 0.16342 0.171069 0.178547 0.185807 0.192802 0.199488 0.205821 0.211758 0.21726 0.22229 0.226813 0.230798 0.234217 0.237048 0.239271 0.240869 0.241833 0.242155 0.241833 0.240869 0.239271 0.237048 0.234217 0.230798 0.226813 0.22229 0.21726 0.211758 0.205821 0.199488 0.192802 0.185807 0.178547 0.171069 0.16342 0.155646 0.147794 0.13991 0.132037 0.124218 0.116493 0.108901 0.101475 0.0942494 0.0872518 0.0805078 0.0740397 0.0678659 0.0620016 0.0564585 0.0512449 0.0463664 0.0418254 0.037622 0.0337539 0.0302169 0.0270052 0.0241119 0.0215291 0.0192482 0.0172609 0.0155586 0.0141334 0.012978 0.0120863 0.0114532 0.0110748 
0.012091 0.0122291 0.0126443 0.0133388 0.0143169 0.0155838 0.0171462 0.0190118 0.021189 0.0236868 0.026514 0.0296796 0.0331917 0.0370576 0.041283 0.0458722 0.050827 0.0561469 0.0618287 0.0678659 0.0742489 0.0809645 0.0879958 0.0953222 0.102919 0.110759 0.11881 0.127038 0.135403 0.143865 0.15238 0.160902 0.169385 0.177778 0.186032 0.194096 0.201922 0.209459 0.216659 0.223476 0.229865 0.235782 0.24119 0.246051 0.250333 0.254007 0.257048 0.259434 0.261151 0.262186 0.262531 0.262186 0.261151 0.259434 0.257048 0.254007 0.250333 0.246051 0.24119 0.235782 0.229865 0.223476 0.216659 0.209459 0.201922 0.194096 0.186032 0.177778 0.169385 0.160902 0.15238 0.143865 0.135403 0.127038 0.11881 0.110759 0.102919 0.0953222 0.0879958 0.0809645 0.0742489 0.0678659 0.0618287 0.0561469 0.050827 0.0458722 0.041283 0.0370576 0.0331917 0.0296796 0.026514 0.0236868 0.021189 0.0190118 0.0171462 0.0155838 0.0143169 0.0133388 0.0126443 0.0122291 
0.0133066 0.0134576 0.0139115 0.0146709 0.0157401 0.0171247 0.0188318 0.0208696 0.0232469 0.0259731 0.0290576 0.0325097 0.0363377 0.040549 0.0451497 0.0501434 0.0555319 0.0613141 0.0674859 0.0740397 0.0809645 0.0882455 0.0958639 0.103797 0.112018 0.120496 0.129197 0.138083 0.147112 0.15624 0.16542 0.174601 0.183735 0.192766 0.201644 0.210313 0.21872 0.226814 0.234542 0.241855 0.248706 0.25505 0.260845 0.266052 0.270638 0.274572 0.277827 0.280381 0.282218 0.283325 0.283695 0.283325 0.282218 0.280381 0.277827 0.274572 0.270638 0.266052 0.260845 0.25505 0.248706 0.241855 0.234542 0.226814 0.21872 0.210313 0.201644 0.192766 0.183735 0.174601 0.16542 0.15624 0.147112 0.138083 0.129197 0.120496 0.112018 0.103797 0.0958639 0.0882455 0.0809645 0.0740397 0.0674859 0.0613141 0.0555319 0.0501434 0.0451497 0.040549 0.0363377 0.0325097 0.0290576 0.0259731 0.0232469 0.0208696 0.0188318 0.0171247 0.0157401 0.0146709 0.0139115 0.0134576 
0.014594 0.0147586 0.0152532 0.0160808 0.0172456 0.0187539 0.0206129 0.0228313 0.0254185 0.0283841 0.0317381 0.03549 0.0396485 0.0442211 0.0492136 0.0546298 0.0604707 0.0667347 0.0734166 0.0805078 0.0879958 0.0958639 0.104091 0.112653 0.12152 0.130659 0.140032 0.149597 0.159311 0.169125 0.178988 0.188848 0.198649 0.208336 0.217852 0.22714 0.236143 0.244805 0.253073 0.260893 0.268215 0.274993 0.281182 0.286742 0.291636 0.295834 0.299306 0.302031 0.303991 0.305171 0.305566 0.305171 0.303991 0.302031 0.299306 0.295834 0.291636 0.286742 0.281182 0.274993 0.268215 0.260893 0.253073 0.244805 0.236143 0.22714 0.217852 0.208336 0.198649 0.188848 0.178988 0.169125 0.159311 0.149597 0.140032 0.130659 0.12152 0.112653 0.104091 0.0958639 0.0879958 0.0805078 0.0734166 0.0667347 0.0604707 0.0546298 0.0492136 0.0442211 0.0396485 0.03549 0.0317381 0.0283841 0.0254185 0.0228313 0.0206129 0.0187539 0.0172456 0.0160808 0.0152532 0.0147586 
0.0159509 0.0161297 0.016667 0.0175657 0.0188306 0.020468 0.0224858 0.0248928 0.0276989 0.0309143 0.0345493 0.0386136 0.0431162 0.0480646 0.0534646 0.0593195 0.0656301 0.0723936 0.0796042 0.0872518 0.0953222 0.103797 0.112653 0.121864 0.131396 0.141214 0.151278 0.161541 0.171957 0.182474 0.193037 0.20359 0.214075 0.224431 0.234598 0.244516 0.254125 0.263365 0.27218 0.280514 0.288315 0.295532 0.30212 0.308037 0.313244 0.317708 0.3214 0.324297 0.32638 0.327635 0.328054 0.327635 0.32638 0.324297 0.3214 0.317708 0.313244 0.308037 0.30212 0.295532 0.288315 0.280514 0.27218 0.263365 0.254125 0.244516 0.234598 0.224431 0.214075 0.20359 0.193037 0.182474 0.171957 0.161541 0.151278 0.141214 0.131396 0.121864 0.112653 0.103797 0.0953222 0.0872518 0.0796042 0.0723936 0.0656301 0.0593195 0.0534646 0.0480646 0.0431162 0.0386136 0.0345493 0.0309143 0.0276989 0.0248928 0.0224858 0.020468 0.0188306 0.0175657 0.016667 0.0161297 
0.0173742 0.0175678 0.0181494 0.0191223 0.0204912 0.0222629 0.0244456 0.0270486 0.0300821 0.0335568 0.0374832 0.0418715 0.0467306 0.0520681 0.0578897 0.0641982 0.0709938 0.0782731 0.0860287 0.0942494 0.102919 0.112018 0.12152 0.131396 0.141611 0.152125 0.162894 0.173872 0.185005 0.196238 0.207515 0.218773 0.229952 0.240987 0.251815 0.262371 0.272593 0.282418 0.291786 0.300639 0.308922 0.316582 0.323572 0.329847 0.335368 0.3401 0.344014 0.347083 0.34929 0.35062 0.351064 0.35062 0.34929 0.347083 0.344014 0.3401 0.335368 0.329847 0.323572 0.316582 0.308922 0.300639 0.291786 0.282418 0.272593 0.262371 0.251815 0.240987 0.229952 0.218773 0.207515 0.196238 0.185005 0.173872 0.162894 0.152125 0.141611 0.131396 0.12152 0.112018 0.102919 0.0942494 0.0860287 0.0782731 0.0709938 0.0641982 0.0578897 0.0520681 0.0467306 0.0418715 0.0374832 0.0335568 0.0300821 0.0270486 0.0244456 0.0222629 0.0204912 0.0191223 0.0181494 0.0175678 
0.0188598 0.0190686 0.0196962 0.0207457 0.0222223 0.024133 0.0264864 0.029292 0.0325606 0.0363032 0.0405305 0.0452529 0.0504797 0.0562182 0.0624738 0.069249 0.0765432 0.0843521 0.0926671 0.101475 0.110759 0.120496 0.130659 0.141214 0.152125 0.163348 0.174837 0.186539 0.198401 0.210362 0.22236 0.234333 0.246213 0.257935 0.269429 0.280629 0.291468 0.301881 0.311805 0.321179 0.329944 0.338049 0.345441 0.352075 0.35791 0.36291 0.367044 0.370286 0.372617 0.374021 0.37449 0.374021 0.372617 0.370286 0.367044 0.36291 0.35791 0.352075 0.345441 0.338049 0.329944 0.321179 0.311805 0.301881 0.291468 0.280629 0.269429 0.257935 0.246213 0.234333 0.22236 0.210362 0.198401 0.186539 0.174837 0.163348 0.152125 0.141214 0.130659 0.120496 0.110759 0.101475 0.0926671 0.0843521 0.0765432 0.069249 0.0624738 0.0562182 0.0504797 0.0452529 0.0405305 0.0363032 0.0325606 0.029292 0.0264864 0.024133 0.0222223 0.0207457 0.0196962 0.0190686 
0.0204026 0.0206272 0.0213021 0.0224306 0.0240182 0.026072 0.0286009 0.0316152 0.0351255 0.0391434 0.0436799 0.0487455 0.0543494 0.060499 0.0671993 0.0744523 0.0822566 0.0906067 0.0994929 0.108901 0.11881 0.129197 0.140032 0.151278 0.162894 0.174837 0.187054 0.19949 0.212087 0.224783 0.23751 0.250202 0.262788 0.275199 0.287362 0.299207 0.310665 0.321666 0.332145 0.342038 0.351287 0.359833 0.367625 0.374617 0.380764 0.386031 0.390384 0.393797 0.39625 0.397728 0.398221 0.397728 0.39625 0.393797 0.390384 0.386031 0.380764 0.374617 0.367625 0.359833 0.351287 0.342038 0.332145 0.321666 0.310665 0.299207 0.287362 0.275199 0.262788 0.250202 0.23751 0.224783 0.212087 0.19949 0.187054 0.174837 0.162894 0.151278 0.140032 0.129197 0.11881 0.108901 0.0994929 0.0906067 0.0822566 0.0744523 0.0671993 0.060499 0.0543494 0.0487455 0.0436799 0.0391434 0.0351255 0.0316152 0.0286009 0.026072 0.0240182 0.0224306 0.0213021 0.0206272 
0.0219967 0.0222375 0.0229609 0.0241704 0.0258716 0.0280721 0.030781 0.0340087 0.0377665 0.0420661 0.0469186 0.0523348 0.0583239 0.0648929 0.0720466 0.0797863 0.0881098 0.0970104 0.106477 0.116493 0.127038 0.138083 0.149597 0.161541 0.173872 0.186539 0.19949 0.212666 0.226003 0.239435 0.252894 0.266306 0.279599 0.292699 0.30553 0.318018 0.330092 0.341678 0.352709 0.363119 0.372845 0.38183 0.390019 0.397364 0.40382 0.409349 0.413918 0.417501 0.420075 0.421626 0.422143 0.421626 0.420075 0.417501 0.413918 0.409349 0.40382 0.397364 0.390019 0.38183 0.372845 0.363119 0.352709 0.341678 0.330092 0.318018 0.30553 0.292699 0.279599 0.266306 0.252894 0.239435 0.226003 0.212666 0.19949 0.186539 0.173872 0.161541 0.149597 0.138083 0.127038 0.116493 0.106477 0.0970104 0.0881098 0.0797863 0.0720466 0.0648929 0.0583239 0.0523348 0.0469186 0.0420661 0.0377665 0.0340087 0.030781 0.0280721 0.0258716 0.0241704 0.0229609 0.0222375 
0.0236354 0.0238926 0.0246655 0.0259577 0.0277748 0.0301248 0.033017 0.0364623 0.0404721 0.0450582 0.0502323 0.0560049 0.0623852 0.0693801 0.0769937 0.0852268 0.094076 0.103534 0.113587 0.124218 0.135403 0.147112 0.159311 0.171957 0.185005 0.198401 0.212087 0.226003 0.24008 0.25425 0.268437 0.282568 0.296565 0.310349 0.323844 0.33697 0.349654 0.36182 0.373396 0.384316 0.394514 0.403931 0.41251 0.420203 0.426962 0.43275 0.437532 0.44128 0.443973 0.445595 0.446137 0.445595 0.443973 0.44128 0.437532 0.43275 0.426962 0.420203 0.41251 0.403931 0.394514 0.384316 0.373396 0.36182 0.349654 0.33697 0.323844 0.310349 0.296565 0.282568 0.268437 0.25425 0.24008 0.226003 0.212087 0.198401 0.185005 0.171957 0.159311 0.147112 0.135403 0.124218 0.113587 0.103534 0.094076 0.0852268 0.0769937 0.0693801 0.0623852 0.0560049 0.0502323 0.0450582 0.0404721 0.0364623 0.033017 0.0301248 0.0277748 0.0259577 0.0246655 0.0238926 
0.0253108 0.0255848 0.0264079 0.0277839 0.0297187 0.0322203 0.0352984 0.0389641 0.0432292 0.0481055 0.053605 0.059738 0.0665138 0.0739388 0.0820166 0.0907472 0.100126 0.110145 0.120788 0.132037 0.143865 0.15624 0.169125 0.182474 0.196238 0.210362 0.224783 0.239435 0.25425 0.269151 0.284063 0.298906 0.313599 0.328062 0.342211 0.355968 0.369253 0.381989 0.394102 0.405522 0.416183 0.426023 0.434985 0.443017 0.450074 0.456114 0.461103 0.465013 0.467822 0.469514 0.470079 0.469514 0.467822 0.465013 0.461103 0.456114 0.450074 0.443017 0.434985 0.426023 0.416183 0.405522 0.394102 0.381989 0.369253 0.355968 0.342211 0.328062 0.313599 0.298906 0.284063 0.269151 0.25425 0.239435 0.224783 0.210362 0.196238 0.182474 0.169125 0.15624 0.143865 0.132037 0.120788 0.110145 0.100126 0.0907472 0.0820166 0.0739388 0.0665138 0.059738 0.053605 0.0481055 0.0432292 0.0389641 0.0352984 0.0322203 0.0297187 0.0277839 0.0264079 0.0255848 
0.0270146 0.0273054 0.0281793 0.0296399 0.0316933 0.0343479 0.0376136 0.0415015 0.0460237 0.0511924 0.0570194 0.0635151 0.0706884 0.0785455 0.0870894 0.0963191 0.106229 0.116809 0.128044 0.13991 0.15238 0.16542 0.178988 0.193037 0.207515 0.22236 0.23751 0.252894 0.268437 0.284063 0.29969 0.315236 0.330615 0.345744 0.360538 0.374913 0.388787 0.402081 0.414719 0.426629 0.437741 0.447994 0.457328 0.465691 0.473036 0.479321 0.484511 0.488578 0.4915 0.493259 0.493846 0.493259 0.4915 0.488578 0.484511 0.479321 0.473036 0.465691 0.457328 0.447994 0.437741 0.426629 0.414719 0.402081 0.388787 0.374913 0.360538 0.345744 0.330615 0.315236 0.29969 0.284063 0.268437 0.252894 0.23751 0.22236 0.207515 0.193037 0.178988 0.16542 0.15238 0.13991 0.128044 0.116809 0.106229 0.0963191 0.0870894 0.0785455 0.0706884 0.0635151 0.0570194 0.0511924 0.0460237 0.0415015 0.0376136 0.0343479 0.0316933 0.0296399 0.0281793 0.0273054 
0.0287374 0.0290452 0.0299699 0.0315154 0.033688 0.0364961 0.0399498 0.0440605 0.0488406 0.0543021 0.060457 0.0673156 0.0748865 0.0831754 0.0921847 0.101912 0.112352 0.123492 0.135314 0.147794 0.160902 0.174601 0.188848 0.20359 0.218773 0.234333 0.250202 0.266306 0.282568 0.298906 0.315236 0.331471 0.347523 0.363304 0.378727 0.393705 0.408154 0.421992 0.43514 0.447524 0.459075 0.469727 0.479422 0.488105 0.495728 0.50225 0.507635 0.511853 0.514883 0.516707 0.517316 0.516707 0.514883 0.511853 0.507635 0.50225 0.495728 0.488105 0.479422 0.469727 0.459075 0.447524 0.43514 0.421992 0.408154 0.393705 0.378727 0.363304 0.347523 0.331471 0.315236 0.298906 0.282568 0.266306 0.250202 0.234333 0.218773 0.20359 0.188848 0.174601 0.160902 0.147794 0.135314 0.123492 0.112352 0.101912 0.0921847 0.0831754 0.0748865 0.0673156 0.060457 0.0543021 0.0488406 0.0440605 0.0399498 0.0364961 0.033688 0.0315154 0.0299699 0.0290452 
0.0304691 0.0307938 0.0317694 0.0333997 0.0356911 0.0386523 0.0422936 0.0466266 0.0516635 0.0574168 0.0638981 0.0711178 0.0790841 0.0878021 0.0972736 0.107496 0.11846 0.130154 0.142558 0.155646 0.169385 0.183735 0.198649 0.214075 0.229952 0.246213 0.262788 0.279599 0.296565 0.313599 0.330615 0.347523 0.36423 0.380647 0.396682 0.412245 0.427251 0.441615 0.455256 0.468099 0.480072 0.49111 0.501151 0.510142 0.518032 0.524781 0.530353 0.534716 0.53785 0.539736 0.540366 0.539736 0.53785 0.534716 0.530353 0.524781 0.518032 0.510142 0.501151 0.49111 0.480072 0.468099 0.455256 0.441615 0.427251 0.412245 0.396682 0.380647 0.36423 0.347523 0.330615 0.313599 0.296565 0.279599 0.262788 0.246213 0.229952 0.214075 0.198649 0.183735 0.169385 0.155646 0.142558 0.130154 0.11846 0.107496 0.0972736 0.0878021 0.0790841 0.0711178 0.0638981 0.0574168 0.0516635 0.0466266 0.0422936 0.0386523 0.0356911 0.0333997 0.0317694 0.0307938 
0.0321993 0.0325408 0.0335667 0.0352811 0.0376905 0.0408036 0.0446309 0.049184 0.0544755 0.0605176 0.0673221 0.074899 0.0832561 0.0923982 0.102326 0.113036 0.124518 0.136758 0.149735 0.16342 0.177778 0.192766 0.208336 0.224431 0.240987 0.257935 0.275199 0.292699 0.310349 0.328062 0.345744 0.363304 0.380647 0.397678 0.414304 0.430432 0.445975 0.460845 0.47496 0.488244 0.500622 0.512029 0.522402 0.531686 0.539833 0.546798 0.552547 0.557049 0.560281 0.562227 0.562877 0.562227 0.560281 0.557049 0.552547 0.546798 0.539833 0.531686 0.522402 0.512029 0.500622 0.488244 0.47496 0.460845 0.445975 0.430432 0.414304 0.397678 0.380647 0.363304 0.345744 0.328062 0.310349 0.292699 0.275199 0.257935 0.240987 0.224431 0.208336 0.192766 0.177778 0.16342 0.149735 0.136758 0.124518 0.113036 0.102326 0.0923982 0.0832561 0.074899 0.0673221 0.0605176 0.0544755 0.049184 0.0446309 0.0408036 0.0376905 0.0352811 0.0335667 0.0325408 
0.0339166 0.0342747 0.0353504 0.0371478 0.0396734 0.0429362 0.0469467 0.0517168 0.0572588 0.0635853 0.0707077 0.0786358 0.087377 0.0969354 0.107311 0.118499 0.130488 0.143263 0.1568 0.171069 0.186032 0.201644 0.217852 0.234598 0.251815 0.269429 0.287362 0.30553 0.323844 0.342211 0.360538 0.378727 0.396682 0.414304 0.431497 0.448168 0.464225 0.479579 0.494148 0.507851 0.520616 0.532374 0.543062 0.552626 0.561015 0.568186 0.574103 0.578736 0.582062 0.584064 0.584733 0.584064 0.582062 0.578736 0.574103 0.568186 0.561015 0.552626 0.543062 0.532374 0.520616 0.507851 0.494148 0.479579 0.464225 0.448168 0.431497 0.414304 0.396682 0.378727 0.360538 0.342211 0.323844 0.30553 0.287362 0.269429 0.251815 0.234598 0.217852 0.201644 0.186032 0.171069 0.1568 0.143263 0.130488 0.118499 0.107311 0.0969354 0.087377 0.0786358 0.0707077 0.0635853 0.0572588 0.0517168 0.0469467 0.0429362 0.0396734 0.0371478 0.0353504 0.0342747 
0.0356097 0.035984 0.0371084 0.038987 0.0416265 0.0450359 0.0492258 0.0542082 0.0599954 0.0665999 0.074033 0.0823041 0.0914203 0.101385 0.112197 0.123851 0.136334 0.14963 0.163711 0.178547 0.194096 0.210313 0.22714 0.244516 0.262371 0.280629 0.299207 0.318018 0.33697 0.355968 0.374913 0.393705 0.412245 0.430432 0.448168 0.465356 0.481902 0.497717 0.512716 0.526818 0.539949 0.552039 0.563025 0.572852 0.58147 0.588835 0.59491 0.599666 0.60308 0.605135 0.605821 0.605135 0.60308 0.599666 0.59491 0.588835 0.58147 0.572852 0.563025 0.552039 0.539949 0.526818 0.512716 0.497717 0.481902 0.465356 0.448168 0.430432 0.412245 0.393705 0.374913 0.355968 0.33697 0.318018 0.299207 0.280629 0.262371 0.244516 0.22714 0.210313 0.194096 0.178547 0.163711 0.14963 0.136334 0.123851 0.112197 0.101385 0.0914203 0.0823041 0.074033 0.0665999 0.0599954 0.0542082 0.0492258 0.0450359 0.0416265 0.038987 0.0371084 0.035984 
0.0372667 0.0376568 0.0388286 0.0407862 0.0435365 0.0470884 0.0514527 0.0566413 0.0626667 0.0695412 0.0772758 0.0858798 0.0953596 0.105718 0.116953 0.129058 0.142019 0.155816 0.170424 0.185807 0.201922 0.21872 0.236143 0.254125 0.272593 0.291468 0.310665 0.330092 0.349654 0.369253 0.388787 0.408154 0.427251 0.445975 0.464225 0.481902 0.498912 0.515162 0.530567 0.545044 0.558519 0.570921 0.582188 0.592262 0.601093 0.608639 0.614863 0.619734 0.62323 0.625335 0.626037 0.625335 0.62323 0.619734 0.614863 0.608639 0.601093 0.592262 0.582188 0.570921 0.558519 0.545044 0.530567 0.515162 0.498912 0.481902 0.464225 0.445975 0.427251 0.408154 0.388787 0.369253 0.349654 0.330092 0.310665 0.291468 0.272593 0.254125 0.236143 0.21872 0.201922 0.185807 0.170424 0.155816 0.142019 0.129058 0.116953 0.105718 0.0953596 0.0858798 0.0772758 0.0695412 0.0626667 0.0566413 0.0514527 0.0470884 0.0435365 0.0407862 0.0388286 0.0376568 
0.0388755 0.0392809 0.0404984 0.0425324 0.0453895 0.049079 0.0536115 0.0589991 0.0652542 0.0723888 0.0804139 0.0893384 0.0991681 0.109905 0.121547 0.134084 0.147504 0.161784 0.176896 0.192802 0.209459 0.226814 0.244805 0.263365 0.282418 0.301881 0.321666 0.341678 0.36182 0.381989 0.402081 0.421992 0.441615 0.460845 0.479579 0.497717 0.515162 0.531821 0.547606 0.562435 0.576231 0.588924 0.600452 0.610756 0.619787 0.627501 0.633862 0.638841 0.642413 0.644563 0.645281 0.644563 0.642413 0.638841 0.633862 0.627501 0.619787 0.610756 0.600452 0.588924 0.576231 0.562435 0.547606 0.531821 0.515162 0.497717 0.479579 0.460845 0.441615 0.421992 0.402081 0.381989 0.36182 0.341678 0.321666 0.301881 0.282418 0.263365 0.244805 0.226814 0.209459 0.192802 0.176896 0.161784 0.147504 0.134084 0.121547 0.109905 0.0991681 0.0893384 0.0804139 0.0723888 0.0652542 0.0589991 0.0536115 0.049079 0.0453895 0.0425324 0.0404984 0.0392809 
0.0404243 0.0408443 0.0421056 0.0442126 0.0471721 0.0509932 0.0556868 0.0612647 0.0677394 0.0751227 0.0834254 0.0926559 0.10282 0.113918 0.125947 0.138897 0.152754 0.167493 0.183084 0.199488 0.216659 0.234542 0.253073 0.27218 0.291786 0.311805 0.332145 0.352709 0.373396 0.394102 0.414719 0.43514 0.455256 0.47496 0.494148 0.512716 0.530567 0.547606 0.563744 0.578899 0.592994 0.605957 0.617726 0.628243 0.637458 0.645327 0.651816 0.656892 0.660535 0.662727 0.663459 0.662727 0.660535 0.656892 0.651816 0.645327 0.637458 0.628243 0.617726 0.605957 0.592994 0.578899 0.563744 0.547606 0.530567 0.512716 0.494148 0.47496 0.455256 0.43514 0.414719 0.394102 0.373396 0.352709 0.332145 0.311805 0.291786 0.27218 0.253073 0.234542 0.216659 0.199488 0.183084 0.167493 0.152754 0.138897 0.125947 0.113918 0.10282 0.0926559 0.0834254 0.0751227 0.0677394 0.0612647 0.0556868 0.0509932 0.0471721 0.0442126 0.0421056 0.0408443 
0.0419012 0.042335 0.0436379 0.0458142 0.0488708 0.0528167 0.0576629 0.0634213 0.070104 0.077723 0.0862885 0.0958087 0.106288 0.117728 0.130124 0.143464 0.157733 0.172905 0.188948 0.205821 0.223476 0.241855 0.260893 0.280514 0.300639 0.321179 0.342038 0.363119 0.384316 0.405522 0.426629 0.447524 0.468099 0.488244 0.507851 0.526818 0.545044 0.562435 0.578899 0.594355 0.608724 0.621936 0.633926 0.644638 0.654021 0.662033 0.668637 0.673803 0.67751 0.679741 0.680485 0.679741 0.67751 0.673803 0.668637 0.662033 0.654021 0.644638 0.633926 0.621936 0.608724 0.594355 0.578899 0.562435 0.545044 0.526818 0.507851 0.488244 0.468099 0.447524 0.426629 0.405522 0.384316 0.363119 0.342038 0.321179 0.300639 0.280514 0.260893 0.241855 0.223476 0.205821 0.188948 0.172905 0.157733 0.143464 0.130124 0.117728 0.106288 0.0958087 0.0862885 0.077723 0.070104 0.0634213 0.0576629 0.0528167 0.0488708 0.0458142 0.0436379 0.042335 
0.0432946 0.0437414 0.0450833 0.0473247 0.0504724 0.0545355 0.059525 0.0654526 0.0723306 0.0801704 0.0889824 0.098774 0.10955 0.121309 0.134047 0.147752 0.162406 0.177982 0.194447 0.211758 0.229865 0.248706 0.268215 0.288315 0.308922 0.329944 0.351287 0.372845 0.394514 0.416183 0.437741 0.459075 0.480072 0.500622 0.520616 0.539949 0.558519 0.576231 0.592994 0.608724 0.623343 0.636781 0.648973 0.659862 0.669398 0.677539 0.684248 0.689496 0.69326 0.695526 0.696282 0.695526 0.69326 0.689496 0.684248 0.677539 0.669398 0.659862 0.648973 0.636781 0.623343 0.608724 0.592994 0.576231 0.558519 0.539949 0.520616 0.500622 0.480072 0.459075 0.437741 0.416183 0.394514 0.372845 0.351287 0.329944 0.308922 0.288315 0.268215 0.248706 0.229865 0.211758 0.194447 0.177982 0.162406 0.147752 0.134047 0.121309 0.10955 0.098774 0.0889824 0.0801704 0.0723306 0.0654526 0.059525 0.0545355 0.0504724 0.0473247 0.0450833 0.0437414 
