1.84188e-45 2.73425e-44 6.96487e-43 1.55391e-41 3.07417e-40 5.44798e-39 8.71816e-38 1.26786e-36 1.68436e-35 2.05285e-34 2.30343e-33 2.38653e-32 2.28883e-31 2.03628e-30 1.68358e-29 1.29571e-28 9.296e-28 6.22567e-27 3.89716e-26 2.28318e-25 1.25351e-24 6.45775e-24 3.12589e-23 1.42352e-22 6.10605e-22 2.4695e-21 9.42431e-21 3.39549e-20 1.15526e-19 3.71196e-19 1.12629e-18 3.22694e-18 8.73024e-18 2.23041e-17 5.38162e-17 1.22648e-16 2.64013e-16 5.36669e-16 1.02938e-15 1.86004e-15 3.15759e-15 5.01749e-15 7.43533e-15 1.02518e-14 1.31611e-14 1.58068e-14 1.79182e-14 1.93951e-14 2.0296e-14 2.07553e-14 2.0893e-14 2.07553e-14 2.0296e-14 1.93951e-14 1.79182e-14 1.58068e-14 1.31611e-14 1.02518e-14 7.43533e-15 5.01749e-15 3.15759e-15 1.86004e-15 1.02938e-15 5.36669e-16 2.64013e-16 1.22648e-16 5.38162e-17 2.23041e-17 8.73024e-18 3.22694e-18 1.12629e-18 3.71196e-19 1.15526e-19 3.39549e-20 9.42431e-21 2.4695e-21 6.10605e-22 1.42352e-22 3.12589e-23 6.45775e-24 1.25351e-24 2.28318e-25 3.89716e-26 6.22567e-27 9.296e-28 1.29571e-28 1.68358e-29 2.03628e-30 2.28883e-31 2.38653e-32 2.30343e-33 2.05285e-34 1.68436e-35 1.26786e-36 8.71816e-38 5.44798e-39 3.07417e-40 1.55391e-41 6.96487e-43 2.73425e-44 
2.73425e-44 3.59095e-43 8.2381e-42 1.67903e-40 3.06753e-39 5.06414e-38 7.6031e-37 1.04353e-35 1.31492e-34 1.52654e-33 1.6376e-32 1.6273e-31 1.50106e-30 1.28757e-29 1.02862e-28 7.66391e-28 5.33201e-27 3.46805e-26 2.11117e-25 1.2042e-24 6.4435e-24 3.23828e-23 1.53043e-22 6.81012e-22 2.85655e-21 1.13063e-20 4.22605e-20 1.49253e-19 4.982e-19 1.57183e-18 4.68706e-18 1.32085e-17 3.51769e-17 8.85383e-17 2.10632e-16 4.73681e-16 1.00698e-15 2.02322e-15 3.83918e-15 6.86981e-15 1.15619e-14 1.82374e-14 2.68654e-14 3.68755e-14 4.71929e-14 5.65723e-14 6.40665e-14 6.9323e-14 7.25415e-14 7.41892e-14 7.46844e-14 7.41892e-14 7.25415e-14 6.9323e-14 6.40665e-14 5.65723e-14 4.71929e-14 3.68755e-14 2.68654e-14 1.82374e-14 1.15619e-14 6.86981e-15 3.83918e-15 2.02322e-15 1.00698e-15 4.73681e-16 2.10632e-16 8.85383e-17 3.51769e-17 1.32085e-17 4.68706e-18 1.57183e-18 4.982e-19 1.49253e-19 4.22605e-20 1.13063e-20 2.85655e-21 6.81012e-22 1.53043e-22 3.23828e-23 6.4435e-24 1.2042e-24 2.11117e-25 3.46805e-26 5.33201e-27 7.66391e-28 1.02862e-28 1.28757e-29 1.50106e-30 1.6273e-31 1.6376e-32 1.52654e-33 1.31492e-34 1.04353e-35 7.6031e-37 5.06414e-38 3.06753e-39 1.67903e-40 8.2381e-42 3.59095e-43 
6.96487e-43 8.2381e-42 1.72479e-40 3.2441e-39 5.51717e-38 8.53884e-37 1.20895e-35 1.57257e-34 1.88597e-33 2.09154e-32 2.15016e-31 2.05329e-30 1.82458e-29 1.51099e-28 1.16763e-27 8.42942e-27 5.691e-26 3.59674e-25 2.13001e-24 1.18315e-23 6.17069e-23 3.02516e-22 1.39569e-21 6.0669e-21 2.48761e-20 9.63128e-20 3.52399e-19 1.21924e-18 3.9901e-18 1.23525e-17 3.61727e-17 1.00189e-16 2.62456e-16 6.50296e-16 1.52416e-15 3.37965e-15 7.09006e-15 1.40698e-14 2.63942e-14 4.67401e-14 7.79409e-14 1.21979e-13 1.78543e-13 2.43885e-13 3.11072e-13 3.72117e-13 4.20951e-13 4.55294e-13 4.76402e-13 4.8725e-13 4.9052e-13 4.8725e-13 4.76402e-13 4.55294e-13 4.20951e-13 3.72117e-13 3.11072e-13 2.43885e-13 1.78543e-13 1.21979e-13 7.79409e-14 4.67401e-14 2.63942e-14 1.40698e-14 7.09006e-15 3.37965e-15 1.52416e-15 6.50296e-16 2.62456e-16 1.00189e-16 3.61727e-17 1.23525e-17 3.9901e-18 1.21924e-18 3.52399e-19 9.63128e-20 2.48761e-20 6.0669e-21 1.39569e-21 3.02516e-22 6.17069e-23 1.18315e-23 2.13001e-24 3.59674e-25 5.691e-26 8.42942e-27 1.16763e-27 1.51099e-28 1.82458e-29 2.05329e-30 2.15016e-31 2.09154e-32 1.88597e-33 1.57257e-34 1.20895e-35 8.53884e-37 5.51717e-38 3.2441e-39 1.72479e-40 8.2381e-42 
1.55391e-41 1.67903e-40 3.2441e-39 5.68189e-38 9.0623e-37 1.32314e-35 1.77611e-34 2.19972e-33 2.52109e-32 2.68041e-31 2.64915e-30 2.43813e-29 2.09262e-28 1.67706e-27 1.25633e-26 8.80574e-26 5.77983e-25 3.55558e-24 2.0517e-23 1.11148e-22 5.65814e-22 2.70941e-21 1.22173e-20 5.19368e-20 2.08384e-19 7.89952e-19 2.83181e-18 9.60574e-18 3.08432e-17 9.37566e-17 2.69798e-16 7.34903e-16 1.89475e-15 4.62404e-15 1.06829e-14 2.33675e-14 4.83975e-14 9.48979e-14 1.76061e-13 3.08654e-13 5.10123e-13 7.92302e-13 1.15258e-12 1.56702e-12 1.99214e-12 2.37815e-12 2.68723e-12 2.9051e-12 3.03945e-12 3.10874e-12 3.12967e-12 3.10874e-12 3.03945e-12 2.9051e-12 2.68723e-12 2.37815e-12 1.99214e-12 1.56702e-12 1.15258e-12 7.92302e-13 5.10123e-13 3.08654e-13 1.76061e-13 9.48979e-14 4.83975e-14 2.33675e-14 1.06829e-14 4.62404e-15 1.89475e-15 7.34903e-16 2.69798e-16 9.37566e-17 3.08432e-17 9.60574e-18 2.83181e-18 7.89952e-19 2.08384e-19 5.19368e-20 1.22173e-20 2.70941e-21 5.65814e-22 1.11148e-22 2.0517e-23 3.55558e-24 5.77983e-25 8.80574e-26 1.25633e-26 1.67706e-27 2.09262e-28 2.43813e-29 2.64915e-30 2.68041e-31 2.52109e-32 2.19972e-33 1.77611e-34 1.32314e-35 9.0623e-37 5.68189e-38 3.2441e-39 1.67903e-40 
3.07417e-40 3.06753e-39 5.51717e-38 9.0623e-37 1.36355e-35 1.88751e-34 2.4124e-33 2.85523e-32 3.13722e-31 3.20672e-30 3.05452e-29 2.71534e-28 2.25545e-27 1.75236e-26 1.27461e-25 8.68633e-25 5.55021e-24 3.32732e-23 1.8728e-22 9.90437e-22 4.92556e-21 2.30556e-20 1.0168e-19 4.22973e-19 1.66148e-18 6.16943e-18 2.16754e-17 7.2105e-17 2.27207e-16 6.78281e-16 1.91831e-15 5.13937e-15 1.30423e-14 3.13522e-14 7.14004e-14 1.5407e-13 3.15039e-13 6.10369e-13 1.11991e-12 1.94363e-12 3.18374e-12 4.9073e-12 7.09468e-12 9.60027e-12 1.21641e-11 1.44902e-11 1.63541e-11 1.76707e-11 1.84849e-11 1.89063e-11 1.90338e-11 1.89063e-11 1.84849e-11 1.76707e-11 1.63541e-11 1.44902e-11 1.21641e-11 9.60027e-12 7.09468e-12 4.9073e-12 3.18374e-12 1.94363e-12 1.11991e-12 6.10369e-13 3.15039e-13 1.5407e-13 7.14004e-14 3.13522e-14 1.30423e-14 5.13937e-15 1.91831e-15 6.78281e-16 2.27207e-16 7.2105e-17 2.16754e-17 6.16943e-18 1.66148e-18 4.22973e-19 1.0168e-19 2.30556e-20 4.92556e-21 9.90437e-22 1.8728e-22 3.32732e-23 5.55021e-24 8.68633e-25 1.27461e-25 1.75236e-26 2.25545e-27 2.71534e-28 3.05452e-29 3.20672e-30 3.13722e-31 2.85523e-32 2.4124e-33 1.88751e-34 1.36355e-35 9.0623e-37 5.51717e-38 3.06753e-39 
5.44798e-39 5.06414e-38 8.53884e-37 1.32314e-35 1.88751e-34 2.48774e-33 3.03849e-32 3.44773e-31 3.64201e-30 3.58787e-29 3.30106e-28 2.84001e-27 2.28704e-26 1.72538e-25 1.2203e-24 8.09635e-24 5.04198e-23 2.94877e-22 1.62053e-21 8.37381e-21 4.07145e-20 1.86422e-19 8.04602e-19 3.27689e-18 1.26074e-17 4.58715e-17 1.57995e-16 5.15538e-16 1.59444e-15 4.67503e-15 1.29956e-14 3.42455e-14 8.55422e-14 2.02552e-13 4.54702e-13 9.67883e-13 1.9538e-12 3.74006e-12 6.78619e-12 1.16586e-11 1.89262e-11 2.89488e-11 4.15915e-11 5.60112e-11 7.07282e-11 8.40682e-11 9.47632e-11 1.02331e-10 1.07024e-10 1.0946e-10 1.10199e-10 1.0946e-10 1.07024e-10 1.02331e-10 9.47632e-11 8.40682e-11 7.07282e-11 5.60112e-11 4.15915e-11 2.89488e-11 1.89262e-11 1.16586e-11 6.78619e-12 3.74006e-12 1.9538e-12 9.67883e-13 4.54702e-13 2.02552e-13 8.55422e-14 3.42455e-14 1.29956e-14 4.67503e-15 1.59444e-15 5.15538e-16 1.57995e-16 4.58715e-17 1.26074e-17 3.27689e-18 8.04602e-19 1.86422e-19 4.07145e-20 8.37381e-21 1.62053e-21 2.94877e-22 5.04198e-23 8.09635e-24 1.2203e-24 1.72538e-25 2.28704e-26 2.84001e-27 3.30106e-28 3.58787e-29 3.64201e-30 3.44773e-31 3.03849e-32 2.48774e-33 1.88751e-34 1.32314e-35 8.53884e-37 5.06414e-38 
8.71816e-38 7.6031e-37 1.20895e-35 1.77611e-34 2.4124e-33 3.03849e-32 3.5579e-31 3.88126e-30 3.95149e-29 3.76006e-28 3.34815e-27 2.79271e-26 2.18383e-25 1.60207e-24 1.10321e-23 7.13444e-23 4.33492e-22 2.47574e-21 1.32962e-20 6.71856e-20 3.19606e-19 1.43241e-18 6.0537e-18 2.41498e-17 9.10386e-17 3.24672e-16 1.09653e-15 3.51009e-15 1.0656e-14 3.06886e-14 8.38478e-14 2.17325e-13 5.34322e-13 1.24617e-12 2.75736e-12 5.78936e-12 1.15361e-11 2.18161e-11 3.91411e-11 6.65576e-11 1.07068e-10 1.62498e-10 2.31986e-10 3.10894e-10 3.91212e-10 4.63937e-10 5.22262e-10 5.63597e-10 5.89292e-10 6.02662e-10 6.06726e-10 6.02662e-10 5.89292e-10 5.63597e-10 5.22262e-10 4.63937e-10 3.91212e-10 3.10894e-10 2.31986e-10 1.62498e-10 1.07068e-10 6.65576e-11 3.91411e-11 2.18161e-11 1.15361e-11 5.78936e-12 2.75736e-12 1.24617e-12 5.34322e-13 2.17325e-13 8.38478e-14 3.06886e-14 1.0656e-14 3.51009e-15 1.09653e-15 3.24672e-16 9.10386e-17 2.41498e-17 6.0537e-18 1.43241e-18 3.19606e-19 6.71856e-20 1.32962e-20 2.47574e-21 4.33492e-22 7.13444e-23 1.10321e-23 1.60207e-24 2.18383e-25 2.79271e-26 3.34815e-27 3.76006e-28 3.95149e-29 3.88126e-30 3.5579e-31 3.03849e-32 2.4124e-33 1.77611e-34 1.20895e-35 7.6031e-37 
1.26786e-36 1.04353e-35 1.57257e-34 2.19972e-33 2.85523e-32 3.44773e-31 3.88126e-30 4.08069e-29 4.01293e-28 3.69566e-27 3.19054e-26 2.58425e-25 1.96515e-24 1.4037e-23 9.42251e-23 5.94598e-22 3.52846e-21 1.96964e-20 1.0346e-19 5.11597e-19 2.38271e-18 1.04589e-17 4.33043e-17 1.69286e-16 6.25509e-16 2.18707e-15 7.24414e-15 2.27515e-14 6.77999e-14 1.91782e-13 5.14995e-13 1.3128e-12 3.17661e-12 7.29645e-12 1.5911e-11 3.29467e-11 6.47954e-11 1.21037e-10 2.14689e-10 3.61285e-10 5.75829e-10 8.67032e-10 1.2298e-09 1.63988e-09 2.05611e-09 2.43252e-09 2.73444e-09 2.94869e-09 3.08215e-09 3.15176e-09 3.17296e-09 3.15176e-09 3.08215e-09 2.94869e-09 2.73444e-09 2.43252e-09 2.05611e-09 1.63988e-09 1.2298e-09 8.67032e-10 5.75829e-10 3.61285e-10 2.14689e-10 1.21037e-10 6.47954e-11 3.29467e-11 1.5911e-11 7.29645e-12 3.17661e-12 1.3128e-12 5.14995e-13 1.91782e-13 6.77999e-14 2.27515e-14 7.24414e-15 2.18707e-15 6.25509e-16 1.69286e-16 4.33043e-17 1.04589e-17 2.38271e-18 5.11597e-19 1.0346e-19 1.96964e-20 3.52846e-21 5.94598e-22 9.42251e-23 1.4037e-23 1.96515e-24 2.58425e-25 3.19054e-26 3.69566e-27 4.01293e-28 4.08069e-29 3.88126e-30 3.44773e-31 2.85523e-32 2.19972e-33 1.57257e-34 1.04353e-35 
1.68436e-35 1.31492e-34 1.88597e-33 2.52109e-32 3.13722e-31 3.64201e-30 3.95149e-29 4.01293e-28 3.81933e-27 3.41022e-26 2.85898e-25 2.25195e-24 1.66746e-23 1.16112e-22 7.60599e-22 4.68812e-21 2.71955e-20 1.48503e-19 7.63518e-19 3.69724e-18 1.68691e-17 7.2562e-17 2.94474e-16 1.12851e-15 4.08836e-15 1.40179e-14 4.55418e-14 1.40339e-13 4.10512e-13 1.14043e-12 3.00948e-12 7.54396e-12 1.79627e-11 4.0627e-11 8.72951e-11 1.78237e-10 3.45895e-10 6.38083e-10 1.11871e-09 1.86269e-09 2.94087e-09 4.3923e-09 6.18875e-09 8.20993e-09 1.02553e-08 1.21024e-08 1.35838e-08 1.46361e-08 1.52929e-08 1.56361e-08 1.57408e-08 1.56361e-08 1.52929e-08 1.46361e-08 1.35838e-08 1.21024e-08 1.02553e-08 8.20993e-09 6.18875e-09 4.3923e-09 2.94087e-09 1.86269e-09 1.11871e-09 6.38083e-10 3.45895e-10 1.78237e-10 8.72951e-11 4.0627e-11 1.79627e-11 7.54396e-12 3.00948e-12 1.14043e-12 4.10512e-13 1.40339e-13 4.55418e-14 1.40179e-14 4.08836e-15 1.12851e-15 2.94474e-16 7.2562e-17 1.68691e-17 3.69724e-18 7.63518e-19 1.48503e-19 2.71955e-20 4.68812e-21 7.60599e-22 1.16112e-22 1.66746e-23 2.25195e-24 2.85898e-25 3.41022e-26 3.81933e-27 4.01293e-28 3.95149e-29 3.64201e-30 3.13722e-31 2.52109e-32 1.88597e-33 1.31492e-34 
2.05285e-34 1.52654e-33 2.09154e-32 2.68041e-31 3.20672e-30 3.58787e-29 3.76006e-28 3.69566e-27 3.41022e-26 2.9569e-25 2.41073e-24 1.84903e-23 1.33474e-22 9.07044e-22 5.80401e-21 3.49747e-20 1.98496e-19 1.06111e-18 5.3437e-18 2.5356e-17 1.134e-16 4.78243e-16 1.90313e-15 7.15233e-15 2.5412e-14 8.54582e-14 2.72346e-13 8.23432e-13 2.36413e-12 6.44932e-12 1.67219e-11 4.12114e-11 9.65375e-11 2.14948e-10 4.54977e-10 9.15751e-10 1.75316e-09 3.19298e-09 5.53176e-09 9.11078e-09 1.42454e-08 2.10989e-08 2.95248e-08 3.89585e-08 4.84749e-08 5.70544e-08 6.39332e-08 6.88234e-08 7.18801e-08 7.34807e-08 7.39694e-08 7.34807e-08 7.18801e-08 6.88234e-08 6.39332e-08 5.70544e-08 4.84749e-08 3.89585e-08 2.95248e-08 2.10989e-08 1.42454e-08 9.11078e-09 5.53176e-09 3.19298e-09 1.75316e-09 9.15751e-10 4.54977e-10 2.14948e-10 9.65375e-11 4.12114e-11 1.67219e-11 6.44932e-12 2.36413e-12 8.23432e-13 2.72346e-13 8.54582e-14 2.5412e-14 7.15233e-15 1.90313e-15 4.78243e-16 1.134e-16 2.5356e-17 5.3437e-18 1.06111e-18 1.98496e-19 3.49747e-20 5.80401e-21 9.07044e-22 1.33474e-22 1.84903e-23 2.41073e-24 2.9569e-25 3.41022e-26 3.69566e-27 3.76006e-28 3.58787e-29 3.20672e-30 2.68041e-31 2.09154e-32 1.52654e-33 
2.30343e-33 1.6376e-32 2.15016e-31 2.64915e-30 3.05452e-29 3.30106e-28 3.34815e-27 3.19054e-26 2.85898e-25 2.41073e-24 1.91386e-23 1.43109e-22 1.0082e-21 6.69303e-21 4.18734e-20 2.46893e-19 1.37195e-18 7.18494e-18 3.54634e-17 1.64988e-16 7.23656e-16 2.99354e-15 1.16858e-14 4.30819e-14 1.50153e-13 4.95327e-13 1.54852e-12 4.59349e-12 1.29426e-11 3.46638e-11 8.82851e-11 2.13855e-10 4.92692e-10 1.07962e-09 2.25046e-09 4.46372e-09 8.42739e-09 1.51484e-08 2.59248e-08 4.22214e-08 6.53576e-08 9.59679e-08 1.33338e-07 1.74962e-07 2.1681e-07 2.54466e-07 2.84642e-07 3.06104e-07 3.19537e-07 3.26582e-07 3.28736e-07 3.26582e-07 3.19537e-07 3.06104e-07 2.84642e-07 2.54466e-07 2.1681e-07 1.74962e-07 1.33338e-07 9.59679e-08 6.53576e-08 4.22214e-08 2.59248e-08 1.51484e-08 8.42739e-09 4.46372e-09 2.25046e-09 1.07962e-09 4.92692e-10 2.13855e-10 8.82851e-11 3.46638e-11 1.29426e-11 4.59349e-12 1.54852e-12 4.95327e-13 1.50153e-13 4.30819e-14 1.16858e-14 2.99354e-15 7.23656e-16 1.64988e-16 3.54634e-17 7.18494e-18 1.37195e-18 2.46893e-19 4.18734e-20 6.69303e-21 1.0082e-21 1.43109e-22 1.91386e-23 2.41073e-24 2.85898e-25 3.19054e-26 3.34815e-27 3.30106e-28 3.05452e-29 2.64915e-30 2.15016e-31 1.6376e-32 
2.38653e-32 1.6273e-31 2.05329e-30 2.43813e-29 2.71534e-28 2.84001e-27 2.79271e-26 2.58425e-25 2.25195e-24 1.84903e-23 1.43109e-22 1.04438e-21 7.18774e-21 4.66556e-20 2.85623e-19 1.64907e-18 8.97849e-18 4.60938e-17 2.23116e-16 1.01828e-15 4.38229e-15 1.77892e-14 6.81454e-14 2.46523e-13 8.43013e-13 2.72823e-12 8.36697e-12 2.43484e-11 6.73133e-11 1.7695e-10 4.42549e-10 1.05327e-09 2.38566e-09 5.14275e-09 1.05528e-08 2.06187e-08 3.83736e-08 6.80494e-08 1.14995e-07 1.8512e-07 2.83593e-07 4.1268e-07 5.69117e-07 7.42418e-07 9.16006e-07 1.07188e-06 1.19669e-06 1.28548e-06 1.3411e-06 1.37032e-06 1.37925e-06 1.37032e-06 1.3411e-06 1.28548e-06 1.19669e-06 1.07188e-06 9.16006e-07 7.42418e-07 5.69117e-07 4.1268e-07 2.83593e-07 1.8512e-07 1.14995e-07 6.80494e-08 3.83736e-08 2.06187e-08 1.05528e-08 5.14275e-09 2.38566e-09 1.05327e-09 4.42549e-10 1.7695e-10 6.73133e-11 2.43484e-11 8.36697e-12 2.72823e-12 8.43013e-13 2.46523e-13 6.81454e-14 1.77892e-14 4.38229e-15 1.01828e-15 2.23116e-16 4.60938e-17 8.97849e-18 1.64907e-18 2.85623e-19 4.66556e-20 7.18774e-21 1.04438e-21 1.43109e-22 1.84903e-23 2.25195e-24 2.58425e-25 2.79271e-26 2.84001e-27 2.71534e-28 2.43813e-29 2.05329e-30 1.6273e-31 
2.28883e-31 1.50106e-30 1.82458e-29 2.09262e-28 2.25545e-27 2.28704e-26 2.18383e-25 1.96515e-24 1.66746e-23 1.33474e-22 1.0082e-21 7.18774e-21 4.8369e-20 3.07234e-19 1.84188e-18 1.04203e-17 5.5623e-17 2.80092e-16 1.3303e-15 5.95885e-15 2.51734e-14 1.00315e-13 3.77221e-13 1.3394e-12 4.4947e-12 1.42716e-11 4.29349e-11 1.22555e-10 3.32359e-10 8.57252e-10 2.10448e-09 4.91898e-09 1.09487e-08 2.32079e-08 4.68573e-08 9.01415e-08 1.65296e-07 2.89043e-07 4.82077e-07 7.66722e-07 1.16188e-06 1.67488e-06 2.29174e-06 2.97113e-06 3.64894e-06 4.25613e-06 4.74176e-06 5.08723e-06 5.30382e-06 5.41768e-06 5.45254e-06 5.41768e-06 5.30382e-06 5.08723e-06 4.74176e-06 4.25613e-06 3.64894e-06 2.97113e-06 2.29174e-06 1.67488e-06 1.16188e-06 7.66722e-07 4.82077e-07 2.89043e-07 1.65296e-07 9.01415e-08 4.68573e-08 2.32079e-08 1.09487e-08 4.91898e-09 2.10448e-09 8.57252e-10 3.32359e-10 1.22555e-10 4.29349e-11 1.42716e-11 4.4947e-12 1.3394e-12 3.77221e-13 1.00315e-13 2.51734e-14 5.95885e-15 1.3303e-15 2.80092e-16 5.5623e-17 1.04203e-17 1.84188e-18 3.07234e-19 4.8369e-20 7.18774e-21 1.0082e-21 1.33474e-22 1.66746e-23 1.96515e-24 2.18383e-25 2.28704e-26 2.25545e-27 2.09262e-28 1.82458e-29 1.50106e-30 
2.03628e-30 1.28757e-29 1.51099e-28 1.67706e-27 1.75236e-26 1.72538e-25 1.60207e-24 1.4037e-23 1.16112e-22 9.07044e-22 6.69303e-21 4.66556e-20 3.07234e-19 1.91109e-18 1.12271e-17 6.22775e-17 3.26109e-16 1.61155e-15 7.51388e-15 3.30477e-14 1.371e-13 5.36509e-13 1.981e-12 6.90547e-12 2.27438e-11 7.08568e-11 2.09096e-10 5.85341e-10 1.55671e-09 3.9381e-09 9.4851e-09 2.17621e-08 4.75732e-08 9.91022e-08 1.96764e-07 3.7248e-07 6.72601e-07 1.15909e-06 1.90687e-06 2.99469e-06 4.48668e-06 6.40367e-06 8.68974e-06 1.11918e-05 1.36772e-05 1.58976e-05 1.7671e-05 1.89321e-05 1.9723e-05 2.01391e-05 2.02666e-05 2.01391e-05 1.9723e-05 1.89321e-05 1.7671e-05 1.58976e-05 1.36772e-05 1.11918e-05 8.68974e-06 6.40367e-06 4.48668e-06 2.99469e-06 1.90687e-06 1.15909e-06 6.72601e-07 3.7248e-07 1.96764e-07 9.91022e-08 4.75732e-08 2.17621e-08 9.4851e-09 3.9381e-09 1.55671e-09 5.85341e-10 2.09096e-10 7.08568e-11 2.27438e-11 6.90547e-12 1.981e-12 5.36509e-13 1.371e-13 3.30477e-14 7.51388e-15 1.61155e-15 3.26109e-16 6.22775e-17 1.12271e-17 1.91109e-18 3.07234e-19 4.66556e-20 6.69303e-21 9.07044e-22 1.16112e-22 1.4037e-23 1.60207e-24 1.72538e-25 1.75236e-26 1.67706e-27 1.51099e-28 1.28757e-29 
1.68358e-29 1.02862e-28 1.16763e-27 1.25633e-26 1.27461e-25 1.2203e-24 1.10321e-23 9.42251e-23 7.60599e-22 5.80401e-21 4.18734e-20 2.85623e-19 1.84188e-18 1.12271e-17 6.46708e-17 3.5193e-16 1.8087e-15 8.77572e-15 4.01846e-14 1.73608e-13 7.07509e-13 2.71973e-12 9.86329e-12 3.37605e-11 1.09147e-10 3.3365e-10 9.65713e-10 2.65072e-09 6.91092e-09 1.71395e-08 4.04792e-08 9.11067e-08 1.95483e-07 3.99933e-07 7.80341e-07 1.45265e-06 2.58132e-06 4.38099e-06 7.10461e-06 1.10102e-05 1.62984e-05 2.30184e-05 3.09609e-05 3.95952e-05 4.81309e-05 5.57327e-05 6.17935e-05 6.61006e-05 6.88022e-05 7.02243e-05 7.06601e-05 7.02243e-05 6.88022e-05 6.61006e-05 6.17935e-05 5.57327e-05 4.81309e-05 3.95952e-05 3.09609e-05 2.30184e-05 1.62984e-05 1.10102e-05 7.10461e-06 4.38099e-06 2.58132e-06 1.45265e-06 7.80341e-07 3.99933e-07 1.95483e-07 9.11067e-08 4.04792e-08 1.71395e-08 6.91092e-09 2.65072e-09 9.65713e-10 3.3365e-10 1.09147e-10 3.37605e-11 9.86329e-12 2.71973e-12 7.07509e-13 1.73608e-13 4.01846e-14 8.77572e-15 1.8087e-15 3.5193e-16 6.46708e-17 1.12271e-17 1.84188e-18 2.85623e-19 4.18734e-20 5.80401e-21 7.60599e-22 9.42251e-23 1.10321e-23 1.2203e-24 1.27461e-25 1.25633e-26 1.16763e-27 1.02862e-28 
1.29571e-28 7.66391e-28 8.42942e-27 8.80574e-26 8.68633e-25 8.09635e-24 7.13444e-23 5.94598e-22 4.68812e-21 3.49747e-20 2.46893e-19 1.64907e-18 1.04203e-17 6.22775e-17 3.5193e-16 1.87974e-15 9.48586e-15 4.52069e-14 2.03375e-13 8.6335e-13 3.45737e-12 1.30589e-11 4.65251e-11 1.56396e-10 4.96367e-10 1.48884e-09 4.22623e-09 1.13715e-08 2.90538e-08 7.06028e-08 1.63405e-07 3.60525e-07 7.58684e-07 1.52323e-06 2.91851e-06 5.33851e-06 9.32808e-06 1.55796e-05 2.4886e-05 3.80286e-05 5.55801e-05 7.76204e-05 0.000103419 0.000131258 0.000158632 0.000182926 0.000202254 0.000215974 0.000224579 0.000229109 0.000230498 0.000229109 0.000224579 0.000215974 0.000202254 0.000182926 0.000158632 0.000131258 0.000103419 7.76204e-05 5.55801e-05 3.80286e-05 2.4886e-05 1.55796e-05 9.32808e-06 5.33851e-06 2.91851e-06 1.52323e-06 7.58684e-07 3.60525e-07 1.63405e-07 7.06028e-08 2.90538e-08 1.13715e-08 4.22623e-09 1.48884e-09 4.96367e-10 1.56396e-10 4.65251e-11 1.30589e-11 3.45737e-12 8.6335e-13 2.03375e-13 4.52069e-14 9.48586e-15 1.87974e-15 3.5193e-16 6.22775e-17 1.04203e-17 1.64907e-18 2.46893e-19 3.49747e-20 4.68812e-21 5.94598e-22 7.13444e-23 8.09635e-24 8.68633e-25 8.80574e-26 8.42942e-27 7.66391e-28 
9.296e-28 5.33201e-27 5.691e-26 5.77983e-25 5.55021e-24 5.04198e-23 4.33492e-22 3.52846e-21 2.71955e-20 1.98496e-19 1.37195e-18 8.97849e-18 5.5623e-17 3.26109e-16 1.8087e-15 9.48586e-15 4.70202e-14 2.20176e-13 9.73445e-13 4.06163e-12 1.59869e-11 5.93452e-11 2.07745e-10 6.8593e-10 2.13728e-09 6.29026e-09 1.75092e-08 4.61711e-08 1.15554e-07 2.74991e-07 6.23251e-07 1.3469e-06 2.77752e-06 5.46766e-06 1.0278e-05 1.84571e-05 3.16839e-05 5.20297e-05 8.17897e-05 0.000123133 0.000177533 0.000244971 0.000323077 0.000406672 0.00048839 0.000560616 0.000617931 0.000658562 0.000684026 0.000697432 0.000701543 0.000697432 0.000684026 0.000658562 0.000617931 0.000560616 0.00048839 0.000406672 0.000323077 0.000244971 0.000177533 0.000123133 8.17897e-05 5.20297e-05 3.16839e-05 1.84571e-05 1.0278e-05 5.46766e-06 2.77752e-06 1.3469e-06 6.23251e-07 2.74991e-07 1.15554e-07 4.61711e-08 1.75092e-08 6.29026e-09 2.13728e-09 6.8593e-10 2.07745e-10 5.93452e-11 1.59869e-11 4.06163e-12 9.73445e-13 2.20176e-13 4.70202e-14 9.48586e-15 1.8087e-15 3.26109e-16 5.5623e-17 8.97849e-18 1.37195e-18 1.98496e-19 2.71955e-20 3.52846e-21 4.33492e-22 5.04198e-23 5.55021e-24 5.77983e-25 5.691e-26 5.33201e-27 
6.22567e-27 3.46805e-26 3.59674e-25 3.55558e-24 3.32732e-23 2.94877e-22 2.47574e-21 1.96964e-20 1.48503e-19 1.06111e-18 7.18494e-18 4.60938e-17 2.80092e-16 1.61155e-15 8.77572e-15 4.52069e-14 2.20176e-13 1.01328e-12 4.40373e-12 1.80635e-11 6.98961e-11 2.55038e-10 8.77346e-10 2.84559e-09 8.70515e-09 2.51378e-08 6.86053e-08 1.77248e-07 4.34349e-07 1.01162e-06 2.24352e-06 4.74479e-06 9.57873e-06 1.84694e-05 3.40271e-05 5.99285e-05 0.000100965 0.000162851 0.000251681 0.000372924 0.000529906 0.000721793 0.000941459 0.00117444 0.00140067 0.00159969 0.00175715 0.00186856 0.00193832 0.00197504 0.00198629 0.00197504 0.00193832 0.00186856 0.00175715 0.00159969 0.00140067 0.00117444 0.000941459 0.000721793 0.000529906 0.000372924 0.000251681 0.000162851 0.000100965 5.99285e-05 3.40271e-05 1.84694e-05 9.57873e-06 4.74479e-06 2.24352e-06 1.01162e-06 4.34349e-07 1.77248e-07 6.86053e-08 2.51378e-08 8.70515e-09 2.84559e-09 8.77346e-10 2.55038e-10 6.98961e-11 1.80635e-11 4.40373e-12 1.01328e-12 2.20176e-13 4.52069e-14 8.77572e-15 1.61155e-15 2.80092e-16 4.60938e-17 7.18494e-18 1.06111e-18 1.48503e-19 1.96964e-20 2.47574e-21 2.94877e-22 3.32732e-23 3.55558e-24 3.59674e-25 3.46805e-26 
3.89716e-26 2.11117e-25 2.13001e-24 2.0517e-23 1.8728e-22 1.62053e-21 1.32962e-20 1.0346e-19 7.63518e-19 5.3437e-18 3.54634e-17 2.23116e-16 1.3303e-15 7.51388e-15 4.01846e-14 2.03375e-13 9.73445e-13 4.40373e-12 1.88163e-11 7.58871e-11 2.88707e-10 1.03559e-09 3.50111e-09 1.11552e-08 3.35048e-08 9.49234e-08 2.53961e-07 6.42659e-07 1.54128e-06 3.51097e-06 7.61283e-06 1.57406e-05 3.10747e-05 5.8621e-05 0.000105728 0.00018241 0.000301262 0.000476732 0.00072352 0.00105397 0.00147437 0.00198035 0.00255214 0.00315244 0.00373096 0.00423719 0.00463624 0.00491795 0.00509409 0.00518673 0.00521513 0.00518673 0.00509409 0.00491795 0.00463624 0.00423719 0.00373096 0.00315244 0.00255214 0.00198035 0.00147437 0.00105397 0.00072352 0.000476732 0.000301262 0.00018241 0.000105728 5.8621e-05 3.10747e-05 1.57406e-05 7.61283e-06 3.51097e-06 1.54128e-06 6.42659e-07 2.53961e-07 9.49234e-08 3.35048e-08 1.11552e-08 3.50111e-09 1.03559e-09 2.88707e-10 7.58871e-11 1.88163e-11 4.40373e-12 9.73445e-13 2.03375e-13 4.01846e-14 7.51388e-15 1.3303e-15 2.23116e-16 3.54634e-17 5.3437e-18 7.63518e-19 1.0346e-19 1.32962e-20 1.62053e-21 1.8728e-22 2.0517e-23 2.13001e-24 2.11117e-25 
2.28318e-25 1.2042e-24 1.18315e-23 1.11148e-22 9.90437e-22 8.37381e-21 6.71856e-20 5.11597e-19 3.69724e-18 2.5356e-17 1.64988e-16 1.01828e-15 5.95885e-15 3.30477e-14 1.73608e-13 8.6335e-13 4.06163e-12 1.80635e-11 7.58871e-11 3.00938e-10 1.1257e-09 3.96951e-09 1.31891e-08 4.12814e-08 1.21727e-07 3.38319e-07 8.87162e-07 2.19824e-06 5.15721e-06 1.14825e-05 2.4321e-05 4.91111e-05 9.46981e-05 0.000174556 0.000307799 0.000519528 0.000840044 0.00130251 0.00193874 0.00277304 0.0038142 0.005046 0.00641804 0.00784202 0.00920253 0.0103857 0.0113144 0.0119681 0.0123761 0.0125905 0.0126561 0.0125905 0.0123761 0.0119681 0.0113144 0.0103857 0.00920253 0.00784202 0.00641804 0.005046 0.0038142 0.00277304 0.00193874 0.00130251 0.000840044 0.000519528 0.000307799 0.000174556 9.46981e-05 4.91111e-05 2.4321e-05 1.14825e-05 5.15721e-06 2.19824e-06 8.87162e-07 3.38319e-07 1.21727e-07 4.12814e-08 1.31891e-08 3.96951e-09 1.1257e-09 3.00938e-10 7.58871e-11 1.80635e-11 4.06163e-12 8.6335e-13 1.73608e-13 3.30477e-14 5.95885e-15 1.01828e-15 1.64988e-16 2.5356e-17 3.69724e-18 5.11597e-19 6.71856e-20 8.37381e-21 9.90437e-22 1.11148e-22 1.18315e-23 1.2042e-24 
1.25351e-24 6.4435e-24 6.17069e-23 5.65814e-22 4.92556e-21 4.07145e-20 3.19606e-19 2.38271e-18 1.68691e-17 1.134e-16 7.23656e-16 4.38229e-15 2.51734e-14 1.371e-13 7.07509e-13 3.45737e-12 1.59869e-11 6.98961e-11 2.88707e-10 1.1257e-09 4.14e-09 1.43507e-08 4.68574e-08 1.44061e-07 4.16999e-07 1.1368e-06 2.92113e-06 7.08504e-06 1.62522e-05 3.53441e-05 7.30627e-05 0.000143923 0.000270708 0.000486892 0.000838168 0.00138205 0.00218468 0.00331432 0.00483151 0.00677603 0.00915162 0.0119091 0.014931 0.0180266 0.020955 0.0234834 0.0254579 0.026843 0.0277055 0.028158 0.0282966 0.028158 0.0277055 0.026843 0.0254579 0.0234834 0.020955 0.0180266 0.014931 0.0119091 0.00915162 0.00677603 0.00483151 0.00331432 0.00218468 0.00138205 0.000838168 0.000486892 0.000270708 0.000143923 7.30627e-05 3.53441e-05 1.62522e-05 7.08504e-06 2.92113e-06 1.1368e-06 4.16999e-07 1.44061e-07 4.68574e-08 1.43507e-08 4.14e-09 1.1257e-09 2.88707e-10 6.98961e-11 1.59869e-11 3.45737e-12 7.07509e-13 1.371e-13 2.51734e-14 4.38229e-15 7.23656e-16 1.134e-16 1.68691e-17 2.38271e-18 3.19606e-19 4.07145e-20 4.92556e-21 5.65814e-22 6.17069e-23 6.4435e-24 
6.45775e-24 3.23828e-23 3.02516e-22 2.70941e-21 2.30556e-20 1.86422e-19 1.43241e-18 1.04589e-17 7.2562e-17 4.78243e-16 2.99354e-15 1.77892e-14 1.00315e-13 5.36509e-13 2.71973e-12 1.30589e-11 5.93452e-11 2.55038e-10 1.03559e-09 3.96951e-09 1.43507e-08 4.88908e-08 1.56849e-07 4.73589e-07 1.34545e-06 3.59697e-06 9.05488e-06 2.14903e-05 4.81766e-05 0.000102265 0.000206131 0.000395649 0.000724931 0.0012703 0.00213149 0.00342795 0.00528907 0.00783856 0.0111739 0.0153426 0.0203169 0.0259692 0.0320506 0.0381879 0.0439274 0.0488413 0.0526559 0.0553206 0.0569753 0.0578419 0.058107 0.0578419 0.0569753 0.0553206 0.0526559 0.0488413 0.0439274 0.0381879 0.0320506 0.0259692 0.0203169 0.0153426 0.0111739 0.00783856 0.00528907 0.00342795 0.00213149 0.0012703 0.000724931 0.000395649 0.000206131 0.000102265 4.81766e-05 2.14903e-05 9.05488e-06 3.59697e-06 1.34545e-06 4.73589e-07 1.56849e-07 4.88908e-08 1.43507e-08 3.96951e-09 1.03559e-09 2.55038e-10 5.93452e-11 1.30589e-11 2.71973e-12 5.36509e-13 1.00315e-13 1.77892e-14 2.99354e-15 4.78243e-16 7.2562e-17 1.04589e-17 1.43241e-18 1.86422e-19 2.30556e-20 2.70941e-21 3.02516e-22 3.23828e-23 
3.12589e-23 1.53043e-22 1.39569e-21 1.22173e-20 1.0168e-19 8.04602e-19 6.0537e-18 4.33043e-17 2.94474e-16 1.90313e-15 1.16858e-14 6.81454e-14 3.77221e-13 1.981e-12 9.86329e-12 4.65251e-11 2.07745e-10 8.77346e-10 3.50111e-09 1.31891e-08 4.68574e-08 1.56849e-07 4.94263e-07 1.46521e-06 4.08431e-06 1.07048e-05 2.63916e-05 6.12678e-05 0.000134164 0.000277797 0.000545494 0.00101902 0.00181624 0.00309577 0.0050546 0.00791495 0.0118997 0.0171995 0.0239363 0.0321262 0.0416467 0.0522094 0.0633396 0.0743807 0.0845694 0.0932069 0.0998646 0.104492 0.107356 0.108853 0.10931 0.108853 0.107356 0.104492 0.0998646 0.0932069 0.0845694 0.0743807 0.0633396 0.0522094 0.0416467 0.0321262 0.0239363 0.0171995 0.0118997 0.00791495 0.0050546 0.00309577 0.00181624 0.00101902 0.000545494 0.000277797 0.000134164 6.12678e-05 2.63916e-05 1.07048e-05 4.08431e-06 1.46521e-06 4.94263e-07 1.56849e-07 4.68574e-08 1.31891e-08 3.50111e-09 8.77346e-10 2.07745e-10 4.65251e-11 9.86329e-12 1.981e-12 3.77221e-13 6.81454e-14 1.16858e-14 1.90313e-15 2.94474e-16 4.33043e-17 6.0537e-18 8.04602e-19 1.0168e-19 1.22173e-20 1.39569e-21 1.53043e-22 
1.42352e-22 6.81012e-22 6.0669e-21 5.19368e-20 4.22973e-19 3.27689e-18 2.41498e-17 1.69286e-16 1.12851e-15 7.15233e-15 4.30819e-14 2.46523e-13 1.3394e-12 6.90547e-12 3.37605e-11 1.56396e-10 6.8593e-10 2.84559e-09 1.11552e-08 4.12814e-08 1.44061e-07 4.73589e-07 1.46521e-06 4.26263e-06 1.16537e-05 2.99323e-05 7.22424e-05 0.000163974 0.000350565 0.000707588 0.00135244 0.00245614 0.00425242 0.007039 0.0111636 0.0169901 0.0248456 0.0349625 0.0474224 0.0621139 0.0787038 0.0966231 0.115063 0.132998 0.149293 0.162947 0.173384 0.180595 0.18504 0.187357 0.188064 0.187357 0.18504 0.180595 0.173384 0.162947 0.149293 0.132998 0.115063 0.0966231 0.0787038 0.0621139 0.0474224 0.0349625 0.0248456 0.0169901 0.0111636 0.007039 0.00425242 0.00245614 0.00135244 0.000707588 0.000350565 0.000163974 7.22424e-05 2.99323e-05 1.16537e-05 4.26263e-06 1.46521e-06 4.73589e-07 1.44061e-07 4.12814e-08 1.11552e-08 2.84559e-09 6.8593e-10 1.56396e-10 3.37605e-11 6.90547e-12 1.3394e-12 2.46523e-13 4.30819e-14 7.15233e-15 1.12851e-15 1.69286e-16 2.41498e-17 3.27689e-18 4.22973e-19 5.19368e-20 6.0669e-21 6.81012e-22 
6.10605e-22 2.85655e-21 2.48761e-20 2.08384e-19 1.66148e-18 1.26074e-17 9.10386e-17 6.25509e-16 4.08836e-15 2.5412e-14 1.50153e-13 8.43013e-13 4.4947e-12 2.27438e-11 1.09147e-10 4.96367e-10 2.13728e-09 8.70515e-09 3.35048e-08 1.21727e-07 4.16999e-07 1.34545e-06 4.08431e-06 1.16537e-05 3.12296e-05 7.85628e-05 0.000185526 0.000411513 0.000858475 0.00168804 0.00313796 0.00553437 0.00929549 0.014919 0.022943 0.0338749 0.0480975 0.0657802 0.0868172 0.1108 0.137024 0.164513 0.192051 0.218233 0.241594 0.260905 0.27552 0.285548 0.291698 0.294894 0.295867 0.294894 0.291698 0.285548 0.27552 0.260905 0.241594 0.218233 0.192051 0.164513 0.137024 0.1108 0.0868172 0.0657802 0.0480975 0.0338749 0.022943 0.014919 0.00929549 0.00553437 0.00313796 0.00168804 0.000858475 0.000411513 0.000185526 7.85628e-05 3.12296e-05 1.16537e-05 4.08431e-06 1.34545e-06 4.16999e-07 1.21727e-07 3.35048e-08 8.70515e-09 2.13728e-09 4.96367e-10 1.09147e-10 2.27438e-11 4.4947e-12 8.43013e-13 1.50153e-13 2.5412e-14 4.08836e-15 6.25509e-16 9.10386e-17 1.26074e-17 1.66148e-18 2.08384e-19 2.48761e-20 2.85655e-21 
2.4695e-21 1.13063e-20 9.63128e-20 7.89952e-19 6.16943e-18 4.58715e-17 3.24672e-16 2.18707e-15 1.40179e-14 8.54582e-14 4.95327e-13 2.72823e-12 1.42716e-11 7.08568e-11 3.3365e-10 1.48884e-09 6.29026e-09 2.51378e-08 9.49234e-08 3.38319e-07 1.1368e-06 3.59697e-06 1.07048e-05 2.99323e-05 7.85628e-05 0.00019343 0.000446634 0.000967489 0.00196823 0.00376787 0.00680712 0.0116485 0.0189575 0.0294588 0.0438562 0.0627115 0.0863064 0.114536 0.146873 0.1824 0.219888 0.257893 0.294834 0.329054 0.358955 0.38328 0.401477 0.413859 0.421411 0.42532 0.426509 0.42532 0.421411 0.413859 0.401477 0.38328 0.358955 0.329054 0.294834 0.257893 0.219888 0.1824 0.146873 0.114536 0.0863064 0.0627115 0.0438562 0.0294588 0.0189575 0.0116485 0.00680712 0.00376787 0.00196823 0.000967489 0.000446634 0.00019343 7.85628e-05 2.99323e-05 1.07048e-05 3.59697e-06 1.1368e-06 3.38319e-07 9.49234e-08 2.51378e-08 6.29026e-09 1.48884e-09 3.3365e-10 7.08568e-11 1.42716e-11 2.72823e-12 4.95327e-13 8.54582e-14 1.40179e-14 2.18707e-15 3.24672e-16 4.58715e-17 6.16943e-18 7.89952e-19 9.63128e-20 1.13063e-20 
9.42431e-21 4.22605e-20 3.52399e-19 2.83181e-18 2.16754e-17 1.57995e-16 1.09653e-15 7.24414e-15 4.55418e-14 2.72346e-13 1.54852e-12 8.36697e-12 4.29349e-11 2.09096e-10 9.65713e-10 4.22623e-09 1.75092e-08 6.86053e-08 2.53961e-07 8.87162e-07 2.92113e-06 9.05488e-06 2.63916e-05 7.22424e-05 0.000185526 0.000446634 0.00100748 0.0021296 0.00422181 0.00786302 0.0137962 0.022888 0.0360584 0.0541865 0.0779845 0.107838 0.143644 0.18473 0.229894 0.277551 0.325917 0.373174 0.417583 0.457532 0.49161 0.518824 0.538906 0.55244 0.56064 0.564866 0.566149 0.564866 0.56064 0.55244 0.538906 0.518824 0.49161 0.457532 0.417583 0.373174 0.325917 0.277551 0.229894 0.18473 0.143644 0.107838 0.0779845 0.0541865 0.0360584 0.022888 0.0137962 0.00786302 0.00422181 0.0021296 0.00100748 0.000446634 0.000185526 7.22424e-05 2.63916e-05 9.05488e-06 2.92113e-06 8.87162e-07 2.53961e-07 6.86053e-08 1.75092e-08 4.22623e-09 9.65713e-10 2.09096e-10 4.29349e-11 8.36697e-12 1.54852e-12 2.72346e-13 4.55418e-14 7.24414e-15 1.09653e-15 1.57995e-16 2.16754e-17 2.83181e-18 3.52399e-19 4.22605e-20 
3.39549e-20 1.49253e-19 1.21924e-18 9.60574e-18 7.2105e-17 5.15538e-16 3.51009e-15 2.27515e-14 1.40339e-13 8.23432e-13 4.59349e-12 2.43484e-11 1.22555e-10 5.85341e-10 2.65072e-09 1.13715e-08 4.61711e-08 1.77248e-07 6.42659e-07 2.19824e-06 7.08504e-06 2.14903e-05 6.12678e-05 0.000163974 0.000411513 0.000967489 0.0021296 0.00438824 0.00846992 0.015336 0.0261156 0.0419769 0.0639724 0.0928887 0.129108 0.172464 0.222124 0.276585 0.333843 0.391683 0.44795 0.500759 0.548578 0.590209 0.62477 0.651791 0.67142 0.684503 0.692368 0.696402 0.697624 0.696402 0.692368 0.684503 0.67142 0.651791 0.62477 0.590209 0.548578 0.500759 0.44795 0.391683 0.333843 0.276585 0.222124 0.172464 0.129108 0.0928887 0.0639724 0.0419769 0.0261156 0.015336 0.00846992 0.00438824 0.0021296 0.000967489 0.000411513 0.000163974 6.12678e-05 2.14903e-05 7.08504e-06 2.19824e-06 6.42659e-07 1.77248e-07 4.61711e-08 1.13715e-08 2.65072e-09 5.85341e-10 1.22555e-10 2.43484e-11 4.59349e-12 8.23432e-13 1.40339e-13 2.27515e-14 3.51009e-15 5.15538e-16 7.2105e-17 9.60574e-18 1.21924e-18 1.49253e-19 
1.15526e-19 4.982e-19 3.9901e-18 3.08432e-17 2.27207e-16 1.59444e-15 1.0656e-14 6.77999e-14 4.10512e-13 2.36413e-12 1.29426e-11 6.73133e-11 3.32359e-10 1.55671e-09 6.91092e-09 2.90538e-08 1.15554e-07 4.34349e-07 1.54128e-06 5.15721e-06 1.62522e-05 4.81766e-05 0.000134164 0.000350565 0.000858475 0.00196823 0.00422181 0.00846992 0.0158997 0.0279632 0.0461845 0.0718871 0.105934 0.148565 0.199339 0.257114 0.320069 0.385822 0.451728 0.515263 0.574332 0.627423 0.673602 0.71239 0.743633 0.767483 0.784504 0.795704 0.802378 0.805782 0.80681 0.805782 0.802378 0.795704 0.784504 0.767483 0.743633 0.71239 0.673602 0.627423 0.574332 0.515263 0.451728 0.385822 0.320069 0.257114 0.199339 0.148565 0.105934 0.0718871 0.0461845 0.0279632 0.0158997 0.00846992 0.00422181 0.00196823 0.000858475 0.000350565 0.000134164 4.81766e-05 1.62522e-05 5.15721e-06 1.54128e-06 4.34349e-07 1.15554e-07 2.90538e-08 6.91092e-09 1.55671e-09 3.32359e-10 6.73133e-11 1.29426e-11 2.36413e-12 4.10512e-13 6.77999e-14 1.0656e-14 1.59444e-15 2.27207e-16 3.08432e-17 3.9901e-18 4.982e-19 
3.71196e-19 1.57183e-18 1.23525e-17 9.37566e-17 6.78281e-16 4.67503e-15 3.06886e-14 1.91782e-13 1.14043e-12 6.44932e-12 3.46638e-11 1.7695e-10 8.57252e-10 3.9381e-09 1.71395e-08 7.06028e-08 2.74991e-07 1.01162e-06 3.51097e-06 1.14825e-05 3.53441e-05 0.000102265 0.000277797 0.000707588 0.00168804 0.00376787 0.00786302 0.015336 0.0279632 0.0477202 0.0763877 0.115092 0.163975 0.22213 0.287778 0.358527 0.431585 0.503997 0.572978 0.636264 0.692345 0.740489 0.780606 0.813027 0.838294 0.85708 0.870222 0.878746 0.883775 0.886324 0.887091 0.886324 0.883775 0.878746 0.870222 0.85708 0.838294 0.813027 0.780606 0.740489 0.692345 0.636264 0.572978 0.503997 0.431585 0.358527 0.287778 0.22213 0.163975 0.115092 0.0763877 0.0477202 0.0279632 0.015336 0.00786302 0.00376787 0.00168804 0.000707588 0.000277797 0.000102265 3.53441e-05 1.14825e-05 3.51097e-06 1.01162e-06 2.74991e-07 7.06028e-08 1.71395e-08 3.9381e-09 8.57252e-10 1.7695e-10 3.46638e-11 6.44932e-12 1.14043e-12 1.91782e-13 3.06886e-14 4.67503e-15 6.78281e-16 9.37566e-17 1.23525e-17 1.57183e-18 
1.12629e-18 4.68706e-18 3.61727e-17 2.69798e-16 1.91831e-15 1.29956e-14 8.38478e-14 5.14995e-13 3.00948e-12 1.67219e-11 8.82851e-11 4.42549e-10 2.10448e-09 9.4851e-09 4.04792e-08 1.63405e-07 6.23251e-07 2.24352e-06 7.61283e-06 2.4321e-05 7.30627e-05 0.000206131 0.000545494 0.00135244 0.00313796 0.00680712 0.0137962 0.0261156 0.0461845 0.0763877 0.118418 0.172649 0.237849 0.3114 0.389888 0.469727 0.547568 0.620527 0.686375 0.743721 0.792048 0.831587 0.863079 0.887506 0.905881 0.919154 0.928237 0.934034 0.937417 0.939119 0.93963 0.939119 0.937417 0.934034 0.928237 0.919154 0.905881 0.887506 0.863079 0.831587 0.792048 0.743721 0.686375 0.620527 0.547568 0.469727 0.389888 0.3114 0.237849 0.172649 0.118418 0.0763877 0.0461845 0.0261156 0.0137962 0.00680712 0.00313796 0.00135244 0.000545494 0.000206131 7.30627e-05 2.4321e-05 7.61283e-06 2.24352e-06 6.23251e-07 1.63405e-07 4.04792e-08 9.4851e-09 2.10448e-09 4.42549e-10 8.82851e-11 1.67219e-11 3.00948e-12 5.14995e-13 8.38478e-14 1.29956e-14 1.91831e-15 2.69798e-16 3.61727e-17 4.68706e-18 
3.22694e-18 1.32085e-17 1.00189e-16 7.34903e-16 5.13937e-15 3.42455e-14 2.17325e-13 1.3128e-12 7.54396e-12 4.12114e-11 2.13855e-10 1.05327e-09 4.91898e-09 2.17621e-08 9.11067e-08 3.60525e-07 1.3469e-06 4.74479e-06 1.57406e-05 4.91111e-05 0.000143923 0.000395649 0.00101902 0.00245614 0.00553437 0.0116485 0.022888 0.0419769 0.0718871 0.115092 0.172649 0.243516 0.32451 0.411018 0.49811 0.581497 0.657995 0.725555 0.783146 0.830632 0.868607 0.898163 0.920621 0.937306 0.949392 0.957856 0.963509 0.967054 0.969097 0.970117 0.970422 0.970117 0.969097 0.967054 0.963509 0.957856 0.949392 0.937306 0.920621 0.898163 0.868607 0.830632 0.783146 0.725555 0.657995 0.581497 0.49811 0.411018 0.32451 0.243516 0.172649 0.115092 0.0718871 0.0419769 0.022888 0.0116485 0.00553437 0.00245614 0.00101902 0.000395649 0.000143923 4.91111e-05 1.57406e-05 4.74479e-06 1.3469e-06 3.60525e-07 9.11067e-08 2.17621e-08 4.91898e-09 1.05327e-09 2.13855e-10 4.12114e-11 7.54396e-12 1.3128e-12 2.17325e-13 3.42455e-14 5.13937e-15 7.34903e-16 1.00189e-16 1.32085e-17 
8.73024e-18 3.51769e-17 2.62456e-16 1.89475e-15 1.30423e-14 8.55422e-14 5.34322e-13 3.17661e-12 1.79627e-11 9.65375e-11 4.92692e-10 2.38566e-09 1.09487e-08 4.75732e-08 1.95483e-07 7.58684e-07 2.77752e-06 9.57873e-06 3.10747e-05 9.46981e-05 0.000270708 0.000724931 0.00181624 0.00425242 0.00929549 0.0189575 0.0360584 0.0639724 0.105934 0.163975 0.237849 0.32451 0.418558 0.51357 0.603694 0.684753 0.75452 0.81238 0.858808 0.894949 0.922316 0.942539 0.957174 0.967568 0.974804 0.979705 0.982895 0.984856 0.985971 0.986523 0.986687 0.986523 0.985971 0.984856 0.982895 0.979705 0.974804 0.967568 0.957174 0.942539 0.922316 0.894949 0.858808 0.81238 0.75452 0.684753 0.603694 0.51357 0.418558 0.32451 0.237849 0.163975 0.105934 0.0639724 0.0360584 0.0189575 0.00929549 0.00425242 0.00181624 0.000724931 0.000270708 9.46981e-05 3.10747e-05 9.57873e-06 2.77752e-06 7.58684e-07 1.95483e-07 4.75732e-08 1.09487e-08 2.38566e-09 4.92692e-10 9.65375e-11 1.79627e-11 3.17661e-12 5.34322e-13 8.55422e-14 1.30423e-14 1.89475e-15 2.62456e-16 3.51769e-17 
2.23041e-17 8.85383e-17 6.50296e-16 4.62404e-15 3.13522e-14 2.02552e-13 1.24617e-12 7.29645e-12 4.0627e-11 2.14948e-10 1.07962e-09 5.14275e-09 2.32079e-08 9.91022e-08 3.99933e-07 1.52323e-06 5.46766e-06 1.84694e-05 5.8621e-05 0.000174556 0.000486892 0.0012703 0.00309577 0.007039 0.014919 0.0294588 0.0541865 0.0928887 0.148565 0.22213 0.3114 0.411018 0.51357 0.611508 0.698989 0.772817 0.832308 0.878494 0.913256 0.938719 0.956926 0.969673 0.978441 0.984383 0.988351 0.990945 0.992586 0.993574 0.994127 0.994398 0.994478 0.994398 0.994127 0.993574 0.992586 0.990945 0.988351 0.984383 0.978441 0.969673 0.956926 0.938719 0.913256 0.878494 0.832308 0.772817 0.698989 0.611508 0.51357 0.411018 0.3114 0.22213 0.148565 0.0928887 0.0541865 0.0294588 0.014919 0.007039 0.00309577 0.0012703 0.000486892 0.000174556 5.8621e-05 1.84694e-05 5.46766e-06 1.52323e-06 3.99933e-07 9.91022e-08 2.32079e-08 5.14275e-09 1.07962e-09 2.14948e-10 4.0627e-11 7.29645e-12 1.24617e-12 2.02552e-13 3.13522e-14 4.62404e-15 6.50296e-16 8.85383e-17 
5.38162e-17 2.10632e-16 1.52416e-15 1.06829e-14 7.14004e-14 4.54702e-13 2.75736e-12 1.5911e-11 8.72951e-11 4.54977e-10 2.25046e-09 1.05528e-08 4.68573e-08 1.96764e-07 7.80341e-07 2.91851e-06 1.0278e-05 3.40271e-05 0.000105728 0.000307799 0.000838168 0.00213149 0.0050546 0.0111636 0.022943 0.0438562 0.0779845 0.129108 0.199339 0.287778 0.389888 0.49811 0.603694 0.698989 0.779149 0.842615 0.890441 0.925114 0.949507 0.966256 0.977525 0.984977 0.989839 0.992977 0.994982 0.996244 0.997019 0.997474 0.997725 0.997847 0.997883 0.997847 0.997725 0.997474 0.997019 0.996244 0.994982 0.992977 0.989839 0.984977 0.977525 0.966256 0.949507 0.925114 0.890441 0.842615 0.779149 0.698989 0.603694 0.49811 0.389888 0.287778 0.199339 0.129108 0.0779845 0.0438562 0.022943 0.0111636 0.0050546 0.00213149 0.000838168 0.000307799 0.000105728 3.40271e-05 1.0278e-05 2.91851e-06 7.80341e-07 1.96764e-07 4.68573e-08 1.05528e-08 2.25046e-09 4.54977e-10 8.72951e-11 1.5911e-11 2.75736e-12 4.54702e-13 7.14004e-14 1.06829e-14 1.52416e-15 2.10632e-16 
