7.87034e-05 8.11587e-05 8.86155e-05 0.000101346 0.000119807 0.000144637 0.000176662 0.000216895 0.000266536 0.00032697 0.000399763 0.000486654 0.00058954 0.000710466 0.000851594 0.00101518 0.00120353 0.00141896 0.00166378 0.00194015 0.00225014 0.00259556 0.00297794 0.00339848 0.00385791 0.00435651 0.00489397 0.00546941 0.00608125 0.00672727 0.0074045 0.00810928 0.00883723 0.00958331 0.0103418 0.0111065 0.0118707 0.0126271 0.0133684 0.0140869 0.0147749 0.0154249 0.0160295 0.0165815 0.0170746 0.0175026 0.0178604 0.0181434 0.0183482 0.0184721 0.0185136 0.0184721 0.0183482 0.0181434 0.0178604 0.0175026 0.0170746 0.0165815 0.0160295 0.0154249 0.0147749 0.0140869 0.0133684 0.0126271 0.0118707 0.0111065 0.0103418 0.00958331 0.00883723 0.00810928 0.0074045 0.00672727 0.00608125 0.00546941 0.00489397 0.00435651 0.00385791 0.00339848 0.00297794 0.00259556 0.00225014 0.00194015 0.00166378 0.00141896 0.00120353 0.00101518 0.000851594 0.000710466 0.00058954 0.000486654 0.000399763 0.00032697 0.000266536 0.000216895 0.000176662 0.000144637 0.000119807 0.000101346 8.86155e-05 8.11587e-05 
8.11587e-05 8.36859e-05 9.13606e-05 0.000104462 0.000123458 0.000149005 0.000181949 0.000223329 0.000274375 0.000336505 0.000411323 0.00050061 0.000606308 0.000730508 0.000875421 0.00104335 0.00123666 0.00145771 0.00170883 0.00199227 0.0023101 0.00266417 0.00305604 0.00348689 0.0039575 0.0044681 0.00501839 0.00560742 0.00623358 0.00689458 0.00758737 0.0083082 0.00905259 0.00981537 0.0105907 0.0113723 0.0121531 0.012926 0.0136833 0.0144172 0.0151199 0.0157836 0.0164009 0.0169646 0.017468 0.0179049 0.0182701 0.018559 0.0187681 0.0188945 0.0189369 0.0188945 0.0187681 0.018559 0.0182701 0.0179049 0.017468 0.0169646 0.0164009 0.0157836 0.0151199 0.0144172 0.0136833 0.012926 0.0121531 0.0113723 0.0105907 0.00981537 0.00905259 0.0083082 0.00758737 0.00689458 0.00623358 0.00560742 0.00501839 0.0044681 0.0039575 0.00348689 0.00305604 0.00266417 0.0023101 0.00199227 0.00170883 0.00145771 0.00123666 0.00104335 0.000875421 0.000730508 0.000606308 0.00050061 0.000411323 0.000336505 0.000274375 0.000223329 0.000181949 0.000149005 0.000123458 0.000104462 9.13606e-05 8.36859e-05 
8.86155e-05 9.13606e-05 9.96959e-05 0.000113923 0.000134543 0.000162263 0.000197994 0.000242849 0.000298151 0.000365419 0.000446373 0.000542918 0.000657132 0.000791246 0.000947618 0.0011287 0.001337 0.00157503 0.00184526 0.00215005 0.00249159 0.00287181 0.00329234 0.0037544 0.00425876 0.00480564 0.00539464 0.00602471 0.00669411 0.00740032 0.00814008 0.00890935 0.00970333 0.0105165 0.0113427 0.012175 0.0130063 0.0138287 0.0146341 0.0154144 0.0161613 0.0168666 0.0175223 0.0181209 0.0186553 0.0191191 0.0195067 0.0198133 0.0200351 0.0201693 0.0202142 0.0201693 0.0200351 0.0198133 0.0195067 0.0191191 0.0186553 0.0181209 0.0175223 0.0168666 0.0161613 0.0154144 0.0146341 0.0138287 0.0130063 0.012175 0.0113427 0.0105165 0.00970333 0.00890935 0.00814008 0.00740032 0.00669411 0.00602471 0.00539464 0.00480564 0.00425876 0.0037544 0.00329234 0.00287181 0.00249159 0.00215005 0.00184526 0.00157503 0.001337 0.0011287 0.000947618 0.000791246 0.000657132 0.000542918 0.000446373 0.000365419 0.000298151 0.000242849 0.000197994 0.000162263 0.000134543 0.000113923 9.96959e-05 9.13606e-05 
0.000101346 0.000104462 0.000113923 0.000130064 0.000153449 0.000184868 0.000225339 0.000276106 0.000338643 0.000414645 0.000506025 0.000614899 0.000743571 0.000894512 0.00107032 0.00127371 0.00150744 0.00177424 0.00207684 0.00241778 0.00279945 0.00322392 0.00369293 0.00420775 0.00476916 0.0053773 0.00603168 0.00673105 0.0074734 0.00825589 0.00907484 0.00992576 0.0108033 0.0117014 0.0126131 0.013531 0.0144471 0.0153528 0.0162393 0.0170977 0.0179188 0.0186939 0.0194141 0.0200714 0.020658 0.0211669 0.0215921 0.0219284 0.0221716 0.0223187 0.022368 0.0223187 0.0221716 0.0219284 0.0215921 0.0211669 0.020658 0.0200714 0.0194141 0.0186939 0.0179188 0.0170977 0.0162393 0.0153528 0.0144471 0.013531 0.0126131 0.0117014 0.0108033 0.00992576 0.00907484 0.00825589 0.0074734 0.00673105 0.00603168 0.0053773 0.00476916 0.00420775 0.00369293 0.00322392 0.00279945 0.00241778 0.00207684 0.00177424 0.00150744 0.00127371 0.00107032 0.000894512 0.000743571 0.000614899 0.000506025 0.000414645 0.000338643 0.000276106 0.000225339 0.000184868 0.000153449 0.000130064 0.000113923 0.000104462 
0.000119807 0.000123458 0.000134543 0.000153449 0.000180826 0.000217583 0.000264891 0.000324183 0.00039715 0.000485736 0.000592129 0.000718747 0.000868217 0.00104335 0.0012471 0.00148252 0.00175273 0.00206082 0.00240981 0.00280256 0.00324169 0.00372949 0.00426784 0.00485808 0.00550099 0.00619663 0.00694431 0.00774252 0.00858886 0.00948002 0.0104118 0.0113789 0.0123753 0.0133941 0.0144274 0.0154668 0.0165033 0.0175273 0.0185289 0.0194979 0.0204244 0.0212983 0.0221101 0.0228504 0.0235109 0.0240838 0.0245622 0.0249405 0.025214 0.0253795 0.0254348 0.0253795 0.025214 0.0249405 0.0245622 0.0240838 0.0235109 0.0228504 0.0221101 0.0212983 0.0204244 0.0194979 0.0185289 0.0175273 0.0165033 0.0154668 0.0144274 0.0133941 0.0123753 0.0113789 0.0104118 0.00948002 0.00858886 0.00774252 0.00694431 0.00619663 0.00550099 0.00485808 0.00426784 0.00372949 0.00324169 0.00280256 0.00240981 0.00206082 0.00175273 0.00148252 0.0012471 0.00104335 0.000868217 0.000718747 0.000592129 0.000485736 0.00039715 0.000324183 0.000264891 0.000217583 0.000180826 0.000153449 0.000134543 0.000123458 
0.000144637 0.000149005 0.000162263 0.000184868 0.000217583 0.000261476 0.000317921 0.000388599 0.000475487 0.000580859 0.000707266 0.000857523 0.00103468 0.001242 0.00148289 0.00176087 0.00207951 0.00244236 0.00285285 0.00331422 0.00382941 0.00440097 0.00503095 0.0057208 0.00647126 0.00728227 0.0081529 0.00908126 0.0100644 0.0110985 0.0121784 0.0132982 0.0144506 0.0156276 0.0168203 0.018019 0.0192131 0.0203919 0.0215438 0.0226576 0.0237217 0.0247248 0.0256559 0.0265047 0.0272616 0.0279178 0.0284656 0.0288987 0.0292118 0.0294011 0.0294645 0.0294011 0.0292118 0.0288987 0.0284656 0.0279178 0.0272616 0.0265047 0.0256559 0.0247248 0.0237217 0.0226576 0.0215438 0.0203919 0.0192131 0.018019 0.0168203 0.0156276 0.0144506 0.0132982 0.0121784 0.0110985 0.0100644 0.00908126 0.0081529 0.00728227 0.00647126 0.0057208 0.00503095 0.00440097 0.00382941 0.00331422 0.00285285 0.00244236 0.00207951 0.00176087 0.00148289 0.001242 0.00103468 0.000857523 0.000707266 0.000580859 0.000475487 0.000388599 0.000317921 0.000261476 0.000217583 0.000184868 0.000162263 0.000149005 
0.000176662 0.000181949 0.000197994 0.000225339 0.000264891 0.000317921 0.00038606 0.000471299 0.000575981 0.000702791 0.000854741 0.00103514 0.00124758 0.00149587 0.001784 0.00211606 0.00249621 0.00292853 0.00341697 0.00396524 0.00457666 0.0052541 0.00599982 0.00681535 0.0077014 0.00865774 0.0096831 0.0107751 0.0119302 0.0131436 0.0144094 0.0157204 0.0170682 0.0184433 0.0198353 0.0212328 0.0226238 0.0239956 0.0253351 0.0266293 0.0278647 0.0290286 0.0301083 0.031092 0.0319687 0.0327285 0.0333626 0.0338637 0.0342259 0.0344449 0.0345182 0.0344449 0.0342259 0.0338637 0.0333626 0.0327285 0.0319687 0.031092 0.0301083 0.0290286 0.0278647 0.0266293 0.0253351 0.0239956 0.0226238 0.0212328 0.0198353 0.0184433 0.0170682 0.0157204 0.0144094 0.0131436 0.0119302 0.0107751 0.0096831 0.00865774 0.0077014 0.00681535 0.00599982 0.0052541 0.00457666 0.00396524 0.00341697 0.00292853 0.00249621 0.00211606 0.001784 0.00149587 0.00124758 0.00103514 0.000854741 0.000702791 0.000575981 0.000471299 0.00038606 0.000317921 0.000264891 0.000225339 0.000197994 0.000181949 
0.000216895 0.000223329 0.000242849 0.000276106 0.000324183 0.000388599 0.000471299 0.000574658 0.000701465 0.00085491 0.00103857 0.00125635 0.00151251 0.00181151 0.00215805 0.00255694 0.00301299 0.00353096 0.00411541 0.00477059 0.00550029 0.00630773 0.0071954 0.00816493 0.00921695 0.010351 0.0115654 0.0128571 0.0142217 0.0156536 0.0171456 0.018689 0.020274 0.0218894 0.023523 0.0251614 0.0267907 0.0283959 0.0299622 0.0314741 0.0329163 0.0342741 0.0355329 0.0366791 0.0377002 0.0385846 0.0393226 0.0399055 0.0403268 0.0405815 0.0406667 0.0405815 0.0403268 0.0399055 0.0393226 0.0385846 0.0377002 0.0366791 0.0355329 0.0342741 0.0329163 0.0314741 0.0299622 0.0283959 0.0267907 0.0251614 0.023523 0.0218894 0.020274 0.018689 0.0171456 0.0156536 0.0142217 0.0128571 0.0115654 0.010351 0.00921695 0.00816493 0.0071954 0.00630773 0.00550029 0.00477059 0.00411541 0.00353096 0.00301299 0.00255694 0.00215805 0.00181151 0.00151251 0.00125635 0.00103857 0.00085491 0.000701465 0.000574658 0.000471299 0.000388599 0.000324183 0.000276106 0.000242849 0.000223329 
0.000266536 0.000274375 0.000298151 0.000338643 0.00039715 0.000475487 0.000575981 0.000701465 0.000855263 0.00104117 0.00126344 0.0015267 0.00183597 0.00219654 0.00261392 0.00309374 0.00364162 0.00426311 0.00496346 0.00574755 0.00661971 0.00758355 0.0086418 0.00979616 0.0110472 0.012394 0.0138344 0.0153647 0.0169795 0.0186718 0.0204331 0.022253 0.0241199 0.0260206 0.0279406 0.0298645 0.0317757 0.0336571 0.0354912 0.0372602 0.0389465 0.0405328 0.0420026 0.0433402 0.0445312 0.0455624 0.0464224 0.0471016 0.0475923 0.0478889 0.0479882 0.0478889 0.0475923 0.0471016 0.0464224 0.0455624 0.0445312 0.0433402 0.0420026 0.0405328 0.0389465 0.0372602 0.0354912 0.0336571 0.0317757 0.0298645 0.0279406 0.0260206 0.0241199 0.022253 0.0204331 0.0186718 0.0169795 0.0153647 0.0138344 0.012394 0.0110472 0.00979616 0.0086418 0.00758355 0.00661971 0.00574755 0.00496346 0.00426311 0.00364162 0.00309374 0.00261392 0.00219654 0.00183597 0.0015267 0.00126344 0.00104117 0.000855263 0.000701465 0.000575981 0.000475487 0.00039715 0.000338643 0.000298151 0.000274375 
0.00032697 0.000336505 0.000365419 0.000414645 0.000485736 0.000580859 0.000702791 0.00085491 0.00104117 0.00126609 0.0015347 0.00185249 0.00222539 0.00265961 0.00316164 0.00373804 0.0043954 0.00514012 0.00597829 0.00691549 0.00795663 0.00910574 0.0103658 0.0117386 0.0132244 0.0148221 0.0165286 0.0183394 0.020248 0.0222457 0.0243224 0.0264659 0.0286622 0.0308959 0.03315 0.0354063 0.0376457 0.0398481 0.0419932 0.0440606 0.0460298 0.047881 0.0495951 0.0511541 0.0525415 0.0537423 0.0547433 0.0555337 0.0561046 0.0564497 0.0565652 0.0564497 0.0561046 0.0555337 0.0547433 0.0537423 0.0525415 0.0511541 0.0495951 0.047881 0.0460298 0.0440606 0.0419932 0.0398481 0.0376457 0.0354063 0.03315 0.0308959 0.0286622 0.0264659 0.0243224 0.0222457 0.020248 0.0183394 0.0165286 0.0148221 0.0132244 0.0117386 0.0103658 0.00910574 0.00795663 0.00691549 0.00597829 0.00514012 0.0043954 0.00373804 0.00316164 0.00265961 0.00222539 0.00185249 0.0015347 0.00126609 0.00104117 0.00085491 0.000702791 0.000580859 0.000485736 0.000414645 0.000365419 0.000336505 
0.000399763 0.000411323 0.000446373 0.000506025 0.000592129 0.000707266 0.000854741 0.00103857 0.00126344 0.0015347 0.0018583 0.00224073 0.00268895 0.00321027 0.00381226 0.0045026 0.00528892 0.00617862 0.00717871 0.00829555 0.00953469 0.0109006 0.0123965 0.0140242 0.0157837 0.0176732 0.0196891 0.0218255 0.0240745 0.0264258 0.0288672 0.0313842 0.0339604 0.0365777 0.039216 0.0418543 0.0444703 0.0470407 0.0495421 0.0519508 0.0542434 0.0563971 0.05839 0.0602016 0.0618129 0.0632068 0.0643685 0.0652853 0.0659475 0.0663477 0.0664816 0.0663477 0.0659475 0.0652853 0.0643685 0.0632068 0.0618129 0.0602016 0.05839 0.0563971 0.0542434 0.0519508 0.0495421 0.0470407 0.0444703 0.0418543 0.039216 0.0365777 0.0339604 0.0313842 0.0288672 0.0264258 0.0240745 0.0218255 0.0196891 0.0176732 0.0157837 0.0140242 0.0123965 0.0109006 0.00953469 0.00829555 0.00717871 0.00617862 0.00528892 0.0045026 0.00381226 0.00321027 0.00268895 0.00224073 0.0018583 0.0015347 0.00126344 0.00103857 0.000854741 0.000707266 0.000592129 0.000506025 0.000446373 0.000411323 
0.000486654 0.00050061 0.000542918 0.000614899 0.000718747 0.000857523 0.00103514 0.00125635 0.0015267 0.00185249 0.00224073 0.00269904 0.00323557 0.00385887 0.00457776 0.00540116 0.00633788 0.00739644 0.00858485 0.00991033 0.0113791 0.0129961 0.0147647 0.0166867 0.0187617 0.0209874 0.0233589 0.0258691 0.0285084 0.0312645 0.0341227 0.0370662 0.0400755 0.0431294 0.0462047 0.0492768 0.0523198 0.0553072 0.0582117 0.0610063 0.0636641 0.0661591 0.0684664 0.0705624 0.0724257 0.074037 0.0753792 0.0764383 0.0772029 0.077665 0.0778196 0.077665 0.0772029 0.0764383 0.0753792 0.074037 0.0724257 0.0705624 0.0684664 0.0661591 0.0636641 0.0610063 0.0582117 0.0553072 0.0523198 0.0492768 0.0462047 0.0431294 0.0400755 0.0370662 0.0341227 0.0312645 0.0285084 0.0258691 0.0233589 0.0209874 0.0187617 0.0166867 0.0147647 0.0129961 0.0113791 0.00991033 0.00858485 0.00739644 0.00633788 0.00540116 0.00457776 0.00385887 0.00323557 0.00269904 0.00224073 0.00185249 0.0015267 0.00125635 0.00103514 0.000857523 0.000718747 0.000614899 0.000542918 0.00050061 
0.00058954 0.000606308 0.000657132 0.000743571 0.000868217 0.00103468 0.00124758 0.00151251 0.00183597 0.00222539 0.00268895 0.00323557 0.00387475 0.00461644 0.00547085 0.00644828 0.00755886 0.00881235 0.0102178 0.0117834 0.0135161 0.0154212 0.0175023 0.019761 0.0221965 0.0248055 0.027582 0.0305172 0.0335995 0.0368144 0.0401446 0.04357 0.0470681 0.050614 0.054181 0.0577406 0.0612631 0.0647177 0.0680736 0.0712998 0.0743656 0.0772414 0.0798991 0.0823121 0.084456 0.0863089 0.087852 0.0890691 0.0899476 0.0904785 0.090656 0.0904785 0.0899476 0.0890691 0.087852 0.0863089 0.084456 0.0823121 0.0798991 0.0772414 0.0743656 0.0712998 0.0680736 0.0647177 0.0612631 0.0577406 0.054181 0.050614 0.0470681 0.04357 0.0401446 0.0368144 0.0335995 0.0305172 0.027582 0.0248055 0.0221965 0.019761 0.0175023 0.0154212 0.0135161 0.0117834 0.0102178 0.00881235 0.00755886 0.00644828 0.00547085 0.00461644 0.00387475 0.00323557 0.00268895 0.00222539 0.00183597 0.00151251 0.00124758 0.00103468 0.000868217 0.000743571 0.000657132 0.000606308 
0.000710466 0.000730508 0.000791246 0.000894512 0.00104335 0.001242 0.00149587 0.00181151 0.00219654 0.00265961 0.00321027 0.00385887 0.00461644 0.00549447 0.00650474 0.00765905 0.008969 0.0104457 0.0120993 0.013939 0.0159724 0.0182054 0.0206415 0.0232822 0.0261258 0.0291682 0.0324019 0.0358161 0.039397 0.0431273 0.0469868 0.0509519 0.0549964 0.0590918 0.0632069 0.0673091 0.0713644 0.0753379 0.0791942 0.0828981 0.0864152 0.0897118 0.0927563 0.0955187 0.0979717 0.100091 0.101855 0.103246 0.10425 0.104856 0.105059 0.104856 0.10425 0.103246 0.101855 0.100091 0.0979717 0.0955187 0.0927563 0.0897118 0.0864152 0.0828981 0.0791942 0.0753379 0.0713644 0.0673091 0.0632069 0.0590918 0.0549964 0.0509519 0.0469868 0.0431273 0.039397 0.0358161 0.0324019 0.0291682 0.0261258 0.0232822 0.0206415 0.0182054 0.0159724 0.013939 0.0120993 0.0104457 0.008969 0.00765905 0.00650474 0.00549447 0.00461644 0.00385887 0.00321027 0.00265961 0.00219654 0.00181151 0.00149587 0.001242 0.00104335 0.000894512 0.000791246 0.000730508 
0.000851594 0.000875421 0.000947618 0.00107032 0.0012471 0.00148289 0.001784 0.00215805 0.00261392 0.00316164 0.00381226 0.00457776 0.00547085 0.00650474 0.0076929 0.00904882 0.0105857 0.0123159 0.0142511 0.0164013 0.0187748 0.0213779 0.0242142 0.0272846 0.0305869 0.0341153 0.0378608 0.0418104 0.0459476 0.0502521 0.0547001 0.0592644 0.0639147 0.0686179 0.0733386 0.0780395 0.0826817 0.0872258 0.0916317 0.0958598 0.0998712 0.103628 0.107096 0.11024 0.11303 0.115439 0.117444 0.119024 0.120164 0.120853 0.121083 0.120853 0.120164 0.119024 0.117444 0.115439 0.11303 0.11024 0.107096 0.103628 0.0998712 0.0958598 0.0916317 0.0872258 0.0826817 0.0780395 0.0733386 0.0686179 0.0639147 0.0592644 0.0547001 0.0502521 0.0459476 0.0418104 0.0378608 0.0341153 0.0305869 0.0272846 0.0242142 0.0213779 0.0187748 0.0164013 0.0142511 0.0123159 0.0105857 0.00904882 0.0076929 0.00650474 0.00547085 0.00457776 0.00381226 0.00316164 0.00261392 0.00215805 0.001784 0.00148289 0.0012471 0.00107032 0.000947618 0.000875421 
0.00101518 0.00104335 0.0011287 0.00127371 0.00148252 0.00176087 0.00211606 0.00255694 0.00309374 0.00373804 0.0045026 0.00540116 0.00644828 0.00765905 0.00904882 0.0106329 0.012426 0.0144424 0.0166946 0.0191939 0.0219492 0.024967 0.0282509 0.0318013 0.0356147 0.0396841 0.0439981 0.0485413 0.0532943 0.0582332 0.0633304 0.0685544 0.0738705 0.0792408 0.0846249 0.0899804 0.0952635 0.10043 0.105434 0.110232 0.11478 0.119036 0.122961 0.126518 0.129673 0.132396 0.13466 0.136445 0.137732 0.138509 0.138769 0.138509 0.137732 0.136445 0.13466 0.132396 0.129673 0.126518 0.122961 0.119036 0.11478 0.110232 0.105434 0.10043 0.0952635 0.0899804 0.0846249 0.0792408 0.0738705 0.0685544 0.0633304 0.0582332 0.0532943 0.0485413 0.0439981 0.0396841 0.0356147 0.0318013 0.0282509 0.024967 0.0219492 0.0191939 0.0166946 0.0144424 0.012426 0.0106329 0.00904882 0.00765905 0.00644828 0.00540116 0.0045026 0.00373804 0.00309374 0.00255694 0.00211606 0.00176087 0.00148252 0.00127371 0.0011287 0.00104335 
0.00120353 0.00123666 0.001337 0.00150744 0.00175273 0.00207951 0.00249621 0.00301299 0.00364162 0.0043954 0.00528892 0.00633788 0.00755886 0.008969 0.0105857 0.012426 0.0145068 0.0168435 0.0194502 0.0223392 0.0255199 0.0289991 0.0327801 0.0368625 0.0412415 0.0459082 0.0508489 0.0560454 0.0614747 0.0671091 0.0729167 0.0788613 0.0849032 0.0909994 0.0971041 0.103169 0.109146 0.114985 0.120635 0.126046 0.131172 0.135965 0.140381 0.144381 0.147926 0.150984 0.153526 0.155529 0.156973 0.157845 0.158136 0.157845 0.156973 0.155529 0.153526 0.150984 0.147926 0.144381 0.140381 0.135965 0.131172 0.126046 0.120635 0.114985 0.109146 0.103169 0.0971041 0.0909994 0.0849032 0.0788613 0.0729167 0.0671091 0.0614747 0.0560454 0.0508489 0.0459082 0.0412415 0.0368625 0.0327801 0.0289991 0.0255199 0.0223392 0.0194502 0.0168435 0.0145068 0.012426 0.0105857 0.008969 0.00755886 0.00633788 0.00528892 0.0043954 0.00364162 0.00301299 0.00249621 0.00207951 0.00175273 0.00150744 0.001337 0.00123666 
0.00141896 0.00145771 0.00157503 0.00177424 0.00206082 0.00244236 0.00292853 0.00353096 0.00426311 0.00514012 0.00617862 0.00739644 0.00881235 0.0104457 0.0123159 0.0144424 0.0168435 0.0195365 0.0225369 0.0258578 0.0295092 0.033498 0.0378271 0.0424948 0.0474951 0.0528167 0.0584432 0.0643531 0.0705195 0.0769105 0.0834893 0.0902148 0.0970417 0.103921 0.110803 0.117631 0.124353 0.130912 0.137252 0.14332 0.149061 0.154425 0.159364 0.163834 0.167793 0.171207 0.174043 0.176277 0.177887 0.178859 0.179184 0.178859 0.177887 0.176277 0.174043 0.171207 0.167793 0.163834 0.159364 0.154425 0.149061 0.14332 0.137252 0.130912 0.124353 0.117631 0.110803 0.103921 0.0970417 0.0902148 0.0834893 0.0769105 0.0705195 0.0643531 0.0584432 0.0528167 0.0474951 0.0424948 0.0378271 0.033498 0.0295092 0.0258578 0.0225369 0.0195365 0.0168435 0.0144424 0.0123159 0.0104457 0.00881235 0.00739644 0.00617862 0.00514012 0.00426311 0.00353096 0.00292853 0.00244236 0.00206082 0.00177424 0.00157503 0.00145771 
0.00166378 0.00170883 0.00184526 0.00207684 0.00240981 0.00285285 0.00341697 0.00411541 0.00496346 0.00597829 0.00717871 0.00858485 0.0102178 0.0120993 0.0142511 0.0166946 0.0194502 0.0225369 0.0259714 0.0297677 0.0339364 0.0384841 0.043413 0.0487204 0.0543981 0.0604324 0.0668039 0.0734871 0.0804509 0.0876587 0.0950684 0.102633 0.110303 0.118022 0.125732 0.133376 0.14089 0.148215 0.155288 0.162049 0.168441 0.174408 0.179898 0.184862 0.189257 0.193044 0.196189 0.198665 0.200449 0.201526 0.201886 0.201526 0.200449 0.198665 0.196189 0.193044 0.189257 0.184862 0.179898 0.174408 0.168441 0.162049 0.155288 0.148215 0.14089 0.133376 0.125732 0.118022 0.110303 0.102633 0.0950684 0.0876587 0.0804509 0.0734871 0.0668039 0.0604324 0.0543981 0.0487204 0.043413 0.0384841 0.0339364 0.0297677 0.0259714 0.0225369 0.0194502 0.0166946 0.0142511 0.0120993 0.0102178 0.00858485 0.00717871 0.00597829 0.00496346 0.00411541 0.00341697 0.00285285 0.00240981 0.00207684 0.00184526 0.00170883 
0.00194015 0.00199227 0.00215005 0.00241778 0.00280256 0.00331422 0.00396524 0.00477059 0.00574755 0.00691549 0.00829555 0.00991033 0.0117834 0.013939 0.0164013 0.0191939 0.0223392 0.0258578 0.0297677 0.0340838 0.0388169 0.0439733 0.0495543 0.0555556 0.0619668 0.0687713 0.0759459 0.0834612 0.0912813 0.0993643 0.107662 0.116123 0.124689 0.133299 0.14189 0.150395 0.158746 0.166877 0.174721 0.182211 0.189285 0.195882 0.201947 0.207428 0.212276 0.216451 0.219918 0.222645 0.224609 0.225795 0.226191 0.225795 0.224609 0.222645 0.219918 0.216451 0.212276 0.207428 0.201947 0.195882 0.189285 0.182211 0.174721 0.166877 0.158746 0.150395 0.14189 0.133299 0.124689 0.116123 0.107662 0.0993643 0.0912813 0.0834612 0.0759459 0.0687713 0.0619668 0.0555556 0.0495543 0.0439733 0.0388169 0.0340838 0.0297677 0.0258578 0.0223392 0.0191939 0.0164013 0.013939 0.0117834 0.00991033 0.00829555 0.00691549 0.00574755 0.00477059 0.00396524 0.00331422 0.00280256 0.00241778 0.00215005 0.00199227 
0.00225014 0.0023101 0.00249159 0.00279945 0.00324169 0.00382941 0.00457666 0.00550029 0.00661971 0.00795663 0.00953469 0.0113791 0.0135161 0.0159724 0.0187748 0.0219492 0.0255199 0.0295092 0.0339364 0.0388169 0.0441616 0.0499765 0.0562615 0.0630104 0.0702101 0.0778408 0.0858753 0.0942794 0.103012 0.112026 0.121267 0.130676 0.140189 0.149739 0.159254 0.168663 0.177891 0.186864 0.195511 0.203759 0.211541 0.218793 0.225453 0.231466 0.236783 0.241358 0.245154 0.24814 0.250291 0.251588 0.252022 0.251588 0.250291 0.24814 0.245154 0.241358 0.236783 0.231466 0.225453 0.218793 0.211541 0.203759 0.195511 0.186864 0.177891 0.168663 0.159254 0.149739 0.140189 0.130676 0.121267 0.112026 0.103012 0.0942794 0.0858753 0.0778408 0.0702101 0.0630104 0.0562615 0.0499765 0.0441616 0.0388169 0.0339364 0.0295092 0.0255199 0.0219492 0.0187748 0.0159724 0.0135161 0.0113791 0.00953469 0.00795663 0.00661971 0.00550029 0.00457666 0.00382941 0.00324169 0.00279945 0.00249159 0.0023101 
0.00259556 0.00266417 0.00287181 0.00322392 0.00372949 0.00440097 0.0052541 0.00630773 0.00758355 0.00910574 0.0109006 0.0129961 0.0154212 0.0182054 0.0213779 0.024967 0.0289991 0.033498 0.0384841 0.0439733 0.0499765 0.0564987 0.0635384 0.0710871 0.0791287 0.0876394 0.0965878 0.105935 0.115633 0.125629 0.135863 0.146268 0.156774 0.167306 0.177786 0.188135 0.198273 0.208119 0.217596 0.226626 0.235137 0.24306 0.25033 0.256889 0.262684 0.267668 0.271801 0.27505 0.277389 0.2788 0.279272 0.2788 0.277389 0.27505 0.271801 0.267668 0.262684 0.256889 0.25033 0.24306 0.235137 0.226626 0.217596 0.208119 0.198273 0.188135 0.177786 0.167306 0.156774 0.146268 0.135863 0.125629 0.115633 0.105935 0.0965878 0.0876394 0.0791287 0.0710871 0.0635384 0.0564987 0.0499765 0.0439733 0.0384841 0.033498 0.0289991 0.024967 0.0213779 0.0182054 0.0154212 0.0129961 0.0109006 0.00910574 0.00758355 0.00630773 0.0052541 0.00440097 0.00372949 0.00322392 0.00287181 0.00266417 
0.00297794 0.00305604 0.00329234 0.00369293 0.00426784 0.00503095 0.00599982 0.0071954 0.0086418 0.0103658 0.0123965 0.0147647 0.0175023 0.0206415 0.0242142 0.0282509 0.0327801 0.0378271 0.043413 0.0495543 0.0562615 0.0635384 0.0713817 0.0797801 0.0887141 0.0981557 0.108068 0.118408 0.12912 0.140145 0.151417 0.16286 0.174399 0.18595 0.197428 0.208748 0.219822 0.230565 0.240892 0.250721 0.259975 0.268581 0.276471 0.283583 0.289862 0.295258 0.299731 0.303246 0.305776 0.307301 0.307811 0.307301 0.305776 0.303246 0.299731 0.295258 0.289862 0.283583 0.276471 0.268581 0.259975 0.250721 0.240892 0.230565 0.219822 0.208748 0.197428 0.18595 0.174399 0.16286 0.151417 0.140145 0.12912 0.118408 0.108068 0.0981557 0.0887141 0.0797801 0.0713817 0.0635384 0.0562615 0.0495543 0.043413 0.0378271 0.0327801 0.0282509 0.0242142 0.0206415 0.0175023 0.0147647 0.0123965 0.0103658 0.0086418 0.0071954 0.00599982 0.00503095 0.00426784 0.00369293 0.00329234 0.00305604 
0.00339848 0.00348689 0.0037544 0.00420775 0.00485808 0.0057208 0.00681535 0.00816493 0.00979616 0.0117386 0.0140242 0.0166867 0.019761 0.0232822 0.0272846 0.0318013 0.0368625 0.0424948 0.0487204 0.0555556 0.0630104 0.0710871 0.0797801 0.089075 0.0989485 0.109368 0.120291 0.131667 0.143437 0.155533 0.16788 0.180399 0.193002 0.205601 0.218104 0.230418 0.242448 0.254103 0.265293 0.275931 0.285936 0.295231 0.303744 0.311411 0.318175 0.323984 0.328796 0.332576 0.335295 0.336935 0.337483 0.336935 0.335295 0.332576 0.328796 0.323984 0.318175 0.311411 0.303744 0.295231 0.285936 0.275931 0.265293 0.254103 0.242448 0.230418 0.218104 0.205601 0.193002 0.180399 0.16788 0.155533 0.143437 0.131667 0.120291 0.109368 0.0989485 0.089075 0.0797801 0.0710871 0.0630104 0.0555556 0.0487204 0.0424948 0.0368625 0.0318013 0.0272846 0.0232822 0.019761 0.0166867 0.0140242 0.0117386 0.00979616 0.00816493 0.00681535 0.0057208 0.00485808 0.00420775 0.0037544 0.00348689 
0.00385791 0.0039575 0.00425876 0.00476916 0.00550099 0.00647126 0.0077014 0.00921695 0.0110472 0.0132244 0.0157837 0.0187617 0.0221965 0.0261258 0.0305869 0.0356147 0.0412415 0.0474951 0.0543981 0.0619668 0.0702101 0.0791287 0.0887141 0.0989485 0.109804 0.121243 0.133217 0.14567 0.158534 0.171735 0.18519 0.198811 0.212505 0.226174 0.23972 0.253042 0.266039 0.278615 0.290673 0.302124 0.31288 0.322862 0.331996 0.340215 0.347459 0.353677 0.358824 0.362865 0.365772 0.367524 0.368109 0.367524 0.365772 0.362865 0.358824 0.353677 0.347459 0.340215 0.331996 0.322862 0.31288 0.302124 0.290673 0.278615 0.266039 0.253042 0.23972 0.226174 0.212505 0.198811 0.18519 0.171735 0.158534 0.14567 0.133217 0.121243 0.109804 0.0989485 0.0887141 0.0791287 0.0702101 0.0619668 0.0543981 0.0474951 0.0412415 0.0356147 0.0305869 0.0261258 0.0221965 0.0187617 0.0157837 0.0132244 0.0110472 0.00921695 0.0077014 0.00647126 0.00550099 0.00476916 0.00425876 0.0039575 
0.00435651 0.0044681 0.00480564 0.0053773 0.00619663 0.00728227 0.00865774 0.010351 0.012394 0.0148221 0.0176732 0.0209874 0.0248055 0.0291682 0.0341153 0.0396841 0.0459082 0.0528167 0.0604324 0.0687713 0.0778408 0.0876394 0.0981557 0.109368 0.121243 0.133738 0.146798 0.160359 0.174347 0.18868 0.203267 0.218012 0.232813 0.247566 0.262164 0.276501 0.290469 0.303965 0.31689 0.329147 0.340648 0.351309 0.361055 0.369816 0.377531 0.384149 0.389624 0.39392 0.397009 0.39887 0.399492 0.39887 0.397009 0.39392 0.389624 0.384149 0.377531 0.369816 0.361055 0.351309 0.340648 0.329147 0.31689 0.303965 0.290469 0.276501 0.262164 0.247566 0.232813 0.218012 0.203267 0.18868 0.174347 0.160359 0.146798 0.133738 0.121243 0.109368 0.0981557 0.0876394 0.0778408 0.0687713 0.0604324 0.0528167 0.0459082 0.0396841 0.0341153 0.0291682 0.0248055 0.0209874 0.0176732 0.0148221 0.012394 0.010351 0.00865774 0.00728227 0.00619663 0.0053773 0.00480564 0.0044681 
0.00489397 0.00501839 0.00539464 0.00603168 0.00694431 0.0081529 0.0096831 0.0115654 0.0138344 0.0165286 0.0196891 0.0233589 0.027582 0.0324019 0.0378608 0.0439981 0.0508489 0.0584432 0.0668039 0.0759459 0.0858753 0.0965878 0.108068 0.120291 0.133217 0.146798 0.160972 0.175667 0.190802 0.206286 0.222021 0.237901 0.253818 0.269659 0.285311 0.300659 0.315592 0.330001 0.343781 0.356833 0.369065 0.38039 0.390732 0.40002 0.408193 0.415197 0.420989 0.425531 0.428795 0.430761 0.431418 0.430761 0.428795 0.425531 0.420989 0.415197 0.408193 0.40002 0.390732 0.38039 0.369065 0.356833 0.343781 0.330001 0.315592 0.300659 0.285311 0.269659 0.253818 0.237901 0.222021 0.206286 0.190802 0.175667 0.160972 0.146798 0.133217 0.120291 0.108068 0.0965878 0.0858753 0.0759459 0.0668039 0.0584432 0.0508489 0.0439981 0.0378608 0.0324019 0.027582 0.0233589 0.0196891 0.0165286 0.0138344 0.0115654 0.0096831 0.0081529 0.00694431 0.00603168 0.00539464 0.00501839 
0.00546941 0.00560742 0.00602471 0.00673105 0.00774252 0.00908126 0.0107751 0.0128571 0.0153647 0.0183394 0.0218255 0.0258691 0.0305172 0.0358161 0.0418104 0.0485413 0.0560454 0.0643531 0.0734871 0.0834612 0.0942794 0.105935 0.118408 0.131667 0.14567 0.160359 0.175667 0.191514 0.20781 0.224456 0.241345 0.258364 0.275397 0.292322 0.309019 0.325369 0.341253 0.356557 0.371174 0.385 0.397941 0.40991 0.420827 0.430622 0.439233 0.446607 0.4527 0.457476 0.460907 0.462974 0.463664 0.462974 0.460907 0.457476 0.4527 0.446607 0.439233 0.430622 0.420827 0.40991 0.397941 0.385 0.371174 0.356557 0.341253 0.325369 0.309019 0.292322 0.275397 0.258364 0.241345 0.224456 0.20781 0.191514 0.175667 0.160359 0.14567 0.131667 0.118408 0.105935 0.0942794 0.0834612 0.0734871 0.0643531 0.0560454 0.0485413 0.0418104 0.0358161 0.0305172 0.0258691 0.0218255 0.0183394 0.0153647 0.0128571 0.0107751 0.00908126 0.00774252 0.00673105 0.00602471 0.00560742 
0.00608125 0.00623358 0.00669411 0.0074734 0.00858886 0.0100644 0.0119302 0.0142217 0.0169795 0.020248 0.0240745 0.0285084 0.0335995 0.039397 0.0459476 0.0532943 0.0614747 0.0705195 0.0804509 0.0912813 0.103012 0.115633 0.12912 0.143437 0.158534 0.174347 0.190802 0.20781 0.225273 0.243083 0.261125 0.279278 0.297416 0.315412 0.333139 0.35047 0.367282 0.383457 0.398884 0.413458 0.42708 0.439664 0.451129 0.461406 0.470432 0.478155 0.484532 0.489528 0.493115 0.495275 0.495997 0.495275 0.493115 0.489528 0.484532 0.478155 0.470432 0.461406 0.451129 0.439664 0.42708 0.413458 0.398884 0.383457 0.367282 0.35047 0.333139 0.315412 0.297416 0.279278 0.261125 0.243083 0.225273 0.20781 0.190802 0.174347 0.158534 0.143437 0.12912 0.115633 0.103012 0.0912813 0.0804509 0.0705195 0.0614747 0.0532943 0.0459476 0.039397 0.0335995 0.0285084 0.0240745 0.020248 0.0169795 0.0142217 0.0119302 0.0100644 0.00858886 0.0074734 0.00669411 0.00623358 
0.00672727 0.00689458 0.00740032 0.00825589 0.00948002 0.0110985 0.0131436 0.0156536 0.0186718 0.0222457 0.0264258 0.0312645 0.0368144 0.0431273 0.0502521 0.0582332 0.0671091 0.0769105 0.0876587 0.0993643 0.112026 0.125629 0.140145 0.155533 0.171735 0.18868 0.206286 0.224456 0.243083 0.26205 0.281235 0.300507 0.319733 0.338778 0.357509 0.375793 0.393504 0.410519 0.426723 0.442009 0.456279 0.469445 0.481426 0.492154 0.501568 0.509616 0.516257 0.521456 0.525188 0.527434 0.528184 0.527434 0.525188 0.521456 0.516257 0.509616 0.501568 0.492154 0.481426 0.469445 0.456279 0.442009 0.426723 0.410519 0.393504 0.375793 0.357509 0.338778 0.319733 0.300507 0.281235 0.26205 0.243083 0.224456 0.206286 0.18868 0.171735 0.155533 0.140145 0.125629 0.112026 0.0993643 0.0876587 0.0769105 0.0671091 0.0582332 0.0502521 0.0431273 0.0368144 0.0312645 0.0264258 0.0222457 0.0186718 0.0156536 0.0131436 0.0110985 0.00948002 0.00825589 0.00740032 0.00689458 
0.0074045 0.00758737 0.00814008 0.00907484 0.0104118 0.0121784 0.0144094 0.0171456 0.0204331 0.0243224 0.0288672 0.0341227 0.0401446 0.0469868 0.0547001 0.0633304 0.0729167 0.0834893 0.0950684 0.107662 0.121267 0.135863 0.151417 0.16788 0.18519 0.203267 0.222021 0.241345 0.261125 0.281235 0.301543 0.321911 0.342198 0.362263 0.381965 0.401167 0.419739 0.437553 0.454495 0.470454 0.485332 0.499042 0.511503 0.522649 0.532419 0.540766 0.547647 0.553032 0.556895 0.55922 0.559996 0.55922 0.556895 0.553032 0.547647 0.540766 0.532419 0.522649 0.511503 0.499042 0.485332 0.470454 0.454495 0.437553 0.419739 0.401167 0.381965 0.362263 0.342198 0.321911 0.301543 0.281235 0.261125 0.241345 0.222021 0.203267 0.18519 0.16788 0.151417 0.135863 0.121267 0.107662 0.0950684 0.0834893 0.0729167 0.0633304 0.0547001 0.0469868 0.0401446 0.0341227 0.0288672 0.0243224 0.0204331 0.0171456 0.0144094 0.0121784 0.0104118 0.00907484 0.00814008 0.00758737 
0.00810928 0.0083082 0.00890935 0.00992576 0.0113789 0.0132982 0.0157204 0.018689 0.022253 0.0264659 0.0313842 0.0370662 0.04357 0.0509519 0.0592644 0.0685544 0.0788613 0.0902148 0.102633 0.116123 0.130676 0.146268 0.16286 0.180399 0.198811 0.218012 0.237901 0.258364 0.279278 0.300507 0.321911 0.343344 0.364658 0.385704 0.406338 0.426416 0.445804 0.464374 0.482007 0.498595 0.514037 0.528248 0.54115 0.552676 0.562771 0.571386 0.578484 0.584034 0.588014 0.590409 0.591208 0.590409 0.588014 0.584034 0.578484 0.571386 0.562771 0.552676 0.54115 0.528248 0.514037 0.498595 0.482007 0.464374 0.445804 0.426416 0.406338 0.385704 0.364658 0.343344 0.321911 0.300507 0.279278 0.258364 0.237901 0.218012 0.198811 0.180399 0.16286 0.146268 0.130676 0.116123 0.102633 0.0902148 0.0788613 0.0685544 0.0592644 0.0509519 0.04357 0.0370662 0.0313842 0.0264659 0.022253 0.018689 0.0157204 0.0132982 0.0113789 0.00992576 0.00890935 0.0083082 
0.00883723 0.00905259 0.00970333 0.0108033 0.0123753 0.0144506 0.0170682 0.020274 0.0241199 0.0286622 0.0339604 0.0400755 0.0470681 0.0549964 0.0639147 0.0738705 0.0849032 0.0970417 0.110303 0.124689 0.140189 0.156774 0.174399 0.193002 0.212505 0.232813 0.253818 0.275397 0.297416 0.319733 0.342198 0.364658 0.386957 0.408941 0.430459 0.451365 0.471521 0.490796 0.509072 0.526238 0.542198 0.556865 0.570164 0.582032 0.592415 0.601268 0.608557 0.614253 0.618335 0.62079 0.621609 0.62079 0.618335 0.614253 0.608557 0.601268 0.592415 0.582032 0.570164 0.556865 0.542198 0.526238 0.509072 0.490796 0.471521 0.451365 0.430459 0.408941 0.386957 0.364658 0.342198 0.319733 0.297416 0.275397 0.253818 0.232813 0.212505 0.193002 0.174399 0.156774 0.140189 0.124689 0.110303 0.0970417 0.0849032 0.0738705 0.0639147 0.0549964 0.0470681 0.0400755 0.0339604 0.0286622 0.0241199 0.020274 0.0170682 0.0144506 0.0123753 0.0108033 0.00970333 0.00905259 
0.00958331 0.00981537 0.0105165 0.0117014 0.0133941 0.0156276 0.0184433 0.0218894 0.0260206 0.0308959 0.0365777 0.0431294 0.050614 0.0590918 0.0686179 0.0792408 0.0909994 0.103921 0.118022 0.133299 0.149739 0.167306 0.18595 0.205601 0.226174 0.247566 0.269659 0.292322 0.315412 0.338778 0.362263 0.385704 0.408941 0.431813 0.454164 0.475845 0.496715 0.516641 0.535506 0.553199 0.569626 0.584701 0.598354 0.610523 0.621159 0.630219 0.637671 0.643492 0.647661 0.650168 0.651004 0.650168 0.647661 0.643492 0.637671 0.630219 0.621159 0.610523 0.598354 0.584701 0.569626 0.553199 0.535506 0.516641 0.496715 0.475845 0.454164 0.431813 0.408941 0.385704 0.362263 0.338778 0.315412 0.292322 0.269659 0.247566 0.226174 0.205601 0.18595 0.167306 0.149739 0.133299 0.118022 0.103921 0.0909994 0.0792408 0.0686179 0.0590918 0.050614 0.0431294 0.0365777 0.0308959 0.0260206 0.0218894 0.0184433 0.0156276 0.0133941 0.0117014 0.0105165 0.00981537 
0.0103418 0.0105907 0.0113427 0.0126131 0.0144274 0.0168203 0.0198353 0.023523 0.0279406 0.03315 0.039216 0.0462047 0.054181 0.0632069 0.0733386 0.0846249 0.0971041 0.110803 0.125732 0.14189 0.159254 0.177786 0.197428 0.218104 0.23972 0.262164 0.285311 0.309019 0.333139 0.357509 0.381965 0.406338 0.430459 0.454164 0.477292 0.499691 0.521217 0.541739 0.561137 0.579304 0.596146 0.611583 0.625544 0.637973 0.648824 0.658059 0.665649 0.671573 0.675815 0.678364 0.679215 0.678364 0.675815 0.671573 0.665649 0.658059 0.648824 0.637973 0.625544 0.611583 0.596146 0.579304 0.561137 0.541739 0.521217 0.499691 0.477292 0.454164 0.430459 0.406338 0.381965 0.357509 0.333139 0.309019 0.285311 0.262164 0.23972 0.218104 0.197428 0.177786 0.159254 0.14189 0.125732 0.110803 0.0971041 0.0846249 0.0733386 0.0632069 0.054181 0.0462047 0.039216 0.03315 0.0279406 0.023523 0.0198353 0.0168203 0.0144274 0.0126131 0.0113427 0.0105907 
0.0111065 0.0113723 0.012175 0.013531 0.0154668 0.018019 0.0212328 0.0251614 0.0298645 0.0354063 0.0418543 0.0492768 0.0577406 0.0673091 0.0780395 0.0899804 0.103169 0.117631 0.133376 0.150395 0.168663 0.188135 0.208748 0.230418 0.253042 0.276501 0.300659 0.325369 0.35047 0.375793 0.401167 0.426416 0.451365 0.475845 0.499691 0.522748 0.544873 0.565932 0.585807 0.604394 0.6216 0.637347 0.651572 0.664221 0.675252 0.684631 0.692333 0.698341 0.70264 0.705223 0.706084 0.705223 0.70264 0.698341 0.692333 0.684631 0.675252 0.664221 0.651572 0.637347 0.6216 0.604394 0.585807 0.565932 0.544873 0.522748 0.499691 0.475845 0.451365 0.426416 0.401167 0.375793 0.35047 0.325369 0.300659 0.276501 0.253042 0.230418 0.208748 0.188135 0.168663 0.150395 0.133376 0.117631 0.103169 0.0899804 0.0780395 0.0673091 0.0577406 0.0492768 0.0418543 0.0354063 0.0298645 0.0251614 0.0212328 0.018019 0.0154668 0.013531 0.012175 0.0113723 
0.0118707 0.0121531 0.0130063 0.0144471 0.0165033 0.0192131 0.0226238 0.0267907 0.0317757 0.0376457 0.0444703 0.0523198 0.0612631 0.0713644 0.0826817 0.0952635 0.109146 0.124353 0.14089 0.158746 0.177891 0.198273 0.219822 0.242448 0.266039 0.290469 0.315592 0.341253 0.367282 0.393504 0.419739 0.445804 0.471521 0.496715 0.521217 0.544873 0.567535 0.589074 0.60937 0.628322 0.645841 0.661854 0.676299 0.689128 0.700304 0.709797 0.717587 0.723658 0.728001 0.730609 0.731478 0.730609 0.728001 0.723658 0.717587 0.709797 0.700304 0.689128 0.676299 0.661854 0.645841 0.628322 0.60937 0.589074 0.567535 0.544873 0.521217 0.496715 0.471521 0.445804 0.419739 0.393504 0.367282 0.341253 0.315592 0.290469 0.266039 0.242448 0.219822 0.198273 0.177891 0.158746 0.14089 0.124353 0.109146 0.0952635 0.0826817 0.0713644 0.0612631 0.0523198 0.0444703 0.0376457 0.0317757 0.0267907 0.0226238 0.0192131 0.0165033 0.0144471 0.0130063 0.0121531 
0.0126271 0.012926 0.0138287 0.0153528 0.0175273 0.0203919 0.0239956 0.0283959 0.0336571 0.0398481 0.0470407 0.0553072 0.0647177 0.0753379 0.0872258 0.10043 0.114985 0.130912 0.148215 0.166877 0.186864 0.208119 0.230565 0.254103 0.278615 0.303965 0.330001 0.356557 0.383457 0.410519 0.437553 0.464374 0.490796 0.516641 0.541739 0.565932 0.589074 0.611033 0.631696 0.650961 0.668745 0.684977 0.699601 0.712574 0.723862 0.733441 0.741295 0.747412 0.751785 0.75441 0.755286 0.75441 0.751785 0.747412 0.741295 0.733441 0.723862 0.712574 0.699601 0.684977 0.668745 0.650961 0.631696 0.611033 0.589074 0.565932 0.541739 0.516641 0.490796 0.464374 0.437553 0.410519 0.383457 0.356557 0.330001 0.303965 0.278615 0.254103 0.230565 0.208119 0.186864 0.166877 0.148215 0.130912 0.114985 0.10043 0.0872258 0.0753379 0.0647177 0.0553072 0.0470407 0.0398481 0.0336571 0.0283959 0.0239956 0.0203919 0.0175273 0.0153528 0.0138287 0.012926 
0.0133684 0.0136833 0.0146341 0.0162393 0.0185289 0.0215438 0.0253351 0.0299622 0.0354912 0.0419932 0.0495421 0.0582117 0.0680736 0.0791942 0.0916317 0.105434 0.120635 0.137252 0.155288 0.174721 0.195511 0.217596 0.240892 0.265293 0.290673 0.31689 0.343781 0.371174 0.398884 0.426723 0.454495 0.482007 0.509072 0.535506 0.561137 0.585807 0.60937 0.631696 0.652672 0.672201 0.690203 0.706611 0.721376 0.734458 0.745829 0.755469 0.763366 0.769512 0.773904 0.776539 0.777418 0.776539 0.773904 0.769512 0.763366 0.755469 0.745829 0.734458 0.721376 0.706611 0.690203 0.672201 0.652672 0.631696 0.60937 0.585807 0.561137 0.535506 0.509072 0.482007 0.454495 0.426723 0.398884 0.371174 0.343781 0.31689 0.290673 0.265293 0.240892 0.217596 0.195511 0.174721 0.155288 0.137252 0.120635 0.105434 0.0916317 0.0791942 0.0680736 0.0582117 0.0495421 0.0419932 0.0354912 0.0299622 0.0253351 0.0215438 0.0185289 0.0162393 0.0146341 0.0136833 
0.0140869 0.0144172 0.0154144 0.0170977 0.0194979 0.0226576 0.0266293 0.0314741 0.0372602 0.0440606 0.0519508 0.0610063 0.0712998 0.0828981 0.0958598 0.110232 0.126046 0.14332 0.162049 0.182211 0.203759 0.226626 0.250721 0.275931 0.302124 0.329147 0.356833 0.385 0.413458 0.442009 0.470454 0.498595 0.526238 0.553199 0.579304 0.604394 0.628322 0.650961 0.672201 0.691948 0.710125 0.726672 0.741543 0.754702 0.766129 0.775807 0.783728 0.789889 0.79429 0.796929 0.797809 0.796929 0.79429 0.789889 0.783728 0.775807 0.766129 0.754702 0.741543 0.726672 0.710125 0.691948 0.672201 0.650961 0.628322 0.604394 0.579304 0.553199 0.526238 0.498595 0.470454 0.442009 0.413458 0.385 0.356833 0.329147 0.302124 0.275931 0.250721 0.226626 0.203759 0.182211 0.162049 0.14332 0.126046 0.110232 0.0958598 0.0828981 0.0712998 0.0610063 0.0519508 0.0440606 0.0372602 0.0314741 0.0266293 0.0226576 0.0194979 0.0170977 0.0154144 0.0144172 
