0.000168867 0.000173233 0.000186457 0.000208912 0.000241218 0.000284243 0.000339095 0.000407119 0.000489889 0.000589199 0.000707045 0.000845605 0.00100722 0.00119435 0.00140957 0.00165548 0.00193468 0.00224974 0.00260308 0.00299695 0.00343334 0.00391393 0.00443996 0.00501223 0.00563098 0.00629584 0.00700578 0.00775903 0.00855311 0.00938473 0.0102498 0.0111436 0.0120604 0.012994 0.0139374 0.0148832 0.0158233 0.0167495 0.017653 0.0185251 0.0193572 0.0201405 0.020867 0.0215286 0.022118 0.0226288 0.0230549 0.0233917 0.023635 0.0237822 0.0238315 0.0237822 0.023635 0.0233917 0.0230549 0.0226288 0.022118 0.0215286 0.020867 0.0201405 0.0193572 0.0185251 0.017653 0.0167495 0.0158233 0.0148832 0.0139374 0.012994 0.0120604 0.0111436 0.0102498 0.00938473 0.00855311 0.00775903 0.00700578 0.00629584 0.00563098 0.00501223 0.00443996 0.00391393 0.00343334 0.00299695 0.00260308 0.00224974 0.00193468 0.00165548 0.00140957 0.00119435 0.00100722 0.000845605 0.000707045 0.000589199 0.000489889 0.000407119 0.000339095 0.000284243 0.000241218 0.000208912 0.000186457 0.000173233 
0.000173233 0.000177705 0.000191248 0.000214242 0.000247323 0.000291373 0.000347526 0.000417152 0.00050186 0.000603476 0.000724036 0.000865761 0.00103104 0.00122237 0.00144237 0.0016937 0.001979 0.00230087 0.00266178 0.003064 0.00350957 0.00400016 0.00453703 0.00512099 0.00575226 0.00643044 0.00715447 0.00792254 0.00873209 0.00957978 0.0104614 0.0113722 0.0123063 0.0132573 0.0142182 0.0151814 0.0161387 0.0170816 0.0180014 0.0188891 0.019736 0.0205332 0.0212725 0.0219457 0.0225454 0.0230651 0.0234987 0.0238412 0.0240888 0.0242385 0.0242886 0.0242385 0.0240888 0.0238412 0.0234987 0.0230651 0.0225454 0.0219457 0.0212725 0.0205332 0.019736 0.0188891 0.0180014 0.0170816 0.0161387 0.0151814 0.0142182 0.0132573 0.0123063 0.0113722 0.0104614 0.00957978 0.00873209 0.00792254 0.00715447 0.00643044 0.00575226 0.00512099 0.00453703 0.00400016 0.00350957 0.003064 0.00266178 0.00230087 0.001979 0.0016937 0.00144237 0.00122237 0.00103104 0.000865761 0.000724036 0.000603476 0.00050186 0.000417152 0.000347526 0.000291373 0.000247323 0.000214242 0.000191248 0.000177705 
0.000186457 0.000191248 0.000205754 0.000230382 0.000265803 0.000312956 0.000373041 0.000447514 0.000538077 0.000646664 0.000775428 0.000926718 0.00110305 0.00130707 0.00154154 0.00180923 0.00211293 0.00245537 0.00283912 0.00326657 0.00373981 0.00426057 0.00483016 0.00544937 0.00611838 0.00683673 0.00760324 0.00841597 0.00927217 0.0101683 0.0110998 0.0120617 0.0130478 0.0140513 0.0150649 0.0160804 0.0170894 0.0180828 0.0190516 0.0199864 0.0208778 0.0217168 0.0224946 0.0232027 0.0238335 0.0243799 0.0248358 0.0251959 0.0254561 0.0256135 0.0256662 0.0256135 0.0254561 0.0251959 0.0248358 0.0243799 0.0238335 0.0232027 0.0224946 0.0217168 0.0208778 0.0199864 0.0190516 0.0180828 0.0170894 0.0160804 0.0150649 0.0140513 0.0130478 0.0120617 0.0110998 0.0101683 0.00927217 0.00841597 0.00760324 0.00683673 0.00611838 0.00544937 0.00483016 0.00426057 0.00373981 0.00326657 0.00283912 0.00245537 0.00211293 0.00180923 0.00154154 0.00130707 0.00110305 0.000926718 0.000775428 0.000646664 0.000538077 0.000447514 0.000373041 0.000312956 0.000265803 0.000230382 0.000205754 0.000191248 
0.000208912 0.000214242 0.000230382 0.000257775 0.00029716 0.000349566 0.000416309 0.000498984 0.000599453 0.000719832 0.000862472 0.00102993 0.00122495 0.00145042 0.0017093 0.00200463 0.0023394 0.00271655 0.00313885 0.00360883 0.00412872 0.00470035 0.00532506 0.00600363 0.00673619 0.00752215 0.00836016 0.00924802 0.0101827 0.0111602 0.0121756 0.0132234 0.0142968 0.0153885 0.0164904 0.0175939 0.0186896 0.0197679 0.0208188 0.0218324 0.0227986 0.0237075 0.0245499 0.0253165 0.0259993 0.0265905 0.0270837 0.0274732 0.0277547 0.0279249 0.0279819 0.0279249 0.0277547 0.0274732 0.0270837 0.0265905 0.0259993 0.0253165 0.0245499 0.0237075 0.0227986 0.0218324 0.0208188 0.0197679 0.0186896 0.0175939 0.0164904 0.0153885 0.0142968 0.0132234 0.0121756 0.0111602 0.0101827 0.00924802 0.00836016 0.00752215 0.00673619 0.00600363 0.00532506 0.00470035 0.00412872 0.00360883 0.00313885 0.00271655 0.0023394 0.00200463 0.0017093 0.00145042 0.00122495 0.00102993 0.000862472 0.000719832 0.000599453 0.000498984 0.000416309 0.000349566 0.00029716 0.000257775 0.000230382 0.000214242 
0.000241218 0.000247323 0.000265803 0.00029716 0.000342225 0.000402157 0.000478437 0.000572856 0.000687505 0.000824756 0.000987242 0.00117782 0.00139955 0.00165564 0.00194939 0.00228416 0.00266325 0.00308989 0.00356711 0.00409768 0.004684 0.00532802 0.00603113 0.0067941 0.00761697 0.00849898 0.0094385 0.010433 0.0114789 0.0125718 0.0137061 0.0148756 0.0160726 0.0172892 0.0185162 0.019744 0.0209623 0.0221604 0.0233275 0.0244524 0.0255241 0.0265319 0.0274654 0.0283147 0.0290707 0.0297252 0.030271 0.0307021 0.0310135 0.0312017 0.0312647 0.0312017 0.0310135 0.0307021 0.030271 0.0297252 0.0290707 0.0283147 0.0274654 0.0265319 0.0255241 0.0244524 0.0233275 0.0221604 0.0209623 0.019744 0.0185162 0.0172892 0.0160726 0.0148756 0.0137061 0.0125718 0.0114789 0.010433 0.0094385 0.00849898 0.00761697 0.0067941 0.00603113 0.00532802 0.004684 0.00409768 0.00356711 0.00308989 0.00266325 0.00228416 0.00194939 0.00165564 0.00139955 0.00117782 0.000987242 0.000824756 0.000687505 0.000572856 0.000478437 0.000402157 0.000342225 0.00029716 0.000265803 0.000247323 
0.000284243 0.000291373 0.000312956 0.000349566 0.000402157 0.000472058 0.000560966 0.000670929 0.000804338 0.000963901 0.00115262 0.00137374 0.00163073 0.00192723 0.00226696 0.0026537 0.00309116 0.00358295 0.00413243 0.00474266 0.00541626 0.00615532 0.00696132 0.00783499 0.00877623 0.00978404 0.0108564 0.0119904 0.0131818 0.0144255 0.0157152 0.0170434 0.0184019 0.0197812 0.0211712 0.0225609 0.0239389 0.025293 0.0266111 0.0278808 0.0290898 0.0302259 0.0312778 0.0322344 0.0330855 0.0338222 0.0344363 0.0349212 0.0352714 0.0354831 0.035554 0.0354831 0.0352714 0.0349212 0.0344363 0.0338222 0.0330855 0.0322344 0.0312778 0.0302259 0.0290898 0.0278808 0.0266111 0.025293 0.0239389 0.0225609 0.0211712 0.0197812 0.0184019 0.0170434 0.0157152 0.0144255 0.0131818 0.0119904 0.0108564 0.00978404 0.00877623 0.00783499 0.00696132 0.00615532 0.00541626 0.00474266 0.00413243 0.00358295 0.00309116 0.0026537 0.00226696 0.00192723 0.00163073 0.00137374 0.00115262 0.000963901 0.000804338 0.000670929 0.000560966 0.000472058 0.000402157 0.000349566 0.000312956 0.000291373 
0.000339095 0.000347526 0.000373041 0.000416309 0.000478437 0.000560966 0.00066586 0.000795495 0.000952633 0.0011404 0.00136225 0.00162192 0.00192341 0.00227085 0.00266851 0.00312069 0.00363159 0.00420528 0.00484554 0.00555575 0.00633883 0.00719703 0.00813189 0.00914409 0.0102334 0.0113984 0.0126368 0.0139448 0.0153176 0.0167492 0.0182323 0.0197582 0.0213173 0.0228989 0.0244913 0.0260821 0.0276581 0.0292057 0.030711 0.03216 0.0335388 0.0348339 0.0360321 0.0371214 0.0380902 0.0389283 0.0396269 0.0401782 0.0405764 0.0408171 0.0408976 0.0408171 0.0405764 0.0401782 0.0396269 0.0389283 0.0380902 0.0371214 0.0360321 0.0348339 0.0335388 0.03216 0.030711 0.0292057 0.0276581 0.0260821 0.0244913 0.0228989 0.0213173 0.0197582 0.0182323 0.0167492 0.0153176 0.0139448 0.0126368 0.0113984 0.0102334 0.00914409 0.00813189 0.00719703 0.00633883 0.00555575 0.00484554 0.00420528 0.00363159 0.00312069 0.00266851 0.00227085 0.00192341 0.00162192 0.00136225 0.0011404 0.000952633 0.000795495 0.00066586 0.000560966 0.000478437 0.000416309 0.000373041 0.000347526 
0.000407119 0.000417152 0.000447514 0.000498984 0.000572856 0.000670929 0.000795495 0.000949321 0.00113562 0.00135802 0.00162054 0.0019275 0.0022835 0.00269332 0.00316186 0.00369403 0.00429463 0.00496827 0.0057192 0.00655124 0.00746757 0.00847066 0.00956211 0.0107425 0.0120114 0.013367 0.0148062 0.0163249 0.0179171 0.0195757 0.0212921 0.0230564 0.0248573 0.0266825 0.0285185 0.030351 0.032165 0.0339449 0.0356748 0.0373389 0.0389213 0.0404067 0.0417804 0.0430284 0.044138 0.0450976 0.0458971 0.046528 0.0469835 0.0472588 0.0473509 0.0472588 0.0469835 0.046528 0.0458971 0.0450976 0.044138 0.0430284 0.0417804 0.0404067 0.0389213 0.0373389 0.0356748 0.0339449 0.032165 0.030351 0.0285185 0.0266825 0.0248573 0.0230564 0.0212921 0.0195757 0.0179171 0.0163249 0.0148062 0.013367 0.0120114 0.0107425 0.00956211 0.00847066 0.00746757 0.00655124 0.0057192 0.00496827 0.00429463 0.00369403 0.00316186 0.00269332 0.0022835 0.0019275 0.00162054 0.00135802 0.00113562 0.000949321 0.000795495 0.000670929 0.000572856 0.000498984 0.000447514 0.000417152 
0.000489889 0.00050186 0.000538077 0.000599453 0.000687505 0.000804338 0.000952633 0.00113562 0.00135705 0.00162115 0.00193258 0.00229637 0.00271783 0.00320249 0.00375599 0.00438395 0.00509187 0.00588497 0.00676808 0.00774544 0.0088206 0.00999621 0.0112739 0.0126542 0.0141362 0.0157178 0.0173952 0.0191632 0.0210148 0.0229416 0.0249335 0.0269789 0.0290648 0.0311768 0.0332993 0.035416 0.0375095 0.039562 0.0415554 0.0434715 0.0452925 0.0470007 0.0485796 0.0500134 0.0512875 0.052389 0.0533064 0.0540301 0.0545526 0.0548684 0.054974 0.0548684 0.0545526 0.0540301 0.0533064 0.052389 0.0512875 0.0500134 0.0485796 0.0470007 0.0452925 0.0434715 0.0415554 0.039562 0.0375095 0.035416 0.0332993 0.0311768 0.0290648 0.0269789 0.0249335 0.0229416 0.0210148 0.0191632 0.0173952 0.0157178 0.0141362 0.0126542 0.0112739 0.00999621 0.0088206 0.00774544 0.00676808 0.00588497 0.00509187 0.00438395 0.00375599 0.00320249 0.00271783 0.00229637 0.00193258 0.00162115 0.00135705 0.00113562 0.000952633 0.000804338 0.000687505 0.000599453 0.000538077 0.00050186 
0.000589199 0.000603476 0.000646664 0.000719832 0.000824756 0.000963901 0.0011404 0.00135802 0.00162115 0.0019347 0.00230409 0.00273515 0.00323405 0.00380714 0.00446093 0.00520186 0.0060362 0.00696991 0.0080084 0.00915643 0.0104179 0.0117957 0.0132914 0.0149055 0.0166365 0.0184818 0.0204368 0.0224951 0.0246484 0.0268869 0.0291986 0.03157 0.033986 0.0364299 0.0388838 0.0413287 0.0437448 0.0461118 0.0484088 0.0506152 0.0527106 0.0546752 0.0564899 0.058137 0.0596001 0.0608644 0.0619171 0.0627474 0.0633467 0.0637088 0.0638299 0.0637088 0.0633467 0.0627474 0.0619171 0.0608644 0.0596001 0.058137 0.0564899 0.0546752 0.0527106 0.0506152 0.0484088 0.0461118 0.0437448 0.0413287 0.0388838 0.0364299 0.033986 0.03157 0.0291986 0.0268869 0.0246484 0.0224951 0.0204368 0.0184818 0.0166365 0.0149055 0.0132914 0.0117957 0.0104179 0.00915643 0.0080084 0.00696991 0.0060362 0.00520186 0.00446093 0.00380714 0.00323405 0.00273515 0.00230409 0.0019347 0.00162115 0.00135802 0.0011404 0.000963901 0.000824756 0.000719832 0.000646664 0.000603476 
0.000707045 0.000724036 0.000775428 0.000862472 0.000987242 0.00115262 0.00136225 0.00162054 0.00193258 0.00230409 0.00274136 0.00325113 0.00384052 0.00451686 0.00528762 0.00616016 0.00714164 0.00823879 0.00945771 0.0108037 0.012281 0.0138928 0.0156405 0.0175244 0.0195427 0.0216917 0.023966 0.0263579 0.0288576 0.0314534 0.0341314 0.0368758 0.039669 0.0424919 0.0453236 0.0481426 0.0509259 0.0536504 0.0562924 0.0588284 0.0612352 0.0634902 0.0655722 0.0674608 0.0691377 0.0705862 0.0717919 0.0727426 0.0734286 0.073843 0.0739817 0.073843 0.0734286 0.0727426 0.0717919 0.0705862 0.0691377 0.0674608 0.0655722 0.0634902 0.0612352 0.0588284 0.0562924 0.0536504 0.0509259 0.0481426 0.0453236 0.0424919 0.039669 0.0368758 0.0341314 0.0314534 0.0288576 0.0263579 0.023966 0.0216917 0.0195427 0.0175244 0.0156405 0.0138928 0.012281 0.0108037 0.00945771 0.00823879 0.00714164 0.00616016 0.00528762 0.00451686 0.00384052 0.00325113 0.00274136 0.00230409 0.00193258 0.00162054 0.00136225 0.00115262 0.000987242 0.000862472 0.000775428 0.000724036 
0.000845605 0.000865761 0.000926718 0.00102993 0.00117782 0.00137374 0.00162192 0.0019275 0.00229637 0.00273515 0.00325113 0.00385208 0.00454619 0.00534189 0.00624771 0.00727205 0.00842303 0.00970824 0.0111345 0.0127077 0.0144326 0.0163122 0.0183482 0.0205403 0.0228862 0.0253813 0.028019 0.0307901 0.033683 0.036684 0.0397767 0.042943 0.0461625 0.0494129 0.0526707 0.0559108 0.0591072 0.0622335 0.0652629 0.0681685 0.0709242 0.0735046 0.0758856 0.0780444 0.0799602 0.0816145 0.082991 0.0840761 0.0848589 0.0853318 0.08549 0.0853318 0.0848589 0.0840761 0.082991 0.0816145 0.0799602 0.0780444 0.0758856 0.0735046 0.0709242 0.0681685 0.0652629 0.0622335 0.0591072 0.0559108 0.0526707 0.0494129 0.0461625 0.042943 0.0397767 0.036684 0.033683 0.0307901 0.028019 0.0253813 0.0228862 0.0205403 0.0183482 0.0163122 0.0144326 0.0127077 0.0111345 0.00970824 0.00842303 0.00727205 0.00624771 0.00534189 0.00454619 0.00385208 0.00325113 0.00273515 0.00229637 0.0019275 0.00162192 0.00137374 0.00117782 0.00102993 0.000926718 0.000865761 
0.00100722 0.00103104 0.00110305 0.00122495 0.00139955 0.00163073 0.00192341 0.0022835 0.00271783 0.00323405 0.00384052 0.00454619 0.00536045 0.00629293 0.00735334 0.00855124 0.00989577 0.0113955 0.0130579 0.0148897 0.0168956 0.0190792 0.0214419 0.0239828 0.026699 0.0295848 0.0326321 0.03583 0.039165 0.0426209 0.0461788 0.0498176 0.0535138 0.057242 0.0609751 0.0646845 0.0683409 0.0719141 0.0753737 0.0786896 0.0818323 0.0847732 0.0874851 0.0899428 0.0921229 0.0940045 0.0955697 0.0968031 0.0976928 0.0982302 0.0984099 0.0982302 0.0976928 0.0968031 0.0955697 0.0940045 0.0921229 0.0899428 0.0874851 0.0847732 0.0818323 0.0786896 0.0753737 0.0719141 0.0683409 0.0646845 0.0609751 0.057242 0.0535138 0.0498176 0.0461788 0.0426209 0.039165 0.03583 0.0326321 0.0295848 0.026699 0.0239828 0.0214419 0.0190792 0.0168956 0.0148897 0.0130579 0.0113955 0.00989577 0.00855124 0.00735334 0.00629293 0.00536045 0.00454619 0.00384052 0.00323405 0.00271783 0.0022835 0.00192341 0.00163073 0.00139955 0.00122495 0.00110305 0.00103104 
0.00119435 0.00122237 0.00130707 0.00145042 0.00165564 0.00192723 0.00227085 0.00269332 0.00320249 0.00380714 0.00451686 0.00534189 0.00629293 0.00738095 0.00861694 0.0100117 0.0115755 0.0133179 0.0152472 0.0173706 0.0196935 0.0222191 0.0249488 0.0278813 0.0310124 0.0343354 0.0378405 0.0415148 0.0453425 0.0493047 0.0533796 0.0575428 0.0617675 0.0660246 0.0702832 0.074511 0.0786746 0.0827401 0.0866732 0.0904402 0.0940078 0.0973442 0.100419 0.103204 0.105673 0.107804 0.109575 0.110971 0.111977 0.112585 0.112788 0.112585 0.111977 0.110971 0.109575 0.107804 0.105673 0.103204 0.100419 0.0973442 0.0940078 0.0904402 0.0866732 0.0827401 0.0786746 0.074511 0.0702832 0.0660246 0.0617675 0.0575428 0.0533796 0.0493047 0.0453425 0.0415148 0.0378405 0.0343354 0.0310124 0.0278813 0.0249488 0.0222191 0.0196935 0.0173706 0.0152472 0.0133179 0.0115755 0.0100117 0.00861694 0.00738095 0.00629293 0.00534189 0.00451686 0.00380714 0.00320249 0.00269332 0.00227085 0.00192723 0.00165564 0.00145042 0.00130707 0.00122237 
0.00140957 0.00144237 0.00154154 0.0017093 0.00194939 0.00226696 0.00266851 0.00316186 0.00375599 0.00446093 0.00528762 0.00624771 0.00735334 0.00861694 0.0100509 0.0116673 0.0134777 0.0154926 0.0177213 0.0201714 0.0228486 0.0257563 0.0288954 0.0322638 0.0358564 0.0396649 0.0436776 0.0478794 0.0522517 0.0567728 0.0614176 0.0661581 0.0709637 0.0758013 0.080636 0.0854313 0.0901496 0.0947526 0.0992022 0.103461 0.107491 0.111257 0.114726 0.117866 0.120649 0.123049 0.125044 0.126616 0.127749 0.128433 0.128661 0.128433 0.127749 0.126616 0.125044 0.123049 0.120649 0.117866 0.114726 0.111257 0.107491 0.103461 0.0992022 0.0947526 0.0901496 0.0854313 0.080636 0.0758013 0.0709637 0.0661581 0.0614176 0.0567728 0.0522517 0.0478794 0.0436776 0.0396649 0.0358564 0.0322638 0.0288954 0.0257563 0.0228486 0.0201714 0.0177213 0.0154926 0.0134777 0.0116673 0.0100509 0.00861694 0.00735334 0.00624771 0.00528762 0.00446093 0.00375599 0.00316186 0.00266851 0.00226696 0.00194939 0.0017093 0.00154154 0.00144237 
0.00165548 0.0016937 0.00180923 0.00200463 0.00228416 0.0026537 0.00312069 0.00369403 0.00438395 0.00520186 0.00616016 0.00727205 0.00855124 0.0100117 0.0116673 0.0135316 0.0156174 0.0179362 0.0204982 0.0233117 0.0263824 0.0297138 0.0333061 0.0371564 0.0412584 0.045602 0.0501733 0.0549547 0.0599247 0.065058 0.0703262 0.0756972 0.0811362 0.086606 0.0920672 0.0974786 0.102798 0.107983 0.112992 0.117781 0.12231 0.12654 0.130433 0.133956 0.137076 0.139766 0.142001 0.14376 0.145029 0.145795 0.146051 0.145795 0.145029 0.14376 0.142001 0.139766 0.137076 0.133956 0.130433 0.12654 0.12231 0.117781 0.112992 0.107983 0.102798 0.0974786 0.0920672 0.086606 0.0811362 0.0756972 0.0703262 0.065058 0.0599247 0.0549547 0.0501733 0.045602 0.0412584 0.0371564 0.0333061 0.0297138 0.0263824 0.0233117 0.0204982 0.0179362 0.0156174 0.0135316 0.0116673 0.0100117 0.00855124 0.00727205 0.00616016 0.00520186 0.00438395 0.00369403 0.00312069 0.0026537 0.00228416 0.00200463 0.00180923 0.0016937 
0.00193468 0.001979 0.00211293 0.0023394 0.00266325 0.00309116 0.00363159 0.00429463 0.00509187 0.0060362 0.00714164 0.00842303 0.00989577 0.0115755 0.0134777 0.0156174 0.0180086 0.0206642 0.0235949 0.0268096 0.0303144 0.0341122 0.0382029 0.0425824 0.0472428 0.0521719 0.0573536 0.0627672 0.068388 0.0741871 0.080132 0.0861864 0.092311 0.0984639 0.104601 0.110676 0.116643 0.122453 0.128061 0.133418 0.138481 0.143207 0.147554 0.151484 0.154964 0.157962 0.160452 0.162412 0.163825 0.164678 0.164963 0.164678 0.163825 0.162412 0.160452 0.157962 0.154964 0.151484 0.147554 0.143207 0.138481 0.133418 0.128061 0.122453 0.116643 0.110676 0.104601 0.0984639 0.092311 0.0861864 0.080132 0.0741871 0.068388 0.0627672 0.0573536 0.0521719 0.0472428 0.0425824 0.0382029 0.0341122 0.0303144 0.0268096 0.0235949 0.0206642 0.0180086 0.0156174 0.0134777 0.0115755 0.00989577 0.00842303 0.00714164 0.0060362 0.00509187 0.00429463 0.00363159 0.00309116 0.00266325 0.0023394 0.00211293 0.001979 
0.00224974 0.00230087 0.00245537 0.00271655 0.00308989 0.00358295 0.00420528 0.00496827 0.00588497 0.00696991 0.00823879 0.00970824 0.0113955 0.0133179 0.0154926 0.0179362 0.0206642 0.0236903 0.0270262 0.0306812 0.0346615 0.0389696 0.0436046 0.048561 0.0538292 0.0593948 0.0652387 0.0713371 0.0776617 0.0841796 0.0908538 0.0976435 0.104505 0.11139 0.118251 0.125035 0.131692 0.138169 0.144414 0.150377 0.156006 0.161257 0.166084 0.170445 0.174305 0.177629 0.180389 0.18256 0.184125 0.185069 0.185385 0.185069 0.184125 0.18256 0.180389 0.177629 0.174305 0.170445 0.166084 0.161257 0.156006 0.150377 0.144414 0.138169 0.131692 0.125035 0.118251 0.11139 0.104505 0.0976435 0.0908538 0.0841796 0.0776617 0.0713371 0.0652387 0.0593948 0.0538292 0.048561 0.0436046 0.0389696 0.0346615 0.0306812 0.0270262 0.0236903 0.0206642 0.0179362 0.0154926 0.0133179 0.0113955 0.00970824 0.00823879 0.00696991 0.00588497 0.00496827 0.00420528 0.00358295 0.00308989 0.00271655 0.00245537 0.00230087 
0.00260308 0.00266178 0.00283912 0.00313885 0.00356711 0.00413243 0.00484554 0.0057192 0.00676808 0.0080084 0.00945771 0.0111345 0.0130579 0.0152472 0.0177213 0.0204982 0.0235949 0.0270262 0.0308046 0.0349397 0.0394375 0.0443002 0.0495256 0.055107 0.0610324 0.0672849 0.0738424 0.0806776 0.087758 0.0950463 0.102501 0.110076 0.117722 0.125388 0.133017 0.140555 0.147943 0.155125 0.162043 0.168643 0.174869 0.180672 0.186003 0.190817 0.195074 0.198739 0.201781 0.204174 0.205898 0.206938 0.207285 0.206938 0.205898 0.204174 0.201781 0.198739 0.195074 0.190817 0.186003 0.180672 0.174869 0.168643 0.162043 0.155125 0.147943 0.140555 0.133017 0.125388 0.117722 0.110076 0.102501 0.0950463 0.087758 0.0806776 0.0738424 0.0672849 0.0610324 0.055107 0.0495256 0.0443002 0.0394375 0.0349397 0.0308046 0.0270262 0.0235949 0.0204982 0.0177213 0.0152472 0.0130579 0.0111345 0.00945771 0.0080084 0.00676808 0.0057192 0.00484554 0.00413243 0.00356711 0.00313885 0.00283912 0.00266178 
0.00299695 0.003064 0.00326657 0.00360883 0.00409768 0.00474266 0.00555575 0.00655124 0.00774544 0.00915643 0.0108037 0.0127077 0.0148897 0.0173706 0.0201714 0.0233117 0.0268096 0.0306812 0.0349397 0.0395947 0.0446523 0.0501137 0.0559757 0.0622294 0.0688608 0.07585 0.0831713 0.0907936 0.09868 0.106789 0.115072 0.123481 0.131958 0.140448 0.148888 0.157218 0.165375 0.173297 0.180921 0.188187 0.195036 0.201415 0.207271 0.212556 0.217227 0.221246 0.22458 0.227202 0.229091 0.23023 0.230611 0.23023 0.229091 0.227202 0.22458 0.221246 0.217227 0.212556 0.207271 0.201415 0.195036 0.188187 0.180921 0.173297 0.165375 0.157218 0.148888 0.140448 0.131958 0.123481 0.115072 0.106789 0.09868 0.0907936 0.0831713 0.07585 0.0688608 0.0622294 0.0559757 0.0501137 0.0446523 0.0395947 0.0349397 0.0306812 0.0268096 0.0233117 0.0201714 0.0173706 0.0148897 0.0127077 0.0108037 0.00915643 0.00774544 0.00655124 0.00555575 0.00474266 0.00409768 0.00360883 0.00326657 0.003064 
0.00343334 0.00350957 0.00373981 0.00412872 0.004684 0.00541626 0.00633883 0.00746757 0.0088206 0.0104179 0.012281 0.0144326 0.0168956 0.0196935 0.0228486 0.0263824 0.0303144 0.0346615 0.0394375 0.0446523 0.0503113 0.0564151 0.0629587 0.0699313 0.0773161 0.0850899 0.0932234 0.101681 0.110421 0.119397 0.128556 0.137841 0.147193 0.156547 0.165837 0.174995 0.183954 0.192646 0.201003 0.20896 0.216456 0.22343 0.229828 0.235599 0.240696 0.24508 0.248715 0.251573 0.253631 0.254872 0.255286 0.254872 0.253631 0.251573 0.248715 0.24508 0.240696 0.235599 0.229828 0.22343 0.216456 0.20896 0.201003 0.192646 0.183954 0.174995 0.165837 0.156547 0.147193 0.137841 0.128556 0.119397 0.110421 0.101681 0.0932234 0.0850899 0.0773161 0.0699313 0.0629587 0.0564151 0.0503113 0.0446523 0.0394375 0.0346615 0.0303144 0.0263824 0.0228486 0.0196935 0.0168956 0.0144326 0.012281 0.0104179 0.0088206 0.00746757 0.00633883 0.00541626 0.004684 0.00412872 0.00373981 0.00350957 
0.00391393 0.00400016 0.00426057 0.00470035 0.00532802 0.00615532 0.00719703 0.00847066 0.00999621 0.0117957 0.0138928 0.0163122 0.0190792 0.0222191 0.0257563 0.0297138 0.0341122 0.0389696 0.0443002 0.0501137 0.0564151 0.0632037 0.0704726 0.0782089 0.0863924 0.0949966 0.103988 0.113326 0.122964 0.132851 0.142926 0.153129 0.163393 0.173647 0.18382 0.193838 0.203627 0.213114 0.222227 0.230897 0.239056 0.246642 0.253596 0.259863 0.265396 0.270152 0.274094 0.277192 0.279422 0.280766 0.281216 0.280766 0.279422 0.277192 0.274094 0.270152 0.265396 0.259863 0.253596 0.246642 0.239056 0.230897 0.222227 0.213114 0.203627 0.193838 0.18382 0.173647 0.163393 0.153129 0.142926 0.132851 0.122964 0.113326 0.103988 0.0949966 0.0863924 0.0782089 0.0704726 0.0632037 0.0564151 0.0501137 0.0443002 0.0389696 0.0341122 0.0297138 0.0257563 0.0222191 0.0190792 0.0163122 0.0138928 0.0117957 0.00999621 0.00847066 0.00719703 0.00615532 0.00532802 0.00470035 0.00426057 0.00400016 
0.00443996 0.00453703 0.00483016 0.00532506 0.00603113 0.00696132 0.00813189 0.00956211 0.0112739 0.0132914 0.0156405 0.0183482 0.0214419 0.0249488 0.0288954 0.0333061 0.0382029 0.0436046 0.0495256 0.0559757 0.0629587 0.0704726 0.0785086 0.0870508 0.0960758 0.105553 0.115444 0.125704 0.136282 0.147117 0.158147 0.169303 0.180511 0.191696 0.20278 0.213683 0.224325 0.234628 0.244515 0.253912 0.262748 0.270956 0.278474 0.285245 0.29122 0.296352 0.300604 0.303944 0.306348 0.307797 0.308282 0.307797 0.306348 0.303944 0.300604 0.296352 0.29122 0.285245 0.278474 0.270956 0.262748 0.253912 0.244515 0.234628 0.224325 0.213683 0.20278 0.191696 0.180511 0.169303 0.158147 0.147117 0.136282 0.125704 0.115444 0.105553 0.0960758 0.0870508 0.0785086 0.0704726 0.0629587 0.0559757 0.0495256 0.0436046 0.0382029 0.0333061 0.0288954 0.0249488 0.0214419 0.0183482 0.0156405 0.0132914 0.0112739 0.00956211 0.00813189 0.00696132 0.00603113 0.00532506 0.00483016 0.00453703 
0.00501223 0.00512099 0.00544937 0.00600363 0.0067941 0.00783499 0.00914409 0.0107425 0.0126542 0.0149055 0.0175244 0.0205403 0.0239828 0.0278813 0.0322638 0.0371564 0.0425824 0.048561 0.055107 0.0622294 0.0699313 0.0782089 0.0870508 0.096438 0.106344 0.116733 0.127562 0.138782 0.150333 0.162152 0.174168 0.186306 0.198487 0.210628 0.222644 0.234451 0.245963 0.257096 0.267769 0.277903 0.287422 0.296258 0.304345 0.311623 0.318041 0.323551 0.328113 0.331696 0.334274 0.335828 0.336347 0.335828 0.334274 0.331696 0.328113 0.323551 0.318041 0.311623 0.304345 0.296258 0.287422 0.277903 0.267769 0.257096 0.245963 0.234451 0.222644 0.210628 0.198487 0.186306 0.174168 0.162152 0.150333 0.138782 0.127562 0.116733 0.106344 0.096438 0.0870508 0.0782089 0.0699313 0.0622294 0.055107 0.048561 0.0425824 0.0371564 0.0322638 0.0278813 0.0239828 0.0205403 0.0175244 0.0149055 0.0126542 0.0107425 0.00914409 0.00783499 0.0067941 0.00600363 0.00544937 0.00512099 
0.00563098 0.00575226 0.00611838 0.00673619 0.00761697 0.00877623 0.0102334 0.0120114 0.0141362 0.0166365 0.0195427 0.0228862 0.026699 0.0310124 0.0358564 0.0412584 0.0472428 0.0538292 0.0610324 0.0688608 0.0773161 0.0863924 0.0960758 0.106344 0.117165 0.128501 0.140302 0.152512 0.165068 0.177899 0.190927 0.204071 0.217245 0.23036 0.243325 0.256049 0.26844 0.280412 0.291876 0.30275 0.312955 0.322419 0.331073 0.338857 0.345715 0.351601 0.356472 0.360295 0.363045 0.364702 0.365256 0.364702 0.363045 0.360295 0.356472 0.351601 0.345715 0.338857 0.331073 0.322419 0.312955 0.30275 0.291876 0.280412 0.26844 0.256049 0.243325 0.23036 0.217245 0.204071 0.190927 0.177899 0.165068 0.152512 0.140302 0.128501 0.117165 0.106344 0.0960758 0.0863924 0.0773161 0.0688608 0.0610324 0.0538292 0.0472428 0.0412584 0.0358564 0.0310124 0.026699 0.0228862 0.0195427 0.0166365 0.0141362 0.0120114 0.0102334 0.00877623 0.00761697 0.00673619 0.00611838 0.00575226 
0.00629584 0.00643044 0.00683673 0.00752215 0.00849898 0.00978404 0.0113984 0.013367 0.0157178 0.0184818 0.0216917 0.0253813 0.0295848 0.0343354 0.0396649 0.045602 0.0521719 0.0593948 0.0672849 0.07585 0.0850899 0.0949966 0.105553 0.116733 0.128501 0.140812 0.153613 0.166841 0.180426 0.19429 0.20835 0.222517 0.236698 0.250798 0.26472 0.278367 0.291642 0.304452 0.316707 0.328318 0.339205 0.349292 0.358509 0.366792 0.374085 0.380339 0.385513 0.389573 0.392492 0.39425 0.394838 0.39425 0.392492 0.389573 0.385513 0.380339 0.374085 0.366792 0.358509 0.349292 0.339205 0.328318 0.316707 0.304452 0.291642 0.278367 0.26472 0.250798 0.236698 0.222517 0.20835 0.19429 0.180426 0.166841 0.153613 0.140812 0.128501 0.116733 0.105553 0.0949966 0.0850899 0.07585 0.0672849 0.0593948 0.0521719 0.045602 0.0396649 0.0343354 0.0295848 0.0253813 0.0216917 0.0184818 0.0157178 0.013367 0.0113984 0.00978404 0.00849898 0.00752215 0.00683673 0.00643044 
0.00700578 0.00715447 0.00760324 0.00836016 0.0094385 0.0108564 0.0126368 0.0148062 0.0173952 0.0204368 0.023966 0.028019 0.0326321 0.0378405 0.0436776 0.0501733 0.0573536 0.0652387 0.0738424 0.0831713 0.0932234 0.103988 0.115444 0.127562 0.140302 0.153613 0.167435 0.181701 0.196332 0.211245 0.22635 0.241549 0.256745 0.271834 0.286715 0.301284 0.315439 0.329083 0.342121 0.354461 0.36602 0.37672 0.386487 0.395259 0.402977 0.409591 0.41506 0.419349 0.422432 0.42429 0.42491 0.42429 0.422432 0.419349 0.41506 0.409591 0.402977 0.395259 0.386487 0.37672 0.36602 0.354461 0.342121 0.329083 0.315439 0.301284 0.286715 0.271834 0.256745 0.241549 0.22635 0.211245 0.196332 0.181701 0.167435 0.153613 0.140302 0.127562 0.115444 0.103988 0.0932234 0.0831713 0.0738424 0.0652387 0.0573536 0.0501733 0.0436776 0.0378405 0.0326321 0.028019 0.023966 0.0204368 0.0173952 0.0148062 0.0126368 0.0108564 0.0094385 0.00836016 0.00760324 0.00715447 
0.00775903 0.00792254 0.00841597 0.00924802 0.010433 0.0119904 0.0139448 0.0163249 0.0191632 0.0224951 0.0263579 0.0307901 0.03583 0.0415148 0.0478794 0.0549547 0.0627672 0.0713371 0.0806776 0.0907936 0.101681 0.113326 0.125704 0.138782 0.152512 0.166841 0.181701 0.197017 0.212706 0.228677 0.244831 0.261066 0.277276 0.293352 0.309185 0.324668 0.339693 0.354159 0.367965 0.38102 0.393236 0.404532 0.414835 0.42408 0.432208 0.43917 0.444924 0.449434 0.452675 0.454627 0.455279 0.454627 0.452675 0.449434 0.444924 0.43917 0.432208 0.42408 0.414835 0.404532 0.393236 0.38102 0.367965 0.354159 0.339693 0.324668 0.309185 0.293352 0.277276 0.261066 0.244831 0.228677 0.212706 0.197017 0.181701 0.166841 0.152512 0.138782 0.125704 0.113326 0.101681 0.0907936 0.0806776 0.0713371 0.0627672 0.0549547 0.0478794 0.0415148 0.03583 0.0307901 0.0263579 0.0224951 0.0191632 0.0163249 0.0139448 0.0119904 0.010433 0.00924802 0.00841597 0.00792254 
0.00855311 0.00873209 0.00927217 0.0101827 0.0114789 0.0131818 0.0153176 0.0179171 0.0210148 0.0246484 0.0288576 0.033683 0.039165 0.0453425 0.0522517 0.0599247 0.068388 0.0776617 0.087758 0.09868 0.110421 0.122964 0.136282 0.150333 0.165068 0.180426 0.196332 0.212706 0.229457 0.246486 0.263688 0.280954 0.29817 0.315223 0.331996 0.348378 0.364256 0.379524 0.39408 0.407828 0.420679 0.432551 0.44337 0.45307 0.461591 0.468885 0.47491 0.479631 0.483021 0.485063 0.485745 0.485063 0.483021 0.479631 0.47491 0.468885 0.461591 0.45307 0.44337 0.432551 0.420679 0.407828 0.39408 0.379524 0.364256 0.348378 0.331996 0.315223 0.29817 0.280954 0.263688 0.246486 0.229457 0.212706 0.196332 0.180426 0.165068 0.150333 0.136282 0.122964 0.110421 0.09868 0.087758 0.0776617 0.068388 0.0599247 0.0522517 0.0453425 0.039165 0.033683 0.0288576 0.0246484 0.0210148 0.0179171 0.0153176 0.0131818 0.0114789 0.0101827 0.00927217 0.00873209 
0.00938473 0.00957978 0.0101683 0.0111602 0.0125718 0.0144255 0.0167492 0.0195757 0.0229416 0.0268869 0.0314534 0.036684 0.0426209 0.0493047 0.0567728 0.065058 0.0741871 0.0841796 0.0950463 0.106789 0.119397 0.132851 0.147117 0.162152 0.177899 0.19429 0.211245 0.228677 0.246486 0.264567 0.282808 0.301092 0.319301 0.337312 0.355006 0.372265 0.388972 0.405018 0.420298 0.434714 0.448175 0.460597 0.471907 0.482039 0.490933 0.498541 0.504821 0.50974 0.513271 0.515397 0.516107 0.515397 0.513271 0.50974 0.504821 0.498541 0.490933 0.482039 0.471907 0.460597 0.448175 0.434714 0.420298 0.405018 0.388972 0.372265 0.355006 0.337312 0.319301 0.301092 0.282808 0.264567 0.246486 0.228677 0.211245 0.19429 0.177899 0.162152 0.147117 0.132851 0.119397 0.106789 0.0950463 0.0841796 0.0741871 0.065058 0.0567728 0.0493047 0.0426209 0.036684 0.0314534 0.0268869 0.0229416 0.0195757 0.0167492 0.0144255 0.0125718 0.0111602 0.0101683 0.00957978 
0.0102498 0.0104614 0.0110998 0.0121756 0.0137061 0.0157152 0.0182323 0.0212921 0.0249335 0.0291986 0.0341314 0.0397767 0.0461788 0.0533796 0.0614176 0.0703262 0.080132 0.0908538 0.102501 0.115072 0.128556 0.142926 0.158147 0.174168 0.190927 0.20835 0.22635 0.244831 0.263688 0.282808 0.302072 0.321356 0.340534 0.359481 0.378069 0.396177 0.413684 0.430478 0.446451 0.461503 0.475543 0.488487 0.50026 0.510797 0.52004 0.527942 0.53446 0.539563 0.543225 0.545429 0.546165 0.545429 0.543225 0.539563 0.53446 0.527942 0.52004 0.510797 0.50026 0.488487 0.475543 0.461503 0.446451 0.430478 0.413684 0.396177 0.378069 0.359481 0.340534 0.321356 0.302072 0.282808 0.263688 0.244831 0.22635 0.20835 0.190927 0.174168 0.158147 0.142926 0.128556 0.115072 0.102501 0.0908538 0.080132 0.0703262 0.0614176 0.0533796 0.0461788 0.0397767 0.0341314 0.0291986 0.0249335 0.0212921 0.0182323 0.0157152 0.0137061 0.0121756 0.0110998 0.0104614 
0.0111436 0.0113722 0.0120617 0.0132234 0.0148756 0.0170434 0.0197582 0.0230564 0.0269789 0.03157 0.0368758 0.042943 0.0498176 0.0575428 0.0661581 0.0756972 0.0861864 0.0976435 0.110076 0.123481 0.137841 0.153129 0.169303 0.186306 0.204071 0.222517 0.241549 0.261066 0.280954 0.301092 0.321356 0.341614 0.361735 0.381586 0.401036 0.419959 0.438231 0.455737 0.472367 0.488021 0.502606 0.516038 0.528244 0.539158 0.548725 0.556896 0.563634 0.568906 0.572688 0.574964 0.575724 0.574964 0.572688 0.568906 0.563634 0.556896 0.548725 0.539158 0.528244 0.516038 0.502606 0.488021 0.472367 0.455737 0.438231 0.419959 0.401036 0.381586 0.361735 0.341614 0.321356 0.301092 0.280954 0.261066 0.241549 0.222517 0.204071 0.186306 0.169303 0.153129 0.137841 0.123481 0.110076 0.0976435 0.0861864 0.0756972 0.0661581 0.0575428 0.0498176 0.042943 0.0368758 0.03157 0.0269789 0.0230564 0.0197582 0.0170434 0.0148756 0.0132234 0.0120617 0.0113722 
0.0120604 0.0123063 0.0130478 0.0142968 0.0160726 0.0184019 0.0213173 0.0248573 0.0290648 0.033986 0.039669 0.0461625 0.0535138 0.0617675 0.0709637 0.0811362 0.092311 0.104505 0.117722 0.131958 0.147193 0.163393 0.180511 0.198487 0.217245 0.236698 0.256745 0.277276 0.29817 0.319301 0.340534 0.361735 0.382763 0.403483 0.423758 0.443457 0.462455 0.480634 0.497882 0.514098 0.52919 0.543075 0.55568 0.566941 0.576803 0.585221 0.592158 0.597583 0.601473 0.603814 0.604595 0.603814 0.601473 0.597583 0.592158 0.585221 0.576803 0.566941 0.55568 0.543075 0.52919 0.514098 0.497882 0.480634 0.462455 0.443457 0.423758 0.403483 0.382763 0.361735 0.340534 0.319301 0.29817 0.277276 0.256745 0.236698 0.217245 0.198487 0.180511 0.163393 0.147193 0.131958 0.117722 0.104505 0.092311 0.0811362 0.0709637 0.0617675 0.0535138 0.0461625 0.039669 0.033986 0.0290648 0.0248573 0.0213173 0.0184019 0.0160726 0.0142968 0.0130478 0.0123063 
0.012994 0.0132573 0.0140513 0.0153885 0.0172892 0.0197812 0.0228989 0.0266825 0.0311768 0.0364299 0.0424919 0.0494129 0.057242 0.0660246 0.0758013 0.086606 0.0984639 0.11139 0.125388 0.140448 0.156547 0.173647 0.191696 0.210628 0.23036 0.250798 0.271834 0.293352 0.315223 0.337312 0.359481 0.381586 0.403483 0.42503 0.446087 0.46652 0.4862 0.505008 0.522831 0.539569 0.555129 0.569429 0.582397 0.593972 0.604102 0.612741 0.619856 0.625418 0.629405 0.631803 0.632603 0.631803 0.629405 0.625418 0.619856 0.612741 0.604102 0.593972 0.582397 0.569429 0.555129 0.539569 0.522831 0.505008 0.4862 0.46652 0.446087 0.42503 0.403483 0.381586 0.359481 0.337312 0.315223 0.293352 0.271834 0.250798 0.23036 0.210628 0.191696 0.173647 0.156547 0.140448 0.125388 0.11139 0.0984639 0.086606 0.0758013 0.0660246 0.057242 0.0494129 0.0424919 0.0364299 0.0311768 0.0266825 0.0228989 0.0197812 0.0172892 0.0153885 0.0140513 0.0132573 
0.0139374 0.0142182 0.0150649 0.0164904 0.0185162 0.0211712 0.0244913 0.0285185 0.0332993 0.0388838 0.0453236 0.0526707 0.0609751 0.0702832 0.080636 0.0920672 0.104601 0.118251 0.133017 0.148888 0.165837 0.18382 0.20278 0.222644 0.243325 0.26472 0.286715 0.309185 0.331996 0.355006 0.378069 0.401036 0.423758 0.446087 0.46788 0.489 0.509317 0.528708 0.547062 0.564277 0.580263 0.594939 0.608235 0.620092 0.630459 0.639295 0.646566 0.652248 0.656319 0.658767 0.659584 0.658767 0.656319 0.652248 0.646566 0.639295 0.630459 0.620092 0.608235 0.594939 0.580263 0.564277 0.547062 0.528708 0.509317 0.489 0.46788 0.446087 0.423758 0.401036 0.378069 0.355006 0.331996 0.309185 0.286715 0.26472 0.243325 0.222644 0.20278 0.18382 0.165837 0.148888 0.133017 0.118251 0.104601 0.0920672 0.080636 0.0702832 0.0609751 0.0526707 0.0453236 0.0388838 0.0332993 0.0285185 0.0244913 0.0211712 0.0185162 0.0164904 0.0150649 0.0142182 
0.0148832 0.0151814 0.0160804 0.0175939 0.019744 0.0225609 0.0260821 0.030351 0.035416 0.0413287 0.0481426 0.0559108 0.0646845 0.074511 0.0854313 0.0974786 0.110676 0.125035 0.140555 0.157218 0.174995 0.193838 0.213683 0.234451 0.256049 0.278367 0.301284 0.324668 0.348378 0.372265 0.396177 0.419959 0.443457 0.46652 0.489 0.510758 0.531662 0.551589 0.570428 0.588076 0.604446 0.619459 0.633046 0.645151 0.655726 0.664733 0.672141 0.677925 0.682069 0.68456 0.685391 0.68456 0.682069 0.677925 0.672141 0.664733 0.655726 0.645151 0.633046 0.619459 0.604446 0.588076 0.570428 0.551589 0.531662 0.510758 0.489 0.46652 0.443457 0.419959 0.396177 0.372265 0.348378 0.324668 0.301284 0.278367 0.256049 0.234451 0.213683 0.193838 0.174995 0.157218 0.140555 0.125035 0.110676 0.0974786 0.0854313 0.074511 0.0646845 0.0559108 0.0481426 0.0413287 0.035416 0.030351 0.0260821 0.0225609 0.019744 0.0175939 0.0160804 0.0151814 
0.0158233 0.0161387 0.0170894 0.0186896 0.0209623 0.0239389 0.0276581 0.032165 0.0375095 0.0437448 0.0509259 0.0591072 0.0683409 0.0786746 0.0901496 0.102798 0.116643 0.131692 0.147943 0.165375 0.183954 0.203627 0.224325 0.245963 0.26844 0.291642 0.315439 0.339693 0.364256 0.388972 0.413684 0.438231 0.462455 0.4862 0.509317 0.531662 0.553103 0.573518 0.592794 0.610832 0.627543 0.642853 0.656695 0.669016 0.679771 0.688925 0.696448 0.702319 0.706524 0.70905 0.709893 0.70905 0.706524 0.702319 0.696448 0.688925 0.679771 0.669016 0.656695 0.642853 0.627543 0.610832 0.592794 0.573518 0.553103 0.531662 0.509317 0.4862 0.462455 0.438231 0.413684 0.388972 0.364256 0.339693 0.315439 0.291642 0.26844 0.245963 0.224325 0.203627 0.183954 0.165375 0.147943 0.131692 0.116643 0.102798 0.0901496 0.0786746 0.0683409 0.0591072 0.0509259 0.0437448 0.0375095 0.032165 0.0276581 0.0239389 0.0209623 0.0186896 0.0170894 0.0161387 
0.0167495 0.0170816 0.0180828 0.0197679 0.0221604 0.025293 0.0292057 0.0339449 0.039562 0.0461118 0.0536504 0.0622335 0.0719141 0.0827401 0.0947526 0.107983 0.122453 0.138169 0.155125 0.173297 0.192646 0.213114 0.234628 0.257096 0.280412 0.304452 0.329083 0.354159 0.379524 0.405018 0.430478 0.455737 0.480634 0.505008 0.528708 0.551589 0.573518 0.594371 0.614038 0.632421 0.649433 0.665002 0.679065 0.69157 0.702477 0.711753 0.719372 0.725315 0.729569 0.732125 0.732978 0.732125 0.729569 0.725315 0.719372 0.711753 0.702477 0.69157 0.679065 0.665002 0.649433 0.632421 0.614038 0.594371 0.573518 0.551589 0.528708 0.505008 0.480634 0.455737 0.430478 0.405018 0.379524 0.354159 0.329083 0.304452 0.280412 0.257096 0.234628 0.213114 0.192646 0.173297 0.155125 0.138169 0.122453 0.107983 0.0947526 0.0827401 0.0719141 0.0622335 0.0536504 0.0461118 0.039562 0.0339449 0.0292057 0.025293 0.0221604 0.0197679 0.0180828 0.0170816 
0.017653 0.0180014 0.0190516 0.0208188 0.0233275 0.0266111 0.030711 0.0356748 0.0415554 0.0484088 0.0562924 0.0652629 0.0753737 0.0866732 0.0992022 0.112992 0.128061 0.144414 0.162043 0.180921 0.201003 0.222227 0.244515 0.267769 0.291876 0.316707 0.342121 0.367965 0.39408 0.420298 0.446451 0.472367 0.497882 0.522831 0.547062 0.570428 0.592794 0.614038 0.634051 0.652736 0.67001 0.685801 0.70005 0.712711 0.723744 0.73312 0.740816 0.746817 0.751111 0.75369 0.75455 0.75369 0.751111 0.746817 0.740816 0.73312 0.723744 0.712711 0.70005 0.685801 0.67001 0.652736 0.634051 0.614038 0.592794 0.570428 0.547062 0.522831 0.497882 0.472367 0.446451 0.420298 0.39408 0.367965 0.342121 0.316707 0.291876 0.267769 0.244515 0.222227 0.201003 0.180921 0.162043 0.144414 0.128061 0.112992 0.0992022 0.0866732 0.0753737 0.0652629 0.0562924 0.0484088 0.0415554 0.0356748 0.030711 0.0266111 0.0233275 0.0208188 0.0190516 0.0180014 
0.0185251 0.0188891 0.0199864 0.0218324 0.0244524 0.0278808 0.03216 0.0373389 0.0434715 0.0506152 0.0588284 0.0681685 0.0786896 0.0904402 0.103461 0.117781 0.133418 0.150377 0.168643 0.188187 0.20896 0.230897 0.253912 0.277903 0.30275 0.328318 0.354461 0.38102 0.407828 0.434714 0.461503 0.488021 0.514098 0.539569 0.564277 0.588076 0.610832 0.632421 0.652736 0.671683 0.689179 0.705158 0.719564 0.732352 0.743487 0.752943 0.7607 0.766745 0.771069 0.773666 0.774531 0.773666 0.771069 0.766745 0.7607 0.752943 0.743487 0.732352 0.719564 0.705158 0.689179 0.671683 0.652736 0.632421 0.610832 0.588076 0.564277 0.539569 0.514098 0.488021 0.461503 0.434714 0.407828 0.38102 0.354461 0.328318 0.30275 0.277903 0.253912 0.230897 0.20896 0.188187 0.168643 0.150377 0.133418 0.117781 0.103461 0.0904402 0.0786896 0.0681685 0.0588284 0.0506152 0.0434715 0.0373389 0.03216 0.0278808 0.0244524 0.0218324 0.0199864 0.0188891 
