2.2761e-06 2.41872e-06 2.85933e-06 3.63679e-06 4.81789e-06 6.5003e-06 8.81675e-06 1.19401e-05 1.60895e-05 2.1537e-05 2.8615e-05 3.77235e-05 4.93374e-05 6.40129e-05 8.23925e-05 0.000105208 0.000133283 0.000167527 0.000208931 0.000258557 0.000317517 0.000386959 0.000468031 0.000561857 0.000669492 0.000791882 0.000929822 0.00108391 0.00125449 0.00144161 0.00164502 0.00186406 0.00209771 0.00234452 0.00260265 0.00286984 0.00314346 0.00342052 0.00369775 0.00397163 0.00423848 0.00449454 0.00473605 0.00495931 0.00516084 0.0053374 0.00548608 0.00560442 0.00569042 0.00574262 0.00576012 0.00574262 0.00569042 0.00560442 0.00548608 0.0053374 0.00516084 0.00495931 0.00473605 0.00449454 0.00423848 0.00397163 0.00369775 0.00342052 0.00314346 0.00286984 0.00260265 0.00234452 0.00209771 0.00186406 0.00164502 0.00144161 0.00125449 0.00108391 0.000929822 0.000791882 0.000669492 0.000561857 0.000468031 0.000386959 0.000317517 0.000258557 0.000208931 0.000167527 0.000133283 0.000105208 8.23925e-05 6.40129e-05 4.93374e-05 3.77235e-05 2.8615e-05 2.1537e-05 1.60895e-05 1.19401e-05 8.81675e-06 6.5003e-06 4.81789e-06 3.63679e-06 2.85933e-06 2.41872e-06 
2.41872e-06 2.56986e-06 3.03675e-06 3.8604e-06 5.11127e-06 6.89241e-06 9.34375e-06 1.26475e-05 1.70343e-05 2.27906e-05 3.0266e-05 3.98809e-05 5.21341e-05 6.76092e-05 8.698e-05 0.000111014 0.000140571 0.000176605 0.00022015 0.000272314 0.000334258 0.000407177 0.000492266 0.000590691 0.000703545 0.000831807 0.000976297 0.00113762 0.00131613 0.00151188 0.00172456 0.00195349 0.00219759 0.00245534 0.00272481 0.00300364 0.00328908 0.00357802 0.00386705 0.0041525 0.00443056 0.00469732 0.00494885 0.00518134 0.00539116 0.00557495 0.00572971 0.00585287 0.00594237 0.00599669 0.0060149 0.00599669 0.00594237 0.00585287 0.00572971 0.00557495 0.00539116 0.00518134 0.00494885 0.00469732 0.00443056 0.0041525 0.00386705 0.00357802 0.00328908 0.00300364 0.00272481 0.00245534 0.00219759 0.00195349 0.00172456 0.00151188 0.00131613 0.00113762 0.000976297 0.000831807 0.000703545 0.000590691 0.000492266 0.000407177 0.000334258 0.000272314 0.00022015 0.000176605 0.000140571 0.000111014 8.698e-05 6.76092e-05 5.21341e-05 3.98809e-05 3.0266e-05 2.27906e-05 1.70343e-05 1.26475e-05 9.34375e-06 6.89241e-06 5.11127e-06 3.8604e-06 3.03675e-06 2.56986e-06 
2.85933e-06 3.03675e-06 3.58465e-06 4.55066e-06 6.01657e-06 8.10188e-06 1.09686e-05 1.48276e-05 1.99452e-05 2.66516e-05 3.53492e-05 4.6521e-05 6.07386e-05 7.86699e-05 0.000101084 0.000128856 0.000162962 0.000204484 0.000254592 0.000314536 0.000385621 0.000469186 0.000566567 0.000679061 0.000807876 0.00095409 0.00111859 0.00130204 0.00150477 0.00172682 0.00196779 0.00222689 0.00250285 0.00279395 0.00309797 0.00341225 0.00373369 0.00405879 0.00438373 0.00470441 0.00501656 0.00531582 0.00559784 0.00585838 0.00609341 0.00629919 0.00647241 0.00661023 0.00671036 0.00677111 0.00679148 0.00677111 0.00671036 0.00661023 0.00647241 0.00629919 0.00609341 0.00585838 0.00559784 0.00531582 0.00501656 0.00470441 0.00438373 0.00405879 0.00373369 0.00341225 0.00309797 0.00279395 0.00250285 0.00222689 0.00196779 0.00172682 0.00150477 0.00130204 0.00111859 0.00095409 0.000807876 0.000679061 0.000566567 0.000469186 0.000385621 0.000314536 0.000254592 0.000204484 0.000162962 0.000128856 0.000101084 7.86699e-05 6.07386e-05 4.6521e-05 3.53492e-05 2.66516e-05 1.99452e-05 1.48276e-05 1.09686e-05 8.10188e-06 6.01657e-06 4.55066e-06 3.58465e-06 3.03675e-06 
3.63679e-06 3.8604e-06 4.55066e-06 5.76678e-06 7.61032e-06 1.02295e-05 1.3825e-05 1.86572e-05 2.50549e-05 3.34245e-05 4.42599e-05 5.81527e-05 7.58013e-05 9.80192e-05 0.000125741 0.000160024 0.000202052 0.000253122 0.000314638 0.000388094 0.000475044 0.000577072 0.000695753 0.000832605 0.000989037 0.00116629 0.00136536 0.00158698 0.0018315 0.00209888 0.00238859 0.00269961 0.00303038 0.00337879 0.00374218 0.00411733 0.00450054 0.00488765 0.00527414 0.00565516 0.00602569 0.0063806 0.00671479 0.0070233 0.00730142 0.0075448 0.00774957 0.00791243 0.00803072 0.00810248 0.00812654 0.00810248 0.00803072 0.00791243 0.00774957 0.0075448 0.00730142 0.0070233 0.00671479 0.0063806 0.00602569 0.00565516 0.00527414 0.00488765 0.00450054 0.00411733 0.00374218 0.00337879 0.00303038 0.00269961 0.00238859 0.00209888 0.0018315 0.00158698 0.00136536 0.00116629 0.000989037 0.000832605 0.000695753 0.000577072 0.000475044 0.000388094 0.000314638 0.000253122 0.000202052 0.000160024 0.000125741 9.80192e-05 7.58013e-05 5.81527e-05 4.42599e-05 3.34245e-05 2.50549e-05 1.86572e-05 1.3825e-05 1.02295e-05 7.61032e-06 5.76678e-06 4.55066e-06 3.8604e-06 
4.81789e-06 5.11127e-06 6.01657e-06 7.61032e-06 1.00237e-05 1.34478e-05 1.81411e-05 2.44383e-05 3.27608e-05 4.36287e-05 5.7672e-05 7.56435e-05 9.84293e-05 0.000127058 0.000162709 0.000206712 0.000260546 0.000325832 0.000404317 0.000497847 0.000608339 0.000737734 0.000887952 0.00106083 0.00125806 0.0014811 0.00173114 0.00200897 0.00231496 0.00264894 0.00301019 0.00339735 0.00380842 0.00424072 0.0046909 0.00515497 0.00562835 0.00610592 0.00658211 0.00705101 0.00750651 0.00794236 0.0083524 0.00873062 0.00907132 0.00936929 0.00961986 0.00981906 0.00996369 0.0100514 0.0100808 0.0100514 0.00996369 0.00981906 0.00961986 0.00936929 0.00907132 0.00873062 0.0083524 0.00794236 0.00750651 0.00705101 0.00658211 0.00610592 0.00562835 0.00515497 0.0046909 0.00424072 0.00380842 0.00339735 0.00301019 0.00264894 0.00231496 0.00200897 0.00173114 0.0014811 0.00125806 0.00106083 0.000887952 0.000737734 0.000608339 0.000497847 0.000404317 0.000325832 0.000260546 0.000206712 0.000162709 0.000127058 9.84293e-05 7.56435e-05 5.7672e-05 4.36287e-05 3.27608e-05 2.44383e-05 1.81411e-05 1.34478e-05 1.00237e-05 7.61032e-06 6.01657e-06 5.11127e-06 
6.5003e-06 6.89241e-06 8.10188e-06 1.02295e-05 1.34478e-05 1.8008e-05 2.42491e-05 3.26092e-05 4.36392e-05 5.80164e-05 7.65602e-05 0.000100246 0.00013022 0.000167807 0.000214522 0.000272067 0.000342329 0.00042737 0.000529399 0.000650743 0.000793807 0.000961013 0.00115474 0.00137725 0.00163061 0.00191657 0.00223653 0.00259138 0.00298146 0.00340646 0.00386533 0.00435626 0.00487663 0.00542299 0.00599104 0.00657574 0.00717131 0.00777132 0.00836882 0.00895647 0.00952667 0.0100717 0.010584 0.0110561 0.0114811 0.0118525 0.0121647 0.0124127 0.0125928 0.012702 0.0127386 0.012702 0.0125928 0.0124127 0.0121647 0.0118525 0.0114811 0.0110561 0.010584 0.0100717 0.00952667 0.00895647 0.00836882 0.00777132 0.00717131 0.00657574 0.00599104 0.00542299 0.00487663 0.00435626 0.00386533 0.00340646 0.00298146 0.00259138 0.00223653 0.00191657 0.00163061 0.00137725 0.00115474 0.000961013 0.000793807 0.000650743 0.000529399 0.00042737 0.000342329 0.000272067 0.000214522 0.000167807 0.00013022 0.000100246 7.65602e-05 5.80164e-05 4.36392e-05 3.26092e-05 2.42491e-05 1.8008e-05 1.34478e-05 1.02295e-05 8.10188e-06 6.89241e-06 
8.81675e-06 9.34375e-06 1.09686e-05 1.3825e-05 1.81411e-05 2.42491e-05 3.25963e-05 4.376e-05 5.84641e-05 7.75969e-05 0.00010223 0.000133636 0.000173306 0.000222957 0.000284549 0.000360273 0.000452555 0.000564028 0.000697509 0.000855949 0.00104238 0.00125985 0.00151132 0.00179959 0.00212719 0.00249624 0.00290837 0.0033646 0.0038652 0.00440961 0.00499639 0.00562307 0.00628622 0.00698134 0.00770293 0.00844455 0.00919886 0.00995775 0.0107125 0.0114539 0.0121724 0.0128586 0.0135029 0.0140961 0.0146297 0.0150958 0.0154873 0.0157983 0.0160239 0.0161607 0.0162065 0.0161607 0.0160239 0.0157983 0.0154873 0.0150958 0.0146297 0.0140961 0.0135029 0.0128586 0.0121724 0.0114539 0.0107125 0.00995775 0.00919886 0.00844455 0.00770293 0.00698134 0.00628622 0.00562307 0.00499639 0.00440961 0.0038652 0.0033646 0.00290837 0.00249624 0.00212719 0.00179959 0.00151132 0.00125985 0.00104238 0.000855949 0.000697509 0.000564028 0.000452555 0.000360273 0.000284549 0.000222957 0.000173306 0.000133636 0.00010223 7.75969e-05 5.84641e-05 4.376e-05 3.25963e-05 2.42491e-05 1.81411e-05 1.3825e-05 1.09686e-05 9.34375e-06 
1.19401e-05 1.26475e-05 1.48276e-05 1.86572e-05 2.44383e-05 3.26092e-05 4.376e-05 5.86502e-05 7.82305e-05 0.000103665 0.000136353 0.000177955 0.000230407 0.000295937 0.000377073 0.000476639 0.000597745 0.000743758 0.000918262 0.001125 0.00136779 0.00165045 0.00197669 0.00234994 0.0027733 0.00324934 0.00377995 0.00436623 0.00500836 0.00570545 0.00645544 0.00725507 0.00809981 0.00898384 0.00990009 0.0108404 0.0117953 0.0127548 0.0137077 0.0146427 0.0155479 0.0164113 0.0172212 0.0179664 0.0186361 0.0192207 0.0197115 0.0201011 0.0203837 0.020555 0.0206124 0.020555 0.0203837 0.0201011 0.0197115 0.0192207 0.0186361 0.0179664 0.0172212 0.0164113 0.0155479 0.0146427 0.0137077 0.0127548 0.0117953 0.0108404 0.00990009 0.00898384 0.00809981 0.00725507 0.00645544 0.00570545 0.00500836 0.00436623 0.00377995 0.00324934 0.0027733 0.00234994 0.00197669 0.00165045 0.00136779 0.001125 0.000918262 0.000743758 0.000597745 0.000476639 0.000377073 0.000295937 0.000230407 0.000177955 0.000136353 0.000103665 7.82305e-05 5.86502e-05 4.376e-05 3.26092e-05 2.44383e-05 1.86572e-05 1.48276e-05 1.26475e-05 
1.60895e-05 1.70343e-05 1.99452e-05 2.50549e-05 3.27608e-05 4.36392e-05 5.84641e-05 7.82305e-05 0.000104181 0.000137833 0.000181009 0.00023586 0.000304893 0.000390981 0.000497373 0.00062769 0.000785903 0.000976293 0.0012034 0.00147194 0.00178672 0.00215249 0.00257382 0.00305497 0.00359967 0.00421097 0.00489109 0.00564118 0.00646122 0.00734983 0.0083042 0.00931999 0.0103913 0.0115105 0.0126688 0.0138556 0.0150592 0.0162668 0.0174646 0.0186384 0.0197734 0.0208549 0.0218685 0.0228002 0.023637 0.0243668 0.0249793 0.0254652 0.0258176 0.0260312 0.0261027 0.0260312 0.0258176 0.0254652 0.0249793 0.0243668 0.023637 0.0228002 0.0218685 0.0208549 0.0197734 0.0186384 0.0174646 0.0162668 0.0150592 0.0138556 0.0126688 0.0115105 0.0103913 0.00931999 0.0083042 0.00734983 0.00646122 0.00564118 0.00489109 0.00421097 0.00359967 0.00305497 0.00257382 0.00215249 0.00178672 0.00147194 0.0012034 0.000976293 0.000785903 0.00062769 0.000497373 0.000390981 0.000304893 0.00023586 0.000181009 0.000137833 0.000104181 7.82305e-05 5.84641e-05 4.36392e-05 3.27608e-05 2.50549e-05 1.99452e-05 1.70343e-05 
2.1537e-05 2.27906e-05 2.66516e-05 3.34245e-05 4.36287e-05 5.80164e-05 7.75969e-05 0.000103665 0.000137833 0.000182068 0.000238724 0.000310575 0.00040084 0.000513201 0.000651808 0.000821269 0.00102662 0.00127327 0.00156692 0.00191349 0.00231895 0.00278918 0.00332981 0.003946 0.00464226 0.00542217 0.00628823 0.00724161 0.00828197 0.00940728 0.0106137 0.0118956 0.0132451 0.0146528 0.0161072 0.0175951 0.0191019 0.0206115 0.022107 0.0235705 0.0249841 0.0263297 0.0275894 0.0287464 0.0297846 0.0306896 0.0314485 0.0320504 0.0324868 0.0327511 0.0328397 0.0327511 0.0324868 0.0320504 0.0314485 0.0306896 0.0297846 0.0287464 0.0275894 0.0263297 0.0249841 0.0235705 0.022107 0.0206115 0.0191019 0.0175951 0.0161072 0.0146528 0.0132451 0.0118956 0.0106137 0.00940728 0.00828197 0.00724161 0.00628823 0.00542217 0.00464226 0.003946 0.00332981 0.00278918 0.00231895 0.00191349 0.00156692 0.00127327 0.00102662 0.000821269 0.000651808 0.000513201 0.00040084 0.000310575 0.000238724 0.000182068 0.000137833 0.000103665 7.75969e-05 5.80164e-05 4.36287e-05 3.34245e-05 2.66516e-05 2.27906e-05 
2.8615e-05 3.0266e-05 3.53492e-05 4.42599e-05 5.7672e-05 7.65602e-05 0.00010223 0.000136353 0.000181009 0.000238724 0.000312519 0.000405939 0.000523091 0.000668655 0.00084789 0.00106661 0.00133116 0.0016483 0.00202517 0.00246909 0.00298744 0.00358743 0.00427591 0.0050591 0.00594233 0.00692978 0.00802422 0.00922672 0.0105365 0.0119506 0.0134639 0.0150689 0.0167557 0.0185123 0.0203242 0.0221749 0.0240462 0.0259184 0.0277705 0.0295807 0.0313271 0.0329875 0.0345405 0.0359654 0.0372431 0.0383561 0.0392888 0.0400283 0.0405641 0.0408887 0.0409974 0.0408887 0.0405641 0.0400283 0.0392888 0.0383561 0.0372431 0.0359654 0.0345405 0.0329875 0.0313271 0.0295807 0.0277705 0.0259184 0.0240462 0.0221749 0.0203242 0.0185123 0.0167557 0.0150689 0.0134639 0.0119506 0.0105365 0.00922672 0.00802422 0.00692978 0.00594233 0.0050591 0.00427591 0.00358743 0.00298744 0.00246909 0.00202517 0.0016483 0.00133116 0.00106661 0.00084789 0.000668655 0.000523091 0.000405939 0.000312519 0.000238724 0.000181009 0.000136353 0.00010223 7.65602e-05 5.7672e-05 4.42599e-05 3.53492e-05 3.0266e-05 
3.77235e-05 3.98809e-05 4.6521e-05 5.81527e-05 7.56435e-05 0.000100246 0.000133636 0.000177955 0.00023586 0.000310575 0.000405939 0.000526452 0.000677306 0.000864401 0.00109435 0.00137442 0.00171254 0.0021171 0.00259691 0.00316099 0.00381836 0.00457778 0.00544749 0.0064349 0.00754624 0.0087863 0.010158 0.0116623 0.0132976 0.0150599 0.0169423 0.0189351 0.0210259 0.0231993 0.0254373 0.0277197 0.0300239 0.0323257 0.0345996 0.0368192 0.0389578 0.0409889 0.0428865 0.044626 0.0461845 0.047541 0.0486772 0.0495776 0.0502297 0.0506246 0.0507569 0.0506246 0.0502297 0.0495776 0.0486772 0.047541 0.0461845 0.044626 0.0428865 0.0409889 0.0389578 0.0368192 0.0345996 0.0323257 0.0300239 0.0277197 0.0254373 0.0231993 0.0210259 0.0189351 0.0169423 0.0150599 0.0132976 0.0116623 0.010158 0.0087863 0.00754624 0.0064349 0.00544749 0.00457778 0.00381836 0.00316099 0.00259691 0.0021171 0.00171254 0.00137442 0.00109435 0.000864401 0.000677306 0.000526452 0.000405939 0.000310575 0.00023586 0.000177955 0.000133636 0.000100246 7.56435e-05 5.81527e-05 4.6521e-05 3.98809e-05 
4.93374e-05 5.21341e-05 6.07386e-05 7.58013e-05 9.84293e-05 0.00013022 0.000173306 0.000230407 0.000304893 0.00040084 0.000523091 0.000677306 0.000869994 0.00110853 0.00140115 0.0017569 0.00218552 0.0026974 0.00330329 0.0040142 0.00484103 0.00579432 0.00688387 0.0081184 0.00950511 0.0110493 0.0127541 0.01462 0.0166444 0.0188218 0.0211431 0.0235961 0.026165 0.0288306 0.0315708 0.0343606 0.0371726 0.0399774 0.0427441 0.045441 0.0480362 0.0504979 0.0527955 0.0548996 0.056783 0.0584211 0.0597923 0.0608783 0.0616646 0.0621407 0.0623001 0.0621407 0.0616646 0.0608783 0.0597923 0.0584211 0.056783 0.0548996 0.0527955 0.0504979 0.0480362 0.045441 0.0427441 0.0399774 0.0371726 0.0343606 0.0315708 0.0288306 0.026165 0.0235961 0.0211431 0.0188218 0.0166444 0.01462 0.0127541 0.0110493 0.00950511 0.0081184 0.00688387 0.00579432 0.00484103 0.0040142 0.00330329 0.0026974 0.00218552 0.0017569 0.00140115 0.00110853 0.000869994 0.000677306 0.000523091 0.00040084 0.000304893 0.000230407 0.000173306 0.00013022 9.84293e-05 7.58013e-05 6.07386e-05 5.21341e-05 
6.40129e-05 6.76092e-05 7.86699e-05 9.80192e-05 0.000127058 0.000167807 0.000222957 0.000295937 0.000390981 0.000513201 0.000668655 0.000864401 0.00110853 0.00141019 0.00177954 0.00222771 0.00276664 0.00340897 0.00416779 0.00505634 0.00608769 0.00727438 0.00862794 0.0101585 0.0118742 0.0137809 0.0158816 0.018176 0.0206606 0.0233275 0.0261653 0.0291583 0.0322867 0.035527 0.0388521 0.0422315 0.0456322 0.0490187 0.0523543 0.0556011 0.0587213 0.0616774 0.0644332 0.0669544 0.0692091 0.0711686 0.0728078 0.0741053 0.0750444 0.0756128 0.0758031 0.0756128 0.0750444 0.0741053 0.0728078 0.0711686 0.0692091 0.0669544 0.0644332 0.0616774 0.0587213 0.0556011 0.0523543 0.0490187 0.0456322 0.0422315 0.0388521 0.035527 0.0322867 0.0291583 0.0261653 0.0233275 0.0206606 0.018176 0.0158816 0.0137809 0.0118742 0.0101585 0.00862794 0.00727438 0.00608769 0.00505634 0.00416779 0.00340897 0.00276664 0.00222771 0.00177954 0.00141019 0.00110853 0.000864401 0.000668655 0.000513201 0.000390981 0.000295937 0.000222957 0.000167807 0.000127058 9.80192e-05 7.86699e-05 6.76092e-05 
8.23925e-05 8.698e-05 0.000101084 0.000125741 0.000162709 0.000214522 0.000284549 0.000377073 0.000497373 0.000651808 0.00084789 0.00109435 0.00140115 0.00177954 0.00224196 0.00280194 0.00347403 0.00427346 0.00521597 0.00631738 0.00759319 0.00905812 0.0107256 0.0126072 0.014712 0.0170462 0.0196127 0.0224101 0.025433 0.0286712 0.03211 0.0357297 0.0395059 0.0434097 0.0474083 0.0514651 0.0555403 0.0595919 0.0635763 0.067449 0.0711655 0.0746821 0.0779565 0.080949 0.0836227 0.0859444 0.0878852 0.0894206 0.0905315 0.0912036 0.0914286 0.0912036 0.0905315 0.0894206 0.0878852 0.0859444 0.0836227 0.080949 0.0779565 0.0746821 0.0711655 0.067449 0.0635763 0.0595919 0.0555403 0.0514651 0.0474083 0.0434097 0.0395059 0.0357297 0.03211 0.0286712 0.025433 0.0224101 0.0196127 0.0170462 0.014712 0.0126072 0.0107256 0.00905812 0.00759319 0.00631738 0.00521597 0.00427346 0.00347403 0.00280194 0.00224196 0.00177954 0.00140115 0.00109435 0.00084789 0.000651808 0.000497373 0.000377073 0.000284549 0.000214522 0.000162709 0.000125741 0.000101084 8.698e-05 
0.000105208 0.000111014 0.000128856 0.000160024 0.000206712 0.000272067 0.000360273 0.000476639 0.00062769 0.000821269 0.00106661 0.00137442 0.0017569 0.00222771 0.00280194 0.00349599 0.0043273 0.00531415 0.00647524 0.00782928 0.00939447 0.0111879 0.013225 0.0155188 0.0180793 0.0209128 0.0240217 0.0274031 0.0310494 0.0349473 0.0390781 0.0434173 0.0479352 0.0525967 0.0573622 0.0621881 0.0670274 0.0718305 0.0765463 0.0811228 0.0855084 0.0896526 0.0935066 0.0970249 0.100165 0.10289 0.105166 0.106966 0.108267 0.109054 0.109318 0.109054 0.108267 0.106966 0.105166 0.10289 0.100165 0.0970249 0.0935066 0.0896526 0.0855084 0.0811228 0.0765463 0.0718305 0.0670274 0.0621881 0.0573622 0.0525967 0.0479352 0.0434173 0.0390781 0.0349473 0.0310494 0.0274031 0.0240217 0.0209128 0.0180793 0.0155188 0.013225 0.0111879 0.00939447 0.00782928 0.00647524 0.00531415 0.0043273 0.00349599 0.00280194 0.00222771 0.0017569 0.00137442 0.00106661 0.000821269 0.00062769 0.000476639 0.000360273 0.000272067 0.000206712 0.000160024 0.000128856 0.000111014 
0.000133283 0.000140571 0.000162962 0.000202052 0.000260546 0.000342329 0.000452555 0.000597745 0.000785903 0.00102662 0.00133116 0.00171254 0.00218552 0.00276664 0.00347403 0.0043273 0.00534729 0.00655563 0.00797438 0.00962544 0.0115299 0.0137075 0.0161756 0.0189487 0.0220376 0.0254485 0.0291825 0.0332352 0.0375959 0.0422476 0.0471668 0.0523233 0.0576811 0.0631981 0.0688272 0.0745167 0.0802115 0.0858538 0.0913841 0.0967425 0.10187 0.106708 0.111202 0.115299 0.118953 0.12212 0.124764 0.126853 0.128363 0.129276 0.129581 0.129276 0.128363 0.126853 0.124764 0.12212 0.118953 0.115299 0.111202 0.106708 0.10187 0.0967425 0.0913841 0.0858538 0.0802115 0.0745167 0.0688272 0.0631981 0.0576811 0.0523233 0.0471668 0.0422476 0.0375959 0.0332352 0.0291825 0.0254485 0.0220376 0.0189487 0.0161756 0.0137075 0.0115299 0.00962544 0.00797438 0.00655563 0.00534729 0.0043273 0.00347403 0.00276664 0.00218552 0.00171254 0.00133116 0.00102662 0.000785903 0.000597745 0.000452555 0.000342329 0.000260546 0.000202052 0.000162962 0.000140571 
0.000167527 0.000176605 0.000204484 0.000253122 0.000325832 0.00042737 0.000564028 0.000743758 0.000976293 0.00127327 0.0016483 0.0021171 0.0026974 0.00340897 0.00427346 0.00531415 0.00655563 0.00802333 0.00974299 0.01174 0.0140386 0.0166611 0.019627 0.0229521 0.0266476 0.0307193 0.0351669 0.0399834 0.0451545 0.0506585 0.0564663 0.0625412 0.0688399 0.0753123 0.0819027 0.0885508 0.0951923 0.101761 0.108187 0.114404 0.120343 0.125939 0.13113 0.135857 0.140068 0.143714 0.146756 0.149158 0.150893 0.151942 0.152293 0.151942 0.150893 0.149158 0.146756 0.143714 0.140068 0.135857 0.13113 0.125939 0.120343 0.114404 0.108187 0.101761 0.0951923 0.0885508 0.0819027 0.0753123 0.0688399 0.0625412 0.0564663 0.0506585 0.0451545 0.0399834 0.0351669 0.0307193 0.0266476 0.0229521 0.019627 0.0166611 0.0140386 0.01174 0.00974299 0.00802333 0.00655563 0.00531415 0.00427346 0.00340897 0.0026974 0.0021171 0.0016483 0.00127327 0.000976293 0.000743758 0.000564028 0.00042737 0.000325832 0.000253122 0.000204484 0.000176605 
0.000208931 0.00022015 0.000254592 0.000314638 0.000404317 0.000529399 0.000697509 0.000918262 0.0012034 0.00156692 0.00202517 0.00259691 0.00330329 0.00416779 0.00521597 0.00647524 0.00797438 0.00974299 0.0118108 0.014207 0.016959 0.020092 0.0236273 0.027582 0.0319673 0.036788 0.0420419 0.0477186 0.0537994 0.0602571 0.067056 0.0741519 0.081493 0.0890204 0.0966691 0.104369 0.112046 0.119624 0.127024 0.134171 0.140988 0.147401 0.153341 0.158744 0.163551 0.167711 0.171177 0.173912 0.175887 0.177081 0.17748 0.177081 0.175887 0.173912 0.171177 0.167711 0.163551 0.158744 0.153341 0.147401 0.140988 0.134171 0.127024 0.119624 0.112046 0.104369 0.0966691 0.0890204 0.081493 0.0741519 0.067056 0.0602571 0.0537994 0.0477186 0.0420419 0.036788 0.0319673 0.027582 0.0236273 0.020092 0.016959 0.014207 0.0118108 0.00974299 0.00797438 0.00647524 0.00521597 0.00416779 0.00330329 0.00259691 0.00202517 0.00156692 0.0012034 0.000918262 0.000697509 0.000529399 0.000404317 0.000314638 0.000254592 0.00022015 
0.000258557 0.000272314 0.000314536 0.000388094 0.000497847 0.000650743 0.000855949 0.001125 0.00147194 0.00191349 0.00246909 0.00316099 0.0040142 0.00505634 0.00631738 0.00782928 0.00962544 0.01174 0.014207 0.0170595 0.0203284 0.0240415 0.0282221 0.0328878 0.0380497 0.0437112 0.049867 0.0565028 0.0635944 0.0711082 0.0790008 0.0872194 0.0957029 0.104382 0.113183 0.122023 0.130819 0.139484 0.147931 0.156073 0.163826 0.171108 0.177844 0.183962 0.1894 0.194099 0.198012 0.201097 0.203324 0.20467 0.20512 0.20467 0.203324 0.201097 0.198012 0.194099 0.1894 0.183962 0.177844 0.171108 0.163826 0.156073 0.147931 0.139484 0.130819 0.122023 0.113183 0.104382 0.0957029 0.0872194 0.0790008 0.0711082 0.0635944 0.0565028 0.049867 0.0437112 0.0380497 0.0328878 0.0282221 0.0240415 0.0203284 0.0170595 0.014207 0.01174 0.00962544 0.00782928 0.00631738 0.00505634 0.0040142 0.00316099 0.00246909 0.00191349 0.00147194 0.001125 0.000855949 0.000650743 0.000497847 0.000388094 0.000314536 0.000272314 
0.000317517 0.000334258 0.000385621 0.000475044 0.000608339 0.000793807 0.00104238 0.00136779 0.00178672 0.00231895 0.00298744 0.00381836 0.00484103 0.00608769 0.00759319 0.00939447 0.0115299 0.0140386 0.016959 0.0203284 0.0241811 0.0285474 0.0334521 0.0389134 0.0449413 0.0515371 0.0586919 0.0663862 0.0745896 0.0832607 0.0923474 0.101787 0.111509 0.121432 0.131471 0.141534 0.151524 0.161346 0.170902 0.180096 0.188834 0.197029 0.204597 0.211463 0.217556 0.222816 0.227193 0.230641 0.233129 0.234631 0.235133 0.234631 0.233129 0.230641 0.227193 0.222816 0.217556 0.211463 0.204597 0.197029 0.188834 0.180096 0.170902 0.161346 0.151524 0.141534 0.131471 0.121432 0.111509 0.101787 0.0923474 0.0832607 0.0745896 0.0663862 0.0586919 0.0515371 0.0449413 0.0389134 0.0334521 0.0285474 0.0241811 0.0203284 0.016959 0.0140386 0.0115299 0.00939447 0.00759319 0.00608769 0.00484103 0.00381836 0.00298744 0.00231895 0.00178672 0.00136779 0.00104238 0.000793807 0.000608339 0.000475044 0.000385621 0.000334258 
0.000386959 0.000407177 0.000469186 0.000577072 0.000737734 0.000961013 0.00125985 0.00165045 0.00215249 0.00278918 0.00358743 0.00457778 0.00579432 0.00727438 0.00905812 0.0111879 0.0137075 0.0166611 0.020092 0.0240415 0.0285474 0.0336422 0.039352 0.0456949 0.0526793 0.0603034 0.0685536 0.0774045 0.0868181 0.0967442 0.107121 0.117875 0.128923 0.140175 0.151531 0.162887 0.174139 0.185176 0.195892 0.206182 0.215945 0.225084 0.233511 0.241144 0.24791 0.253745 0.258594 0.262413 0.265165 0.266827 0.267382 0.266827 0.265165 0.262413 0.258594 0.253745 0.24791 0.241144 0.233511 0.225084 0.215945 0.206182 0.195892 0.185176 0.174139 0.162887 0.151531 0.140175 0.128923 0.117875 0.107121 0.0967442 0.0868181 0.0774045 0.0685536 0.0603034 0.0526793 0.0456949 0.039352 0.0336422 0.0285474 0.0240415 0.020092 0.0166611 0.0137075 0.0111879 0.00905812 0.00727438 0.00579432 0.00457778 0.00358743 0.00278918 0.00215249 0.00165045 0.00125985 0.000961013 0.000737734 0.000577072 0.000469186 0.000407177 
0.000468031 0.000492266 0.000566567 0.000695753 0.000887952 0.00115474 0.00151132 0.00197669 0.00257382 0.00332981 0.00427591 0.00544749 0.00688387 0.00862794 0.0107256 0.013225 0.0161756 0.019627 0.0236273 0.0282221 0.0334521 0.039352 0.0459487 0.0532592 0.0612898 0.0700345 0.0794742 0.0895761 0.100294 0.111567 0.123322 0.135475 0.14793 0.160582 0.173322 0.186033 0.198597 0.210895 0.222809 0.234227 0.245038 0.255141 0.264441 0.272852 0.280298 0.286711 0.292036 0.296225 0.299243 0.301064 0.301672 0.301064 0.299243 0.296225 0.292036 0.286711 0.280298 0.272852 0.264441 0.255141 0.245038 0.234227 0.222809 0.210895 0.198597 0.186033 0.173322 0.160582 0.14793 0.135475 0.123322 0.111567 0.100294 0.0895761 0.0794742 0.0700345 0.0612898 0.0532592 0.0459487 0.039352 0.0334521 0.0282221 0.0236273 0.019627 0.0161756 0.013225 0.0107256 0.00862794 0.00688387 0.00544749 0.00427591 0.00332981 0.00257382 0.00197669 0.00151132 0.00115474 0.000887952 0.000695753 0.000566567 0.000492266 
0.000561857 0.000590691 0.000679061 0.000832605 0.00106083 0.00137725 0.00179959 0.00234994 0.00305497 0.003946 0.0050591 0.0064349 0.0081184 0.0101585 0.0126072 0.0155188 0.0189487 0.0229521 0.027582 0.0328878 0.0389134 0.0456949 0.0532592 0.0616219 0.0707859 0.0807402 0.0914588 0.1029 0.115009 0.127712 0.140925 0.15455 0.168479 0.182593 0.19677 0.21088 0.224794 0.238382 0.251518 0.264078 0.275949 0.28702 0.297194 0.30638 0.314501 0.321486 0.32728 0.331834 0.335113 0.337091 0.337752 0.337091 0.335113 0.331834 0.32728 0.321486 0.314501 0.30638 0.297194 0.28702 0.275949 0.264078 0.251518 0.238382 0.224794 0.21088 0.19677 0.182593 0.168479 0.15455 0.140925 0.127712 0.115009 0.1029 0.0914588 0.0807402 0.0707859 0.0616219 0.0532592 0.0456949 0.0389134 0.0328878 0.027582 0.0229521 0.0189487 0.0155188 0.0126072 0.0101585 0.0081184 0.0064349 0.0050591 0.003946 0.00305497 0.00234994 0.00179959 0.00137725 0.00106083 0.000832605 0.000679061 0.000590691 
0.000669492 0.000703545 0.000807876 0.000989037 0.00125806 0.00163061 0.00212719 0.0027733 0.00359967 0.00464226 0.00594233 0.00754624 0.00950511 0.0118742 0.014712 0.0180793 0.0220376 0.0266476 0.0319673 0.0380497 0.0449413 0.0526793 0.0612898 0.0707859 0.0811663 0.0924135 0.104494 0.117355 0.130932 0.145138 0.159876 0.175034 0.19049 0.206111 0.221762 0.2373 0.252584 0.267475 0.281837 0.29554 0.308463 0.320492 0.331526 0.341472 0.350251 0.357793 0.364041 0.368949 0.372479 0.374608 0.375319 0.374608 0.372479 0.368949 0.364041 0.357793 0.350251 0.341472 0.331526 0.320492 0.308463 0.29554 0.281837 0.267475 0.252584 0.2373 0.221762 0.206111 0.19049 0.175034 0.159876 0.145138 0.130932 0.117355 0.104494 0.0924135 0.0811663 0.0707859 0.0612898 0.0526793 0.0449413 0.0380497 0.0319673 0.0266476 0.0220376 0.0180793 0.014712 0.0118742 0.00950511 0.00754624 0.00594233 0.00464226 0.00359967 0.0027733 0.00212719 0.00163061 0.00125806 0.000989037 0.000807876 0.000703545 
0.000791882 0.000831807 0.00095409 0.00116629 0.0014811 0.00191657 0.00249624 0.00324934 0.00421097 0.00542217 0.00692978 0.0087863 0.0110493 0.0137809 0.0170462 0.0209128 0.0254485 0.0307193 0.036788 0.0437112 0.0515371 0.0603034 0.0700345 0.0807402 0.0924135 0.105029 0.118545 0.132898 0.148007 0.163777 0.180093 0.19683 0.213849 0.231006 0.24815 0.265126 0.281783 0.297971 0.313547 0.328374 0.342326 0.355286 0.367152 0.377829 0.387238 0.395311 0.40199 0.407232 0.410999 0.41327 0.414028 0.41327 0.410999 0.407232 0.40199 0.395311 0.387238 0.377829 0.367152 0.355286 0.342326 0.328374 0.313547 0.297971 0.281783 0.265126 0.24815 0.231006 0.213849 0.19683 0.180093 0.163777 0.148007 0.132898 0.118545 0.105029 0.0924135 0.0807402 0.0700345 0.0603034 0.0515371 0.0437112 0.036788 0.0307193 0.0254485 0.0209128 0.0170462 0.0137809 0.0110493 0.0087863 0.00692978 0.00542217 0.00421097 0.00324934 0.00249624 0.00191657 0.0014811 0.00116629 0.00095409 0.000831807 
0.000929822 0.000976297 0.00111859 0.00136536 0.00173114 0.00223653 0.00290837 0.00377995 0.00489109 0.00628823 0.00802422 0.010158 0.0127541 0.0158816 0.0196127 0.0240217 0.0291825 0.0351669 0.0420419 0.049867 0.0586919 0.0685536 0.0794742 0.0914588 0.104494 0.118545 0.133559 0.149461 0.166157 0.183535 0.201467 0.21981 0.238413 0.257115 0.275752 0.294159 0.312171 0.329632 0.346391 0.362305 0.377247 0.391097 0.403751 0.415117 0.425117 0.433684 0.440763 0.446313 0.450299 0.4527 0.453502 0.4527 0.450299 0.446313 0.440763 0.433684 0.425117 0.415117 0.403751 0.391097 0.377247 0.362305 0.346391 0.329632 0.312171 0.294159 0.275752 0.257115 0.238413 0.21981 0.201467 0.183535 0.166157 0.149461 0.133559 0.118545 0.104494 0.0914588 0.0794742 0.0685536 0.0586919 0.049867 0.0420419 0.0351669 0.0291825 0.0240217 0.0196127 0.0158816 0.0127541 0.010158 0.00802422 0.00628823 0.00489109 0.00377995 0.00290837 0.00223653 0.00173114 0.00136536 0.00111859 0.000976297 
0.00108391 0.00113762 0.00130204 0.00158698 0.00200897 0.00259138 0.0033646 0.00436623 0.00564118 0.00724161 0.00922672 0.0116623 0.01462 0.018176 0.0224101 0.0274031 0.0332352 0.0399834 0.0477186 0.0565028 0.0663862 0.0774045 0.0895761 0.1029 0.117355 0.132898 0.149461 0.166957 0.185277 0.204293 0.22386 0.243822 0.264009 0.284248 0.304359 0.324168 0.3435 0.362191 0.380083 0.397032 0.412907 0.42759 0.440976 0.452977 0.463516 0.472532 0.479973 0.485799 0.489981 0.492498 0.493338 0.492498 0.489981 0.485799 0.479973 0.472532 0.463516 0.452977 0.440976 0.42759 0.412907 0.397032 0.380083 0.362191 0.3435 0.324168 0.304359 0.284248 0.264009 0.243822 0.22386 0.204293 0.185277 0.166957 0.149461 0.132898 0.117355 0.1029 0.0895761 0.0774045 0.0663862 0.0565028 0.0477186 0.0399834 0.0332352 0.0274031 0.0224101 0.018176 0.01462 0.0116623 0.00922672 0.00724161 0.00564118 0.00436623 0.0033646 0.00259138 0.00200897 0.00158698 0.00130204 0.00113762 
0.00125449 0.00131613 0.00150477 0.0018315 0.00231496 0.00298146 0.0038652 0.00500836 0.00646122 0.00828197 0.0105365 0.0132976 0.0166444 0.0206606 0.025433 0.0310494 0.0375959 0.0451545 0.0537994 0.0635944 0.0745896 0.0868181 0.100294 0.115009 0.130932 0.148007 0.166157 0.185277 0.205242 0.225909 0.247115 0.268687 0.29044 0.312187 0.333736 0.3549 0.375497 0.395357 0.414317 0.432232 0.448969 0.464413 0.478463 0.491033 0.502052 0.511463 0.519219 0.525286 0.529636 0.532254 0.533127 0.532254 0.529636 0.525286 0.519219 0.511463 0.502052 0.491033 0.478463 0.464413 0.448969 0.432232 0.414317 0.395357 0.375497 0.3549 0.333736 0.312187 0.29044 0.268687 0.247115 0.225909 0.205242 0.185277 0.166157 0.148007 0.130932 0.115009 0.100294 0.0868181 0.0745896 0.0635944 0.0537994 0.0451545 0.0375959 0.0310494 0.025433 0.0206606 0.0166444 0.0132976 0.0105365 0.00828197 0.00646122 0.00500836 0.0038652 0.00298146 0.00231496 0.0018315 0.00150477 0.00131613 
0.00144161 0.00151188 0.00172682 0.00209888 0.00264894 0.00340646 0.00440961 0.00570545 0.00734983 0.00940728 0.0119506 0.0150599 0.0188218 0.0233275 0.0286712 0.0349473 0.0422476 0.0506585 0.0602571 0.0711082 0.0832607 0.0967442 0.111567 0.127712 0.145138 0.163777 0.183535 0.204293 0.225909 0.24822 0.27105 0.294206 0.317489 0.340697 0.363628 0.386083 0.407875 0.428825 0.448773 0.46757 0.485086 0.501209 0.515843 0.528908 0.540339 0.550084 0.558105 0.564371 0.568861 0.57156 0.57246 0.57156 0.568861 0.564371 0.558105 0.550084 0.540339 0.528908 0.515843 0.501209 0.485086 0.46757 0.448773 0.428825 0.407875 0.386083 0.363628 0.340697 0.317489 0.294206 0.27105 0.24822 0.225909 0.204293 0.183535 0.163777 0.145138 0.127712 0.111567 0.0967442 0.0832607 0.0711082 0.0602571 0.0506585 0.0422476 0.0349473 0.0286712 0.0233275 0.0188218 0.0150599 0.0119506 0.00940728 0.00734983 0.00570545 0.00440961 0.00340646 0.00264894 0.00209888 0.00172682 0.00151188 
0.00164502 0.00172456 0.00196779 0.00238859 0.00301019 0.00386533 0.00499639 0.00645544 0.0083042 0.0106137 0.0134639 0.0169423 0.0211431 0.0261653 0.03211 0.0390781 0.0471668 0.0564663 0.067056 0.0790008 0.0923474 0.107121 0.123322 0.140925 0.159876 0.180093 0.201467 0.22386 0.247115 0.27105 0.29547 0.320166 0.344926 0.369531 0.39377 0.417436 0.440335 0.462287 0.483127 0.50271 0.520911 0.537621 0.552751 0.566229 0.577998 0.588014 0.596244 0.602666 0.607262 0.610024 0.610945 0.610024 0.607262 0.602666 0.596244 0.588014 0.577998 0.566229 0.552751 0.537621 0.520911 0.50271 0.483127 0.462287 0.440335 0.417436 0.39377 0.369531 0.344926 0.320166 0.29547 0.27105 0.247115 0.22386 0.201467 0.180093 0.159876 0.140925 0.123322 0.107121 0.0923474 0.0790008 0.067056 0.0564663 0.0471668 0.0390781 0.03211 0.0261653 0.0211431 0.0169423 0.0134639 0.0106137 0.0083042 0.00645544 0.00499639 0.00386533 0.00301019 0.00238859 0.00196779 0.00172456 
0.00186406 0.00195349 0.00222689 0.00269961 0.00339735 0.00435626 0.00562307 0.00725507 0.00931999 0.0118956 0.0150689 0.0189351 0.0235961 0.0291583 0.0357297 0.0434173 0.0523233 0.0625412 0.0741519 0.0872194 0.101787 0.117875 0.135475 0.15455 0.175034 0.19683 0.21981 0.243822 0.268687 0.294206 0.320166 0.346344 0.372509 0.398433 0.423893 0.448676 0.472583 0.495432 0.51706 0.537326 0.556108 0.573306 0.58884 0.602645 0.614673 0.624891 0.633274 0.639806 0.644477 0.647281 0.648216 0.647281 0.644477 0.639806 0.633274 0.624891 0.614673 0.602645 0.58884 0.573306 0.556108 0.537326 0.51706 0.495432 0.472583 0.448676 0.423893 0.398433 0.372509 0.346344 0.320166 0.294206 0.268687 0.243822 0.21981 0.19683 0.175034 0.15455 0.135475 0.117875 0.101787 0.0872194 0.0741519 0.0625412 0.0523233 0.0434173 0.0357297 0.0291583 0.0235961 0.0189351 0.0150689 0.0118956 0.00931999 0.00725507 0.00562307 0.00435626 0.00339735 0.00269961 0.00222689 0.00195349 
0.00209771 0.00219759 0.00250285 0.00303038 0.00380842 0.00487663 0.00628622 0.00809981 0.0103913 0.0132451 0.0167557 0.0210259 0.026165 0.0322867 0.0395059 0.0479352 0.0576811 0.0688399 0.081493 0.0957029 0.111509 0.128923 0.14793 0.168479 0.19049 0.213849 0.238413 0.264009 0.29044 0.317489 0.344926 0.372509 0.399996 0.427146 0.453728 0.479523 0.504329 0.527964 0.550269 0.571106 0.590362 0.607946 0.623786 0.63783 0.650039 0.66039 0.668867 0.675464 0.680176 0.683003 0.683945 0.683003 0.680176 0.675464 0.668867 0.66039 0.650039 0.63783 0.623786 0.607946 0.590362 0.571106 0.550269 0.527964 0.504329 0.479523 0.453728 0.427146 0.399996 0.372509 0.344926 0.317489 0.29044 0.264009 0.238413 0.213849 0.19049 0.168479 0.14793 0.128923 0.111509 0.0957029 0.081493 0.0688399 0.0576811 0.0479352 0.0395059 0.0322867 0.026165 0.0210259 0.0167557 0.0132451 0.0103913 0.00809981 0.00628622 0.00487663 0.00380842 0.00303038 0.00250285 0.00219759 
0.00234452 0.00245534 0.00279395 0.00337879 0.00424072 0.00542299 0.00698134 0.00898384 0.0115105 0.0146528 0.0185123 0.0231993 0.0288306 0.035527 0.0434097 0.0525967 0.0631981 0.0753123 0.0890204 0.104382 0.121432 0.140175 0.160582 0.182593 0.206111 0.231006 0.257115 0.284248 0.312187 0.340697 0.369531 0.398433 0.427146 0.45542 0.483015 0.509709 0.535299 0.559603 0.582469 0.603764 0.623386 0.641252 0.657302 0.671496 0.683808 0.694223 0.702739 0.709355 0.714076 0.716906 0.717849 0.716906 0.714076 0.709355 0.702739 0.694223 0.683808 0.671496 0.657302 0.641252 0.623386 0.603764 0.582469 0.559603 0.535299 0.509709 0.483015 0.45542 0.427146 0.398433 0.369531 0.340697 0.312187 0.284248 0.257115 0.231006 0.206111 0.182593 0.160582 0.140175 0.121432 0.104382 0.0890204 0.0753123 0.0631981 0.0525967 0.0434097 0.035527 0.0288306 0.0231993 0.0185123 0.0146528 0.0115105 0.00898384 0.00698134 0.00542299 0.00424072 0.00337879 0.00279395 0.00245534 
0.00260265 0.00272481 0.00309797 0.00374218 0.0046909 0.00599104 0.00770293 0.00990009 0.0126688 0.0161072 0.0203242 0.0254373 0.0315708 0.0388521 0.0474083 0.0573622 0.0688272 0.0819027 0.0966691 0.113183 0.131471 0.151531 0.173322 0.19677 0.221762 0.24815 0.275752 0.304359 0.333736 0.363628 0.39377 0.423893 0.453728 0.483015 0.51151 0.538985 0.565239 0.590095 0.613405 0.635046 0.654925 0.672971 0.689138 0.703398 0.715736 0.726152 0.734652 0.741245 0.745945 0.74876 0.749697 0.74876 0.745945 0.741245 0.734652 0.726152 0.715736 0.703398 0.689138 0.672971 0.654925 0.635046 0.613405 0.590095 0.565239 0.538985 0.51151 0.483015 0.453728 0.423893 0.39377 0.363628 0.333736 0.304359 0.275752 0.24815 0.221762 0.19677 0.173322 0.151531 0.131471 0.113183 0.0966691 0.0819027 0.0688272 0.0573622 0.0474083 0.0388521 0.0315708 0.0254373 0.0203242 0.0161072 0.0126688 0.00990009 0.00770293 0.00599104 0.0046909 0.00374218 0.00309797 0.00272481 
0.00286984 0.00300364 0.00341225 0.00411733 0.00515497 0.00657574 0.00844455 0.0108404 0.0138556 0.0175951 0.0221749 0.0277197 0.0343606 0.0422315 0.0514651 0.0621881 0.0745167 0.0885508 0.104369 0.122023 0.141534 0.162887 0.186033 0.21088 0.2373 0.265126 0.294159 0.324168 0.3549 0.386083 0.417436 0.448676 0.479523 0.509709 0.538985 0.567123 0.593924 0.619214 0.642854 0.664732 0.684764 0.702895 0.719091 0.733336 0.745631 0.755987 0.764421 0.770953 0.775603 0.778385 0.779312 0.778385 0.775603 0.770953 0.764421 0.755987 0.745631 0.733336 0.719091 0.702895 0.684764 0.664732 0.642854 0.619214 0.593924 0.567123 0.538985 0.509709 0.479523 0.448676 0.417436 0.386083 0.3549 0.324168 0.294159 0.265126 0.2373 0.21088 0.186033 0.162887 0.141534 0.122023 0.104369 0.0885508 0.0745167 0.0621881 0.0514651 0.0422315 0.0343606 0.0277197 0.0221749 0.0175951 0.0138556 0.0108404 0.00844455 0.00657574 0.00515497 0.00411733 0.00341225 0.00300364 
0.00314346 0.00328908 0.00373369 0.00450054 0.00562835 0.00717131 0.00919886 0.0117953 0.0150592 0.0191019 0.0240462 0.0300239 0.0371726 0.0456322 0.0555403 0.0670274 0.0802115 0.0951923 0.112046 0.130819 0.151524 0.174139 0.198597 0.224794 0.252584 0.281783 0.312171 0.3435 0.375497 0.407875 0.440335 0.472583 0.504329 0.535299 0.565239 0.593924 0.621155 0.646768 0.67063 0.692641 0.712732 0.730858 0.747001 0.76116 0.773348 0.78359 0.791915 0.798351 0.802926 0.805662 0.806572 0.805662 0.802926 0.798351 0.791915 0.78359 0.773348 0.76116 0.747001 0.730858 0.712732 0.692641 0.67063 0.646768 0.621155 0.593924 0.565239 0.535299 0.504329 0.472583 0.440335 0.407875 0.375497 0.3435 0.312171 0.281783 0.252584 0.224794 0.198597 0.174139 0.151524 0.130819 0.112046 0.0951923 0.0802115 0.0670274 0.0555403 0.0456322 0.0371726 0.0300239 0.0240462 0.0191019 0.0150592 0.0117953 0.00919886 0.00717131 0.00562835 0.00450054 0.00373369 0.00328908 
0.00342052 0.00357802 0.00405879 0.00488765 0.00610592 0.00777132 0.00995775 0.0127548 0.0162668 0.0206115 0.0259184 0.0323257 0.0399774 0.0490187 0.0595919 0.0718305 0.0858538 0.101761 0.119624 0.139484 0.161346 0.185176 0.210895 0.238382 0.267475 0.297971 0.329632 0.362191 0.395357 0.428825 0.462287 0.495432 0.527964 0.559603 0.590095 0.619214 0.646768 0.672598 0.696584 0.718636 0.738697 0.75674 0.772759 0.786768 0.798796 0.808878 0.817054 0.823365 0.827845 0.830522 0.831412 0.830522 0.827845 0.823365 0.817054 0.808878 0.798796 0.786768 0.772759 0.75674 0.738697 0.718636 0.696584 0.672598 0.646768 0.619214 0.590095 0.559603 0.527964 0.495432 0.462287 0.428825 0.395357 0.362191 0.329632 0.297971 0.267475 0.238382 0.210895 0.185176 0.161346 0.139484 0.119624 0.101761 0.0858538 0.0718305 0.0595919 0.0490187 0.0399774 0.0323257 0.0259184 0.0206115 0.0162668 0.0127548 0.00995775 0.00777132 0.00610592 0.00488765 0.00405879 0.00357802 
0.00369775 0.00386705 0.00438373 0.00527414 0.00658211 0.00836882 0.0107125 0.0137077 0.0174646 0.022107 0.0277705 0.0345996 0.0427441 0.0523543 0.0635763 0.0765463 0.0913841 0.108187 0.127024 0.147931 0.170902 0.195892 0.222809 0.251518 0.281837 0.313547 0.346391 0.380083 0.414317 0.448773 0.483127 0.51706 0.550269 0.582469 0.613405 0.642854 0.67063 0.696584 0.720604 0.742614 0.762571 0.780463 0.796298 0.810105 0.821926 0.831811 0.839809 0.845972 0.85034 0.852947 0.853814 0.852947 0.85034 0.845972 0.839809 0.831811 0.821926 0.810105 0.796298 0.780463 0.762571 0.742614 0.720604 0.696584 0.67063 0.642854 0.613405 0.582469 0.550269 0.51706 0.483127 0.448773 0.414317 0.380083 0.346391 0.313547 0.281837 0.251518 0.222809 0.195892 0.170902 0.147931 0.127024 0.108187 0.0913841 0.0765463 0.0635763 0.0523543 0.0427441 0.0345996 0.0277705 0.022107 0.0174646 0.0137077 0.0107125 0.00836882 0.00658211 0.00527414 0.00438373 0.00386705 
