4.73662e-05 4.90256e-05 5.40751e-05 6.27303e-05 7.5352e-05 9.245e-05 0.000114686 0.000142878 0.000178003 0.000221199 0.000273769 0.000337172 0.000413022 0.000503079 0.000609228 0.000733464 0.000877859 0.00104453 0.0012356 0.00145316 0.00169917 0.00197546 0.00228365 0.00262504 0.00300061 0.00341091 0.003856 0.00433542 0.0048481 0.00539236 0.00596587 0.00656561 0.00718792 0.00782847 0.00848233 0.00914402 0.00980753 0.0104665 0.0111142 0.0117437 0.012348 0.0129202 0.0134535 0.0139413 0.0143777 0.014757 0.0150744 0.0153257 0.0155076 0.0156178 0.0156547 0.0156178 0.0155076 0.0153257 0.0150744 0.014757 0.0143777 0.0139413 0.0134535 0.0129202 0.012348 0.0117437 0.0111142 0.0104665 0.00980753 0.00914402 0.00848233 0.00782847 0.00718792 0.00656561 0.00596587 0.00539236 0.0048481 0.00433542 0.003856 0.00341091 0.00300061 0.00262504 0.00228365 0.00197546 0.00169917 0.00145316 0.0012356 0.00104453 0.000877859 0.000733464 0.000609228 0.000503079 0.000413022 0.000337172 0.000273769 0.000221199 0.000178003 0.000142878 0.000114686 9.245e-05 7.5352e-05 6.27303e-05 5.40751e-05 4.90256e-05 
4.90256e-05 5.07396e-05 5.59553e-05 6.48944e-05 7.79284e-05 9.55819e-05 0.000118536 0.000147631 0.000183873 0.000228432 0.000282645 0.000348012 0.000426191 0.000518986 0.000628332 0.000756273 0.000904932 0.00107648 0.00127308 0.00149687 0.00174986 0.00203391 0.00235067 0.00270146 0.00308727 0.00350864 0.00396562 0.00445772 0.00498384 0.00554224 0.0061305 0.00674554 0.00738357 0.00804018 0.00871029 0.00938829 0.010068 0.010743 0.0114063 0.0120509 0.0126696 0.0132554 0.0138012 0.0143005 0.014747 0.0151352 0.01546 0.0157171 0.0159033 0.0160159 0.0160537 0.0160159 0.0159033 0.0157171 0.01546 0.0151352 0.014747 0.0143005 0.0138012 0.0132554 0.0126696 0.0120509 0.0114063 0.010743 0.010068 0.00938829 0.00871029 0.00804018 0.00738357 0.00674554 0.0061305 0.00554224 0.00498384 0.00445772 0.00396562 0.00350864 0.00308727 0.00270146 0.00235067 0.00203391 0.00174986 0.00149687 0.00127308 0.00107648 0.000904932 0.000756273 0.000628332 0.000518986 0.000426191 0.000348012 0.000282645 0.000228432 0.000183873 0.000147631 0.000118536 9.55819e-05 7.79284e-05 6.48944e-05 5.59553e-05 5.07396e-05 
5.40751e-05 5.59553e-05 6.16758e-05 7.14776e-05 8.57642e-05 0.000105105 0.000130239 0.000162079 0.000201713 0.000250407 0.000309608 0.000380936 0.000466178 0.000567278 0.000686316 0.000825489 0.00098707 0.00117338 0.00138674 0.00162941 0.00190353 0.00221108 0.00255377 0.00293301 0.00334979 0.00380465 0.00429761 0.00482807 0.00539482 0.00599593 0.00662878 0.00729001 0.00797556 0.00868064 0.00939982 0.0101271 0.0108558 0.0115791 0.0122895 0.0129797 0.0136418 0.0142685 0.0148522 0.015386 0.0158633 0.0162781 0.0166251 0.0168998 0.0170986 0.0172189 0.0172592 0.0172189 0.0170986 0.0168998 0.0166251 0.0162781 0.0158633 0.015386 0.0148522 0.0142685 0.0136418 0.0129797 0.0122895 0.0115791 0.0108558 0.0101271 0.00939982 0.00868064 0.00797556 0.00729001 0.00662878 0.00599593 0.00539482 0.00482807 0.00429761 0.00380465 0.00334979 0.00293301 0.00255377 0.00221108 0.00190353 0.00162941 0.00138674 0.00117338 0.00098707 0.000825489 0.000686316 0.000567278 0.000466178 0.000380936 0.000309608 0.000250407 0.000201713 0.000162079 0.000130239 0.000105105 8.57642e-05 7.14776e-05 6.16758e-05 5.59553e-05 
6.27303e-05 6.48944e-05 7.14776e-05 8.27533e-05 9.91799e-05 0.000121403 0.00015026 0.000186783 0.000232204 0.000287953 0.000355658 0.000437144 0.000534418 0.00064966 0.000785198 0.000943479 0.00112704 0.00133845 0.00158028 0.00185502 0.00216502 0.00251244 0.00289912 0.00332657 0.00379583 0.00430743 0.00486129 0.00545669 0.00609216 0.00676551 0.00747373 0.00821303 0.00897882 0.00976575 0.0105677 0.0113781 0.0121895 0.0129942 0.0137842 0.014551 0.0152863 0.0159818 0.0166294 0.0172213 0.0177504 0.01821 0.0185944 0.0188986 0.0191188 0.019252 0.0192966 0.019252 0.0191188 0.0188986 0.0185944 0.01821 0.0177504 0.0172213 0.0166294 0.0159818 0.0152863 0.014551 0.0137842 0.0129942 0.0121895 0.0113781 0.0105677 0.00976575 0.00897882 0.00821303 0.00747373 0.00676551 0.00609216 0.00545669 0.00486129 0.00430743 0.00379583 0.00332657 0.00289912 0.00251244 0.00216502 0.00185502 0.00158028 0.00133845 0.00112704 0.000943479 0.000785198 0.00064966 0.000534418 0.000437144 0.000355658 0.000287953 0.000232204 0.000186783 0.00015026 0.000121403 9.91799e-05 8.27533e-05 7.14776e-05 6.48944e-05 
7.5352e-05 7.79284e-05 8.57642e-05 9.91799e-05 0.000118712 0.000145116 0.000179372 0.000222685 0.00027649 0.000342452 0.000422465 0.000518642 0.000633309 0.000768979 0.000928333 0.00111418 0.00132943 0.00157701 0.00185983 0.00218071 0.00254231 0.00294702 0.00339689 0.00389354 0.00443808 0.00503101 0.00567212 0.00636047 0.00709428 0.00787092 0.00868685 0.00953764 0.010418 0.0113217 0.0122418 0.0131706 0.0140997 0.0150204 0.0159234 0.0167994 0.0176388 0.0184322 0.0191705 0.019845 0.0204476 0.0209708 0.0214083 0.0217544 0.0220049 0.0221565 0.0222072 0.0221565 0.0220049 0.0217544 0.0214083 0.0209708 0.0204476 0.019845 0.0191705 0.0184322 0.0176388 0.0167994 0.0159234 0.0150204 0.0140997 0.0131706 0.0122418 0.0113217 0.010418 0.00953764 0.00868685 0.00787092 0.00709428 0.00636047 0.00567212 0.00503101 0.00443808 0.00389354 0.00339689 0.00294702 0.00254231 0.00218071 0.00185983 0.00157701 0.00132943 0.00111418 0.000928333 0.000768979 0.000633309 0.000518642 0.000422465 0.000342452 0.00027649 0.000222685 0.000179372 0.000145116 0.000118712 9.91799e-05 8.57642e-05 7.79284e-05 
9.245e-05 9.55819e-05 0.000105105 0.000121403 0.000145116 0.000177148 0.000218665 0.000271105 0.000336172 0.000415846 0.000512369 0.00062824 0.000766202 0.000929212 0.00112042 0.0013431 0.00160065 0.00189647 0.00223394 0.00261628 0.00304653 0.00352741 0.00406122 0.00464973 0.00529411 0.0059948 0.00675144 0.00756276 0.00842657 0.00933965 0.0102978 0.0112956 0.0123269 0.0133844 0.0144599 0.0155445 0.0166284 0.0177014 0.018753 0.0197721 0.020748 0.0216698 0.0225269 0.0233096 0.0240084 0.024615 0.0251219 0.0255229 0.025813 0.0259885 0.0260473 0.0259885 0.025813 0.0255229 0.0251219 0.024615 0.0240084 0.0233096 0.0225269 0.0216698 0.020748 0.0197721 0.018753 0.0177014 0.0166284 0.0155445 0.0144599 0.0133844 0.0123269 0.0112956 0.0102978 0.00933965 0.00842657 0.00756276 0.00675144 0.0059948 0.00529411 0.00464973 0.00406122 0.00352741 0.00304653 0.00261628 0.00223394 0.00189647 0.00160065 0.0013431 0.00112042 0.000929212 0.000766202 0.00062824 0.000512369 0.000415846 0.000336172 0.000271105 0.000218665 0.000177148 0.000145116 0.000121403 0.000105105 9.55819e-05 
0.000114686 0.000118536 0.000130239 0.00015026 0.000179372 0.000218665 0.000269548 0.000333749 0.00041332 0.000510636 0.000628383 0.000769548 0.000937402 0.00113546 0.00136746 0.00163728 0.0019489 0.00230633 0.0027135 0.00317417 0.00369184 0.0042696 0.00491005 0.00561516 0.00638615 0.00722337 0.00812621 0.00909304 0.0101211 0.0112063 0.0123437 0.0135268 0.0147481 0.0159989 0.0172697 0.0185498 0.0198279 0.0210919 0.0223295 0.0235279 0.0246745 0.0257567 0.0267625 0.0276802 0.0284992 0.0292098 0.0298034 0.0302728 0.0306123 0.0308177 0.0308864 0.0308177 0.0306123 0.0302728 0.0298034 0.0292098 0.0284992 0.0276802 0.0267625 0.0257567 0.0246745 0.0235279 0.0223295 0.0210919 0.0198279 0.0185498 0.0172697 0.0159989 0.0147481 0.0135268 0.0123437 0.0112063 0.0101211 0.00909304 0.00812621 0.00722337 0.00638615 0.00561516 0.00491005 0.0042696 0.00369184 0.00317417 0.0027135 0.00230633 0.0019489 0.00163728 0.00136746 0.00113546 0.000937402 0.000769548 0.000628383 0.000510636 0.00041332 0.000333749 0.000269548 0.000218665 0.000179372 0.00015026 0.000130239 0.000118536 
0.000142878 0.000147631 0.000162079 0.000186783 0.000222685 0.000271105 0.000333749 0.000412709 0.000510466 0.000629881 0.000774187 0.000946975 0.00115216 0.00139394 0.00167677 0.00200526 0.00238412 0.00281806 0.0033117 0.00386942 0.00449528 0.00519281 0.00596496 0.00681389 0.00774086 0.00874609 0.00982867 0.0109864 0.0122158 0.013512 0.0148688 0.0162783 0.0177317 0.0192185 0.0207273 0.0222456 0.0237598 0.025256 0.0267195 0.0281355 0.0294891 0.0307658 0.0319515 0.0330328 0.0339972 0.0348336 0.035532 0.0360841 0.0364833 0.0367248 0.0368056 0.0367248 0.0364833 0.0360841 0.035532 0.0348336 0.0339972 0.0330328 0.0319515 0.0307658 0.0294891 0.0281355 0.0267195 0.025256 0.0237598 0.0222456 0.0207273 0.0192185 0.0177317 0.0162783 0.0148688 0.013512 0.0122158 0.0109864 0.00982867 0.00874609 0.00774086 0.00681389 0.00596496 0.00519281 0.00449528 0.00386942 0.0033117 0.00281806 0.00238412 0.00200526 0.00167677 0.00139394 0.00115216 0.000946975 0.000774187 0.000629881 0.000510466 0.000412709 0.000333749 0.000271105 0.000222685 0.000186783 0.000162079 0.000147631 
0.000178003 0.000183873 0.000201713 0.000232204 0.00027649 0.000336172 0.00041332 0.000510466 0.000630607 0.000777195 0.000954125 0.00116571 0.00141664 0.00171195 0.00205692 0.00245705 0.0029179 0.00344504 0.00404388 0.00471952 0.00547665 0.00631934 0.00725089 0.00827367 0.00938895 0.0105968 0.0118958 0.0132831 0.0147545 0.0163038 0.0179234 0.019604 0.0213347 0.0231033 0.024896 0.026698 0.0284934 0.0302656 0.0319975 0.0336718 0.035271 0.0367782 0.038177 0.0394519 0.0405883 0.0415734 0.0423956 0.0430455 0.0435152 0.0437993 0.0438944 0.0437993 0.0435152 0.0430455 0.0423956 0.0415734 0.0405883 0.0394519 0.038177 0.0367782 0.035271 0.0336718 0.0319975 0.0302656 0.0284934 0.026698 0.024896 0.0231033 0.0213347 0.019604 0.0179234 0.0163038 0.0147545 0.0132831 0.0118958 0.0105968 0.00938895 0.00827367 0.00725089 0.00631934 0.00547665 0.00471952 0.00404388 0.00344504 0.0029179 0.00245705 0.00205692 0.00171195 0.00141664 0.00116571 0.000954125 0.000777195 0.000630607 0.000510466 0.00041332 0.000336172 0.00027649 0.000232204 0.000201713 0.000183873 
0.000221199 0.000228432 0.000250407 0.000287953 0.000342452 0.000415846 0.000510636 0.000629881 0.000777195 0.000956735 0.00117318 0.0014317 0.00173791 0.0020978 0.00251767 0.00300402 0.00356344 0.00420245 0.00492739 0.00574419 0.00665826 0.00767424 0.00879581 0.0100255 0.0113647 0.012813 0.0143686 0.0160278 0.0177852 0.0196333 0.0215628 0.0235626 0.0256196 0.0277191 0.0298449 0.0319794 0.0341039 0.0361989 0.0382443 0.0402199 0.0421054 0.0438811 0.045528 0.0470279 0.0483643 0.0495221 0.0504882 0.0512515 0.0518031 0.0521366 0.0522482 0.0521366 0.0518031 0.0512515 0.0504882 0.0495221 0.0483643 0.0470279 0.045528 0.0438811 0.0421054 0.0402199 0.0382443 0.0361989 0.0341039 0.0319794 0.0298449 0.0277191 0.0256196 0.0235626 0.0215628 0.0196333 0.0177852 0.0160278 0.0143686 0.012813 0.0113647 0.0100255 0.00879581 0.00767424 0.00665826 0.00574419 0.00492739 0.00420245 0.00356344 0.00300402 0.00251767 0.0020978 0.00173791 0.0014317 0.00117318 0.000956735 0.000777195 0.000629881 0.000510636 0.000415846 0.000342452 0.000287953 0.000250407 0.000228432 
0.000273769 0.000282645 0.000309608 0.000355658 0.000422465 0.000512369 0.000628383 0.000774187 0.000954125 0.00117318 0.00143695 0.00175162 0.00212386 0.00256081 0.00306991 0.00365884 0.00433535 0.00510708 0.0059814 0.00696518 0.00806462 0.00928496 0.0106303 0.0121034 0.0137054 0.0154356 0.0172916 0.0192686 0.0213598 0.0235561 0.0258464 0.0282171 0.0306527 0.0331358 0.0356471 0.0381659 0.0406703 0.0431375 0.0455441 0.0478664 0.050081 0.052165 0.0540964 0.0558545 0.05742 0.0587756 0.0599063 0.0607993 0.0614445 0.0618346 0.0619651 0.0618346 0.0614445 0.0607993 0.0599063 0.0587756 0.05742 0.0558545 0.0540964 0.052165 0.050081 0.0478664 0.0455441 0.0431375 0.0406703 0.0381659 0.0356471 0.0331358 0.0306527 0.0282171 0.0258464 0.0235561 0.0213598 0.0192686 0.0172916 0.0154356 0.0137054 0.0121034 0.0106303 0.00928496 0.00806462 0.00696518 0.0059814 0.00510708 0.00433535 0.00365884 0.00306991 0.00256081 0.00212386 0.00175162 0.00143695 0.00117318 0.000954125 0.000774187 0.000628383 0.000512369 0.000422465 0.000355658 0.000309608 0.000282645 
0.000337172 0.000348012 0.000380936 0.000437144 0.000518642 0.00062824 0.000769548 0.000946975 0.00116571 0.0014317 0.00175162 0.0021328 0.00258317 0.00311114 0.00372552 0.0044353 0.00524954 0.00617714 0.00722663 0.00840593 0.00972207 0.011181 0.0127871 0.0145434 0.0164507 0.018508 0.0207117 0.0230561 0.0255326 0.0281304 0.0308358 0.0336327 0.0365028 0.0394252 0.0423776 0.0453355 0.0482733 0.0511646 0.0539821 0.0566985 0.0592868 0.0617205 0.0639745 0.0660248 0.0678494 0.0694288 0.0707455 0.071785 0.0725359 0.0729899 0.0731417 0.0729899 0.0725359 0.071785 0.0707455 0.0694288 0.0678494 0.0660248 0.0639745 0.0617205 0.0592868 0.0566985 0.0539821 0.0511646 0.0482733 0.0453355 0.0423776 0.0394252 0.0365028 0.0336327 0.0308358 0.0281304 0.0255326 0.0230561 0.0207117 0.018508 0.0164507 0.0145434 0.0127871 0.011181 0.00972207 0.00840593 0.00722663 0.00617714 0.00524954 0.0044353 0.00372552 0.00311114 0.00258317 0.0021328 0.00175162 0.0014317 0.00116571 0.000946975 0.000769548 0.00062824 0.000518642 0.000437144 0.000380936 0.000348012 
0.000413022 0.000426191 0.000466178 0.000534418 0.000633309 0.000766202 0.000937402 0.00115216 0.00141664 0.00173791 0.00212386 0.00258317 0.00312517 0.00375976 0.00449724 0.00534812 0.00632294 0.00743198 0.00868506 0.0100912 0.0116584 0.0133931 0.0153004 0.017383 0.0196417 0.0220747 0.0246774 0.0274424 0.0303594 0.0334153 0.0365936 0.0398753 0.0432387 0.0466594 0.050111 0.0535652 0.0569924 0.0603617 0.0636418 0.0668014 0.0698093 0.0726354 0.0752507 0.0776282 0.0797429 0.0815723 0.0830968 0.0843 0.0851689 0.0856941 0.0858698 0.0856941 0.0851689 0.0843 0.0830968 0.0815723 0.0797429 0.0776282 0.0752507 0.0726354 0.0698093 0.0668014 0.0636418 0.0603617 0.0569924 0.0535652 0.050111 0.0466594 0.0432387 0.0398753 0.0365936 0.0334153 0.0303594 0.0274424 0.0246774 0.0220747 0.0196417 0.017383 0.0153004 0.0133931 0.0116584 0.0100912 0.00868506 0.00743198 0.00632294 0.00534812 0.00449724 0.00375976 0.00312517 0.00258317 0.00212386 0.00173791 0.00141664 0.00115216 0.000937402 0.000766202 0.000633309 0.000534418 0.000466178 0.000426191 
0.000503079 0.000518986 0.000567278 0.00064966 0.000768979 0.000929212 0.00113546 0.00139394 0.00171195 0.0020978 0.00256081 0.00311114 0.00375976 0.00451822 0.00539849 0.0064128 0.00757328 0.00889178 0.0103795 0.0120467 0.0139022 0.0159533 0.0182052 0.0206608 0.0233203 0.0261811 0.0292372 0.0324795 0.0358955 0.0394693 0.0431814 0.0470095 0.0509278 0.054908 0.0589194 0.0629293 0.0669033 0.0708061 0.0746019 0.0782546 0.081729 0.0849906 0.0880068 0.0907468 0.0931825 0.0952885 0.0970427 0.0984267 0.099426 0.10003 0.100232 0.10003 0.099426 0.0984267 0.0970427 0.0952885 0.0931825 0.0907468 0.0880068 0.0849906 0.081729 0.0782546 0.0746019 0.0708061 0.0669033 0.0629293 0.0589194 0.054908 0.0509278 0.0470095 0.0431814 0.0394693 0.0358955 0.0324795 0.0292372 0.0261811 0.0233203 0.0206608 0.0182052 0.0159533 0.0139022 0.0120467 0.0103795 0.00889178 0.00757328 0.0064128 0.00539849 0.00451822 0.00375976 0.00311114 0.00256081 0.0020978 0.00171195 0.00139394 0.00113546 0.000929212 0.000768979 0.00064966 0.000567278 0.000518986 
0.000609228 0.000628332 0.000686316 0.000785198 0.000928333 0.00112042 0.00136746 0.00167677 0.00205692 0.00251767 0.00306991 0.00372552 0.00449724 0.00539849 0.00644315 0.00764525 0.00901876 0.0105772 0.0123332 0.0142983 0.0164823 0.0188933 0.0215365 0.0244148 0.0275278 0.0308716 0.0344388 0.0382182 0.0421945 0.0463488 0.0506583 0.0550964 0.0596334 0.0642363 0.0688696 0.0734957 0.0780753 0.0825679 0.0869327 0.0911291 0.0951169 0.0988573 0.102314 0.105451 0.108239 0.110648 0.112653 0.114235 0.115377 0.116066 0.116297 0.116066 0.115377 0.114235 0.112653 0.110648 0.108239 0.105451 0.102314 0.0988573 0.0951169 0.0911291 0.0869327 0.0825679 0.0780753 0.0734957 0.0688696 0.0642363 0.0596334 0.0550964 0.0506583 0.0463488 0.0421945 0.0382182 0.0344388 0.0308716 0.0275278 0.0244148 0.0215365 0.0188933 0.0164823 0.0142983 0.0123332 0.0105772 0.00901876 0.00764525 0.00644315 0.00539849 0.00449724 0.00372552 0.00306991 0.00251767 0.00205692 0.00167677 0.00136746 0.00112042 0.000928333 0.000785198 0.000686316 0.000628332 
0.000733464 0.000756273 0.000825489 0.000943479 0.00111418 0.0013431 0.00163728 0.00200526 0.00245705 0.00300402 0.00365884 0.0044353 0.00534812 0.0064128 0.00764525 0.00906158 0.0106777 0.0125088 0.0145693 0.0168719 0.0194274 0.0222444 0.0253286 0.0286822 0.0323041 0.036189 0.0403276 0.0447061 0.0493065 0.0541061 0.0590782 0.0641919 0.0694126 0.0747024 0.0800205 0.0853239 0.0905678 0.0957065 0.100694 0.105484 0.110031 0.114293 0.118228 0.121797 0.124966 0.127704 0.129981 0.131777 0.133073 0.133856 0.134118 0.133856 0.133073 0.131777 0.129981 0.127704 0.124966 0.121797 0.118228 0.114293 0.110031 0.105484 0.100694 0.0957065 0.0905678 0.0853239 0.0800205 0.0747024 0.0694126 0.0641919 0.0590782 0.0541061 0.0493065 0.0447061 0.0403276 0.036189 0.0323041 0.0286822 0.0253286 0.0222444 0.0194274 0.0168719 0.0145693 0.0125088 0.0106777 0.00906158 0.00764525 0.0064128 0.00534812 0.0044353 0.00365884 0.00300402 0.00245705 0.00200526 0.00163728 0.0013431 0.00111418 0.000943479 0.000825489 0.000756273 
0.000877859 0.000904932 0.00098707 0.00112704 0.00132943 0.00160065 0.0019489 0.00238412 0.0029179 0.00356344 0.00433535 0.00524954 0.00632294 0.00757328 0.00901876 0.0106777 0.012568 0.0147069 0.0171103 0.0197923 0.0227648 0.0260367 0.0296137 0.0334976 0.0376862 0.0421725 0.0469448 0.0519867 0.0572764 0.0627874 0.0684886 0.074344 0.080314 0.086355 0.0924206 0.0984618 0.104428 0.110268 0.11593 0.121362 0.126514 0.131338 0.135788 0.139822 0.143402 0.146491 0.149061 0.151086 0.152547 0.153429 0.153725 0.153429 0.152547 0.151086 0.149061 0.146491 0.143402 0.139822 0.135788 0.131338 0.126514 0.121362 0.11593 0.110268 0.104428 0.0984618 0.0924206 0.086355 0.080314 0.074344 0.0684886 0.0627874 0.0572764 0.0519867 0.0469448 0.0421725 0.0376862 0.0334976 0.0296137 0.0260367 0.0227648 0.0197923 0.0171103 0.0147069 0.012568 0.0106777 0.00901876 0.00757328 0.00632294 0.00524954 0.00433535 0.00356344 0.0029179 0.00238412 0.0019489 0.00160065 0.00132943 0.00112704 0.00098707 0.000904932 
0.00104453 0.00107648 0.00117338 0.00133845 0.00157701 0.00189647 0.00230633 0.00281806 0.00344504 0.00420245 0.00510708 0.00617714 0.00743198 0.00889178 0.0105772 0.0125088 0.0147069 0.0171905 0.0199774 0.0230829 0.0265198 0.0302974 0.0344213 0.0388925 0.0437074 0.0488569 0.0543267 0.060097 0.0661421 0.0724312 0.0789279 0.0855911 0.0923753 0.0992309 0.106105 0.112943 0.119689 0.126283 0.132669 0.138789 0.144588 0.150013 0.155013 0.159542 0.163557 0.167021 0.169901 0.17217 0.173806 0.174794 0.175124 0.174794 0.173806 0.17217 0.169901 0.167021 0.163557 0.159542 0.155013 0.150013 0.144588 0.138789 0.132669 0.126283 0.119689 0.112943 0.106105 0.0992309 0.0923753 0.0855911 0.0789279 0.0724312 0.0661421 0.060097 0.0543267 0.0488569 0.0437074 0.0388925 0.0344213 0.0302974 0.0265198 0.0230829 0.0199774 0.0171905 0.0147069 0.0125088 0.0105772 0.00889178 0.00743198 0.00617714 0.00510708 0.00420245 0.00344504 0.00281806 0.00230633 0.00189647 0.00157701 0.00133845 0.00117338 0.00107648 
0.0012356 0.00127308 0.00138674 0.00158028 0.00185983 0.00223394 0.0027135 0.0033117 0.00404388 0.00492739 0.0059814 0.00722663 0.00868506 0.0103795 0.0123332 0.0145693 0.0171103 0.0199774 0.02319 0.0267647 0.0307152 0.035051 0.0397772 0.0448939 0.0503956 0.0562709 0.0625024 0.0690665 0.075933 0.0830662 0.0904241 0.0979597 0.105621 0.113353 0.121095 0.128786 0.136363 0.143762 0.150918 0.157769 0.164254 0.170314 0.175896 0.180947 0.185422 0.189281 0.192487 0.195011 0.196831 0.19793 0.198297 0.19793 0.196831 0.195011 0.192487 0.189281 0.185422 0.180947 0.175896 0.170314 0.164254 0.157769 0.150918 0.143762 0.136363 0.128786 0.121095 0.113353 0.105621 0.0979597 0.0904241 0.0830662 0.075933 0.0690665 0.0625024 0.0562709 0.0503956 0.0448939 0.0397772 0.035051 0.0307152 0.0267647 0.02319 0.0199774 0.0171103 0.0145693 0.0123332 0.0103795 0.00868506 0.00722663 0.0059814 0.00492739 0.00404388 0.0033117 0.0027135 0.00223394 0.00185983 0.00158028 0.00138674 0.00127308 
0.00145316 0.00149687 0.00162941 0.00185502 0.00218071 0.00261628 0.00317417 0.00386942 0.00471952 0.00574419 0.00696518 0.00840593 0.0100912 0.0120467 0.0142983 0.0168719 0.0197923 0.0230829 0.0267647 0.0308557 0.03537 0.0403173 0.0457021 0.0515229 0.0577723 0.0644361 0.0714931 0.0789154 0.0866681 0.0947097 0.102992 0.111462 0.120062 0.128727 0.137393 0.145989 0.154447 0.162696 0.170664 0.178284 0.185489 0.192216 0.198405 0.204002 0.208957 0.213226 0.216772 0.219562 0.221574 0.222787 0.223193 0.222787 0.221574 0.219562 0.216772 0.213226 0.208957 0.204002 0.198405 0.192216 0.185489 0.178284 0.170664 0.162696 0.154447 0.145989 0.137393 0.128727 0.120062 0.111462 0.102992 0.0947097 0.0866681 0.0789154 0.0714931 0.0644361 0.0577723 0.0515229 0.0457021 0.0403173 0.03537 0.0308557 0.0267647 0.0230829 0.0197923 0.0168719 0.0142983 0.0120467 0.0100912 0.00840593 0.00696518 0.00574419 0.00471952 0.00386942 0.00317417 0.00261628 0.00218071 0.00185502 0.00162941 0.00149687 
0.00169917 0.00174986 0.00190353 0.00216502 0.00254231 0.00304653 0.00369184 0.00449528 0.00547665 0.00665826 0.00806462 0.00972207 0.0116584 0.0139022 0.0164823 0.0194274 0.0227648 0.0265198 0.0307152 0.03537 0.040499 0.0461114 0.0522109 0.0587943 0.0658517 0.0733653 0.0813102 0.0896534 0.0983546 0.107366 0.116634 0.126097 0.13569 0.145343 0.154982 0.164532 0.173914 0.183053 0.19187 0.200292 0.208246 0.215664 0.222483 0.228645 0.234095 0.238788 0.242683 0.245747 0.247955 0.249287 0.249732 0.249287 0.247955 0.245747 0.242683 0.238788 0.234095 0.228645 0.222483 0.215664 0.208246 0.200292 0.19187 0.183053 0.173914 0.164532 0.154982 0.145343 0.13569 0.126097 0.116634 0.107366 0.0983546 0.0896534 0.0813102 0.0733653 0.0658517 0.0587943 0.0522109 0.0461114 0.040499 0.03537 0.0307152 0.0265198 0.0227648 0.0194274 0.0164823 0.0139022 0.0116584 0.00972207 0.00806462 0.00665826 0.00547665 0.00449528 0.00369184 0.00304653 0.00254231 0.00216502 0.00190353 0.00174986 
0.00197546 0.00203391 0.00221108 0.00251244 0.00294702 0.00352741 0.0042696 0.00519281 0.00631934 0.00767424 0.00928496 0.011181 0.0133931 0.0159533 0.0188933 0.0222444 0.0260367 0.0302974 0.035051 0.0403173 0.0461114 0.0524421 0.0593117 0.066715 0.0746389 0.083062 0.0919546 0.101278 0.110987 0.121026 0.131335 0.141845 0.152482 0.163171 0.173828 0.184371 0.194715 0.204777 0.214473 0.223722 0.232448 0.240578 0.248043 0.254782 0.260739 0.265864 0.270115 0.273459 0.275866 0.277318 0.277804 0.277318 0.275866 0.273459 0.270115 0.265864 0.260739 0.254782 0.248043 0.240578 0.232448 0.223722 0.214473 0.204777 0.194715 0.184371 0.173828 0.163171 0.152482 0.141845 0.131335 0.121026 0.110987 0.101278 0.0919546 0.083062 0.0746389 0.066715 0.0593117 0.0524421 0.0461114 0.0403173 0.035051 0.0302974 0.0260367 0.0222444 0.0188933 0.0159533 0.0133931 0.011181 0.00928496 0.00767424 0.00631934 0.00519281 0.0042696 0.00352741 0.00294702 0.00251244 0.00221108 0.00203391 
0.00228365 0.00235067 0.00255377 0.00289912 0.00339689 0.00406122 0.00491005 0.00596496 0.00725089 0.00879581 0.0106303 0.0127871 0.0153004 0.0182052 0.0215365 0.0253286 0.0296137 0.0344213 0.0397772 0.0457021 0.0522109 0.0593117 0.0670051 0.0752834 0.0841298 0.0935188 0.103415 0.113775 0.124546 0.135665 0.147065 0.158668 0.170396 0.18216 0.193873 0.205443 0.216779 0.22779 0.238386 0.248482 0.257995 0.266849 0.27497 0.282295 0.288763 0.294325 0.298936 0.30256 0.305169 0.306742 0.307268 0.306742 0.305169 0.30256 0.298936 0.294325 0.288763 0.282295 0.27497 0.266849 0.257995 0.248482 0.238386 0.22779 0.216779 0.205443 0.193873 0.18216 0.170396 0.158668 0.147065 0.135665 0.124546 0.113775 0.103415 0.0935188 0.0841298 0.0752834 0.0670051 0.0593117 0.0522109 0.0457021 0.0397772 0.0344213 0.0296137 0.0253286 0.0215365 0.0182052 0.0153004 0.0127871 0.0106303 0.00879581 0.00725089 0.00596496 0.00491005 0.00406122 0.00339689 0.00289912 0.00255377 0.00235067 
0.00262504 0.00270146 0.00293301 0.00332657 0.00389354 0.00464973 0.00561516 0.00681389 0.00827367 0.0100255 0.0121034 0.0145434 0.017383 0.0206608 0.0244148 0.0286822 0.0334976 0.0388925 0.0448939 0.0515229 0.0587943 0.066715 0.0752834 0.0844886 0.0943101 0.104717 0.115669 0.127116 0.138997 0.151242 0.163776 0.176515 0.189368 0.202242 0.215039 0.227662 0.240011 0.251988 0.263499 0.274453 0.284761 0.294343 0.303124 0.311035 0.318016 0.324014 0.328983 0.332886 0.335695 0.337389 0.337954 0.337389 0.335695 0.332886 0.328983 0.324014 0.318016 0.311035 0.303124 0.294343 0.284761 0.274453 0.263499 0.251988 0.240011 0.227662 0.215039 0.202242 0.189368 0.176515 0.163776 0.151242 0.138997 0.127116 0.115669 0.104717 0.0943101 0.0844886 0.0752834 0.066715 0.0587943 0.0515229 0.0448939 0.0388925 0.0334976 0.0286822 0.0244148 0.0206608 0.017383 0.0145434 0.0121034 0.0100255 0.00827367 0.00681389 0.00561516 0.00464973 0.00389354 0.00332657 0.00293301 0.00270146 
0.00300061 0.00308727 0.00334979 0.00379583 0.00443808 0.00529411 0.00638615 0.00774086 0.00938895 0.0113647 0.0137054 0.0164507 0.0196417 0.0233203 0.0275278 0.0323041 0.0376862 0.0437074 0.0503956 0.0577723 0.0658517 0.0746389 0.0841298 0.0943101 0.105155 0.116627 0.128681 0.141258 0.154291 0.167702 0.181407 0.195312 0.209319 0.223327 0.237229 0.25092 0.264294 0.277247 0.289679 0.301491 0.312594 0.322903 0.332339 0.340832 0.348319 0.354747 0.360069 0.364247 0.367253 0.369064 0.36967 0.369064 0.367253 0.364247 0.360069 0.354747 0.348319 0.340832 0.332339 0.322903 0.312594 0.301491 0.289679 0.277247 0.264294 0.25092 0.237229 0.223327 0.209319 0.195312 0.181407 0.167702 0.154291 0.141258 0.128681 0.116627 0.105155 0.0943101 0.0841298 0.0746389 0.0658517 0.0577723 0.0503956 0.0437074 0.0376862 0.0323041 0.0275278 0.0233203 0.0196417 0.0164507 0.0137054 0.0113647 0.00938895 0.00774086 0.00638615 0.00529411 0.00443808 0.00379583 0.00334979 0.00308727 
0.00341091 0.00350864 0.00380465 0.00430743 0.00503101 0.0059948 0.00722337 0.00874609 0.0105968 0.012813 0.0154356 0.018508 0.0220747 0.0261811 0.0308716 0.036189 0.0421725 0.0488569 0.0562709 0.0644361 0.0733653 0.083062 0.0935188 0.104717 0.116627 0.129207 0.142401 0.156146 0.170365 0.184973 0.199875 0.21497 0.230151 0.245307 0.260325 0.275092 0.289494 0.303422 0.316769 0.329434 0.341323 0.352347 0.362427 0.371491 0.379473 0.386321 0.391986 0.396431 0.399628 0.401554 0.402197 0.401554 0.399628 0.396431 0.391986 0.386321 0.379473 0.371491 0.362427 0.352347 0.341323 0.329434 0.316769 0.303422 0.289494 0.275092 0.260325 0.245307 0.230151 0.21497 0.199875 0.184973 0.170365 0.156146 0.142401 0.129207 0.116627 0.104717 0.0935188 0.083062 0.0733653 0.0644361 0.0562709 0.0488569 0.0421725 0.036189 0.0308716 0.0261811 0.0220747 0.018508 0.0154356 0.012813 0.0105968 0.00874609 0.00722337 0.0059948 0.00503101 0.00430743 0.00380465 0.00350864 
0.003856 0.00396562 0.00429761 0.00486129 0.00567212 0.00675144 0.00812621 0.00982867 0.0118958 0.0143686 0.0172916 0.0207117 0.0246774 0.0292372 0.0344388 0.0403276 0.0469448 0.0543267 0.0625024 0.0714931 0.0813102 0.0919546 0.103415 0.115669 0.128681 0.142401 0.156769 0.171711 0.187142 0.202968 0.219086 0.235384 0.251748 0.268058 0.284193 0.300031 0.315455 0.330347 0.344596 0.358099 0.370757 0.382479 0.393185 0.4028 0.411261 0.418512 0.424507 0.429208 0.432587 0.434622 0.435302 0.434622 0.432587 0.429208 0.424507 0.418512 0.411261 0.4028 0.393185 0.382479 0.370757 0.358099 0.344596 0.330347 0.315455 0.300031 0.284193 0.268058 0.251748 0.235384 0.219086 0.202968 0.187142 0.171711 0.156769 0.142401 0.128681 0.115669 0.103415 0.0919546 0.0813102 0.0714931 0.0625024 0.0543267 0.0469448 0.0403276 0.0344388 0.0292372 0.0246774 0.0207117 0.0172916 0.0143686 0.0118958 0.00982867 0.00812621 0.00675144 0.00567212 0.00486129 0.00429761 0.00396562 
0.00433542 0.00445772 0.00482807 0.00545669 0.00636047 0.00756276 0.00909304 0.0109864 0.0132831 0.0160278 0.0192686 0.0230561 0.0274424 0.0324795 0.0382182 0.0447061 0.0519867 0.060097 0.0690665 0.0789154 0.0896534 0.101278 0.113775 0.127116 0.141258 0.156146 0.171711 0.18787 0.20453 0.221588 0.238929 0.256436 0.273982 0.29144 0.308682 0.32558 0.342007 0.357843 0.372974 0.38729 0.400691 0.413085 0.424391 0.434534 0.443449 0.451084 0.457391 0.462334 0.465885 0.468024 0.468738 0.468024 0.465885 0.462334 0.457391 0.451084 0.443449 0.434534 0.424391 0.413085 0.400691 0.38729 0.372974 0.357843 0.342007 0.32558 0.308682 0.29144 0.273982 0.256436 0.238929 0.221588 0.20453 0.18787 0.171711 0.156146 0.141258 0.127116 0.113775 0.101278 0.0896534 0.0789154 0.0690665 0.060097 0.0519867 0.0447061 0.0382182 0.0324795 0.0274424 0.0230561 0.0192686 0.0160278 0.0132831 0.0109864 0.00909304 0.00756276 0.00636047 0.00545669 0.00482807 0.00445772 
0.0048481 0.00498384 0.00539482 0.00609216 0.00709428 0.00842657 0.0101211 0.0122158 0.0147545 0.0177852 0.0213598 0.0255326 0.0303594 0.0358955 0.0421945 0.0493065 0.0572764 0.0661421 0.075933 0.0866681 0.0983546 0.110987 0.124546 0.138997 0.154291 0.170365 0.187142 0.20453 0.222427 0.240718 0.259283 0.27799 0.296708 0.315301 0.33363 0.351563 0.368969 0.385721 0.4017 0.416797 0.430909 0.443943 0.455817 0.466457 0.4758 0.483793 0.490392 0.49556 0.49927 0.501504 0.50225 0.501504 0.49927 0.49556 0.490392 0.483793 0.4758 0.466457 0.455817 0.443943 0.430909 0.416797 0.4017 0.385721 0.368969 0.351563 0.33363 0.315301 0.296708 0.27799 0.259283 0.240718 0.222427 0.20453 0.187142 0.170365 0.154291 0.138997 0.124546 0.110987 0.0983546 0.0866681 0.075933 0.0661421 0.0572764 0.0493065 0.0421945 0.0358955 0.0303594 0.0255326 0.0213598 0.0177852 0.0147545 0.0122158 0.0101211 0.00842657 0.00709428 0.00609216 0.00539482 0.00498384 
0.00539236 0.00554224 0.00599593 0.00676551 0.00787092 0.00933965 0.0112063 0.013512 0.0163038 0.0196333 0.0235561 0.0281304 0.0334153 0.0394693 0.0463488 0.0541061 0.0627874 0.0724312 0.0830662 0.0947097 0.107366 0.121026 0.135665 0.151242 0.167702 0.184973 0.202968 0.221588 0.240718 0.260237 0.280013 0.299906 0.319775 0.339476 0.358865 0.377801 0.396149 0.413779 0.430569 0.446407 0.461189 0.474824 0.487228 0.49833 0.508069 0.516392 0.523258 0.528632 0.532488 0.534809 0.535584 0.534809 0.532488 0.528632 0.523258 0.516392 0.508069 0.49833 0.487228 0.474824 0.461189 0.446407 0.430569 0.413779 0.396149 0.377801 0.358865 0.339476 0.319775 0.299906 0.280013 0.260237 0.240718 0.221588 0.202968 0.184973 0.167702 0.151242 0.135665 0.121026 0.107366 0.0947097 0.0830662 0.0724312 0.0627874 0.0541061 0.0463488 0.0394693 0.0334153 0.0281304 0.0235561 0.0196333 0.0163038 0.013512 0.0112063 0.00933965 0.00787092 0.00676551 0.00599593 0.00554224 
0.00596587 0.0061305 0.00662878 0.00747373 0.00868685 0.0102978 0.0123437 0.0148688 0.0179234 0.0215628 0.0258464 0.0308358 0.0365936 0.0431814 0.0506583 0.0590782 0.0684886 0.0789279 0.0904241 0.102992 0.116634 0.131335 0.147065 0.163776 0.181407 0.199875 0.219086 0.238929 0.259283 0.280013 0.300978 0.322031 0.343021 0.363797 0.384207 0.404106 0.423353 0.441816 0.45937 0.475902 0.491309 0.505499 0.518392 0.529917 0.540015 0.548637 0.555743 0.561301 0.565287 0.567686 0.568486 0.567686 0.565287 0.561301 0.555743 0.548637 0.540015 0.529917 0.518392 0.505499 0.491309 0.475902 0.45937 0.441816 0.423353 0.404106 0.384207 0.363797 0.343021 0.322031 0.300978 0.280013 0.259283 0.238929 0.219086 0.199875 0.181407 0.163776 0.147065 0.131335 0.116634 0.102992 0.0904241 0.0789279 0.0684886 0.0590782 0.0506583 0.0431814 0.0365936 0.0308358 0.0258464 0.0215628 0.0179234 0.0148688 0.0123437 0.0102978 0.00868685 0.00747373 0.00662878 0.0061305 
0.00656561 0.00674554 0.00729001 0.00821303 0.00953764 0.0112956 0.0135268 0.0162783 0.019604 0.0235626 0.0282171 0.0336327 0.0398753 0.0470095 0.0550964 0.0641919 0.074344 0.0855911 0.0979597 0.111462 0.126097 0.141845 0.158668 0.176515 0.195312 0.21497 0.235384 0.256436 0.27799 0.299906 0.322031 0.34421 0.366282 0.388089 0.409475 0.430288 0.450384 0.469628 0.487894 0.505068 0.521049 0.535745 0.549079 0.560984 0.571403 0.58029 0.587607 0.593327 0.597427 0.599893 0.600716 0.599893 0.597427 0.593327 0.587607 0.58029 0.571403 0.560984 0.549079 0.535745 0.521049 0.505068 0.487894 0.469628 0.450384 0.430288 0.409475 0.388089 0.366282 0.34421 0.322031 0.299906 0.27799 0.256436 0.235384 0.21497 0.195312 0.176515 0.158668 0.141845 0.126097 0.111462 0.0979597 0.0855911 0.074344 0.0641919 0.0550964 0.0470095 0.0398753 0.0336327 0.0282171 0.0235626 0.019604 0.0162783 0.0135268 0.0112956 0.00953764 0.00821303 0.00729001 0.00674554 
0.00718792 0.00738357 0.00797556 0.00897882 0.010418 0.0123269 0.0147481 0.0177317 0.0213347 0.0256196 0.0306527 0.0365028 0.0432387 0.0509278 0.0596334 0.0694126 0.080314 0.0923753 0.105621 0.120062 0.13569 0.152482 0.170396 0.189368 0.209319 0.230151 0.251748 0.273982 0.296708 0.319775 0.343021 0.366282 0.38939 0.412179 0.434487 0.456159 0.477048 0.497015 0.515935 0.533695 0.550195 0.565346 0.579072 0.591311 0.60201 0.611126 0.618626 0.624484 0.628681 0.631204 0.632045 0.631204 0.628681 0.624484 0.618626 0.611126 0.60201 0.591311 0.579072 0.565346 0.550195 0.533695 0.515935 0.497015 0.477048 0.456159 0.434487 0.412179 0.38939 0.366282 0.343021 0.319775 0.296708 0.273982 0.251748 0.230151 0.209319 0.189368 0.170396 0.152482 0.13569 0.120062 0.105621 0.0923753 0.080314 0.0694126 0.0596334 0.0509278 0.0432387 0.0365028 0.0306527 0.0256196 0.0213347 0.0177317 0.0147481 0.0123269 0.010418 0.00897882 0.00797556 0.00738357 
0.00782847 0.00804018 0.00868064 0.00976575 0.0113217 0.0133844 0.0159989 0.0192185 0.0231033 0.0277191 0.0331358 0.0394252 0.0466594 0.054908 0.0642363 0.0747024 0.086355 0.0992309 0.113353 0.128727 0.145343 0.163171 0.18216 0.202242 0.223327 0.245307 0.268058 0.29144 0.315301 0.339476 0.363797 0.388089 0.412179 0.435894 0.459066 0.481537 0.503156 0.523785 0.543299 0.561586 0.578547 0.594097 0.608165 0.620692 0.631629 0.640939 0.64859 0.654562 0.658838 0.661408 0.662265 0.661408 0.658838 0.654562 0.64859 0.640939 0.631629 0.620692 0.608165 0.594097 0.578547 0.561586 0.543299 0.523785 0.503156 0.481537 0.459066 0.435894 0.412179 0.388089 0.363797 0.339476 0.315301 0.29144 0.268058 0.245307 0.223327 0.202242 0.18216 0.163171 0.145343 0.128727 0.113353 0.0992309 0.086355 0.0747024 0.0642363 0.054908 0.0466594 0.0394252 0.0331358 0.0277191 0.0231033 0.0192185 0.0159989 0.0133844 0.0113217 0.00976575 0.00868064 0.00804018 
0.00848233 0.00871029 0.00939982 0.0105677 0.0122418 0.0144599 0.0172697 0.0207273 0.024896 0.0298449 0.0356471 0.0423776 0.050111 0.0589194 0.0688696 0.0800205 0.0924206 0.106105 0.121095 0.137393 0.154982 0.173828 0.193873 0.215039 0.237229 0.260325 0.284193 0.308682 0.33363 0.358865 0.384207 0.409475 0.434487 0.459066 0.483039 0.506244 0.52853 0.549757 0.569802 0.588554 0.605918 0.621813 0.636171 0.648939 0.660073 0.669539 0.677313 0.683375 0.687713 0.690319 0.691188 0.690319 0.687713 0.683375 0.677313 0.669539 0.660073 0.648939 0.636171 0.621813 0.605918 0.588554 0.569802 0.549757 0.52853 0.506244 0.483039 0.459066 0.434487 0.409475 0.384207 0.358865 0.33363 0.308682 0.284193 0.260325 0.237229 0.215039 0.193873 0.173828 0.154982 0.137393 0.121095 0.106105 0.0924206 0.0800205 0.0688696 0.0589194 0.050111 0.0423776 0.0356471 0.0298449 0.024896 0.0207273 0.0172697 0.0144599 0.0122418 0.0105677 0.00939982 0.00871029 
0.00914402 0.00938829 0.0101271 0.0113781 0.0131706 0.0155445 0.0185498 0.0222456 0.026698 0.0319794 0.0381659 0.0453355 0.0535652 0.0629293 0.0734957 0.0853239 0.0984618 0.112943 0.128786 0.145989 0.164532 0.184371 0.205443 0.227662 0.25092 0.275092 0.300031 0.32558 0.351563 0.377801 0.404106 0.430288 0.456159 0.481537 0.506244 0.530117 0.553003 0.574763 0.595274 0.61443 0.632139 0.648324 0.662922 0.675886 0.687175 0.696763 0.704629 0.710758 0.715142 0.717774 0.718652 0.717774 0.715142 0.710758 0.704629 0.696763 0.687175 0.675886 0.662922 0.648324 0.632139 0.61443 0.595274 0.574763 0.553003 0.530117 0.506244 0.481537 0.456159 0.430288 0.404106 0.377801 0.351563 0.32558 0.300031 0.275092 0.25092 0.227662 0.205443 0.184371 0.164532 0.145989 0.128786 0.112943 0.0984618 0.0853239 0.0734957 0.0629293 0.0535652 0.0453355 0.0381659 0.0319794 0.026698 0.0222456 0.0185498 0.0155445 0.0131706 0.0113781 0.0101271 0.00938829 
0.00980753 0.010068 0.0108558 0.0121895 0.0140997 0.0166284 0.0198279 0.0237598 0.0284934 0.0341039 0.0406703 0.0482733 0.0569924 0.0669033 0.0780753 0.0905678 0.104428 0.119689 0.136363 0.154447 0.173914 0.194715 0.216779 0.240011 0.264294 0.289494 0.315455 0.342007 0.368969 0.396149 0.423353 0.450384 0.477048 0.503156 0.52853 0.553003 0.576422 0.598649 0.619565 0.639065 0.657061 0.673482 0.688272 0.701387 0.712794 0.722471 0.730401 0.736576 0.740989 0.743638 0.744521 0.743638 0.740989 0.736576 0.730401 0.722471 0.712794 0.701387 0.688272 0.673482 0.657061 0.639065 0.619565 0.598649 0.576422 0.553003 0.52853 0.503156 0.477048 0.450384 0.423353 0.396149 0.368969 0.342007 0.315455 0.289494 0.264294 0.240011 0.216779 0.194715 0.173914 0.154447 0.136363 0.119689 0.104428 0.0905678 0.0780753 0.0669033 0.0569924 0.0482733 0.0406703 0.0341039 0.0284934 0.0237598 0.0198279 0.0166284 0.0140997 0.0121895 0.0108558 0.010068 
0.0104665 0.010743 0.0115791 0.0129942 0.0150204 0.0177014 0.0210919 0.025256 0.0302656 0.0361989 0.0431375 0.0511646 0.0603617 0.0708061 0.0825679 0.0957065 0.110268 0.126283 0.143762 0.162696 0.183053 0.204777 0.22779 0.251988 0.277247 0.303422 0.330347 0.357843 0.385721 0.413779 0.441816 0.469628 0.497015 0.523785 0.549757 0.574763 0.598649 0.621281 0.64254 0.662325 0.680555 0.697163 0.712099 0.725324 0.736812 0.746546 0.754516 0.760716 0.765145 0.767802 0.768688 0.767802 0.765145 0.760716 0.754516 0.746546 0.736812 0.725324 0.712099 0.697163 0.680555 0.662325 0.64254 0.621281 0.598649 0.574763 0.549757 0.523785 0.497015 0.469628 0.441816 0.413779 0.385721 0.357843 0.330347 0.303422 0.277247 0.251988 0.22779 0.204777 0.183053 0.162696 0.143762 0.126283 0.110268 0.0957065 0.0825679 0.0708061 0.0603617 0.0511646 0.0431375 0.0361989 0.0302656 0.025256 0.0210919 0.0177014 0.0150204 0.0129942 0.0115791 0.010743 
0.0111142 0.0114063 0.0122895 0.0137842 0.0159234 0.018753 0.0223295 0.0267195 0.0319975 0.0382443 0.0455441 0.0539821 0.0636418 0.0746019 0.0869327 0.100694 0.11593 0.132669 0.150918 0.170664 0.19187 0.214473 0.238386 0.263499 0.289679 0.316769 0.344596 0.372974 0.4017 0.430569 0.45937 0.487894 0.515935 0.543299 0.569802 0.595274 0.619565 0.64254 0.664083 0.684101 0.702514 0.719262 0.734301 0.747599 0.759136 0.7689 0.776886 0.783095 0.787526 0.790184 0.791069 0.790184 0.787526 0.783095 0.776886 0.7689 0.759136 0.747599 0.734301 0.719262 0.702514 0.684101 0.664083 0.64254 0.619565 0.595274 0.569802 0.543299 0.515935 0.487894 0.45937 0.430569 0.4017 0.372974 0.344596 0.316769 0.289679 0.263499 0.238386 0.214473 0.19187 0.170664 0.150918 0.132669 0.11593 0.100694 0.0869327 0.0746019 0.0636418 0.0539821 0.0455441 0.0382443 0.0319975 0.0267195 0.0223295 0.018753 0.0159234 0.0137842 0.0122895 0.0114063 
0.0117437 0.0120509 0.0129797 0.014551 0.0167994 0.0197721 0.0235279 0.0281355 0.0336718 0.0402199 0.0478664 0.0566985 0.0668014 0.0782546 0.0911291 0.105484 0.121362 0.138789 0.157769 0.178284 0.200292 0.223722 0.248482 0.274453 0.301491 0.329434 0.358099 0.38729 0.416797 0.446407 0.475902 0.505068 0.533695 0.561586 0.588554 0.61443 0.639065 0.662325 0.684101 0.7043 0.72285 0.739698 0.754803 0.768141 0.779698 0.789467 0.79745 0.803651 0.808074 0.810726 0.811609 0.810726 0.808074 0.803651 0.79745 0.789467 0.779698 0.768141 0.754803 0.739698 0.72285 0.7043 0.684101 0.662325 0.639065 0.61443 0.588554 0.561586 0.533695 0.505068 0.475902 0.446407 0.416797 0.38729 0.358099 0.329434 0.301491 0.274453 0.248482 0.223722 0.200292 0.178284 0.157769 0.138789 0.121362 0.105484 0.0911291 0.0782546 0.0668014 0.0566985 0.0478664 0.0402199 0.0336718 0.0281355 0.0235279 0.0197721 0.0167994 0.014551 0.0129797 0.0120509 
