6.92006e-08 7.64237e-08 9.92665e-08 1.4138e-07 2.09288e-07 3.1307e-07 4.67356e-07 6.92662e-07 1.01713e-06 1.47867e-06 2.12759e-06 3.02964e-06 4.26958e-06 5.95509e-06 8.22099e-06 1.12336e-05 1.51952e-05 2.03475e-05 2.69755e-05 3.54088e-05 4.60227e-05 5.92358e-05 7.5506e-05 9.53233e-05 0.000119199 0.00014765 0.000181184 0.000220275 0.000265342 0.000316721 0.000374641 0.000439193 0.000510311 0.000587746 0.000671054 0.000759583 0.000852474 0.000948665 0.00104691 0.00114579 0.00124378 0.00133923 0.00143046 0.0015158 0.00159361 0.00166237 0.00172068 0.00176735 0.00180141 0.00182214 0.00182909 0.00182214 0.00180141 0.00176735 0.00172068 0.00166237 0.00159361 0.0015158 0.00143046 0.00133923 0.00124378 0.00114579 0.00104691 0.000948665 0.000852474 0.000759583 0.000671054 0.000587746 0.000510311 0.000439193 0.000374641 0.000316721 0.000265342 0.000220275 0.000181184 0.00014765 0.000119199 9.53233e-05 7.5506e-05 5.92358e-05 4.60227e-05 3.54088e-05 2.69755e-05 2.03475e-05 1.51952e-05 1.12336e-05 8.22099e-06 5.95509e-06 4.26958e-06 3.02964e-06 2.12759e-06 1.47867e-06 1.01713e-06 6.92662e-07 4.67356e-07 3.1307e-07 2.09288e-07 1.4138e-07 9.92665e-08 7.64237e-08 
7.64237e-08 8.43734e-08 1.09508e-07 1.55827e-07 2.30473e-07 3.44474e-07 5.13821e-07 7.60924e-07 1.11649e-06 1.62183e-06 2.33173e-06 3.31771e-06 4.67184e-06 6.51096e-06 8.9812e-06 1.22626e-05 1.65738e-05 2.2176e-05 2.93764e-05 3.853e-05 5.00403e-05 6.4357e-05 8.19712e-05 0.000103407 0.000129211 0.000159936 0.00019612 0.000238267 0.00028682 0.000342132 0.00040444 0.000473834 0.000550235 0.000633369 0.000722751 0.00081768 0.00091723 0.00102026 0.00112544 0.00123126 0.00133606 0.00143812 0.00153564 0.00162682 0.00170994 0.00178337 0.00184563 0.00189545 0.0019318 0.00195393 0.00196135 0.00195393 0.0019318 0.00189545 0.00184563 0.00178337 0.00170994 0.00162682 0.00153564 0.00143812 0.00133606 0.00123126 0.00112544 0.00102026 0.00091723 0.00081768 0.000722751 0.000633369 0.000550235 0.000473834 0.00040444 0.000342132 0.00028682 0.000238267 0.00019612 0.000159936 0.000129211 0.000103407 8.19712e-05 6.4357e-05 5.00403e-05 3.853e-05 2.93764e-05 2.2176e-05 1.65738e-05 1.22626e-05 8.9812e-06 6.51096e-06 4.67184e-06 3.31771e-06 2.33173e-06 1.62183e-06 1.11649e-06 7.60924e-07 5.13821e-07 3.44474e-07 2.30473e-07 1.55827e-07 1.09508e-07 8.43734e-08 
9.92665e-08 1.09508e-07 1.41873e-07 2.01452e-07 2.97332e-07 4.43519e-07 6.60282e-07 9.75964e-07 1.4293e-06 2.07231e-06 2.97373e-06 4.2231e-06 5.93536e-06 8.25595e-06 1.13662e-05 1.54891e-05 2.08941e-05 2.79025e-05 3.68908e-05 4.82929e-05 6.25999e-05 8.03573e-05 0.000102158 0.000128634 0.000160439 0.000198231 0.00024265 0.000294288 0.000353659 0.000421169 0.00049708 0.000581475 0.000674232 0.000774999 0.000883172 0.000997884 0.00111801 0.00124217 0.00136876 0.00149596 0.00162182 0.00174425 0.00186113 0.00197033 0.0020698 0.00215762 0.00223204 0.00229157 0.00233499 0.00236141 0.00237028 0.00236141 0.00233499 0.00229157 0.00223204 0.00215762 0.0020698 0.00197033 0.00186113 0.00174425 0.00162182 0.00149596 0.00136876 0.00124217 0.00111801 0.000997884 0.000883172 0.000774999 0.000674232 0.000581475 0.00049708 0.000421169 0.000353659 0.000294288 0.00024265 0.000198231 0.000160439 0.000128634 0.000102158 8.03573e-05 6.25999e-05 4.82929e-05 3.68908e-05 2.79025e-05 2.08941e-05 1.54891e-05 1.13662e-05 8.25595e-06 5.93536e-06 4.2231e-06 2.97373e-06 2.07231e-06 1.4293e-06 9.75964e-07 6.60282e-07 4.43519e-07 2.97332e-07 2.01452e-07 1.41873e-07 1.09508e-07 
1.4138e-07 1.55827e-07 2.01452e-07 2.85338e-07 4.20114e-07 6.252e-07 9.28642e-07 1.36955e-06 2.00122e-06 2.89501e-06 4.14491e-06 5.87296e-06 8.23527e-06 1.14287e-05 1.56979e-05 2.13423e-05 2.87228e-05 3.82678e-05 5.04771e-05 6.59247e-05 8.52571e-05 0.000109189 0.000138494 0.000173992 0.000216525 0.000266938 0.000326042 0.000394584 0.000473203 0.000562389 0.000662444 0.000773435 0.000895164 0.00102713 0.00116851 0.00131816 0.00147459 0.00163599 0.00180029 0.00196514 0.00212801 0.00228625 0.00243714 0.00257796 0.00270613 0.00281918 0.00291493 0.00299148 0.00304729 0.00308124 0.00309264 0.00308124 0.00304729 0.00299148 0.00291493 0.00281918 0.00270613 0.00257796 0.00243714 0.00228625 0.00212801 0.00196514 0.00180029 0.00163599 0.00147459 0.00131816 0.00116851 0.00102713 0.000895164 0.000773435 0.000662444 0.000562389 0.000473203 0.000394584 0.000326042 0.000266938 0.000216525 0.000173992 0.000138494 0.000109189 8.52571e-05 6.59247e-05 5.04771e-05 3.82678e-05 2.87228e-05 2.13423e-05 1.56979e-05 1.14287e-05 8.23527e-06 5.87296e-06 4.14491e-06 2.89501e-06 2.00122e-06 1.36955e-06 9.28642e-07 6.252e-07 4.20114e-07 2.85338e-07 2.01452e-07 1.55827e-07 
2.09288e-07 2.30473e-07 2.97332e-07 4.20114e-07 6.17056e-07 9.16162e-07 1.35777e-06 1.99798e-06 2.91304e-06 4.2047e-06 6.00657e-06 8.49155e-06 1.18801e-05 1.64491e-05 2.25416e-05 3.05756e-05 4.10533e-05 5.4568e-05 7.18096e-05 9.35662e-05 0.000120722 0.000154249 0.000195196 0.000244663 0.000303781 0.000373669 0.000455396 0.000549935 0.000658103 0.000780515 0.000917518 0.00106915 0.00123508 0.00141457 0.00160648 0.0018092 0.0020207 0.00223855 0.00245992 0.00268169 0.00290048 0.00311276 0.00331492 0.0035034 0.00367476 0.0038258 0.00395362 0.00405576 0.00413019 0.00417546 0.00419064 0.00417546 0.00413019 0.00405576 0.00395362 0.0038258 0.00367476 0.0035034 0.00331492 0.00311276 0.00290048 0.00268169 0.00245992 0.00223855 0.0020207 0.0018092 0.00160648 0.00141457 0.00123508 0.00106915 0.000917518 0.000780515 0.000658103 0.000549935 0.000455396 0.000373669 0.000303781 0.000244663 0.000195196 0.000154249 0.000120722 9.35662e-05 7.18096e-05 5.4568e-05 4.10533e-05 3.05756e-05 2.25416e-05 1.64491e-05 1.18801e-05 8.49155e-06 6.00657e-06 4.2047e-06 2.91304e-06 1.99798e-06 1.35777e-06 9.16162e-07 6.17056e-07 4.20114e-07 2.97332e-07 2.30473e-07 
3.1307e-07 3.44474e-07 4.43519e-07 6.252e-07 9.16162e-07 1.35724e-06 2.00713e-06 2.94724e-06 4.28793e-06 6.17601e-06 8.80369e-06 1.24189e-05 1.73366e-05 2.39513e-05 3.27495e-05 4.43225e-05 5.93774e-05 7.87465e-05 0.000103393 0.000134414 0.000173033 0.000220591 0.000278521 0.000348328 0.000431538 0.000529658 0.000644113 0.000776181 0.000926922 0.0010971 0.00128713 0.00149696 0.00172607 0.00197338 0.00223726 0.00251545 0.00280515 0.00310301 0.00340518 0.00370741 0.00400515 0.00429363 0.00456804 0.00482358 0.00505569 0.0052601 0.00543297 0.00557102 0.00567159 0.00573273 0.00575324 0.00573273 0.00567159 0.00557102 0.00543297 0.0052601 0.00505569 0.00482358 0.00456804 0.00429363 0.00400515 0.00370741 0.00340518 0.00310301 0.00280515 0.00251545 0.00223726 0.00197338 0.00172607 0.00149696 0.00128713 0.0010971 0.000926922 0.000776181 0.000644113 0.000529658 0.000431538 0.000348328 0.000278521 0.000220591 0.000173033 0.000134414 0.000103393 7.87465e-05 5.93774e-05 4.43225e-05 3.27495e-05 2.39513e-05 1.73366e-05 1.24189e-05 8.80369e-06 6.17601e-06 4.28793e-06 2.94724e-06 2.00713e-06 1.35724e-06 9.16162e-07 6.252e-07 4.43519e-07 3.44474e-07 
4.67356e-07 5.13821e-07 6.60282e-07 9.28642e-07 1.35777e-06 2.00713e-06 2.96199e-06 4.34037e-06 6.30177e-06 9.05777e-06 1.28846e-05 1.81373e-05 2.52656e-05 3.48308e-05 4.75226e-05 6.41763e-05 8.57869e-05 0.000113521 0.000148724 0.00019292 0.0002478 0.000315212 0.00039712 0.000495569 0.000612626 0.000750313 0.000910525 0.00109494 0.00130492 0.00154142 0.00180489 0.00209517 0.00241142 0.00275208 0.0031148 0.00349646 0.00389316 0.00430031 0.00471265 0.00512444 0.00552951 0.00592146 0.00629382 0.00664021 0.00695453 0.0072311 0.00746484 0.00765138 0.00778722 0.00786977 0.00789747 0.00786977 0.00778722 0.00765138 0.00746484 0.0072311 0.00695453 0.00664021 0.00629382 0.00592146 0.00552951 0.00512444 0.00471265 0.00430031 0.00389316 0.00349646 0.0031148 0.00275208 0.00241142 0.00209517 0.00180489 0.00154142 0.00130492 0.00109494 0.000910525 0.000750313 0.000612626 0.000495569 0.00039712 0.000315212 0.0002478 0.00019292 0.000148724 0.000113521 8.57869e-05 6.41763e-05 4.75226e-05 3.48308e-05 2.52656e-05 1.81373e-05 1.28846e-05 9.05777e-06 6.30177e-06 4.34037e-06 2.96199e-06 2.00713e-06 1.35777e-06 9.28642e-07 6.60282e-07 5.13821e-07 
6.92662e-07 7.60924e-07 9.75964e-07 1.36955e-06 1.99798e-06 2.94724e-06 4.34037e-06 6.34723e-06 9.19675e-06 1.31918e-05 1.87265e-05 2.63059e-05 3.65677e-05 5.0305e-05 6.8489e-05 9.22914e-05 0.000123103 0.000162548 0.00021249 0.000275032 0.000352501 0.000447418 0.000562455 0.000700375 0.000863953 0.00105588 0.00127865 0.00153445 0.00182501 0.00215149 0.00251436 0.00291324 0.00334686 0.00381295 0.0043082 0.00482828 0.00536784 0.00592062 0.0064795 0.00703674 0.00758408 0.00811297 0.0086148 0.00908112 0.00950383 0.00987546 0.0101893 0.0104396 0.0106219 0.0107326 0.0107697 0.0107326 0.0106219 0.0104396 0.0101893 0.00987546 0.00950383 0.00908112 0.0086148 0.00811297 0.00758408 0.00703674 0.0064795 0.00592062 0.00536784 0.00482828 0.0043082 0.00381295 0.00334686 0.00291324 0.00251436 0.00215149 0.00182501 0.00153445 0.00127865 0.00105588 0.000863953 0.000700375 0.000562455 0.000447418 0.000352501 0.000275032 0.00021249 0.000162548 0.000123103 9.22914e-05 6.8489e-05 5.0305e-05 3.65677e-05 2.63059e-05 1.87265e-05 1.31918e-05 9.19675e-06 6.34723e-06 4.34037e-06 2.94724e-06 1.99798e-06 1.36955e-06 9.75964e-07 7.60924e-07 
1.01713e-06 1.11649e-06 1.4293e-06 2.00122e-06 2.91304e-06 4.28793e-06 6.30177e-06 9.19675e-06 1.32984e-05 1.90362e-05 2.69673e-05 3.78035e-05 5.24402e-05 7.19876e-05 9.78004e-05 0.000131506 0.000175031 0.000230612 0.00030081 0.000388497 0.000496836 0.000629239 0.000789301 0.000980714 0.00120716 0.00147218 0.00177903 0.00213049 0.00252875 0.00297517 0.00347016 0.00401303 0.00460186 0.00523341 0.00590306 0.00660487 0.00733157 0.00807469 0.00882473 0.00957135 0.0103036 0.0110102 0.0116797 0.0123012 0.012864 0.0133583 0.0137755 0.0141081 0.01435 0.014497 0.0145462 0.014497 0.01435 0.0141081 0.0137755 0.0133583 0.012864 0.0123012 0.0116797 0.0110102 0.0103036 0.00957135 0.00882473 0.00807469 0.00733157 0.00660487 0.00590306 0.00523341 0.00460186 0.00401303 0.00347016 0.00297517 0.00252875 0.00213049 0.00177903 0.00147218 0.00120716 0.000980714 0.000789301 0.000629239 0.000496836 0.000388497 0.00030081 0.000230612 0.000175031 0.000131506 9.78004e-05 7.19876e-05 5.24402e-05 3.78035e-05 2.69673e-05 1.90362e-05 1.32984e-05 9.19675e-06 6.30177e-06 4.28793e-06 2.91304e-06 2.00122e-06 1.4293e-06 1.11649e-06 
1.47867e-06 1.62183e-06 2.07231e-06 2.89501e-06 4.2047e-06 6.17601e-06 9.05777e-06 1.31918e-05 1.90362e-05 2.71937e-05 3.84437e-05 5.37787e-05 7.44435e-05 0.000101975 0.000138243 0.000185486 0.000246338 0.000323853 0.000421505 0.000543175 0.000693117 0.00087589 0.00109628 0.00135915 0.00166933 0.00203143 0.00244959 0.00292735 0.00346737 0.00407121 0.00473914 0.00546995 0.00626081 0.00710714 0.00800262 0.00893915 0.00990696 0.0108948 0.01189 0.012879 0.0138475 0.0147807 0.0156638 0.0164826 0.0172232 0.0178732 0.0184213 0.0188579 0.0191755 0.0193683 0.0194329 0.0193683 0.0191755 0.0188579 0.0184213 0.0178732 0.0172232 0.0164826 0.0156638 0.0147807 0.0138475 0.012879 0.01189 0.0108948 0.00990696 0.00893915 0.00800262 0.00710714 0.00626081 0.00546995 0.00473914 0.00407121 0.00346737 0.00292735 0.00244959 0.00203143 0.00166933 0.00135915 0.00109628 0.00087589 0.000693117 0.000543175 0.000421505 0.000323853 0.000246338 0.000185486 0.000138243 0.000101975 7.44435e-05 5.37787e-05 3.84437e-05 2.71937e-05 1.90362e-05 1.31918e-05 9.05777e-06 6.17601e-06 4.2047e-06 2.89501e-06 2.07231e-06 1.62183e-06 
2.12759e-06 2.33173e-06 2.97373e-06 4.14491e-06 6.00657e-06 8.80369e-06 1.28846e-05 1.87265e-05 2.69673e-05 3.84437e-05 5.42343e-05 7.57083e-05 0.000104577 0.000142945 0.000193365 0.000258877 0.000343051 0.000450001 0.000584389 0.000751397 0.000956675 0.00120625 0.00150639 0.00186345 0.00228366 0.00277291 0.00333646 0.00397865 0.00470267 0.00551022 0.00640127 0.00737383 0.00842382 0.00954488 0.0107284 0.0119635 0.0132373 0.0145348 0.0158397 0.0171342 0.0183997 0.0196173 0.020768 0.0218334 0.0227962 0.0236404 0.0243516 0.0249179 0.0253295 0.0255793 0.0256631 0.0255793 0.0253295 0.0249179 0.0243516 0.0236404 0.0227962 0.0218334 0.020768 0.0196173 0.0183997 0.0171342 0.0158397 0.0145348 0.0132373 0.0119635 0.0107284 0.00954488 0.00842382 0.00737383 0.00640127 0.00551022 0.00470267 0.00397865 0.00333646 0.00277291 0.00228366 0.00186345 0.00150639 0.00120625 0.000956675 0.000751397 0.000584389 0.000450001 0.000343051 0.000258877 0.000193365 0.000142945 0.000104577 7.57083e-05 5.42343e-05 3.84437e-05 2.69673e-05 1.87265e-05 1.28846e-05 8.80369e-06 6.00657e-06 4.14491e-06 2.97373e-06 2.33173e-06 
3.02964e-06 3.31771e-06 4.2231e-06 5.87296e-06 8.49155e-06 1.24189e-05 1.81373e-05 2.63059e-05 3.78035e-05 5.37787e-05 7.57083e-05 0.00010546 0.00014536 0.00019826 0.000267603 0.000357477 0.000472657 0.000618625 0.000801562 0.00102831 0.00130627 0.00164331 0.00204755 0.00252716 0.00309009 0.00374373 0.00449462 0.00534804 0.00630767 0.00737523 0.00855017 0.0098294 0.0112071 0.0126745 0.0142201 0.0158296 0.0174858 0.0191696 0.0208596 0.0225331 0.0241664 0.0257354 0.0272161 0.0285853 0.0298212 0.0309037 0.0318151 0.0325401 0.0330669 0.0333865 0.0334937 0.0333865 0.0330669 0.0325401 0.0318151 0.0309037 0.0298212 0.0285853 0.0272161 0.0257354 0.0241664 0.0225331 0.0208596 0.0191696 0.0174858 0.0158296 0.0142201 0.0126745 0.0112071 0.0098294 0.00855017 0.00737523 0.00630767 0.00534804 0.00449462 0.00374373 0.00309009 0.00252716 0.00204755 0.00164331 0.00130627 0.00102831 0.000801562 0.000618625 0.000472657 0.000357477 0.000267603 0.00019826 0.00014536 0.00010546 7.57083e-05 5.37787e-05 3.78035e-05 2.63059e-05 1.81373e-05 1.24189e-05 8.49155e-06 5.87296e-06 4.2231e-06 3.31771e-06 
4.26958e-06 4.67184e-06 5.93536e-06 8.23527e-06 1.18801e-05 1.73366e-05 2.52656e-05 3.65677e-05 5.24402e-05 7.44435e-05 0.000104577 0.00014536 0.00019992 0.000272079 0.000366427 0.000488398 0.000644306 0.000841372 0.00108769 0.00139218 0.00176444 0.00221459 0.00275301 0.00339007 0.00413573 0.00499918 0.00598838 0.00710957 0.00836689 0.00976188 0.0112932 0.012956 0.0147424 0.0166404 0.0186348 0.0207067 0.0228342 0.0249925 0.0271544 0.0292912 0.031373 0.0333695 0.0352509 0.0369884 0.0385547 0.0399253 0.0410781 0.0419947 0.0426602 0.0430639 0.0431992 0.0430639 0.0426602 0.0419947 0.0410781 0.0399253 0.0385547 0.0369884 0.0352509 0.0333695 0.031373 0.0292912 0.0271544 0.0249925 0.0228342 0.0207067 0.0186348 0.0166404 0.0147424 0.012956 0.0112932 0.00976188 0.00836689 0.00710957 0.00598838 0.00499918 0.00413573 0.00339007 0.00275301 0.00221459 0.00176444 0.00139218 0.00108769 0.000841372 0.000644306 0.000488398 0.000366427 0.000272079 0.00019992 0.00014536 0.000104577 7.44435e-05 5.24402e-05 3.65677e-05 2.52656e-05 1.73366e-05 1.18801e-05 8.23527e-06 5.93536e-06 4.67184e-06 
5.95509e-06 6.51096e-06 8.25595e-06 1.14287e-05 1.64491e-05 2.39513e-05 3.48308e-05 5.0305e-05 7.19876e-05 0.000101975 0.000142945 0.00019826 0.000272079 0.000369461 0.000496465 0.000660224 0.000869 0.00113218 0.00146026 0.00186471 0.00235781 0.00295243 0.00366167 0.00449847 0.00547518 0.00660299 0.00789139 0.00934764 0.0109761 0.012778 0.0147505 0.0168868 0.0191757 0.0216016 0.0241443 0.0267795 0.0294792 0.0322119 0.0349435 0.0376381 0.0402584 0.0427672 0.0451276 0.0473043 0.0492642 0.0509773 0.0524169 0.0535607 0.0543907 0.054894 0.0550626 0.054894 0.0543907 0.0535607 0.0524169 0.0509773 0.0492642 0.0473043 0.0451276 0.0427672 0.0402584 0.0376381 0.0349435 0.0322119 0.0294792 0.0267795 0.0241443 0.0216016 0.0191757 0.0168868 0.0147505 0.012778 0.0109761 0.00934764 0.00789139 0.00660299 0.00547518 0.00449847 0.00366167 0.00295243 0.00235781 0.00186471 0.00146026 0.00113218 0.000869 0.000660224 0.000496465 0.000369461 0.000272079 0.00019826 0.000142945 0.000101975 7.19876e-05 5.0305e-05 3.48308e-05 2.39513e-05 1.64491e-05 1.14287e-05 8.25595e-06 6.51096e-06 
8.22099e-06 8.9812e-06 1.13662e-05 1.56979e-05 2.25416e-05 3.27495e-05 4.75226e-05 6.8489e-05 9.78004e-05 0.000138243 0.000193365 0.000267603 0.000366427 0.000496465 0.000665617 0.000883151 0.00115974 0.00150747 0.00193975 0.00247117 0.00311726 0.00389416 0.00481817 0.00590525 0.00717041 0.00862708 0.0102864 0.0121564 0.0142417 0.0165424 0.0190539 0.0217665 0.0246651 0.0277288 0.0309319 0.0342434 0.0376277 0.0410456 0.0444546 0.0478105 0.0510677 0.0541806 0.0571047 0.0597972 0.0622185 0.0643323 0.066107 0.0675159 0.0685377 0.069157 0.0693645 0.069157 0.0685377 0.0675159 0.066107 0.0643323 0.0622185 0.0597972 0.0571047 0.0541806 0.0510677 0.0478105 0.0444546 0.0410456 0.0376277 0.0342434 0.0309319 0.0277288 0.0246651 0.0217665 0.0190539 0.0165424 0.0142417 0.0121564 0.0102864 0.00862708 0.00717041 0.00590525 0.00481817 0.00389416 0.00311726 0.00247117 0.00193975 0.00150747 0.00115974 0.000883151 0.000665617 0.000496465 0.000366427 0.000267603 0.000193365 0.000138243 9.78004e-05 6.8489e-05 4.75226e-05 3.27495e-05 2.25416e-05 1.56979e-05 1.13662e-05 8.9812e-06 
1.12336e-05 1.22626e-05 1.54891e-05 2.13423e-05 3.05756e-05 4.43225e-05 6.41763e-05 9.22914e-05 0.000131506 0.000185486 0.000258877 0.000357477 0.000488398 0.000660224 0.000883151 0.00116907 0.00153163 0.00198619 0.0025497 0.00324049 0.00407794 0.00508203 0.00627277 0.00766954 0.00929034 0.011151 0.0132641 0.0156386 0.0182786 0.0211828 0.024344 0.0277486 0.0313763 0.0352003 0.0391876 0.043299 0.0474905 0.0517134 0.0559159 0.060044 0.0640426 0.0678569 0.0714337 0.0747222 0.0776753 0.0802504 0.0824102 0.0841233 0.0853651 0.0861174 0.0863694 0.0861174 0.0853651 0.0841233 0.0824102 0.0802504 0.0776753 0.0747222 0.0714337 0.0678569 0.0640426 0.060044 0.0559159 0.0517134 0.0474905 0.043299 0.0391876 0.0352003 0.0313763 0.0277486 0.024344 0.0211828 0.0182786 0.0156386 0.0132641 0.011151 0.00929034 0.00766954 0.00627277 0.00508203 0.00407794 0.00324049 0.0025497 0.00198619 0.00153163 0.00116907 0.000883151 0.000660224 0.000488398 0.000357477 0.000258877 0.000185486 0.000131506 9.22914e-05 6.41763e-05 4.43225e-05 3.05756e-05 2.13423e-05 1.54891e-05 1.22626e-05 
1.51952e-05 1.65738e-05 2.08941e-05 2.87228e-05 4.10533e-05 5.93774e-05 8.57869e-05 0.000123103 0.000175031 0.000246338 0.000343051 0.000472657 0.000644306 0.000869 0.00115974 0.00153163 0.00200191 0.00258988 0.0033167 0.00420514 0.00527906 0.0065629 0.00808086 0.00985614 0.0119099 0.0142605 0.0169219 0.0199035 0.0232083 0.026833 0.0307667 0.0349907 0.0394785 0.0441958 0.0491009 0.0541451 0.0592742 0.0644289 0.0695465 0.0745621 0.0794103 0.084026 0.0883464 0.0923122 0.0958683 0.0989654 0.10156 0.103617 0.105106 0.106008 0.106311 0.106008 0.105106 0.103617 0.10156 0.0989654 0.0958683 0.0923122 0.0883464 0.084026 0.0794103 0.0745621 0.0695465 0.0644289 0.0592742 0.0541451 0.0491009 0.0441958 0.0394785 0.0349907 0.0307667 0.026833 0.0232083 0.0199035 0.0169219 0.0142605 0.0119099 0.00985614 0.00808086 0.0065629 0.00527906 0.00420514 0.0033167 0.00258988 0.00200191 0.00153163 0.00115974 0.000869 0.000644306 0.000472657 0.000343051 0.000246338 0.000175031 0.000123103 8.57869e-05 5.93774e-05 4.10533e-05 2.87228e-05 2.08941e-05 1.65738e-05 
2.03475e-05 2.2176e-05 2.79025e-05 3.82678e-05 5.4568e-05 7.87465e-05 0.000113521 0.000162548 0.000230612 0.000323853 0.000450001 0.000618625 0.000841372 0.00113218 0.00150747 0.00198619 0.00258988 0.00334249 0.00427018 0.00540084 0.00676352 0.00838766 0.0103022 0.0125344 0.0151088 0.0180461 0.0213615 0.0250642 0.0291556 0.033629 0.0384688 0.04365 0.0491383 0.0548902 0.060854 0.0669698 0.0731717 0.0793883 0.085545 0.0915649 0.0973709 0.102887 0.108041 0.112763 0.116992 0.120669 0.123747 0.126184 0.127948 0.129016 0.129374 0.129016 0.127948 0.126184 0.123747 0.120669 0.116992 0.112763 0.108041 0.102887 0.0973709 0.0915649 0.085545 0.0793883 0.0731717 0.0669698 0.060854 0.0548902 0.0491383 0.04365 0.0384688 0.033629 0.0291556 0.0250642 0.0213615 0.0180461 0.0151088 0.0125344 0.0103022 0.00838766 0.00676352 0.00540084 0.00427018 0.00334249 0.00258988 0.00198619 0.00150747 0.00113218 0.000841372 0.000618625 0.000450001 0.000323853 0.000230612 0.000162548 0.000113521 7.87465e-05 5.4568e-05 3.82678e-05 2.79025e-05 2.2176e-05 
2.69755e-05 2.93764e-05 3.68908e-05 5.04771e-05 7.18096e-05 0.000103393 0.000148724 0.00021249 0.00030081 0.000421505 0.000584389 0.000801562 0.00108769 0.00146026 0.00193975 0.0025497 0.0033167 0.00427018 0.00544203 0.00686605 0.00857712 0.0106103 0.0129996 0.0157766 0.0189694 0.0226005 0.0266861 0.0312343 0.0362439 0.0417038 0.0475922 0.0538761 0.0605119 0.0674453 0.0746124 0.0819411 0.0893519 0.0967604 0.104078 0.111216 0.118084 0.124596 0.130668 0.136221 0.141186 0.145497 0.149102 0.151953 0.154015 0.155263 0.155681 0.155263 0.154015 0.151953 0.149102 0.145497 0.141186 0.136221 0.130668 0.124596 0.118084 0.111216 0.104078 0.0967604 0.0893519 0.0819411 0.0746124 0.0674453 0.0605119 0.0538761 0.0475922 0.0417038 0.0362439 0.0312343 0.0266861 0.0226005 0.0189694 0.0157766 0.0129996 0.0106103 0.00857712 0.00686605 0.00544203 0.00427018 0.0033167 0.0025497 0.00193975 0.00146026 0.00108769 0.000801562 0.000584389 0.000421505 0.00030081 0.00021249 0.000148724 0.000103393 7.18096e-05 5.04771e-05 3.68908e-05 2.93764e-05 
3.54088e-05 3.853e-05 4.82929e-05 6.59247e-05 9.35662e-05 0.000134414 0.00019292 0.000275032 0.000388497 0.000543175 0.000751397 0.00102831 0.00139218 0.00186471 0.00247117 0.00324049 0.00420514 0.00540084 0.00686605 0.00864119 0.0107677 0.0132866 0.0162374 0.0196563 0.0235743 0.0280158 0.0329969 0.0385238 0.0445914 0.0511827 0.0582681 0.0658049 0.0737382 0.0820012 0.0905163 0.099197 0.107949 0.116674 0.125269 0.133631 0.141658 0.14925 0.156315 0.162765 0.168521 0.173513 0.177681 0.180974 0.183355 0.184795 0.185276 0.184795 0.183355 0.180974 0.177681 0.173513 0.168521 0.162765 0.156315 0.14925 0.141658 0.133631 0.125269 0.116674 0.107949 0.099197 0.0905163 0.0820012 0.0737382 0.0658049 0.0582681 0.0511827 0.0445914 0.0385238 0.0329969 0.0280158 0.0235743 0.0196563 0.0162374 0.0132866 0.0107677 0.00864119 0.00686605 0.00540084 0.00420514 0.00324049 0.00247117 0.00186471 0.00139218 0.00102831 0.000751397 0.000543175 0.000388497 0.000275032 0.00019292 0.000134414 9.35662e-05 6.59247e-05 4.82929e-05 3.853e-05 
4.60227e-05 5.00403e-05 6.25999e-05 8.52571e-05 0.000120722 0.000173033 0.0002478 0.000352501 0.000496836 0.000693117 0.000956675 0.00130627 0.00176444 0.00235781 0.00311726 0.00407794 0.00527906 0.00676352 0.00857712 0.0107677 0.0133836 0.0164727 0.0200798 0.0242455 0.0290037 0.0343799 0.040389 0.0470342 0.054305 0.0621768 0.0706101 0.0795507 0.0889305 0.0986681 0.108671 0.118836 0.129054 0.139209 0.149185 0.158865 0.168133 0.176879 0.184999 0.192398 0.198989 0.204696 0.209455 0.213212 0.215925 0.217565 0.218113 0.217565 0.215925 0.213212 0.209455 0.204696 0.198989 0.192398 0.184999 0.176879 0.168133 0.158865 0.149185 0.139209 0.129054 0.118836 0.108671 0.0986681 0.0889305 0.0795507 0.0706101 0.0621768 0.054305 0.0470342 0.040389 0.0343799 0.0290037 0.0242455 0.0200798 0.0164727 0.0133836 0.0107677 0.00857712 0.00676352 0.00527906 0.00407794 0.00311726 0.00235781 0.00176444 0.00130627 0.000956675 0.000693117 0.000496836 0.000352501 0.0002478 0.000173033 0.000120722 8.52571e-05 6.25999e-05 5.00403e-05 
5.92358e-05 6.4357e-05 8.03573e-05 0.000109189 0.000154249 0.000220591 0.000315212 0.000447418 0.000629239 0.00087589 0.00120625 0.00164331 0.00221459 0.00295243 0.00389416 0.00508203 0.0065629 0.00838766 0.0106103 0.0132866 0.0164727 0.0202229 0.0245878 0.0296121 0.0353319 0.0417727 0.0489474 0.0568541 0.0654754 0.0747768 0.0847073 0.095199 0.106168 0.117518 0.129137 0.140906 0.152699 0.164385 0.17583 0.186903 0.197477 0.207431 0.216652 0.225036 0.23249 0.238934 0.2443 0.248532 0.251585 0.253429 0.254046 0.253429 0.251585 0.248532 0.2443 0.238934 0.23249 0.225036 0.216652 0.207431 0.197477 0.186903 0.17583 0.164385 0.152699 0.140906 0.129137 0.117518 0.106168 0.095199 0.0847073 0.0747768 0.0654754 0.0568541 0.0489474 0.0417727 0.0353319 0.0296121 0.0245878 0.0202229 0.0164727 0.0132866 0.0106103 0.00838766 0.0065629 0.00508203 0.00389416 0.00295243 0.00221459 0.00164331 0.00120625 0.00087589 0.000629239 0.000447418 0.000315212 0.000220591 0.000154249 0.000109189 8.03573e-05 6.4357e-05 
7.5506e-05 8.19712e-05 0.000102158 0.000138494 0.000195196 0.000278521 0.00039712 0.000562455 0.000789301 0.00109628 0.00150639 0.00204755 0.00275301 0.00366167 0.00481817 0.00627277 0.00808086 0.0103022 0.0129996 0.0162374 0.0200798 0.0245878 0.0298176 0.0358172 0.0426241 0.0502627 0.058742 0.0680537 0.0781709 0.0890476 0.100619 0.1128 0.125491 0.138575 0.151925 0.165401 0.17886 0.192153 0.205133 0.217654 0.229577 0.240772 0.251117 0.260502 0.26883 0.276017 0.281993 0.2867 0.290093 0.292141 0.292826 0.292141 0.290093 0.2867 0.281993 0.276017 0.26883 0.260502 0.251117 0.240772 0.229577 0.217654 0.205133 0.192153 0.17886 0.165401 0.151925 0.138575 0.125491 0.1128 0.100619 0.0890476 0.0781709 0.0680537 0.058742 0.0502627 0.0426241 0.0358172 0.0298176 0.0245878 0.0200798 0.0162374 0.0129996 0.0103022 0.00808086 0.00627277 0.00481817 0.00366167 0.00275301 0.00204755 0.00150639 0.00109628 0.000789301 0.000562455 0.00039712 0.000278521 0.000195196 0.000138494 0.000102158 8.19712e-05 
9.53233e-05 0.000103407 0.000128634 0.000173992 0.000244663 0.000348328 0.000495569 0.000700375 0.000980714 0.00135915 0.00186345 0.00252716 0.00339007 0.00449847 0.00590525 0.00766954 0.00985614 0.0125344 0.0157766 0.0196563 0.0242455 0.0296121 0.0358172 0.0429115 0.0509326 0.0599023 0.0698238 0.0806802 0.092433 0.105022 0.118366 0.132362 0.146891 0.161816 0.176988 0.192252 0.207443 0.222396 0.23695 0.250947 0.264236 0.276679 0.288147 0.298528 0.30772 0.315639 0.322213 0.327384 0.331108 0.333355 0.334106 0.333355 0.331108 0.327384 0.322213 0.315639 0.30772 0.298528 0.288147 0.276679 0.264236 0.250947 0.23695 0.222396 0.207443 0.192252 0.176988 0.161816 0.146891 0.132362 0.118366 0.105022 0.092433 0.0806802 0.0698238 0.0599023 0.0509326 0.0429115 0.0358172 0.0296121 0.0242455 0.0196563 0.0157766 0.0125344 0.00985614 0.00766954 0.00590525 0.00449847 0.00339007 0.00252716 0.00186345 0.00135915 0.000980714 0.000700375 0.000495569 0.000348328 0.000244663 0.000173992 0.000128634 0.000103407 
0.000119199 0.000129211 0.000160439 0.000216525 0.000303781 0.000431538 0.000612626 0.000863953 0.00120716 0.00166933 0.00228366 0.00309009 0.00413573 0.00547518 0.00717041 0.00929034 0.0119099 0.0151088 0.0189694 0.0235743 0.0290037 0.0353319 0.0426241 0.0509326 0.0602938 0.0707246 0.0822206 0.0947538 0.108272 0.122697 0.13793 0.153848 0.17031 0.187157 0.204221 0.221323 0.238284 0.254922 0.27106 0.28653 0.301173 0.314844 0.327411 0.338757 0.348783 0.357402 0.364546 0.370158 0.374196 0.37663 0.377443 0.37663 0.374196 0.370158 0.364546 0.357402 0.348783 0.338757 0.327411 0.314844 0.301173 0.28653 0.27106 0.254922 0.238284 0.221323 0.204221 0.187157 0.17031 0.153848 0.13793 0.122697 0.108272 0.0947538 0.0822206 0.0707246 0.0602938 0.0509326 0.0426241 0.0353319 0.0290037 0.0235743 0.0189694 0.0151088 0.0119099 0.00929034 0.00717041 0.00547518 0.00413573 0.00309009 0.00228366 0.00166933 0.00120716 0.000863953 0.000612626 0.000431538 0.000303781 0.000216525 0.000160439 0.000129211 
0.00014765 0.000159936 0.000198231 0.000266938 0.000373669 0.000529658 0.000750313 0.00105588 0.00147218 0.00203143 0.00277291 0.00374373 0.00499918 0.00660299 0.00862708 0.011151 0.0142605 0.0180461 0.0226005 0.0280158 0.0343799 0.0417727 0.0502627 0.0599023 0.0707246 0.08274 0.0959337 0.110264 0.125662 0.142031 0.15925 0.177174 0.195638 0.214461 0.233454 0.252418 0.271154 0.289467 0.307168 0.324079 0.340033 0.354883 0.368495 0.380754 0.39156 0.400832 0.408502 0.414519 0.418844 0.42145 0.42232 0.42145 0.418844 0.414519 0.408502 0.400832 0.39156 0.380754 0.368495 0.354883 0.340033 0.324079 0.307168 0.289467 0.271154 0.252418 0.233454 0.214461 0.195638 0.177174 0.15925 0.142031 0.125662 0.110264 0.0959337 0.08274 0.0707246 0.0599023 0.0502627 0.0417727 0.0343799 0.0280158 0.0226005 0.0180461 0.0142605 0.011151 0.00862708 0.00660299 0.00499918 0.00374373 0.00277291 0.00203143 0.00147218 0.00105588 0.000750313 0.000529658 0.000373669 0.000266938 0.000198231 0.000159936 
0.000181184 0.00019612 0.00024265 0.000326042 0.000455396 0.000644113 0.000910525 0.00127865 0.00177903 0.00244959 0.00333646 0.00449462 0.00598838 0.00789139 0.0102864 0.0132641 0.0169219 0.0213615 0.0266861 0.0329969 0.040389 0.0489474 0.058742 0.0698238 0.0822206 0.0959337 0.110935 0.127168 0.144542 0.162941 0.182218 0.202205 0.222712 0.243536 0.264463 0.285277 0.305762 0.325708 0.344916 0.363202 0.380396 0.396348 0.410926 0.424019 0.435532 0.445389 0.453528 0.459903 0.46448 0.467235 0.468155 0.467235 0.46448 0.459903 0.453528 0.445389 0.435532 0.424019 0.410926 0.396348 0.380396 0.363202 0.344916 0.325708 0.305762 0.285277 0.264463 0.243536 0.222712 0.202205 0.182218 0.162941 0.144542 0.127168 0.110935 0.0959337 0.0822206 0.0698238 0.058742 0.0489474 0.040389 0.0329969 0.0266861 0.0213615 0.0169219 0.0132641 0.0102864 0.00789139 0.00598838 0.00449462 0.00333646 0.00244959 0.00177903 0.00127865 0.000910525 0.000644113 0.000455396 0.000326042 0.00024265 0.00019612 
0.000220275 0.000238267 0.000294288 0.000394584 0.000549935 0.000776181 0.00109494 0.00153445 0.00213049 0.00292735 0.00397865 0.00534804 0.00710957 0.00934764 0.0121564 0.0156386 0.0199035 0.0250642 0.0312343 0.0385238 0.0470342 0.0568541 0.0680537 0.0806802 0.0947538 0.110264 0.127168 0.145388 0.164814 0.185302 0.206683 0.228761 0.251321 0.274136 0.29697 0.319589 0.34176 0.363264 0.383892 0.403457 0.421788 0.438738 0.45418 0.468007 0.480135 0.490493 0.49903 0.505706 0.510493 0.513372 0.514333 0.513372 0.510493 0.505706 0.49903 0.490493 0.480135 0.468007 0.45418 0.438738 0.421788 0.403457 0.383892 0.363264 0.34176 0.319589 0.29697 0.274136 0.251321 0.228761 0.206683 0.185302 0.164814 0.145388 0.127168 0.110264 0.0947538 0.0806802 0.0680537 0.0568541 0.0470342 0.0385238 0.0312343 0.0250642 0.0199035 0.0156386 0.0121564 0.00934764 0.00710957 0.00534804 0.00397865 0.00292735 0.00213049 0.00153445 0.00109494 0.000776181 0.000549935 0.000394584 0.000294288 0.000238267 
0.000265342 0.00028682 0.000353659 0.000473203 0.000658103 0.000926922 0.00130492 0.00182501 0.00252875 0.00346737 0.00470267 0.00630767 0.00836689 0.0109761 0.0142417 0.0182786 0.0232083 0.0291556 0.0362439 0.0445914 0.054305 0.0654754 0.0781709 0.092433 0.108272 0.125662 0.144542 0.164814 0.18634 0.208953 0.232453 0.256619 0.281209 0.305972 0.330652 0.354997 0.37876 0.401714 0.423645 0.444364 0.463705 0.481525 0.497705 0.51215 0.524783 0.535547 0.5444 0.55131 0.556259 0.559233 0.560225 0.559233 0.556259 0.55131 0.5444 0.535547 0.524783 0.51215 0.497705 0.481525 0.463705 0.444364 0.423645 0.401714 0.37876 0.354997 0.330652 0.305972 0.281209 0.256619 0.232453 0.208953 0.18634 0.164814 0.144542 0.125662 0.108272 0.092433 0.0781709 0.0654754 0.054305 0.0445914 0.0362439 0.0291556 0.0232083 0.0182786 0.0142417 0.0109761 0.00836689 0.00630767 0.00470267 0.00346737 0.00252875 0.00182501 0.00130492 0.000926922 0.000658103 0.000473203 0.000353659 0.00028682 
0.000316721 0.000342132 0.000421169 0.000562389 0.000780515 0.0010971 0.00154142 0.00215149 0.00297517 0.00407121 0.00551022 0.00737523 0.00976188 0.012778 0.0165424 0.0211828 0.026833 0.033629 0.0417038 0.0511827 0.0621768 0.0747768 0.0890476 0.105022 0.122697 0.142031 0.162941 0.185302 0.208953 0.233695 0.259301 0.28552 0.312085 0.338722 0.365154 0.391113 0.416344 0.440611 0.463701 0.485426 0.505626 0.524169 0.540946 0.555875 0.568893 0.579956 0.589034 0.596108 0.601166 0.604203 0.605216 0.604203 0.601166 0.596108 0.589034 0.579956 0.568893 0.555875 0.540946 0.524169 0.505626 0.485426 0.463701 0.440611 0.416344 0.391113 0.365154 0.338722 0.312085 0.28552 0.259301 0.233695 0.208953 0.185302 0.162941 0.142031 0.122697 0.105022 0.0890476 0.0747768 0.0621768 0.0511827 0.0417038 0.033629 0.026833 0.0211828 0.0165424 0.012778 0.00976188 0.00737523 0.00551022 0.00407121 0.00297517 0.00215149 0.00154142 0.0010971 0.000780515 0.000562389 0.000421169 0.000342132 
0.000374641 0.00040444 0.00049708 0.000662444 0.000917518 0.00128713 0.00180489 0.00251436 0.00347016 0.00473914 0.00640127 0.00855017 0.0112932 0.0147505 0.0190539 0.024344 0.0307667 0.0384688 0.0475922 0.0582681 0.0706101 0.0847073 0.100619 0.118366 0.13793 0.15925 0.182218 0.206683 0.232453 0.259301 0.286968 0.315175 0.34363 0.372034 0.400095 0.427531 0.454079 0.479499 0.503582 0.526145 0.547038 0.566141 0.583361 0.598632 0.611907 0.623156 0.632366 0.639527 0.644641 0.647708 0.64873 0.647708 0.644641 0.639527 0.632366 0.623156 0.611907 0.598632 0.583361 0.566141 0.547038 0.526145 0.503582 0.479499 0.454079 0.427531 0.400095 0.372034 0.34363 0.315175 0.286968 0.259301 0.232453 0.206683 0.182218 0.15925 0.13793 0.118366 0.100619 0.0847073 0.0706101 0.0582681 0.0475922 0.0384688 0.0307667 0.024344 0.0190539 0.0147505 0.0112932 0.00855017 0.00640127 0.00473914 0.00347016 0.00251436 0.00180489 0.00128713 0.000917518 0.000662444 0.00049708 0.00040444 
0.000439193 0.000473834 0.000581475 0.000773435 0.00106915 0.00149696 0.00209517 0.00291324 0.00401303 0.00546995 0.00737383 0.0098294 0.012956 0.0168868 0.0217665 0.0277486 0.0349907 0.04365 0.0538761 0.0658049 0.0795507 0.095199 0.1128 0.132362 0.153848 0.177174 0.202205 0.228761 0.256619 0.28552 0.315175 0.345277 0.375507 0.405548 0.43509 0.463841 0.491534 0.517929 0.542822 0.566041 0.58745 0.606943 0.624447 0.639913 0.653313 0.664634 0.673879 0.681053 0.686168 0.689232 0.690252 0.689232 0.686168 0.681053 0.673879 0.664634 0.653313 0.639913 0.624447 0.606943 0.58745 0.566041 0.542822 0.517929 0.491534 0.463841 0.43509 0.405548 0.375507 0.345277 0.315175 0.28552 0.256619 0.228761 0.202205 0.177174 0.153848 0.132362 0.1128 0.095199 0.0795507 0.0658049 0.0538761 0.04365 0.0349907 0.0277486 0.0217665 0.0168868 0.012956 0.0098294 0.00737383 0.00546995 0.00401303 0.00291324 0.00209517 0.00149696 0.00106915 0.000773435 0.000581475 0.000473834 
0.000510311 0.000550235 0.000674232 0.000895164 0.00123508 0.00172607 0.00241142 0.00334686 0.00460186 0.00626081 0.00842382 0.0112071 0.0147424 0.0191757 0.0246651 0.0313763 0.0394785 0.0491383 0.0605119 0.0737382 0.0889305 0.106168 0.125491 0.146891 0.17031 0.195638 0.222712 0.251321 0.281209 0.312085 0.34363 0.375507 0.407376 0.438899 0.469754 0.499642 0.528293 0.555473 0.580985 0.604673 0.626415 0.646127 0.663754 0.679269 0.692663 0.703945 0.713132 0.720246 0.725308 0.728337 0.729345 0.728337 0.725308 0.720246 0.713132 0.703945 0.692663 0.679269 0.663754 0.646127 0.626415 0.604673 0.580985 0.555473 0.528293 0.499642 0.469754 0.438899 0.407376 0.375507 0.34363 0.312085 0.281209 0.251321 0.222712 0.195638 0.17031 0.146891 0.125491 0.106168 0.0889305 0.0737382 0.0605119 0.0491383 0.0394785 0.0313763 0.0246651 0.0191757 0.0147424 0.0112071 0.00842382 0.00626081 0.00460186 0.00334686 0.00241142 0.00172607 0.00123508 0.000895164 0.000674232 0.000550235 
0.000587746 0.000633369 0.000774999 0.00102713 0.00141457 0.00197338 0.00275208 0.00381295 0.00523341 0.00710714 0.00954488 0.0126745 0.0166404 0.0216016 0.0277288 0.0352003 0.0441958 0.0548902 0.0674453 0.0820012 0.0986681 0.117518 0.138575 0.161816 0.187157 0.214461 0.243536 0.274136 0.305972 0.338722 0.372034 0.405548 0.438899 0.471734 0.503721 0.534555 0.56397 0.591739 0.617678 0.641646 0.663542 0.683304 0.700899 0.716323 0.729589 0.740725 0.749767 0.756752 0.761713 0.764678 0.765665 0.764678 0.761713 0.756752 0.749767 0.740725 0.729589 0.716323 0.700899 0.683304 0.663542 0.641646 0.617678 0.591739 0.56397 0.534555 0.503721 0.471734 0.438899 0.405548 0.372034 0.338722 0.305972 0.274136 0.243536 0.214461 0.187157 0.161816 0.138575 0.117518 0.0986681 0.0820012 0.0674453 0.0548902 0.0441958 0.0352003 0.0277288 0.0216016 0.0166404 0.0126745 0.00954488 0.00710714 0.00523341 0.00381295 0.00275208 0.00197338 0.00141457 0.00102713 0.000774999 0.000633369 
0.000671054 0.000722751 0.000883172 0.00116851 0.00160648 0.00223726 0.0031148 0.0043082 0.00590306 0.00800262 0.0107284 0.0142201 0.0186348 0.0241443 0.0309319 0.0391876 0.0491009 0.060854 0.0746124 0.0905163 0.108671 0.129137 0.151925 0.176988 0.204221 0.233454 0.264463 0.29697 0.330652 0.365154 0.400095 0.43509 0.469754 0.503721 0.53665 0.568237 0.59822 0.626384 0.65256 0.676627 0.698507 0.71816 0.735579 0.750783 0.763808 0.774703 0.783521 0.790316 0.795132 0.798007 0.798963 0.798007 0.795132 0.790316 0.783521 0.774703 0.763808 0.750783 0.735579 0.71816 0.698507 0.676627 0.65256 0.626384 0.59822 0.568237 0.53665 0.503721 0.469754 0.43509 0.400095 0.365154 0.330652 0.29697 0.264463 0.233454 0.204221 0.176988 0.151925 0.129137 0.108671 0.0905163 0.0746124 0.060854 0.0491009 0.0391876 0.0309319 0.0241443 0.0186348 0.0142201 0.0107284 0.00800262 0.00590306 0.0043082 0.0031148 0.00223726 0.00160648 0.00116851 0.000883172 0.000722751 
0.000759583 0.00081768 0.000997884 0.00131816 0.0018092 0.00251545 0.00349646 0.00482828 0.00660487 0.00893915 0.0119635 0.0158296 0.0207067 0.0267795 0.0342434 0.043299 0.0541451 0.0669698 0.0819411 0.099197 0.118836 0.140906 0.165401 0.192252 0.221323 0.252418 0.285277 0.319589 0.354997 0.391113 0.427531 0.463841 0.499642 0.534555 0.568237 0.600385 0.630746 0.65912 0.685355 0.709353 0.731059 0.75046 0.767573 0.782442 0.795127 0.805698 0.814225 0.820777 0.825412 0.828175 0.829092 0.828175 0.825412 0.820777 0.814225 0.805698 0.795127 0.782442 0.767573 0.75046 0.731059 0.709353 0.685355 0.65912 0.630746 0.600385 0.568237 0.534555 0.499642 0.463841 0.427531 0.391113 0.354997 0.319589 0.285277 0.252418 0.221323 0.192252 0.165401 0.140906 0.118836 0.099197 0.0819411 0.0669698 0.0541451 0.043299 0.0342434 0.0267795 0.0207067 0.0158296 0.0119635 0.00893915 0.00660487 0.00482828 0.00349646 0.00251545 0.0018092 0.00131816 0.000997884 0.00081768 
0.000852474 0.00091723 0.00111801 0.00147459 0.0020207 0.00280515 0.00389316 0.00536784 0.00733157 0.00990696 0.0132373 0.0174858 0.0228342 0.0294792 0.0376277 0.0474905 0.0592742 0.0731717 0.0893519 0.107949 0.129054 0.152699 0.17886 0.207443 0.238284 0.271154 0.305762 0.34176 0.37876 0.416344 0.454079 0.491534 0.528293 0.56397 0.59822 0.630746 0.661308 0.689718 0.71585 0.739627 0.761022 0.780045 0.796742 0.81118 0.823443 0.833621 0.841803 0.848071 0.852495 0.855127 0.856001 0.855127 0.852495 0.848071 0.841803 0.833621 0.823443 0.81118 0.796742 0.780045 0.761022 0.739627 0.71585 0.689718 0.661308 0.630746 0.59822 0.56397 0.528293 0.491534 0.454079 0.416344 0.37876 0.34176 0.305762 0.271154 0.238284 0.207443 0.17886 0.152699 0.129054 0.107949 0.0893519 0.0731717 0.0592742 0.0474905 0.0376277 0.0294792 0.0228342 0.0174858 0.0132373 0.00990696 0.00733157 0.00536784 0.00389316 0.00280515 0.0020207 0.00147459 0.00111801 0.00091723 
0.000948665 0.00102026 0.00124217 0.00163599 0.00223855 0.00310301 0.00430031 0.00592062 0.00807469 0.0108948 0.0145348 0.0191696 0.0249925 0.0322119 0.0410456 0.0517134 0.0644289 0.0793883 0.0967604 0.116674 0.139209 0.164385 0.192153 0.222396 0.254922 0.289467 0.325708 0.363264 0.401714 0.440611 0.479499 0.517929 0.555473 0.591739 0.626384 0.65912 0.689718 0.718014 0.743901 0.767328 0.788293 0.806836 0.823027 0.836959 0.848736 0.85847 0.866265 0.872218 0.876409 0.878899 0.879724 0.878899 0.876409 0.872218 0.866265 0.85847 0.848736 0.836959 0.823027 0.806836 0.788293 0.767328 0.743901 0.718014 0.689718 0.65912 0.626384 0.591739 0.555473 0.517929 0.479499 0.440611 0.401714 0.363264 0.325708 0.289467 0.254922 0.222396 0.192153 0.164385 0.139209 0.116674 0.0967604 0.0793883 0.0644289 0.0517134 0.0410456 0.0322119 0.0249925 0.0191696 0.0145348 0.0108948 0.00807469 0.00592062 0.00430031 0.00310301 0.00223855 0.00163599 0.00124217 0.00102026 
