1.00734e-13 1.37305e-13 2.7038e-13 5.82824e-13 1.26109e-12 2.68978e-12 5.63562e-12 1.15913e-11 2.34008e-11 4.63694e-11 9.01864e-11 1.72177e-10 3.22664e-10 5.93608e-10 1.07214e-09 1.90129e-09 3.3108e-09 5.66173e-09 9.50932e-09 1.56887e-08 2.5428e-08 4.04932e-08 6.33647e-08 9.74449e-08 1.47287e-07 2.1883e-07 3.19616e-07 4.58949e-07 6.47956e-07 8.99499e-07 1.22788e-06 1.64829e-06 2.176e-06 2.82523e-06 3.60786e-06 4.53188e-06 5.59992e-06 6.80791e-06 8.14403e-06 9.58821e-06 1.11123e-05 1.26808e-05 1.42527e-05 1.57828e-05 1.7225e-05 1.8534e-05 1.96679e-05 2.059e-05 2.12708e-05 2.16881e-05 2.18287e-05 2.16881e-05 2.12708e-05 2.059e-05 1.96679e-05 1.8534e-05 1.7225e-05 1.57828e-05 1.42527e-05 1.26808e-05 1.11123e-05 9.58821e-06 8.14403e-06 6.80791e-06 5.59992e-06 4.53188e-06 3.60786e-06 2.82523e-06 2.176e-06 1.64829e-06 1.22788e-06 8.99499e-07 6.47956e-07 4.58949e-07 3.19616e-07 2.1883e-07 1.47287e-07 9.74449e-08 6.33647e-08 4.04932e-08 2.5428e-08 1.56887e-08 9.50932e-09 5.66173e-09 3.3108e-09 1.90129e-09 1.07214e-09 5.93608e-10 3.22664e-10 1.72177e-10 9.01864e-11 4.63694e-11 2.34008e-11 1.15913e-11 5.63562e-12 2.68978e-12 1.26109e-12 5.82824e-13 2.7038e-13 1.37305e-13 
1.37305e-13 1.86899e-13 3.67172e-13 7.89713e-13 1.70514e-12 3.6293e-12 7.58806e-12 1.55737e-11 3.13724e-11 6.20284e-11 1.20373e-10 2.29283e-10 4.28693e-10 7.86822e-10 1.41774e-09 2.50812e-09 4.35685e-09 7.43226e-09 1.24521e-08 2.04926e-08 3.31313e-08 5.26286e-08 8.21494e-08 1.2602e-07 1.90012e-07 2.81627e-07 4.1036e-07 5.87885e-07 8.28118e-07 1.14709e-06 1.56254e-06 2.09328e-06 2.7581e-06 3.5744e-06 4.55657e-06 5.71415e-06 7.04996e-06 8.55846e-06 1.02246e-05 1.20231e-05 1.39187e-05 1.58676e-05 1.78185e-05 1.97161e-05 2.15032e-05 2.31241e-05 2.45274e-05 2.56682e-05 2.651e-05 2.7026e-05 2.71998e-05 2.7026e-05 2.651e-05 2.56682e-05 2.45274e-05 2.31241e-05 2.15032e-05 1.97161e-05 1.78185e-05 1.58676e-05 1.39187e-05 1.20231e-05 1.02246e-05 8.55846e-06 7.04996e-06 5.71415e-06 4.55657e-06 3.5744e-06 2.7581e-06 2.09328e-06 1.56254e-06 1.14709e-06 8.28118e-07 5.87885e-07 4.1036e-07 2.81627e-07 1.90012e-07 1.2602e-07 8.21494e-08 5.26286e-08 3.31313e-08 2.04926e-08 1.24521e-08 7.43226e-09 4.35685e-09 2.50812e-09 1.41774e-09 7.86822e-10 4.28693e-10 2.29283e-10 1.20373e-10 6.20284e-11 3.13724e-11 1.55737e-11 7.58806e-12 3.6293e-12 1.70514e-12 7.89713e-13 3.67172e-13 1.86899e-13 
2.7038e-13 3.67172e-13 7.1838e-13 1.53914e-12 3.3111e-12 7.02174e-12 1.46267e-11 2.99071e-11 6.00165e-11 1.18202e-10 2.28475e-10 4.33443e-10 8.07087e-10 1.47514e-09 2.64671e-09 4.66206e-09 8.06297e-09 1.36934e-08 2.28391e-08 3.74162e-08 6.02162e-08 9.52146e-08 1.47942e-07 2.25911e-07 3.3908e-07 5.00311e-07 7.25776e-07 1.03523e-06 1.45207e-06 2.00305e-06 2.71761e-06 3.62663e-06 4.76073e-06 6.14796e-06 7.81103e-06 9.76439e-06 1.20112e-05 1.45409e-05 1.73271e-05 2.03269e-05 2.34812e-05 2.67169e-05 2.99498e-05 3.30887e-05 3.60402e-05 3.87138e-05 4.10258e-05 4.29036e-05 4.42883e-05 4.51367e-05 4.54224e-05 4.51367e-05 4.42883e-05 4.29036e-05 4.10258e-05 3.87138e-05 3.60402e-05 3.30887e-05 2.99498e-05 2.67169e-05 2.34812e-05 2.03269e-05 1.73271e-05 1.45409e-05 1.20112e-05 9.76439e-06 7.81103e-06 6.14796e-06 4.76073e-06 3.62663e-06 2.71761e-06 2.00305e-06 1.45207e-06 1.03523e-06 7.25776e-07 5.00311e-07 3.3908e-07 2.25911e-07 1.47942e-07 9.52146e-08 6.02162e-08 3.74162e-08 2.28391e-08 1.36934e-08 8.06297e-09 4.66206e-09 2.64671e-09 1.47514e-09 8.07087e-10 4.33443e-10 2.28475e-10 1.18202e-10 6.00165e-11 2.99071e-11 1.46267e-11 7.02174e-12 3.3111e-12 1.53914e-12 7.1838e-13 3.67172e-13 
5.82824e-13 7.89713e-13 1.53914e-12 3.28566e-12 7.04383e-12 1.48861e-11 3.09005e-11 6.29582e-11 1.25886e-10 2.4702e-10 4.75683e-10 8.98974e-10 1.6674e-09 3.03547e-09 5.42421e-09 9.51513e-09 1.63873e-08 2.77122e-08 4.60216e-08 7.50659e-08 1.20276e-07 1.89339e-07 2.92881e-07 4.45249e-07 6.65331e-07 9.77375e-07 1.41166e-06 2.00495e-06 2.80045e-06 3.84726e-06 5.19897e-06 6.91136e-06 9.03918e-06 1.16319e-05 1.47288e-05 1.83537e-05 2.25097e-05 2.71745e-05 3.22976e-05 3.77989e-05 4.35696e-05 4.9476e-05 5.53655e-05 6.10734e-05 6.64321e-05 7.12795e-05 7.54665e-05 7.88641e-05 8.13677e-05 8.29009e-05 8.34172e-05 8.29009e-05 8.13677e-05 7.88641e-05 7.54665e-05 7.12795e-05 6.64321e-05 6.10734e-05 5.53655e-05 4.9476e-05 4.35696e-05 3.77989e-05 3.22976e-05 2.71745e-05 2.25097e-05 1.83537e-05 1.47288e-05 1.16319e-05 9.03918e-06 6.91136e-06 5.19897e-06 3.84726e-06 2.80045e-06 2.00495e-06 1.41166e-06 9.77375e-07 6.65331e-07 4.45249e-07 2.92881e-07 1.89339e-07 1.20276e-07 7.50659e-08 4.60216e-08 2.77122e-08 1.63873e-08 9.51513e-09 5.42421e-09 3.03547e-09 1.6674e-09 8.98974e-10 4.75683e-10 2.4702e-10 1.25886e-10 6.29582e-11 3.09005e-11 1.48861e-11 7.04383e-12 3.28566e-12 1.53914e-12 7.89713e-13 
1.26109e-12 1.70514e-12 3.3111e-12 7.04383e-12 1.50507e-11 3.17031e-11 6.55907e-11 1.33187e-10 2.65397e-10 5.18956e-10 9.95789e-10 1.87507e-09 3.46498e-09 6.28411e-09 1.11862e-08 1.95459e-08 3.35287e-08 5.64699e-08 9.33941e-08 1.51702e-07 2.42046e-07 3.79415e-07 5.84406e-07 8.8465e-07 1.31631e-06 1.92549e-06 2.76943e-06 3.91714e-06 5.4492e-06 7.45654e-06 1.00376e-05 1.32942e-05 1.73249e-05 2.22179e-05 2.80415e-05 3.4835e-05 4.25988e-05 5.12873e-05 6.08027e-05 7.09939e-05 8.16589e-05 9.25511e-05 0.00010339 0.000113877 0.000123707 0.000132587 0.000140249 0.00014646 0.000151034 0.000153834 0.000154776 0.000153834 0.000151034 0.00014646 0.000140249 0.000132587 0.000123707 0.000113877 0.00010339 9.25511e-05 8.16589e-05 7.09939e-05 6.08027e-05 5.12873e-05 4.25988e-05 3.4835e-05 2.80415e-05 2.22179e-05 1.73249e-05 1.32942e-05 1.00376e-05 7.45654e-06 5.4492e-06 3.91714e-06 2.76943e-06 1.92549e-06 1.31631e-06 8.8465e-07 5.84406e-07 3.79415e-07 2.42046e-07 1.51702e-07 9.33941e-08 5.64699e-08 3.35287e-08 1.95459e-08 1.11862e-08 6.28411e-09 3.46498e-09 1.87507e-09 9.95789e-10 5.18956e-10 2.65397e-10 1.33187e-10 6.55907e-11 3.17031e-11 1.50507e-11 7.04383e-12 3.3111e-12 1.70514e-12 
2.68978e-12 3.6293e-12 7.02174e-12 1.48861e-11 3.17031e-11 6.6562e-11 1.37257e-10 2.77779e-10 5.51638e-10 1.07493e-09 2.05534e-09 3.85629e-09 7.1e-09 1.28285e-08 2.27488e-08 3.95954e-08 6.7653e-08 1.13486e-07 1.86926e-07 3.02373e-07 4.80434e-07 7.49926e-07 1.1502e-06 1.73374e-06 2.56876e-06 3.74171e-06 5.35918e-06 7.54881e-06 1.04587e-05 1.42546e-05 1.91147e-05 2.52214e-05 3.27499e-05 4.18543e-05 5.26512e-05 6.52029e-05 7.9501e-05 9.54532e-05 0.000112874 0.000131484 0.000150911 0.000170708 0.000190369 0.000209357 0.000227127 0.000243158 0.000256974 0.000268164 0.000276399 0.000281437 0.000283132 0.000281437 0.000276399 0.000268164 0.000256974 0.000243158 0.000227127 0.000209357 0.000190369 0.000170708 0.000150911 0.000131484 0.000112874 9.54532e-05 7.9501e-05 6.52029e-05 5.26512e-05 4.18543e-05 3.27499e-05 2.52214e-05 1.91147e-05 1.42546e-05 1.04587e-05 7.54881e-06 5.35918e-06 3.74171e-06 2.56876e-06 1.73374e-06 1.1502e-06 7.49926e-07 4.80434e-07 3.02373e-07 1.86926e-07 1.13486e-07 6.7653e-08 3.95954e-08 2.27488e-08 1.28285e-08 7.1e-09 3.85629e-09 2.05534e-09 1.07493e-09 5.51638e-10 2.77779e-10 1.37257e-10 6.6562e-11 3.17031e-11 1.48861e-11 7.02174e-12 3.6293e-12 
5.63562e-12 7.58806e-12 1.46267e-11 3.09005e-11 6.55907e-11 1.37257e-10 2.82095e-10 5.68974e-10 1.12604e-09 2.18657e-09 4.16599e-09 7.78804e-09 1.4286e-08 2.57153e-08 4.54258e-08 7.87569e-08 1.34029e-07 2.23919e-07 3.67307e-07 5.91679e-07 9.36135e-07 1.45501e-06 2.22205e-06 3.33493e-06 4.91982e-06 7.13552e-06 1.01765e-05 1.42739e-05 1.9694e-05 2.67328e-05 3.57054e-05 4.69316e-05 6.07149e-05 7.73179e-05 9.69335e-05 0.000119656 0.000145453 0.000174144 0.000205384 0.000238664 0.00027332 0.000308553 0.000343473 0.000377132 0.000408582 0.000436914 0.000461301 0.000481034 0.000495544 0.000504418 0.000507404 0.000504418 0.000495544 0.000481034 0.000461301 0.000436914 0.000408582 0.000377132 0.000343473 0.000308553 0.00027332 0.000238664 0.000205384 0.000174144 0.000145453 0.000119656 9.69335e-05 7.73179e-05 6.07149e-05 4.69316e-05 3.57054e-05 2.67328e-05 1.9694e-05 1.42739e-05 1.01765e-05 7.13552e-06 4.91982e-06 3.33493e-06 2.22205e-06 1.45501e-06 9.36135e-07 5.91679e-07 3.67307e-07 2.23919e-07 1.34029e-07 7.87569e-08 4.54258e-08 2.57153e-08 1.4286e-08 7.78804e-09 4.16599e-09 2.18657e-09 1.12604e-09 5.68974e-10 2.82095e-10 1.37257e-10 6.55907e-11 3.09005e-11 1.46267e-11 7.58806e-12 
1.15913e-11 1.55737e-11 2.99071e-11 6.29582e-11 1.33187e-10 2.77779e-10 5.68974e-10 1.14367e-09 2.25554e-09 4.36434e-09 8.28526e-09 1.54319e-08 2.82016e-08 5.05701e-08 8.89845e-08 1.53665e-07 2.60453e-07 4.33344e-07 7.07871e-07 1.13544e-06 1.78875e-06 2.76813e-06 4.20891e-06 6.28907e-06 9.23699e-06 1.3338e-05 1.89391e-05 2.64496e-05 3.63374e-05 4.91181e-05 6.53361e-05 8.55379e-05 0.000110236 0.000139864 0.000174731 0.000214971 0.000260496 0.00031096 0.000365738 0.000423927 0.000484359 0.000545652 0.000606265 0.000664577 0.000718967 0.00076789 0.000809949 0.000843947 0.000868928 0.000884197 0.000889333 0.000884197 0.000868928 0.000843947 0.000809949 0.00076789 0.000718967 0.000664577 0.000606265 0.000545652 0.000484359 0.000423927 0.000365738 0.00031096 0.000260496 0.000214971 0.000174731 0.000139864 0.000110236 8.55379e-05 6.53361e-05 4.91181e-05 3.63374e-05 2.64496e-05 1.89391e-05 1.3338e-05 9.23699e-06 6.28907e-06 4.20891e-06 2.76813e-06 1.78875e-06 1.13544e-06 7.07871e-07 4.33344e-07 2.60453e-07 1.53665e-07 8.89845e-08 5.05701e-08 2.82016e-08 1.54319e-08 8.28526e-09 4.36434e-09 2.25554e-09 1.14367e-09 5.68974e-10 2.77779e-10 1.33187e-10 6.29582e-11 2.99071e-11 1.55737e-11 
2.34008e-11 3.13724e-11 6.00165e-11 1.25886e-10 2.65397e-10 5.51638e-10 1.12604e-09 2.25554e-09 4.43262e-09 8.54605e-09 1.61644e-08 2.99952e-08 5.46077e-08 9.75416e-08 1.70959e-07 2.94038e-07 4.96333e-07 8.22356e-07 1.33762e-06 2.13633e-06 3.35079e-06 5.16248e-06 7.8144e-06 1.1624e-05 1.69955e-05 2.44305e-05 3.45338e-05 4.80139e-05 6.56732e-05 8.83885e-05 0.000117077 0.000152647 0.000195941 0.000247655 0.000308265 0.000377941 0.000456478 0.000543233 0.000637102 0.000736513 0.000839471 0.000943629 0.0010464 0.00114506 0.00123691 0.00131941 0.00139023 0.00144742 0.00148941 0.00151506 0.00152369 0.00151506 0.00148941 0.00144742 0.00139023 0.00131941 0.00123691 0.00114506 0.0010464 0.000943629 0.000839471 0.000736513 0.000637102 0.000543233 0.000456478 0.000377941 0.000308265 0.000247655 0.000195941 0.000152647 0.000117077 8.83885e-05 6.56732e-05 4.80139e-05 3.45338e-05 2.44305e-05 1.69955e-05 1.1624e-05 7.8144e-06 5.16248e-06 3.35079e-06 2.13633e-06 1.33762e-06 8.22356e-07 4.96333e-07 2.94038e-07 1.70959e-07 9.75416e-08 5.46077e-08 2.99952e-08 1.61644e-08 8.54605e-09 4.43262e-09 2.25554e-09 1.12604e-09 5.51638e-10 2.65397e-10 1.25886e-10 6.00165e-11 3.13724e-11 
4.63694e-11 6.20284e-11 1.18202e-10 2.4702e-10 5.18956e-10 1.07493e-09 2.18657e-09 4.36434e-09 8.54605e-09 1.64165e-08 3.09354e-08 5.71873e-08 1.0371e-07 1.84522e-07 3.22111e-07 5.51744e-07 9.27458e-07 1.53015e-06 2.47816e-06 3.94051e-06 6.15308e-06 9.43712e-06 1.42197e-05 2.10547e-05 3.06421e-05 4.38433e-05 6.16892e-05 8.53762e-05 0.000116249 0.00015576 0.000205415 0.000266687 0.000340915 0.000429184 0.000532193 0.000650128 0.000782545 0.000928287 0.00108544 0.00125135 0.00142267 0.00159553 0.00176566 0.00192864 0.00208009 0.00221587 0.00233229 0.00242618 0.00249506 0.00253711 0.00255125 0.00253711 0.00249506 0.00242618 0.00233229 0.00221587 0.00208009 0.00192864 0.00176566 0.00159553 0.00142267 0.00125135 0.00108544 0.000928287 0.000782545 0.000650128 0.000532193 0.000429184 0.000340915 0.000266687 0.000205415 0.00015576 0.000116249 8.53762e-05 6.16892e-05 4.38433e-05 3.06421e-05 2.10547e-05 1.42197e-05 9.43712e-06 6.15308e-06 3.94051e-06 2.47816e-06 1.53015e-06 9.27458e-07 5.51744e-07 3.22111e-07 1.84522e-07 1.0371e-07 5.71873e-08 3.09354e-08 1.64165e-08 8.54605e-09 4.36434e-09 2.18657e-09 1.07493e-09 5.18956e-10 2.4702e-10 1.18202e-10 6.20284e-11 
9.01864e-11 1.20373e-10 2.28475e-10 4.75683e-10 9.95789e-10 2.05534e-09 4.16599e-09 8.28526e-09 1.61644e-08 3.09354e-08 5.80746e-08 1.06943e-07 1.93183e-07 3.42337e-07 5.95168e-07 1.01523e-06 1.69933e-06 2.79152e-06 4.50114e-06 7.12528e-06 1.10756e-05 1.69087e-05 2.53593e-05 3.73724e-05 5.41331e-05 7.70878e-05 0.000107952 0.0001487 0.000201526 0.000268782 0.00035287 0.000456111 0.000580577 0.000727892 0.000899035 0.00109414 0.00131231 0.00155151 0.00180852 0.00207894 0.00235732 0.00263741 0.00291237 0.00317516 0.00341887 0.00363698 0.00382371 0.00397414 0.00408438 0.00415165 0.00417426 0.00415165 0.00408438 0.00397414 0.00382371 0.00363698 0.00341887 0.00317516 0.00291237 0.00263741 0.00235732 0.00207894 0.00180852 0.00155151 0.00131231 0.00109414 0.000899035 0.000727892 0.000580577 0.000456111 0.00035287 0.000268782 0.000201526 0.0001487 0.000107952 7.70878e-05 5.41331e-05 3.73724e-05 2.53593e-05 1.69087e-05 1.10756e-05 7.12528e-06 4.50114e-06 2.79152e-06 1.69933e-06 1.01523e-06 5.95168e-07 3.42337e-07 1.93183e-07 1.06943e-07 5.80746e-08 3.09354e-08 1.61644e-08 8.28526e-09 4.16599e-09 2.05534e-09 9.95789e-10 4.75683e-10 2.28475e-10 1.20373e-10 
1.72177e-10 2.29283e-10 4.33443e-10 8.98974e-10 1.87507e-09 3.85629e-09 7.78804e-09 1.54319e-08 2.99952e-08 5.71873e-08 1.06943e-07 1.96162e-07 3.52934e-07 6.22887e-07 1.07843e-06 1.8318e-06 3.05293e-06 4.99311e-06 8.01509e-06 1.26302e-05 1.95417e-05 2.96938e-05 4.43225e-05 6.50056e-05 9.37043e-05 0.000132792 0.000185056 0.000253675 0.000342146 0.00045417 0.000593483 0.000763636 0.000967728 0.0012081 0.00148604 0.00180147 0.00215268 0.0025362 0.00294671 0.00337712 0.00381876 0.00426177 0.00469551 0.00510904 0.00549171 0.00583356 0.00612576 0.00636086 0.00653299 0.00663795 0.00667322 0.00663795 0.00653299 0.00636086 0.00612576 0.00583356 0.00549171 0.00510904 0.00469551 0.00426177 0.00381876 0.00337712 0.00294671 0.0025362 0.00215268 0.00180147 0.00148604 0.0012081 0.000967728 0.000763636 0.000593483 0.00045417 0.000342146 0.000253675 0.000185056 0.000132792 9.37043e-05 6.50056e-05 4.43225e-05 2.96938e-05 1.95417e-05 1.26302e-05 8.01509e-06 4.99311e-06 3.05293e-06 1.8318e-06 1.07843e-06 6.22887e-07 3.52934e-07 1.96162e-07 1.06943e-07 5.71873e-08 2.99952e-08 1.54319e-08 7.78804e-09 3.85629e-09 1.87507e-09 8.98974e-10 4.33443e-10 2.29283e-10 
3.22664e-10 4.28693e-10 8.07087e-10 1.6674e-09 3.46498e-09 7.1e-09 1.4286e-08 2.82016e-08 5.46077e-08 1.0371e-07 1.93183e-07 3.52934e-07 6.32418e-07 1.11153e-06 1.91631e-06 3.24103e-06 5.37795e-06 8.75646e-06 1.39922e-05 2.19469e-05 3.37971e-05 5.11097e-05 7.59197e-05 0.000110802 0.000158931 0.000224109 0.000310762 0.000423879 0.000568891 0.000751473 0.000977271 0.00125155 0.0015788 0.00196225 0.00240342 0.00290173 0.00345409 0.0040547 0.00469502 0.00536387 0.00604784 0.00673175 0.00739943 0.00803437 0.00862059 0.00914324 0.00958923 0.0099476 0.0102097 0.0103694 0.0104231 0.0103694 0.0102097 0.0099476 0.00958923 0.00914324 0.00862059 0.00803437 0.00739943 0.00673175 0.00604784 0.00536387 0.00469502 0.0040547 0.00345409 0.00290173 0.00240342 0.00196225 0.0015788 0.00125155 0.000977271 0.000751473 0.000568891 0.000423879 0.000310762 0.000224109 0.000158931 0.000110802 7.59197e-05 5.11097e-05 3.37971e-05 2.19469e-05 1.39922e-05 8.75646e-06 5.37795e-06 3.24103e-06 1.91631e-06 1.11153e-06 6.32418e-07 3.52934e-07 1.93183e-07 1.0371e-07 5.46077e-08 2.82016e-08 1.4286e-08 7.1e-09 3.46498e-09 1.6674e-09 8.07087e-10 4.28693e-10 
5.93608e-10 7.86822e-10 1.47514e-09 3.03547e-09 6.28411e-09 1.28285e-08 2.57153e-08 5.05701e-08 9.75416e-08 1.84522e-07 3.42337e-07 6.22887e-07 1.11153e-06 1.94536e-06 3.33949e-06 5.62333e-06 9.28942e-06 1.50565e-05 2.3948e-05 3.73858e-05 5.72963e-05 8.6225e-05 0.000127449 0.000185079 0.000264132 0.000370563 0.000511227 0.000693766 0.000926394 0.00121758 0.0015756 0.00200803 0.00252111 0.00311906 0.00380349 0.00457271 0.00542132 0.00633995 0.00731519 0.0083299 0.00936377 0.0103941 0.0113969 0.012348 0.013224 0.0140033 0.0146672 0.0151999 0.0155891 0.015826 0.0159056 0.015826 0.0155891 0.0151999 0.0146672 0.0140033 0.013224 0.012348 0.0113969 0.0103941 0.00936377 0.0083299 0.00731519 0.00633995 0.00542132 0.00457271 0.00380349 0.00311906 0.00252111 0.00200803 0.0015756 0.00121758 0.000926394 0.000693766 0.000511227 0.000370563 0.000264132 0.000185079 0.000127449 8.6225e-05 5.72963e-05 3.73858e-05 2.3948e-05 1.50565e-05 9.28942e-06 5.62333e-06 3.33949e-06 1.94536e-06 1.11153e-06 6.22887e-07 3.42337e-07 1.84522e-07 9.75416e-08 5.05701e-08 2.57153e-08 1.28285e-08 6.28411e-09 3.03547e-09 1.47514e-09 7.86822e-10 
1.07214e-09 1.41774e-09 2.64671e-09 5.42421e-09 1.11862e-08 2.27488e-08 4.54258e-08 8.89845e-08 1.70959e-07 3.22111e-07 5.95168e-07 1.07843e-06 1.91631e-06 3.33949e-06 5.70765e-06 9.56827e-06 1.57346e-05 2.53851e-05 4.01861e-05 6.24349e-05 9.52194e-05 0.000142585 0.000209696 0.000302965 0.000430147 0.000600343 0.000823917 0.00111228 0.00147752 0.00193192 0.00248727 0.00315408 0.00394065 0.0048522 0.0058899 0.00705007 0.00832363 0.00969576 0.011146 0.0126487 0.0141738 0.0156884 0.0171578 0.0185474 0.019824 0.0209572 0.0219207 0.0226927 0.023256 0.0235988 0.0237139 0.0235988 0.023256 0.0226927 0.0219207 0.0209572 0.019824 0.0185474 0.0171578 0.0156884 0.0141738 0.0126487 0.011146 0.00969576 0.00832363 0.00705007 0.0058899 0.0048522 0.00394065 0.00315408 0.00248727 0.00193192 0.00147752 0.00111228 0.000823917 0.000600343 0.000430147 0.000302965 0.000209696 0.000142585 9.52194e-05 6.24349e-05 4.01861e-05 2.53851e-05 1.57346e-05 9.56827e-06 5.70765e-06 3.33949e-06 1.91631e-06 1.07843e-06 5.95168e-07 3.22111e-07 1.70959e-07 8.89845e-08 4.54258e-08 2.27488e-08 1.11862e-08 5.42421e-09 2.64671e-09 1.41774e-09 
1.90129e-09 2.50812e-09 4.66206e-09 9.51513e-09 1.95459e-08 3.95954e-08 7.87569e-08 1.53665e-07 2.94038e-07 5.51744e-07 1.01523e-06 1.8318e-06 3.24103e-06 5.62333e-06 9.56827e-06 1.59675e-05 2.61366e-05 4.19687e-05 6.61208e-05 0.000102227 0.000155133 0.00023113 0.000338175 0.000486056 0.000686475 0.00095302 0.00130097 0.00174692 0.00230821 0.00300212 0.00384488 0.00485053 0.00602967 0.0073881 0.00892571 0.0106354 0.0125023 0.0145037 0.0166092 0.0187812 0.0209768 0.023149 0.0252492 0.0272293 0.0290433 0.03065 0.0320133 0.0331037 0.0338986 0.0343819 0.034544 0.0343819 0.0338986 0.0331037 0.0320133 0.03065 0.0290433 0.0272293 0.0252492 0.023149 0.0209768 0.0187812 0.0166092 0.0145037 0.0125023 0.0106354 0.00892571 0.0073881 0.00602967 0.00485053 0.00384488 0.00300212 0.00230821 0.00174692 0.00130097 0.00095302 0.000686475 0.000486056 0.000338175 0.00023113 0.000155133 0.000102227 6.61208e-05 4.19687e-05 2.61366e-05 1.59675e-05 9.56827e-06 5.62333e-06 3.24103e-06 1.8318e-06 1.01523e-06 5.51744e-07 2.94038e-07 1.53665e-07 7.87569e-08 3.95954e-08 1.95459e-08 9.51513e-09 4.66206e-09 2.50812e-09 
3.3108e-09 4.35685e-09 8.06297e-09 1.63873e-08 3.35287e-08 6.7653e-08 1.34029e-07 2.60453e-07 4.96333e-07 9.27458e-07 1.69933e-06 3.05293e-06 5.37795e-06 9.28942e-06 1.57346e-05 2.61366e-05 4.25808e-05 6.80467e-05 0.000106683 0.000164121 0.000247801 0.000367301 0.000534609 0.000764325 0.00107371 0.00148256 0.00201284 0.00268806 0.00353237 0.00456937 0.00582064 0.00730418 0.00903267 0.0110117 0.0132384 0.0157 0.0183733 0.021224 0.0242082 0.0272724 0.0303565 0.0333957 0.0363236 0.039075 0.0415885 0.043809 0.0456892 0.0471906 0.0482836 0.0489475 0.0491701 0.0489475 0.0482836 0.0471906 0.0456892 0.043809 0.0415885 0.039075 0.0363236 0.0333957 0.0303565 0.0272724 0.0242082 0.021224 0.0183733 0.0157 0.0132384 0.0110117 0.00903267 0.00730418 0.00582064 0.00456937 0.00353237 0.00268806 0.00201284 0.00148256 0.00107371 0.000764325 0.000534609 0.000367301 0.000247801 0.000164121 0.000106683 6.80467e-05 4.25808e-05 2.61366e-05 1.57346e-05 9.28942e-06 5.37795e-06 3.05293e-06 1.69933e-06 9.27458e-07 4.96333e-07 2.60453e-07 1.34029e-07 6.7653e-08 3.35287e-08 1.63873e-08 8.06297e-09 4.35685e-09 
5.66173e-09 7.43226e-09 1.36934e-08 2.77122e-08 5.64699e-08 1.13486e-07 2.23919e-07 4.33344e-07 8.22356e-07 1.53015e-06 2.79152e-06 4.99311e-06 8.75646e-06 1.50565e-05 2.53851e-05 4.19687e-05 6.80467e-05 0.000108213 0.000168814 0.000258391 0.000388131 0.000572296 0.000828561 0.00117821 0.0016461 0.00226039 0.00305186 0.00405292 0.00529623 0.00681295 0.00863076 0.0107716 0.0132495 0.0160684 0.0192201 0.0226832 0.0264222 0.0303875 0.0345165 0.0387356 0.0429628 0.0471109 0.0510917 0.0548196 0.0582148 0.0612062 0.0637336 0.065748 0.0672125 0.0681012 0.0683991 0.0681012 0.0672125 0.065748 0.0637336 0.0612062 0.0582148 0.0548196 0.0510917 0.0471109 0.0429628 0.0387356 0.0345165 0.0303875 0.0264222 0.0226832 0.0192201 0.0160684 0.0132495 0.0107716 0.00863076 0.00681295 0.00529623 0.00405292 0.00305186 0.00226039 0.0016461 0.00117821 0.000828561 0.000572296 0.000388131 0.000258391 0.000168814 0.000108213 6.80467e-05 4.19687e-05 2.53851e-05 1.50565e-05 8.75646e-06 4.99311e-06 2.79152e-06 1.53015e-06 8.22356e-07 4.33344e-07 2.23919e-07 1.13486e-07 5.64699e-08 2.77122e-08 1.36934e-08 7.43226e-09 
9.50932e-09 1.24521e-08 2.28391e-08 4.60216e-08 9.33941e-08 1.86926e-07 3.67307e-07 7.07871e-07 1.33762e-06 2.47816e-06 4.50114e-06 8.01509e-06 1.39922e-05 2.3948e-05 4.01861e-05 6.61208e-05 0.000106683 0.000168814 0.000262023 0.000398996 0.000596203 0.000874423 0.00125914 0.00178068 0.00247402 0.00337821 0.00453528 0.00598867 0.00778121 0.00995268 0.012537 0.0155595 0.0190339 0.0229596 0.0273201 0.0320809 0.0371896 0.0425759 0.0481537 0.0538235 0.0594767 0.0649994 0.0702779 0.0752027 0.0796734 0.0836013 0.086912 0.0895456 0.0914574 0.0926165 0.0930048 0.0926165 0.0914574 0.0895456 0.086912 0.0836013 0.0796734 0.0752027 0.0702779 0.0649994 0.0594767 0.0538235 0.0481537 0.0425759 0.0371896 0.0320809 0.0273201 0.0229596 0.0190339 0.0155595 0.012537 0.00995268 0.00778121 0.00598867 0.00453528 0.00337821 0.00247402 0.00178068 0.00125914 0.000874423 0.000596203 0.000398996 0.000262023 0.000168814 0.000106683 6.61208e-05 4.01861e-05 2.3948e-05 1.39922e-05 8.01509e-06 4.50114e-06 2.47816e-06 1.33762e-06 7.07871e-07 3.67307e-07 1.86926e-07 9.33941e-08 4.60216e-08 2.28391e-08 1.24521e-08 
1.56887e-08 2.04926e-08 3.74162e-08 7.50659e-08 1.51702e-07 3.02373e-07 5.91679e-07 1.13544e-06 2.13633e-06 3.94051e-06 7.12528e-06 1.26302e-05 2.19469e-05 3.73858e-05 6.24349e-05 0.000102227 0.000164121 0.000258391 0.000398996 0.000604397 0.00089832 0.0013104 0.00187656 0.00263905 0.00364591 0.00494997 0.00660709 0.00867384 0.0112046 0.0142482 0.0178443 0.0220197 0.026785 0.0321316 0.0380293 0.0444256 0.051245 0.0583907 0.0657472 0.0731841 0.080561 0.0877336 0.0945592 0.100903 0.106641 0.111668 0.115894 0.119248 0.12168 0.123152 0.123645 0.123152 0.12168 0.119248 0.115894 0.111668 0.106641 0.100903 0.0945592 0.0877336 0.080561 0.0731841 0.0657472 0.0583907 0.051245 0.0444256 0.0380293 0.0321316 0.026785 0.0220197 0.0178443 0.0142482 0.0112046 0.00867384 0.00660709 0.00494997 0.00364591 0.00263905 0.00187656 0.0013104 0.00089832 0.000604397 0.000398996 0.000258391 0.000164121 0.000102227 6.24349e-05 3.73858e-05 2.19469e-05 1.26302e-05 7.12528e-06 3.94051e-06 2.13633e-06 1.13544e-06 5.91679e-07 3.02373e-07 1.51702e-07 7.50659e-08 3.74162e-08 2.04926e-08 
2.5428e-08 3.31313e-08 6.02162e-08 1.20276e-07 2.42046e-07 4.80434e-07 9.36135e-07 1.78875e-06 3.35079e-06 6.15308e-06 1.10756e-05 1.95417e-05 3.37971e-05 5.72963e-05 9.52194e-05 0.000155133 0.000247801 0.000388131 0.000596203 0.00089832 0.00132796 0.00192647 0.0027434 0.00383624 0.00526943 0.00711262 0.00943808 0.0123173 0.0158168 0.0199941 0.0248928 0.0305379 0.0369327 0.0440547 0.0518544 0.0602541 0.0691487 0.0784083 0.0878823 0.0974039 0.106797 0.115885 0.124492 0.132459 0.139639 0.145908 0.151164 0.155327 0.15834 0.160162 0.160772 0.160162 0.15834 0.155327 0.151164 0.145908 0.139639 0.132459 0.124492 0.115885 0.106797 0.0974039 0.0878823 0.0784083 0.0691487 0.0602541 0.0518544 0.0440547 0.0369327 0.0305379 0.0248928 0.0199941 0.0158168 0.0123173 0.00943808 0.00711262 0.00526943 0.00383624 0.0027434 0.00192647 0.00132796 0.00089832 0.000596203 0.000388131 0.000247801 0.000155133 9.52194e-05 5.72963e-05 3.37971e-05 1.95417e-05 1.10756e-05 6.15308e-06 3.35079e-06 1.78875e-06 9.36135e-07 4.80434e-07 2.42046e-07 1.20276e-07 6.02162e-08 3.31313e-08 
4.04932e-08 5.26286e-08 9.52146e-08 1.89339e-07 3.79415e-07 7.49926e-07 1.45501e-06 2.76813e-06 5.16248e-06 9.43712e-06 1.69087e-05 2.96938e-05 5.11097e-05 8.6225e-05 0.000142585 0.00023113 0.000367301 0.000572296 0.000874423 0.0013104 0.00192647 0.00277911 0.00393516 0.00547105 0.00747115 0.010025 0.0132233 0.0171536 0.0218945 0.02751 0.0340441 0.0415156 0.0499136 0.059195 0.0692829 0.0800667 0.0914046 0.103127 0.115042 0.126943 0.138616 0.149848 0.160436 0.17019 0.178947 0.186567 0.192937 0.197971 0.201606 0.203803 0.204538 0.203803 0.201606 0.197971 0.192937 0.186567 0.178947 0.17019 0.160436 0.149848 0.138616 0.126943 0.115042 0.103127 0.0914046 0.0800667 0.0692829 0.059195 0.0499136 0.0415156 0.0340441 0.02751 0.0218945 0.0171536 0.0132233 0.010025 0.00747115 0.00547105 0.00393516 0.00277911 0.00192647 0.0013104 0.000874423 0.000572296 0.000367301 0.00023113 0.000142585 8.6225e-05 5.11097e-05 2.96938e-05 1.69087e-05 9.43712e-06 5.16248e-06 2.76813e-06 1.45501e-06 7.49926e-07 3.79415e-07 1.89339e-07 9.52146e-08 5.26286e-08 
6.33647e-08 8.21494e-08 1.47942e-07 2.92881e-07 5.84406e-07 1.1502e-06 2.22205e-06 4.20891e-06 7.8144e-06 1.42197e-05 2.53593e-05 4.43225e-05 7.59197e-05 0.000127449 0.000209696 0.000338175 0.000534609 0.000828561 0.00125914 0.00187656 0.0027434 0.00393516 0.00553998 0.00765721 0.0103946 0.0138641 0.0181766 0.0234354 0.0297292 0.0371251 0.0456619 0.0553447 0.0661408 0.0779773 0.0907408 0.104279 0.118407 0.132908 0.147545 0.16207 0.176228 0.189774 0.202476 0.214123 0.224535 0.233561 0.241083 0.247012 0.251286 0.253865 0.254727 0.253865 0.251286 0.247012 0.241083 0.233561 0.224535 0.214123 0.202476 0.189774 0.176228 0.16207 0.147545 0.132908 0.118407 0.104279 0.0907408 0.0779773 0.0661408 0.0553447 0.0456619 0.0371251 0.0297292 0.0234354 0.0181766 0.0138641 0.0103946 0.00765721 0.00553998 0.00393516 0.0027434 0.00187656 0.00125914 0.000828561 0.000534609 0.000338175 0.000209696 0.000127449 7.59197e-05 4.43225e-05 2.53593e-05 1.42197e-05 7.8144e-06 4.20891e-06 2.22205e-06 1.1502e-06 5.84406e-07 2.92881e-07 1.47942e-07 8.21494e-08 
9.74449e-08 1.2602e-07 2.25911e-07 4.45249e-07 8.8465e-07 1.73374e-06 3.33493e-06 6.28907e-06 1.1624e-05 2.10547e-05 3.73724e-05 6.50056e-05 0.000110802 0.000185079 0.000302965 0.000486056 0.000764325 0.00117821 0.00178068 0.00263905 0.00383624 0.00547105 0.00765721 0.0105208 0.0141961 0.0188194 0.0245219 0.0314209 0.0396115 0.0491579 0.0600859 0.0723778 0.0859685 0.100745 0.116547 0.133174 0.150386 0.167919 0.185488 0.2028 0.219565 0.235508 0.250373 0.263935 0.276004 0.286426 0.295081 0.301885 0.30678 0.30973 0.310715 0.30973 0.30678 0.301885 0.295081 0.286426 0.276004 0.263935 0.250373 0.235508 0.219565 0.2028 0.185488 0.167919 0.150386 0.133174 0.116547 0.100745 0.0859685 0.0723778 0.0600859 0.0491579 0.0396115 0.0314209 0.0245219 0.0188194 0.0141961 0.0105208 0.00765721 0.00547105 0.00383624 0.00263905 0.00178068 0.00117821 0.000764325 0.000486056 0.000302965 0.000185079 0.000110802 6.50056e-05 3.73724e-05 2.10547e-05 1.1624e-05 6.28907e-06 3.33493e-06 1.73374e-06 8.8465e-07 4.45249e-07 2.25911e-07 1.2602e-07 
1.47287e-07 1.90012e-07 3.3908e-07 6.65331e-07 1.31631e-06 2.56876e-06 4.91982e-06 9.23699e-06 1.69955e-05 3.06421e-05 5.41331e-05 9.37043e-05 0.000158931 0.000264132 0.000430147 0.000686475 0.00107371 0.0016461 0.00247402 0.00364591 0.00526943 0.00747115 0.0103946 0.0141961 0.0190387 0.0250837 0.0324812 0.0413587 0.0518116 0.0638926 0.0776043 0.0928946 0.109654 0.127718 0.146871 0.166851 0.187364 0.208091 0.228699 0.248857 0.268243 0.286558 0.303534 0.318937 0.332578 0.344307 0.354013 0.361621 0.367082 0.370368 0.371465 0.370368 0.367082 0.361621 0.354013 0.344307 0.332578 0.318937 0.303534 0.286558 0.268243 0.248857 0.228699 0.208091 0.187364 0.166851 0.146871 0.127718 0.109654 0.0928946 0.0776043 0.0638926 0.0518116 0.0413587 0.0324812 0.0250837 0.0190387 0.0141961 0.0103946 0.00747115 0.00526943 0.00364591 0.00247402 0.0016461 0.00107371 0.000686475 0.000430147 0.000264132 0.000158931 9.37043e-05 5.41331e-05 3.06421e-05 1.69955e-05 9.23699e-06 4.91982e-06 2.56876e-06 1.31631e-06 6.65331e-07 3.3908e-07 1.90012e-07 
2.1883e-07 2.81627e-07 5.00311e-07 9.77375e-07 1.92549e-06 3.74171e-06 7.13552e-06 1.3338e-05 2.44305e-05 4.38433e-05 7.70878e-05 0.000132792 0.000224109 0.000370563 0.000600343 0.00095302 0.00148256 0.00226039 0.00337821 0.00494997 0.00711262 0.010025 0.0138641 0.0188194 0.0250837 0.0328424 0.0422605 0.0534701 0.0665574 0.0815531 0.0984239 0.11707 0.137325 0.15896 0.181692 0.205198 0.22912 0.253087 0.276721 0.299658 0.321555 0.342098 0.361017 0.378084 0.39312 0.40599 0.4166 0.424889 0.430825 0.434391 0.435581 0.434391 0.430825 0.424889 0.4166 0.40599 0.39312 0.378084 0.361017 0.342098 0.321555 0.299658 0.276721 0.253087 0.22912 0.205198 0.181692 0.15896 0.137325 0.11707 0.0984239 0.0815531 0.0665574 0.0534701 0.0422605 0.0328424 0.0250837 0.0188194 0.0138641 0.010025 0.00711262 0.00494997 0.00337821 0.00226039 0.00148256 0.00095302 0.000600343 0.000370563 0.000224109 0.000132792 7.70878e-05 4.38433e-05 2.44305e-05 1.3338e-05 7.13552e-06 3.74171e-06 1.92549e-06 9.77375e-07 5.00311e-07 2.81627e-07 
3.19616e-07 4.1036e-07 7.25776e-07 1.41166e-06 2.76943e-06 5.35918e-06 1.01765e-05 1.89391e-05 3.45338e-05 6.16892e-05 0.000107952 0.000185056 0.000310762 0.000511227 0.000823917 0.00130097 0.00201284 0.00305186 0.00453528 0.00660709 0.00943808 0.0132233 0.0181766 0.0245219 0.0324812 0.0422605 0.0540343 0.0679297 0.084013 0.102279 0.122644 0.144945 0.168947 0.194345 0.220784 0.247868 0.27518 0.302298 0.32881 0.354326 0.378493 0.400999 0.421584 0.440039 0.456207 0.469977 0.481282 0.490085 0.496373 0.500143 0.501399 0.500143 0.496373 0.490085 0.481282 0.469977 0.456207 0.440039 0.421584 0.400999 0.378493 0.354326 0.32881 0.302298 0.27518 0.247868 0.220784 0.194345 0.168947 0.144945 0.122644 0.102279 0.084013 0.0679297 0.0540343 0.0422605 0.0324812 0.0245219 0.0181766 0.0132233 0.00943808 0.00660709 0.00453528 0.00305186 0.00201284 0.00130097 0.000823917 0.000511227 0.000310762 0.000185056 0.000107952 6.16892e-05 3.45338e-05 1.89391e-05 1.01765e-05 5.35918e-06 2.76943e-06 1.41166e-06 7.25776e-07 4.1036e-07 
4.58949e-07 5.87885e-07 1.03523e-06 2.00495e-06 3.91714e-06 7.54881e-06 1.42739e-05 2.64496e-05 4.80139e-05 8.53762e-05 0.0001487 0.000253675 0.000423879 0.000693766 0.00111228 0.00174692 0.00268806 0.00405292 0.00598867 0.00867384 0.0123173 0.0171536 0.0234354 0.0314209 0.0413587 0.0534701 0.0679297 0.0848486 0.104259 0.126104 0.150235 0.176412 0.204314 0.233556 0.263701 0.294282 0.324827 0.35487 0.383973 0.411737 0.437812 0.461905 0.48378 0.503261 0.520224 0.534596 0.546341 0.555454 0.561945 0.56583 0.567123 0.56583 0.561945 0.555454 0.546341 0.534596 0.520224 0.503261 0.48378 0.461905 0.437812 0.411737 0.383973 0.35487 0.324827 0.294282 0.263701 0.233556 0.204314 0.176412 0.150235 0.126104 0.104259 0.0848486 0.0679297 0.0534701 0.0413587 0.0314209 0.0234354 0.0171536 0.0123173 0.00867384 0.00598867 0.00405292 0.00268806 0.00174692 0.00111228 0.000693766 0.000423879 0.000253675 0.0001487 8.53762e-05 4.80139e-05 2.64496e-05 1.42739e-05 7.54881e-06 3.91714e-06 2.00495e-06 1.03523e-06 5.87885e-07 
6.47956e-07 8.28118e-07 1.45207e-06 2.80045e-06 5.4492e-06 1.04587e-05 1.9694e-05 3.63374e-05 6.56732e-05 0.000116249 0.000201526 0.000342146 0.000568891 0.000926394 0.00147752 0.00230821 0.00353237 0.00529623 0.00778121 0.0112046 0.0158168 0.0218945 0.0297292 0.0396115 0.0518116 0.0665574 0.084013 0.104259 0.127277 0.152944 0.181028 0.211199 0.243043 0.276081 0.309798 0.343659 0.37714 0.409747 0.441029 0.470595 0.498115 0.523328 0.546042 0.566123 0.583496 0.598132 0.610035 0.619233 0.625765 0.629666 0.630964 0.629666 0.625765 0.619233 0.610035 0.598132 0.583496 0.566123 0.546042 0.523328 0.498115 0.470595 0.441029 0.409747 0.37714 0.343659 0.309798 0.276081 0.243043 0.211199 0.181028 0.152944 0.127277 0.104259 0.084013 0.0665574 0.0518116 0.0396115 0.0297292 0.0218945 0.0158168 0.0112046 0.00778121 0.00529623 0.00353237 0.00230821 0.00147752 0.000926394 0.000568891 0.000342146 0.000201526 0.000116249 6.56732e-05 3.63374e-05 1.9694e-05 1.04587e-05 5.4492e-06 2.80045e-06 1.45207e-06 8.28118e-07 
8.99499e-07 1.14709e-06 2.00305e-06 3.84726e-06 7.45654e-06 1.42546e-05 2.67328e-05 4.91181e-05 8.83885e-05 0.00015576 0.000268782 0.00045417 0.000751473 0.00121758 0.00193192 0.00300212 0.00456937 0.00681295 0.00995268 0.0142482 0.0199941 0.02751 0.0371251 0.0491579 0.0638926 0.0815531 0.102279 0.126104 0.152944 0.18259 0.214714 0.248884 0.284584 0.321242 0.358263 0.395053 0.431051 0.465745 0.498692 0.529524 0.557951 0.583762 0.606818 0.627044 0.644421 0.65897 0.670739 0.679795 0.686205 0.690025 0.691293 0.690025 0.686205 0.679795 0.670739 0.65897 0.644421 0.627044 0.606818 0.583762 0.557951 0.529524 0.498692 0.465745 0.431051 0.395053 0.358263 0.321242 0.284584 0.248884 0.214714 0.18259 0.152944 0.126104 0.102279 0.0815531 0.0638926 0.0491579 0.0371251 0.02751 0.0199941 0.0142482 0.00995268 0.00681295 0.00456937 0.00300212 0.00193192 0.00121758 0.000751473 0.00045417 0.000268782 0.00015576 8.83885e-05 4.91181e-05 2.67328e-05 1.42546e-05 7.45654e-06 3.84726e-06 2.00305e-06 1.14709e-06 
1.22788e-06 1.56254e-06 2.71761e-06 5.19897e-06 1.00376e-05 1.91147e-05 3.57054e-05 6.53361e-05 0.000117077 0.000205415 0.00035287 0.000593483 0.000977271 0.0015756 0.00248727 0.00384488 0.00582064 0.00863076 0.012537 0.0178443 0.0248928 0.0340441 0.0456619 0.0600859 0.0776043 0.0984239 0.122644 0.150235 0.181028 0.214714 0.250857 0.288912 0.328257 0.368232 0.408167 0.447422 0.485414 0.521633 0.555661 0.587171 0.615931 0.641794 0.664688 0.684606 0.701588 0.715711 0.727071 0.735771 0.741907 0.745554 0.746764 0.745554 0.741907 0.735771 0.727071 0.715711 0.701588 0.684606 0.664688 0.641794 0.615931 0.587171 0.555661 0.521633 0.485414 0.447422 0.408167 0.368232 0.328257 0.288912 0.250857 0.214714 0.181028 0.150235 0.122644 0.0984239 0.0776043 0.0600859 0.0456619 0.0340441 0.0248928 0.0178443 0.012537 0.00863076 0.00582064 0.00384488 0.00248727 0.0015756 0.000977271 0.000593483 0.00035287 0.000205415 0.000117077 6.53361e-05 3.57054e-05 1.91147e-05 1.00376e-05 5.19897e-06 2.71761e-06 1.56254e-06 
1.64829e-06 2.09328e-06 3.62663e-06 6.91136e-06 1.32942e-05 2.52214e-05 4.69316e-05 8.55379e-05 0.000152647 0.000266687 0.000456111 0.000763636 0.00125155 0.00200803 0.00315408 0.00485053 0.00730418 0.0107716 0.0155595 0.0220197 0.0305379 0.0415156 0.0553447 0.0723778 0.0928946 0.11707 0.144945 0.176412 0.211199 0.248884 0.288912 0.330621 0.373287 0.416164 0.458523 0.499694 0.539087 0.576218 0.610709 0.642297 0.67082 0.696206 0.718462 0.73765 0.753877 0.767274 0.777982 0.786142 0.791873 0.795271 0.796397 0.795271 0.791873 0.786142 0.777982 0.767274 0.753877 0.73765 0.718462 0.696206 0.67082 0.642297 0.610709 0.576218 0.539087 0.499694 0.458523 0.416164 0.373287 0.330621 0.288912 0.248884 0.211199 0.176412 0.144945 0.11707 0.0928946 0.0723778 0.0553447 0.0415156 0.0305379 0.0220197 0.0155595 0.0107716 0.00730418 0.00485053 0.00315408 0.00200803 0.00125155 0.000763636 0.000456111 0.000266687 0.000152647 8.55379e-05 4.69316e-05 2.52214e-05 1.32942e-05 6.91136e-06 3.62663e-06 2.09328e-06 
2.176e-06 2.7581e-06 4.76073e-06 9.03918e-06 1.73249e-05 3.27499e-05 6.07149e-05 0.000110236 0.000195941 0.000340915 0.000580577 0.000967728 0.0015788 0.00252111 0.00394065 0.00602967 0.00903267 0.0132495 0.0190339 0.026785 0.0369327 0.0499136 0.0661408 0.0859685 0.109654 0.137325 0.168947 0.204314 0.243043 0.284584 0.328257 0.373287 0.418851 0.46413 0.508353 0.550836 0.591007 0.628423 0.66277 0.69386 0.721615 0.746048 0.767246 0.785345 0.800515 0.812941 0.822806 0.830281 0.835508 0.838599 0.839621 0.838599 0.835508 0.830281 0.822806 0.812941 0.800515 0.785345 0.767246 0.746048 0.721615 0.69386 0.66277 0.628423 0.591007 0.550836 0.508353 0.46413 0.418851 0.373287 0.328257 0.284584 0.243043 0.204314 0.168947 0.137325 0.109654 0.0859685 0.0661408 0.0499136 0.0369327 0.026785 0.0190339 0.0132495 0.00903267 0.00602967 0.00394065 0.00252111 0.0015788 0.000967728 0.000580577 0.000340915 0.000195941 0.000110236 6.07149e-05 3.27499e-05 1.73249e-05 9.03918e-06 4.76073e-06 2.7581e-06 
2.82523e-06 3.5744e-06 6.14796e-06 1.16319e-05 2.22179e-05 4.18543e-05 7.73179e-05 0.000139864 0.000247655 0.000429184 0.000727892 0.0012081 0.00196225 0.00311906 0.0048522 0.0073881 0.0110117 0.0160684 0.0229596 0.0321316 0.0440547 0.059195 0.0779773 0.100745 0.127718 0.15896 0.194345 0.233556 0.276081 0.321242 0.368232 0.416164 0.46413 0.511254 0.556742 0.599919 0.640249 0.677351 0.710991 0.741068 0.767596 0.790677 0.810478 0.827209 0.841098 0.852376 0.861264 0.867957 0.872615 0.87536 0.876267 0.87536 0.872615 0.867957 0.861264 0.852376 0.841098 0.827209 0.810478 0.790677 0.767596 0.741068 0.710991 0.677351 0.640249 0.599919 0.556742 0.511254 0.46413 0.416164 0.368232 0.321242 0.276081 0.233556 0.194345 0.15896 0.127718 0.100745 0.0779773 0.059195 0.0440547 0.0321316 0.0229596 0.0160684 0.0110117 0.0073881 0.0048522 0.00311906 0.00196225 0.0012081 0.000727892 0.000429184 0.000247655 0.000139864 7.73179e-05 4.18543e-05 2.22179e-05 1.16319e-05 6.14796e-06 3.5744e-06 
3.60786e-06 4.55657e-06 7.81103e-06 1.47288e-05 2.80415e-05 5.26512e-05 9.69335e-05 0.000174731 0.000308265 0.000532193 0.000899035 0.00148604 0.00240342 0.00380349 0.0058899 0.00892571 0.0132384 0.0192201 0.0273201 0.0380293 0.0518544 0.0692829 0.0907408 0.116547 0.146871 0.181692 0.220784 0.263701 0.309798 0.358263 0.408167 0.458523 0.508353 0.556742 0.602895 0.646165 0.686077 0.722326 0.75477 0.783404 0.808339 0.829765 0.847928 0.863102 0.875567 0.885594 0.893431 0.899293 0.903352 0.905735 0.906521 0.905735 0.903352 0.899293 0.893431 0.885594 0.875567 0.863102 0.847928 0.829765 0.808339 0.783404 0.75477 0.722326 0.686077 0.646165 0.602895 0.556742 0.508353 0.458523 0.408167 0.358263 0.309798 0.263701 0.220784 0.181692 0.146871 0.116547 0.0907408 0.0692829 0.0518544 0.0380293 0.0273201 0.0192201 0.0132384 0.00892571 0.0058899 0.00380349 0.00240342 0.00148604 0.000899035 0.000532193 0.000308265 0.000174731 9.69335e-05 5.26512e-05 2.80415e-05 1.47288e-05 7.81103e-06 4.55657e-06 
4.53188e-06 5.71415e-06 9.76439e-06 1.83537e-05 3.4835e-05 6.52029e-05 0.000119656 0.000214971 0.000377941 0.000650128 0.00109414 0.00180147 0.00290173 0.00457271 0.00705007 0.0106354 0.0157 0.0226832 0.0320809 0.0444256 0.0602541 0.0800667 0.104279 0.133174 0.166851 0.205198 0.247868 0.294282 0.343659 0.395053 0.447422 0.499694 0.550836 0.599919 0.646165 0.688981 0.727965 0.762906 0.793761 0.820627 0.843709 0.863281 0.879661 0.893179 0.904159 0.912901 0.919672 0.924699 0.928159 0.930183 0.930849 0.930183 0.928159 0.924699 0.919672 0.912901 0.904159 0.893179 0.879661 0.863281 0.843709 0.820627 0.793761 0.762906 0.727965 0.688981 0.646165 0.599919 0.550836 0.499694 0.447422 0.395053 0.343659 0.294282 0.247868 0.205198 0.166851 0.133174 0.104279 0.0800667 0.0602541 0.0444256 0.0320809 0.0226832 0.0157 0.0106354 0.00705007 0.00457271 0.00290173 0.00180147 0.00109414 0.000650128 0.000377941 0.000214971 0.000119656 6.52029e-05 3.4835e-05 1.83537e-05 9.76439e-06 5.71415e-06 
