4.03614e-06 4.26551e-06 4.97186e-06 6.21055e-06 8.07625e-06 1.07064e-05 1.42859e-05 1.90531e-05 2.53063e-05 3.34115e-05 4.38097e-05 5.70248e-05 7.36703e-05 9.4455e-05 0.000120187 0.000151774 0.000190223 0.000236632 0.00029218 0.000358113 0.000435717 0.000526296 0.000631134 0.00075146 0.0008884 0.00104293 0.00121584 0.00140765 0.00161861 0.00184859 0.0020971 0.00236324 0.00264563 0.00294247 0.0032515 0.00357001 0.00389489 0.00422265 0.00454951 0.00487143 0.00518422 0.00548361 0.00576535 0.0060253 0.00625954 0.00646446 0.00663682 0.00677388 0.00687341 0.00693379 0.00695402 0.00693379 0.00687341 0.00677388 0.00663682 0.00646446 0.00625954 0.0060253 0.00576535 0.00548361 0.00518422 0.00487143 0.00454951 0.00422265 0.00389489 0.00357001 0.0032515 0.00294247 0.00264563 0.00236324 0.0020971 0.00184859 0.00161861 0.00140765 0.00121584 0.00104293 0.0008884 0.00075146 0.000631134 0.000526296 0.000435717 0.000358113 0.00029218 0.000236632 0.000190223 0.000151774 0.000120187 9.4455e-05 7.36703e-05 5.70248e-05 4.38097e-05 3.34115e-05 2.53063e-05 1.90531e-05 1.42859e-05 1.07064e-05 8.07625e-06 6.21055e-06 4.97186e-06 4.26551e-06 
4.26551e-06 4.50729e-06 5.25176e-06 6.55706e-06 8.52257e-06 1.12925e-05 1.50608e-05 2.00773e-05 2.66548e-05 3.51763e-05 4.61037e-05 5.99847e-05 7.74607e-05 9.92719e-05 0.000126262 0.000159377 0.000199667 0.000248276 0.000306429 0.000375421 0.000456588 0.000551281 0.000660831 0.000786507 0.000929472 0.00109073 0.00127109 0.00147109 0.00169095 0.00193054 0.00218934 0.00246639 0.00276025 0.00306904 0.0033904 0.00372151 0.00405914 0.00439967 0.00473917 0.00507345 0.00539817 0.00570891 0.00600128 0.00627099 0.00651399 0.00672653 0.0069053 0.00704743 0.00715064 0.00721324 0.00723423 0.00721324 0.00715064 0.00704743 0.0069053 0.00672653 0.00651399 0.00627099 0.00600128 0.00570891 0.00539817 0.00507345 0.00473917 0.00439967 0.00405914 0.00372151 0.0033904 0.00306904 0.00276025 0.00246639 0.00218934 0.00193054 0.00169095 0.00147109 0.00127109 0.00109073 0.000929472 0.000786507 0.000660831 0.000551281 0.000456588 0.000375421 0.000306429 0.000248276 0.000199667 0.000159377 0.000126262 9.92719e-05 7.74607e-05 5.99847e-05 4.61037e-05 3.51763e-05 2.66548e-05 2.00773e-05 1.50608e-05 1.12925e-05 8.52257e-06 6.55706e-06 5.25176e-06 4.50729e-06 
4.97186e-06 5.25176e-06 6.1134e-06 7.62338e-06 9.89549e-06 1.30947e-05 1.74427e-05 2.32247e-05 3.07971e-05 4.0596e-05 5.31459e-05 6.90683e-05 8.90893e-05 0.000114045 0.000144888 0.000182682 0.000228606 0.000283942 0.000350059 0.000428402 0.000520454 0.000627713 0.000751649 0.000893656 0.00105501 0.00123679 0.00143986 0.00166479 0.00191179 0.00218066 0.00247078 0.00278104 0.0031098 0.00345494 0.00381379 0.00418321 0.00455959 0.0049389 0.00531678 0.00568861 0.00604956 0.00639478 0.0067194 0.00701873 0.0072883 0.007524 0.00772217 0.0078797 0.00799407 0.00806344 0.00808669 0.00806344 0.00799407 0.0078797 0.00772217 0.007524 0.0072883 0.00701873 0.0067194 0.00639478 0.00604956 0.00568861 0.00531678 0.0049389 0.00455959 0.00418321 0.00381379 0.00345494 0.0031098 0.00278104 0.00247078 0.00218066 0.00191179 0.00166479 0.00143986 0.00123679 0.00105501 0.000893656 0.000751649 0.000627713 0.000520454 0.000428402 0.000350059 0.000283942 0.000228606 0.000182682 0.000144888 0.000114045 8.90893e-05 6.90683e-05 5.31459e-05 4.0596e-05 3.07971e-05 2.32247e-05 1.74427e-05 1.30947e-05 9.89549e-06 7.62338e-06 6.1134e-06 5.25176e-06 
6.21055e-06 6.55706e-06 7.62338e-06 9.49084e-06 1.22982e-05 1.62466e-05 2.16056e-05 2.87218e-05 3.80272e-05 5.00496e-05 6.54222e-05 8.48934e-05 0.000109336 0.000139751 0.000177276 0.000223181 0.000278865 0.000345846 0.000425741 0.000520246 0.0006311 0.00076005 0.000908798 0.00107895 0.00127197 0.00148907 0.00173122 0.001999 0.00229261 0.00261174 0.00295559 0.00332277 0.00371133 0.0041187 0.00454172 0.00497666 0.00541928 0.00586486 0.00630829 0.0067442 0.00716698 0.00757099 0.00795062 0.00830043 0.00861527 0.00889042 0.00912166 0.00930541 0.00943878 0.00951966 0.00954676 0.00951966 0.00943878 0.00930541 0.00912166 0.00889042 0.00861527 0.00830043 0.00795062 0.00757099 0.00716698 0.0067442 0.00630829 0.00586486 0.00541928 0.00497666 0.00454172 0.0041187 0.00371133 0.00332277 0.00295559 0.00261174 0.00229261 0.001999 0.00173122 0.00148907 0.00127197 0.00107895 0.000908798 0.00076005 0.0006311 0.000520246 0.000425741 0.000345846 0.000278865 0.000223181 0.000177276 0.000139751 0.000109336 8.48934e-05 6.54222e-05 5.00496e-05 3.80272e-05 2.87218e-05 2.16056e-05 1.62466e-05 1.22982e-05 9.49084e-06 7.62338e-06 6.55706e-06 
8.07625e-06 8.52257e-06 9.89549e-06 1.22982e-05 1.59067e-05 2.09754e-05 2.78454e-05 3.69538e-05 4.88448e-05 6.41813e-05 8.37571e-05 0.000108508 0.00013952 0.000178041 0.000225478 0.0002834 0.00035353 0.000437729 0.000537974 0.000656328 0.000794898 0.000955787 0.00114103 0.00135255 0.00159205 0.00186095 0.00216034 0.00249085 0.0028526 0.00324515 0.00366741 0.00411761 0.00459327 0.00509121 0.00560754 0.0061377 0.0066765 0.00721823 0.00775672 0.00828548 0.0087978 0.00928691 0.00974611 0.0101689 0.0105492 0.0108813 0.0111603 0.0113819 0.0115427 0.0116402 0.0116729 0.0116402 0.0115427 0.0113819 0.0111603 0.0108813 0.0105492 0.0101689 0.00974611 0.00928691 0.0087978 0.00828548 0.00775672 0.00721823 0.0066765 0.0061377 0.00560754 0.00509121 0.00459327 0.00411761 0.00366741 0.00324515 0.0028526 0.00249085 0.00216034 0.00186095 0.00159205 0.00135255 0.00114103 0.000955787 0.000794898 0.000656328 0.000537974 0.000437729 0.00035353 0.0002834 0.000225478 0.000178041 0.00013952 0.000108508 8.37571e-05 6.41813e-05 4.88448e-05 3.69538e-05 2.78454e-05 2.09754e-05 1.59067e-05 1.22982e-05 9.89549e-06 8.52257e-06 
1.07064e-05 1.12925e-05 1.30947e-05 1.62466e-05 2.09754e-05 2.76098e-05 3.65893e-05 4.84763e-05 6.39693e-05 8.39175e-05 0.000109335 0.000141414 0.000181537 0.000231281 0.000292426 0.000366946 0.000457003 0.000564922 0.000693165 0.000844289 0.00102089 0.00122555 0.00146076 0.00172881 0.00203176 0.00237129 0.00274862 0.00316443 0.00361876 0.0041109 0.0046394 0.00520195 0.00579537 0.00641563 0.00705784 0.0077163 0.00838458 0.00905563 0.00972185 0.0103753 0.0110077 0.0116109 0.0121767 0.0126973 0.0131651 0.0135735 0.0139163 0.0141886 0.014386 0.0145057 0.0145458 0.0145057 0.014386 0.0141886 0.0139163 0.0135735 0.0131651 0.0126973 0.0121767 0.0116109 0.0110077 0.0103753 0.00972185 0.00905563 0.00838458 0.0077163 0.00705784 0.00641563 0.00579537 0.00520195 0.0046394 0.0041109 0.00361876 0.00316443 0.00274862 0.00237129 0.00203176 0.00172881 0.00146076 0.00122555 0.00102089 0.000844289 0.000693165 0.000564922 0.000457003 0.000366946 0.000292426 0.000231281 0.000181537 0.000141414 0.000109335 8.39175e-05 6.39693e-05 4.84763e-05 3.65893e-05 2.76098e-05 2.09754e-05 1.62466e-05 1.30947e-05 1.12925e-05 
1.42859e-05 1.50608e-05 1.74427e-05 2.16056e-05 2.78454e-05 3.65893e-05 4.84079e-05 6.40299e-05 8.43587e-05 0.00011049 0.000143729 0.000185606 0.000237891 0.000302597 0.00038199 0.000478572 0.000595075 0.000734429 0.000899718 0.00109414 0.00132091 0.00158322 0.00188412 0.00222642 0.00261257 0.00304455 0.00352377 0.00405092 0.00462588 0.00524765 0.00591422 0.00662258 0.00736862 0.00814719 0.00895211 0.00977622 0.0106115 0.0114491 0.0122797 0.0130934 0.0138801 0.0146297 0.0153322 0.0159779 0.0165579 0.0170638 0.0174884 0.0178253 0.0180696 0.0182177 0.0182673 0.0182177 0.0180696 0.0178253 0.0174884 0.0170638 0.0165579 0.0159779 0.0153322 0.0146297 0.0138801 0.0130934 0.0122797 0.0114491 0.0106115 0.00977622 0.00895211 0.00814719 0.00736862 0.00662258 0.00591422 0.00524765 0.00462588 0.00405092 0.00352377 0.00304455 0.00261257 0.00222642 0.00188412 0.00158322 0.00132091 0.00109414 0.000899718 0.000734429 0.000595075 0.000478572 0.00038199 0.000302597 0.000237891 0.000185606 0.000143729 0.00011049 8.43587e-05 6.40299e-05 4.84079e-05 3.65893e-05 2.78454e-05 2.16056e-05 1.74427e-05 1.50608e-05 
1.90531e-05 2.00773e-05 2.32247e-05 2.87218e-05 3.69538e-05 4.84763e-05 6.40299e-05 8.45591e-05 0.000111232 0.000145464 0.000188934 0.000243608 0.000311751 0.000395936 0.000499044 0.000624253 0.000775015 0.000955018 0.00116813 0.00141835 0.00170967 0.00204603 0.00243117 0.0028685 0.00336095 0.00391088 0.00451984 0.00518854 0.00591663 0.00670265 0.0075439 0.00843642 0.00937494 0.0103529 0.0113624 0.0123945 0.0134392 0.0144854 0.0155216 0.0165355 0.0175147 0.0184469 0.0193196 0.0201212 0.0208406 0.0214678 0.0219939 0.0224111 0.0227137 0.022897 0.0229584 0.022897 0.0227137 0.0224111 0.0219939 0.0214678 0.0208406 0.0201212 0.0193196 0.0184469 0.0175147 0.0165355 0.0155216 0.0144854 0.0134392 0.0123945 0.0113624 0.0103529 0.00937494 0.00843642 0.0075439 0.00670265 0.00591663 0.00518854 0.00451984 0.00391088 0.00336095 0.0028685 0.00243117 0.00204603 0.00170967 0.00141835 0.00116813 0.000955018 0.000775015 0.000624253 0.000499044 0.000395936 0.000311751 0.000243608 0.000188934 0.000145464 0.000111232 8.45591e-05 6.40299e-05 4.84763e-05 3.69538e-05 2.87218e-05 2.32247e-05 2.00773e-05 
2.53063e-05 2.66548e-05 3.07971e-05 3.80272e-05 4.88448e-05 6.39693e-05 8.43587e-05 0.000111232 0.000146096 0.000190768 0.000247403 0.000318516 0.000406997 0.000516119 0.000649534 0.000811261 0.00100565 0.00123732 0.00151112 0.00183199 0.0022049 0.00263469 0.00312591 0.00368268 0.00430852 0.00500613 0.00577728 0.00662258 0.00754136 0.00853156 0.00958958 0.0107102 0.0118868 0.0131109 0.0143726 0.0156607 0.0169626 0.0182649 0.019553 0.0208119 0.0220265 0.0231815 0.0242619 0.0252534 0.0261426 0.0269174 0.0275668 0.0280818 0.028455 0.028681 0.0287568 0.028681 0.028455 0.0280818 0.0275668 0.0269174 0.0261426 0.0252534 0.0242619 0.0231815 0.0220265 0.0208119 0.019553 0.0182649 0.0169626 0.0156607 0.0143726 0.0131109 0.0118868 0.0107102 0.00958958 0.00853156 0.00754136 0.00662258 0.00577728 0.00500613 0.00430852 0.00368268 0.00312591 0.00263469 0.0022049 0.00183199 0.00151112 0.00123732 0.00100565 0.000811261 0.000649534 0.000516119 0.000406997 0.000318516 0.000247403 0.000190768 0.000146096 0.000111232 8.43587e-05 6.39693e-05 4.88448e-05 3.80272e-05 3.07971e-05 2.66548e-05 
3.34115e-05 3.51763e-05 4.0596e-05 5.00496e-05 6.41813e-05 8.39175e-05 0.00011049 0.000145464 0.000190768 0.000248726 0.000322086 0.000414047 0.000528273 0.000668903 0.000840543 0.00104824 0.00129743 0.0015939 0.00194364 0.00235277 0.0028274 0.00337342 0.00399636 0.00470114 0.00549192 0.00637182 0.00734273 0.00840513 0.00955788 0.0107981 0.012121 0.01352 0.0149864 0.0165096 0.0180773 0.0196754 0.0212885 0.0228998 0.0244916 0.0260455 0.027543 0.0289656 0.030295 0.0315141 0.0326066 0.0335579 0.0343548 0.0349865 0.0354441 0.0357212 0.035814 0.0357212 0.0354441 0.0349865 0.0343548 0.0335579 0.0326066 0.0315141 0.030295 0.0289656 0.027543 0.0260455 0.0244916 0.0228998 0.0212885 0.0196754 0.0180773 0.0165096 0.0149864 0.01352 0.012121 0.0107981 0.00955788 0.00840513 0.00734273 0.00637182 0.00549192 0.00470114 0.00399636 0.00337342 0.0028274 0.00235277 0.00194364 0.0015939 0.00129743 0.00104824 0.000840543 0.000668903 0.000528273 0.000414047 0.000322086 0.000248726 0.000190768 0.000145464 0.00011049 8.39175e-05 6.41813e-05 5.00496e-05 4.0596e-05 3.51763e-05 
4.38097e-05 4.61037e-05 5.31459e-05 6.54222e-05 8.37571e-05 0.000109335 0.000143729 0.000188934 0.000247403 0.000322086 0.000416463 0.000534572 0.000681029 0.00086103 0.00108034 0.00134525 0.00166253 0.00203931 0.002483 0.0030011 0.00360104 0.00428996 0.00507449 0.00596049 0.00695277 0.00805488 0.0092688 0.0105947 0.0120309 0.0135734 0.0152159 0.0169499 0.0187645 0.0206465 0.0225804 0.024549 0.0265332 0.0285124 0.0304652 0.0323692 0.034202 0.0359413 0.0375652 0.039053 0.0403853 0.0415446 0.0425152 0.0432842 0.0438412 0.0441784 0.0442913 0.0441784 0.0438412 0.0432842 0.0425152 0.0415446 0.0403853 0.039053 0.0375652 0.0359413 0.034202 0.0323692 0.0304652 0.0285124 0.0265332 0.024549 0.0225804 0.0206465 0.0187645 0.0169499 0.0152159 0.0135734 0.0120309 0.0105947 0.0092688 0.00805488 0.00695277 0.00596049 0.00507449 0.00428996 0.00360104 0.0030011 0.002483 0.00203931 0.00166253 0.00134525 0.00108034 0.00086103 0.000681029 0.000534572 0.000416463 0.000322086 0.000247403 0.000188934 0.000143729 0.000109335 8.37571e-05 6.54222e-05 5.31459e-05 4.61037e-05 
5.70248e-05 5.99847e-05 6.90683e-05 8.48934e-05 0.000108508 0.000141414 0.000185606 0.000243608 0.000318516 0.000414047 0.000534572 0.000685154 0.000871559 0.00110026 0.00137842 0.00171382 0.0021148 0.00259013 0.00314884 0.00380006 0.00455275 0.00541549 0.00639613 0.00750156 0.00873732 0.0101073 0.0116136 0.0132558 0.0150314 0.016935 0.0189586 0.0210913 0.0233193 0.0256263 0.0279933 0.030399 0.0328202 0.0352321 0.0376085 0.0399228 0.0421479 0.0442572 0.0462246 0.0480255 0.049637 0.0510381 0.0522107 0.0531392 0.0538114 0.0542184 0.0543546 0.0542184 0.0538114 0.0531392 0.0522107 0.0510381 0.049637 0.0480255 0.0462246 0.0442572 0.0421479 0.0399228 0.0376085 0.0352321 0.0328202 0.030399 0.0279933 0.0256263 0.0233193 0.0210913 0.0189586 0.016935 0.0150314 0.0132558 0.0116136 0.0101073 0.00873732 0.00750156 0.00639613 0.00541549 0.00455275 0.00380006 0.00314884 0.00259013 0.0021148 0.00171382 0.00137842 0.00110026 0.000871559 0.000685154 0.000534572 0.000414047 0.000318516 0.000243608 0.000185606 0.000141414 0.000108508 8.48934e-05 6.90683e-05 5.99847e-05 
7.36703e-05 7.74607e-05 8.90893e-05 0.000109336 0.00013952 0.000181537 0.000237891 0.000311751 0.000406997 0.000528273 0.000681029 0.000871559 0.00110701 0.00139539 0.00174551 0.00216692 0.00266982 0.00326487 0.00396302 0.00477526 0.00571231 0.00678434 0.00800061 0.00936905 0.010896 0.0125856 0.0144398 0.0164576 0.0186354 0.0209659 0.0234388 0.0260406 0.028754 0.0315588 0.034432 0.0373477 0.0402777 0.0431921 0.0460599 0.0488491 0.0515276 0.0540637 0.056427 0.0585882 0.0605205 0.0621994 0.0636036 0.0647151 0.0655194 0.0660062 0.0661692 0.0660062 0.0655194 0.0647151 0.0636036 0.0621994 0.0605205 0.0585882 0.056427 0.0540637 0.0515276 0.0488491 0.0460599 0.0431921 0.0402777 0.0373477 0.034432 0.0315588 0.028754 0.0260406 0.0234388 0.0209659 0.0186354 0.0164576 0.0144398 0.0125856 0.010896 0.00936905 0.00800061 0.00678434 0.00571231 0.00477526 0.00396302 0.00326487 0.00266982 0.00216692 0.00174551 0.00139539 0.00110701 0.000871559 0.000681029 0.000528273 0.000406997 0.000311751 0.000237891 0.000181537 0.00013952 0.000109336 8.90893e-05 7.74607e-05 
9.4455e-05 9.92719e-05 0.000114045 0.000139751 0.000178041 0.000231281 0.000302597 0.000395936 0.000516119 0.000668903 0.00086103 0.00110026 0.00139539 0.00175622 0.00219352 0.00271892 0.00334476 0.00408392 0.00494953 0.00595468 0.00711211 0.00843375 0.00993033 0.011611 0.0134826 0.0155498 0.0178139 0.0202733 0.0229225 0.0257524 0.0287497 0.0318974 0.0351745 0.0385563 0.0420146 0.0455184 0.049034 0.0525257 0.0559567 0.0592892 0.0624854 0.0655084 0.0683222 0.0708931 0.0731897 0.0751836 0.0768503 0.0781688 0.0791226 0.0796998 0.079893 0.0796998 0.0791226 0.0781688 0.0768503 0.0751836 0.0731897 0.0708931 0.0683222 0.0655084 0.0624854 0.0592892 0.0559567 0.0525257 0.049034 0.0455184 0.0420146 0.0385563 0.0351745 0.0318974 0.0287497 0.0257524 0.0229225 0.0202733 0.0178139 0.0155498 0.0134826 0.011611 0.00993033 0.00843375 0.00711211 0.00595468 0.00494953 0.00408392 0.00334476 0.00271892 0.00219352 0.00175622 0.00139539 0.00110026 0.00086103 0.000668903 0.000516119 0.000395936 0.000302597 0.000231281 0.000178041 0.000139751 0.000114045 9.92719e-05 
0.000120187 0.000126262 0.000144888 0.000177276 0.000225478 0.000292426 0.00038199 0.000499044 0.000649534 0.000840543 0.00108034 0.00137842 0.00174551 0.00219352 0.0027355 0.00338548 0.00415829 0.00506931 0.00613416 0.00736834 0.00878674 0.0104032 0.0122302 0.0142778 0.0165537 0.0190624 0.0218048 0.024778 0.0279745 0.0313825 0.0349854 0.0387621 0.0426869 0.0467299 0.0508574 0.0550321 0.0592141 0.0633615 0.0674307 0.0713776 0.0751583 0.0787297 0.0820504 0.0850814 0.0877866 0.0901335 0.092094 0.0936441 0.094765 0.0954431 0.09567 0.0954431 0.094765 0.0936441 0.092094 0.0901335 0.0877866 0.0850814 0.0820504 0.0787297 0.0751583 0.0713776 0.0674307 0.0633615 0.0592141 0.0550321 0.0508574 0.0467299 0.0426869 0.0387621 0.0349854 0.0313825 0.0279745 0.024778 0.0218048 0.0190624 0.0165537 0.0142778 0.0122302 0.0104032 0.00878674 0.00736834 0.00613416 0.00506931 0.00415829 0.00338548 0.0027355 0.00219352 0.00174551 0.00137842 0.00108034 0.000840543 0.000649534 0.000499044 0.00038199 0.000292426 0.000225478 0.000177276 0.000144888 0.000126262 
0.000151774 0.000159377 0.000182682 0.000223181 0.0002834 0.000366946 0.000478572 0.000624253 0.000811261 0.00104824 0.00134525 0.00171382 0.00216692 0.00271892 0.00338548 0.00418339 0.0051303 0.00624445 0.00754424 0.00904779 0.0107724 0.012734 0.0149466 0.0174216 0.020167 0.0231872 0.0264822 0.0300474 0.0338729 0.0379435 0.0422386 0.0467324 0.0513937 0.0561866 0.0610709 0.0660027 0.070935 0.0758185 0.0806028 0.0852367 0.0896694 0.0938515 0.0977357 0.101277 0.104435 0.107173 0.109458 0.111264 0.112569 0.113359 0.113623 0.113359 0.112569 0.111264 0.109458 0.107173 0.104435 0.101277 0.0977357 0.0938515 0.0896694 0.0852367 0.0806028 0.0758185 0.070935 0.0660027 0.0610709 0.0561866 0.0513937 0.0467324 0.0422386 0.0379435 0.0338729 0.0300474 0.0264822 0.0231872 0.020167 0.0174216 0.0149466 0.012734 0.0107724 0.00904779 0.00754424 0.00624445 0.0051303 0.00418339 0.00338548 0.00271892 0.00216692 0.00171382 0.00134525 0.00104824 0.000811261 0.000624253 0.000478572 0.000366946 0.0002834 0.000223181 0.000182682 0.000159377 
0.000190223 0.000199667 0.000228606 0.000278865 0.00035353 0.000457003 0.000595075 0.000775015 0.00100565 0.00129743 0.00166253 0.0021148 0.00266982 0.00334476 0.00415829 0.0051303 0.00628166 0.00763375 0.00920807 0.0110256 0.0131063 0.0154681 0.0181268 0.0210947 0.0243803 0.0279874 0.0319147 0.0361554 0.0406966 0.0455191 0.0505975 0.0559004 0.0613904 0.0670248 0.0727562 0.0785329 0.0843003 0.0900014 0.0955777 0.100971 0.106122 0.110977 0.115479 0.119581 0.123234 0.126399 0.129039 0.131124 0.13263 0.133541 0.133846 0.133541 0.13263 0.131124 0.129039 0.126399 0.123234 0.119581 0.115479 0.110977 0.106122 0.100971 0.0955777 0.0900014 0.0843003 0.0785329 0.0727562 0.0670248 0.0613904 0.0559004 0.0505975 0.0455191 0.0406966 0.0361554 0.0319147 0.0279874 0.0243803 0.0210947 0.0181268 0.0154681 0.0131063 0.0110256 0.00920807 0.00763375 0.00628166 0.0051303 0.00415829 0.00334476 0.00266982 0.0021148 0.00166253 0.00129743 0.00100565 0.000775015 0.000595075 0.000457003 0.00035353 0.000278865 0.000228606 0.000199667 
0.000236632 0.000248276 0.000283942 0.000345846 0.000437729 0.000564922 0.000734429 0.000955018 0.00123732 0.0015939 0.00203931 0.00259013 0.00326487 0.00408392 0.00506931 0.00624445 0.00763375 0.00926212 0.0111544 0.0133347 0.0158255 0.0186473 0.0218172 0.0253485 0.0292497 0.0335238 0.0381678 0.0431718 0.0485193 0.0541865 0.0601422 0.0663487 0.0727616 0.0793304 0.0859995 0.0927091 0.0993959 0.105994 0.112438 0.11866 0.124595 0.13018 0.135354 0.140062 0.144251 0.147877 0.150899 0.153284 0.155007 0.156048 0.156396 0.156048 0.155007 0.153284 0.150899 0.147877 0.144251 0.140062 0.135354 0.13018 0.124595 0.11866 0.112438 0.105994 0.0993959 0.0927091 0.0859995 0.0793304 0.0727616 0.0663487 0.0601422 0.0541865 0.0485193 0.0431718 0.0381678 0.0335238 0.0292497 0.0253485 0.0218172 0.0186473 0.0158255 0.0133347 0.0111544 0.00926212 0.00763375 0.00624445 0.00506931 0.00408392 0.00326487 0.00259013 0.00203931 0.0015939 0.00123732 0.000955018 0.000734429 0.000564922 0.000437729 0.000345846 0.000283942 0.000248276 
0.00029218 0.000306429 0.000350059 0.000425741 0.000537974 0.000693165 0.000899718 0.00116813 0.00151112 0.00194364 0.002483 0.00314884 0.00396302 0.00494953 0.00613416 0.00754424 0.00920807 0.0111544 0.0134116 0.0160072 0.0189665 0.022312 0.0260625 0.0302318 0.0348281 0.0398532 0.0453014 0.0511597 0.0574069 0.0640135 0.0709421 0.0781474 0.0855772 0.0931724 0.100869 0.108597 0.116284 0.123857 0.131239 0.138357 0.145135 0.151505 0.157398 0.162754 0.167515 0.171632 0.17506 0.177765 0.179718 0.180897 0.181292 0.180897 0.179718 0.177765 0.17506 0.171632 0.167515 0.162754 0.157398 0.151505 0.145135 0.138357 0.131239 0.123857 0.116284 0.108597 0.100869 0.0931724 0.0855772 0.0781474 0.0709421 0.0640135 0.0574069 0.0511597 0.0453014 0.0398532 0.0348281 0.0302318 0.0260625 0.022312 0.0189665 0.0160072 0.0134116 0.0111544 0.00920807 0.00754424 0.00613416 0.00494953 0.00396302 0.00314884 0.002483 0.00194364 0.00151112 0.00116813 0.000899718 0.000693165 0.000537974 0.000425741 0.000350059 0.000306429 
0.000358113 0.000375421 0.000428402 0.000520246 0.000656328 0.000844289 0.00109414 0.00141835 0.00183199 0.00235277 0.0030011 0.00380006 0.00477526 0.00595468 0.00736834 0.00904779 0.0110256 0.0133347 0.0160072 0.0190741 0.0225635 0.0265001 0.0309038 0.035789 0.0411629 0.0470254 0.0533679 0.060173 0.067414 0.0750552 0.0830516 0.0913498 0.0998884 0.108599 0.117408 0.126236 0.135001 0.143619 0.152005 0.160077 0.167753 0.174955 0.181609 0.187649 0.193013 0.197646 0.201501 0.204541 0.206734 0.208059 0.208502 0.208059 0.206734 0.204541 0.201501 0.197646 0.193013 0.187649 0.181609 0.174955 0.167753 0.160077 0.152005 0.143619 0.135001 0.126236 0.117408 0.108599 0.0998884 0.0913498 0.0830516 0.0750552 0.067414 0.060173 0.0533679 0.0470254 0.0411629 0.035789 0.0309038 0.0265001 0.0225635 0.0190741 0.0160072 0.0133347 0.0110256 0.00904779 0.00736834 0.00595468 0.00477526 0.00380006 0.0030011 0.00235277 0.00183199 0.00141835 0.00109414 0.000844289 0.000656328 0.000520246 0.000428402 0.000375421 
0.000435717 0.000456588 0.000520454 0.0006311 0.000794898 0.00102089 0.00132091 0.00170967 0.0022049 0.0028274 0.00360104 0.00455275 0.00571231 0.00711211 0.00878674 0.0107724 0.0131063 0.0158255 0.0189665 0.0225635 0.0266475 0.0312451 0.0363774 0.0420584 0.0482942 0.0550819 0.0624092 0.0702536 0.078582 0.0873511 0.0965078 0.105989 0.115724 0.125635 0.135636 0.145638 0.155549 0.165276 0.174724 0.183801 0.192419 0.200492 0.207942 0.214694 0.220684 0.225852 0.23015 0.233536 0.235977 0.237452 0.237945 0.237452 0.235977 0.233536 0.23015 0.225852 0.220684 0.214694 0.207942 0.200492 0.192419 0.183801 0.174724 0.165276 0.155549 0.145638 0.135636 0.125635 0.115724 0.105989 0.0965078 0.0873511 0.078582 0.0702536 0.0624092 0.0550819 0.0482942 0.0420584 0.0363774 0.0312451 0.0266475 0.0225635 0.0189665 0.0158255 0.0131063 0.0107724 0.00878674 0.00711211 0.00571231 0.00455275 0.00360104 0.0028274 0.0022049 0.00170967 0.00132091 0.00102089 0.000794898 0.0006311 0.000520454 0.000456588 
0.000526296 0.000551281 0.000627713 0.00076005 0.000955787 0.00122555 0.00158322 0.00204603 0.00263469 0.00337342 0.00428996 0.00541549 0.00678434 0.00843375 0.0104032 0.012734 0.0154681 0.0186473 0.022312 0.0265001 0.0312451 0.0365756 0.042513 0.0490707 0.0562529 0.0640534 0.0724551 0.0814292 0.0909356 0.100922 0.111327 0.122077 0.133089 0.144275 0.155539 0.166781 0.177898 0.188786 0.199343 0.209466 0.219061 0.228035 0.236304 0.243789 0.25042 0.256136 0.260885 0.264623 0.267318 0.268944 0.269487 0.268944 0.267318 0.264623 0.260885 0.256136 0.25042 0.243789 0.236304 0.228035 0.219061 0.209466 0.199343 0.188786 0.177898 0.166781 0.155539 0.144275 0.133089 0.122077 0.111327 0.100922 0.0909356 0.0814292 0.0724551 0.0640534 0.0562529 0.0490707 0.042513 0.0365756 0.0312451 0.0265001 0.022312 0.0186473 0.0154681 0.012734 0.0104032 0.00843375 0.00678434 0.00541549 0.00428996 0.00337342 0.00263469 0.00204603 0.00158322 0.00122555 0.000955787 0.00076005 0.000627713 0.000551281 
0.000631134 0.000660831 0.000751649 0.000908798 0.00114103 0.00146076 0.00188412 0.00243117 0.00312591 0.00399636 0.00507449 0.00639613 0.00800061 0.00993033 0.0122302 0.0149466 0.0181268 0.0218172 0.0260625 0.0309038 0.0363774 0.042513 0.0493321 0.056847 0.065059 0.0739578 0.0835203 0.093711 0.104481 0.115769 0.127503 0.139597 0.151959 0.164488 0.177075 0.189611 0.201981 0.214072 0.225771 0.236969 0.247564 0.257456 0.266557 0.274783 0.282062 0.28833 0.293532 0.297624 0.300572 0.30235 0.302945 0.30235 0.300572 0.297624 0.293532 0.28833 0.282062 0.274783 0.266557 0.257456 0.247564 0.236969 0.225771 0.214072 0.201981 0.189611 0.177075 0.164488 0.151959 0.139597 0.127503 0.115769 0.104481 0.093711 0.0835203 0.0739578 0.065059 0.056847 0.0493321 0.042513 0.0363774 0.0309038 0.0260625 0.0218172 0.0181268 0.0149466 0.0122302 0.00993033 0.00800061 0.00639613 0.00507449 0.00399636 0.00312591 0.00243117 0.00188412 0.00146076 0.00114103 0.000908798 0.000751649 0.000660831 
0.00075146 0.000786507 0.000893656 0.00107895 0.00135255 0.00172881 0.00222642 0.0028685 0.00368268 0.00470114 0.00596049 0.00750156 0.00936905 0.011611 0.0142778 0.0174216 0.0210947 0.0253485 0.0302318 0.035789 0.0420584 0.0490707 0.056847 0.0653975 0.0747198 0.0847984 0.0956037 0.107092 0.119204 0.13187 0.145003 0.158509 0.172281 0.186207 0.200166 0.214036 0.227693 0.241013 0.253875 0.266163 0.277766 0.288582 0.298515 0.307481 0.315405 0.322219 0.32787 0.332311 0.335508 0.337436 0.338081 0.337436 0.335508 0.332311 0.32787 0.322219 0.315405 0.307481 0.298515 0.288582 0.277766 0.266163 0.253875 0.241013 0.227693 0.214036 0.200166 0.186207 0.172281 0.158509 0.145003 0.13187 0.119204 0.107092 0.0956037 0.0847984 0.0747198 0.0653975 0.056847 0.0490707 0.0420584 0.035789 0.0302318 0.0253485 0.0210947 0.0174216 0.0142778 0.011611 0.00936905 0.00750156 0.00596049 0.00470114 0.00368268 0.0028685 0.00222642 0.00172881 0.00135255 0.00107895 0.000893656 0.000786507 
0.0008884 0.000929472 0.00105501 0.00127197 0.00159205 0.00203176 0.00261257 0.00336095 0.00430852 0.00549192 0.00695277 0.00873732 0.010896 0.0134826 0.0165537 0.020167 0.0243803 0.0292497 0.0348281 0.0411629 0.0482942 0.0562529 0.065059 0.0747198 0.0852284 0.096563 0.108686 0.121545 0.13507 0.149178 0.163772 0.178743 0.193974 0.209336 0.2247 0.239931 0.254893 0.269453 0.283484 0.29686 0.309467 0.321197 0.331952 0.341645 0.350198 0.357545 0.363631 0.368411 0.37185 0.373923 0.374615 0.373923 0.37185 0.368411 0.363631 0.357545 0.350198 0.341645 0.331952 0.321197 0.309467 0.29686 0.283484 0.269453 0.254893 0.239931 0.2247 0.209336 0.193974 0.178743 0.163772 0.149178 0.13507 0.121545 0.108686 0.096563 0.0852284 0.0747198 0.065059 0.0562529 0.0482942 0.0411629 0.0348281 0.0292497 0.0243803 0.020167 0.0165537 0.0134826 0.010896 0.00873732 0.00695277 0.00549192 0.00430852 0.00336095 0.00261257 0.00203176 0.00159205 0.00127197 0.00105501 0.000929472 
0.00104293 0.00109073 0.00123679 0.00148907 0.00186095 0.00237129 0.00304455 0.00391088 0.00500613 0.00637182 0.00805488 0.0101073 0.0125856 0.0155498 0.0190624 0.0231872 0.0279874 0.0335238 0.0398532 0.0470254 0.0550819 0.0640534 0.0739578 0.0847984 0.096563 0.109222 0.12273 0.137022 0.152019 0.167623 0.183725 0.200203 0.216924 0.23375 0.250535 0.267135 0.283405 0.299201 0.314389 0.328838 0.342429 0.35505 0.366601 0.376995 0.386153 0.394011 0.400512 0.405614 0.409281 0.411491 0.41223 0.411491 0.409281 0.405614 0.400512 0.394011 0.386153 0.376995 0.366601 0.35505 0.342429 0.328838 0.314389 0.299201 0.283405 0.267135 0.250535 0.23375 0.216924 0.200203 0.183725 0.167623 0.152019 0.137022 0.12273 0.109222 0.096563 0.0847984 0.0739578 0.0640534 0.0550819 0.0470254 0.0398532 0.0335238 0.0279874 0.0231872 0.0190624 0.0155498 0.0125856 0.0101073 0.00805488 0.00637182 0.00500613 0.00391088 0.00304455 0.00237129 0.00186095 0.00148907 0.00123679 0.00109073 
0.00121584 0.00127109 0.00143986 0.00173122 0.00216034 0.00274862 0.00352377 0.00451984 0.00577728 0.00734273 0.0092688 0.0116136 0.0144398 0.0178139 0.0218048 0.0264822 0.0319147 0.0381678 0.0453014 0.0533679 0.0624092 0.0724551 0.0835203 0.0956037 0.108686 0.12273 0.137679 0.153457 0.169971 0.187112 0.204755 0.222765 0.240994 0.25929 0.277498 0.29546 0.313022 0.330033 0.34635 0.361841 0.376379 0.389854 0.402165 0.413223 0.422952 0.431287 0.438176 0.443577 0.447457 0.449794 0.450575 0.449794 0.447457 0.443577 0.438176 0.431287 0.422952 0.413223 0.402165 0.389854 0.376379 0.361841 0.34635 0.330033 0.313022 0.29546 0.277498 0.25929 0.240994 0.222765 0.204755 0.187112 0.169971 0.153457 0.137679 0.12273 0.108686 0.0956037 0.0835203 0.0724551 0.0624092 0.0533679 0.0453014 0.0381678 0.0319147 0.0264822 0.0218048 0.0178139 0.0144398 0.0116136 0.0092688 0.00734273 0.00577728 0.00451984 0.00352377 0.00274862 0.00216034 0.00173122 0.00143986 0.00127109 
0.00140765 0.00147109 0.00166479 0.001999 0.00249085 0.00316443 0.00405092 0.00518854 0.00662258 0.00840513 0.0105947 0.0132558 0.0164576 0.0202733 0.024778 0.0300474 0.0361554 0.0431718 0.0511597 0.060173 0.0702536 0.0814292 0.093711 0.107092 0.121545 0.137022 0.153457 0.17076 0.188825 0.207528 0.22673 0.24628 0.266017 0.285776 0.305389 0.324688 0.34351 0.361697 0.379102 0.395586 0.411024 0.425302 0.438322 0.449996 0.46025 0.469024 0.476267 0.481939 0.486011 0.488462 0.489281 0.488462 0.486011 0.481939 0.476267 0.469024 0.46025 0.449996 0.438322 0.425302 0.411024 0.395586 0.379102 0.361697 0.34351 0.324688 0.305389 0.285776 0.266017 0.24628 0.22673 0.207528 0.188825 0.17076 0.153457 0.137022 0.121545 0.107092 0.093711 0.0814292 0.0702536 0.060173 0.0511597 0.0431718 0.0361554 0.0300474 0.024778 0.0202733 0.0164576 0.0132558 0.0105947 0.00840513 0.00662258 0.00518854 0.00405092 0.00316443 0.00249085 0.001999 0.00166479 0.00147109 
0.00161861 0.00169095 0.00191179 0.00229261 0.0028526 0.00361876 0.00462588 0.00591663 0.00754136 0.00955788 0.0120309 0.0150314 0.0186354 0.0229225 0.0279745 0.0338729 0.0406966 0.0485193 0.0574069 0.067414 0.078582 0.0909356 0.104481 0.119204 0.13507 0.152019 0.169971 0.188825 0.20846 0.228735 0.249497 0.270579 0.291808 0.313004 0.333988 0.354583 0.374616 0.393925 0.412358 0.429775 0.446049 0.461068 0.474736 0.486968 0.497695 0.506859 0.514415 0.520326 0.524566 0.527117 0.527969 0.527117 0.524566 0.520326 0.514415 0.506859 0.497695 0.486968 0.474736 0.461068 0.446049 0.429775 0.412358 0.393925 0.374616 0.354583 0.333988 0.313004 0.291808 0.270579 0.249497 0.228735 0.20846 0.188825 0.169971 0.152019 0.13507 0.119204 0.104481 0.0909356 0.078582 0.067414 0.0574069 0.0485193 0.0406966 0.0338729 0.0279745 0.0229225 0.0186354 0.0150314 0.0120309 0.00955788 0.00754136 0.00591663 0.00462588 0.00361876 0.0028526 0.00229261 0.00191179 0.00169095 
0.00184859 0.00193054 0.00218066 0.00261174 0.00324515 0.0041109 0.00524765 0.00670265 0.00853156 0.0107981 0.0135734 0.016935 0.0209659 0.0257524 0.0313825 0.0379435 0.0455191 0.0541865 0.0640135 0.0750552 0.0873511 0.100922 0.115769 0.13187 0.149178 0.167623 0.187112 0.207528 0.228735 0.250577 0.272883 0.295474 0.318161 0.340752 0.363057 0.384889 0.406071 0.426433 0.445822 0.464097 0.481133 0.49682 0.511065 0.523789 0.534928 0.544429 0.552253 0.558366 0.562749 0.565384 0.566263 0.565384 0.562749 0.558366 0.552253 0.544429 0.534928 0.523789 0.511065 0.49682 0.481133 0.464097 0.445822 0.426433 0.406071 0.384889 0.363057 0.340752 0.318161 0.295474 0.272883 0.250577 0.228735 0.207528 0.187112 0.167623 0.149178 0.13187 0.115769 0.100922 0.0873511 0.0750552 0.0640135 0.0541865 0.0455191 0.0379435 0.0313825 0.0257524 0.0209659 0.016935 0.0135734 0.0107981 0.00853156 0.00670265 0.00524765 0.0041109 0.00324515 0.00261174 0.00218066 0.00193054 
0.0020971 0.00218934 0.00247078 0.00295559 0.00366741 0.0046394 0.00591422 0.0075439 0.00958958 0.012121 0.0152159 0.0189586 0.0234388 0.0287497 0.0349854 0.0422386 0.0505975 0.0601422 0.0709421 0.0830516 0.0965078 0.111327 0.127503 0.145003 0.163772 0.183725 0.204755 0.22673 0.249497 0.272883 0.296704 0.320764 0.344859 0.368788 0.392348 0.415346 0.437598 0.458932 0.479193 0.498241 0.515954 0.532227 0.546971 0.560115 0.571599 0.58138 0.589422 0.595699 0.600195 0.602897 0.603798 0.602897 0.600195 0.595699 0.589422 0.58138 0.571599 0.560115 0.546971 0.532227 0.515954 0.498241 0.479193 0.458932 0.437598 0.415346 0.392348 0.368788 0.344859 0.320764 0.296704 0.272883 0.249497 0.22673 0.204755 0.183725 0.163772 0.145003 0.127503 0.111327 0.0965078 0.0830516 0.0709421 0.0601422 0.0505975 0.0422386 0.0349854 0.0287497 0.0234388 0.0189586 0.0152159 0.012121 0.00958958 0.0075439 0.00591422 0.0046394 0.00366741 0.00295559 0.00247078 0.00218934 
0.00236324 0.00246639 0.00278104 0.00332277 0.00411761 0.00520195 0.00662258 0.00843642 0.0107102 0.01352 0.0169499 0.0210913 0.0260406 0.0318974 0.0387621 0.0467324 0.0559004 0.0663487 0.0781474 0.0913498 0.105989 0.122077 0.139597 0.158509 0.178743 0.200203 0.222765 0.24628 0.270579 0.295474 0.320764 0.346237 0.371677 0.396871 0.421609 0.445688 0.468921 0.491135 0.512174 0.531902 0.550201 0.56697 0.582131 0.595616 0.607377 0.617376 0.625585 0.631986 0.636565 0.639315 0.640232 0.639315 0.636565 0.631986 0.625585 0.617376 0.607377 0.595616 0.582131 0.56697 0.550201 0.531902 0.512174 0.491135 0.468921 0.445688 0.421609 0.396871 0.371677 0.346237 0.320764 0.295474 0.270579 0.24628 0.222765 0.200203 0.178743 0.158509 0.139597 0.122077 0.105989 0.0913498 0.0781474 0.0663487 0.0559004 0.0467324 0.0387621 0.0318974 0.0260406 0.0210913 0.0169499 0.01352 0.0107102 0.00843642 0.00662258 0.00520195 0.00411761 0.00332277 0.00278104 0.00246639 
0.00264563 0.00276025 0.0031098 0.00371133 0.00459327 0.00579537 0.00736862 0.00937494 0.0118868 0.0149864 0.0187645 0.0233193 0.028754 0.0351745 0.0426869 0.0513937 0.0613904 0.0727616 0.0855772 0.0998884 0.115724 0.133089 0.151959 0.172281 0.193974 0.216924 0.240994 0.266017 0.291808 0.318161 0.344859 0.371677 0.398387 0.424763 0.450588 0.475654 0.49977 0.522764 0.544481 0.56479 0.583577 0.600752 0.616241 0.629989 0.641955 0.65211 0.660434 0.666916 0.671549 0.67433 0.675257 0.67433 0.671549 0.666916 0.660434 0.65211 0.641955 0.629989 0.616241 0.600752 0.583577 0.56479 0.544481 0.522764 0.49977 0.475654 0.450588 0.424763 0.398387 0.371677 0.344859 0.318161 0.291808 0.266017 0.240994 0.216924 0.193974 0.172281 0.151959 0.133089 0.115724 0.0998884 0.0855772 0.0727616 0.0613904 0.0513937 0.0426869 0.0351745 0.028754 0.0233193 0.0187645 0.0149864 0.0118868 0.00937494 0.00736862 0.00579537 0.00459327 0.00371133 0.0031098 0.00276025 
0.00294247 0.00306904 0.00345494 0.0041187 0.00509121 0.00641563 0.00814719 0.0103529 0.0131109 0.0165096 0.0206465 0.0256263 0.0315588 0.0385563 0.0467299 0.0561866 0.0670248 0.0793304 0.0931724 0.108599 0.125635 0.144275 0.164488 0.186207 0.209336 0.23375 0.25929 0.285776 0.313004 0.340752 0.368788 0.396871 0.424763 0.452229 0.479042 0.504993 0.529889 0.553557 0.575848 0.596635 0.615813 0.633299 0.64903 0.662961 0.67506 0.685309 0.693697 0.70022 0.704878 0.707671 0.708602 0.707671 0.704878 0.70022 0.693697 0.685309 0.67506 0.662961 0.64903 0.633299 0.615813 0.596635 0.575848 0.553557 0.529889 0.504993 0.479042 0.452229 0.424763 0.396871 0.368788 0.340752 0.313004 0.285776 0.25929 0.23375 0.209336 0.186207 0.164488 0.144275 0.125635 0.108599 0.0931724 0.0793304 0.0670248 0.0561866 0.0467299 0.0385563 0.0315588 0.0256263 0.0206465 0.0165096 0.0131109 0.0103529 0.00814719 0.00641563 0.00509121 0.0041187 0.00345494 0.00306904 
0.0032515 0.0033904 0.00381379 0.00454172 0.00560754 0.00705784 0.00895211 0.0113624 0.0143726 0.0180773 0.0225804 0.0279933 0.034432 0.0420146 0.0508574 0.0610709 0.0727562 0.0859995 0.100869 0.117408 0.135636 0.155539 0.177075 0.200166 0.2247 0.250535 0.277498 0.305389 0.333988 0.363057 0.392348 0.421609 0.450588 0.479042 0.506741 0.53347 0.559038 0.583274 0.606033 0.627195 0.646666 0.664371 0.680259 0.694295 0.706459 0.716743 0.725145 0.73167 0.736324 0.739114 0.740043 0.739114 0.736324 0.73167 0.725145 0.716743 0.706459 0.694295 0.680259 0.664371 0.646666 0.627195 0.606033 0.583274 0.559038 0.53347 0.506741 0.479042 0.450588 0.421609 0.392348 0.363057 0.333988 0.305389 0.277498 0.250535 0.2247 0.200166 0.177075 0.155539 0.135636 0.117408 0.100869 0.0859995 0.0727562 0.0610709 0.0508574 0.0420146 0.034432 0.0279933 0.0225804 0.0180773 0.0143726 0.0113624 0.00895211 0.00705784 0.00560754 0.00454172 0.00381379 0.0033904 
0.00357001 0.00372151 0.00418321 0.00497666 0.0061377 0.0077163 0.00977622 0.0123945 0.0156607 0.0196754 0.024549 0.030399 0.0373477 0.0455184 0.0550321 0.0660027 0.0785329 0.0927091 0.108597 0.126236 0.145638 0.166781 0.189611 0.214036 0.239931 0.267135 0.29546 0.324688 0.354583 0.384889 0.415346 0.445688 0.475654 0.504993 0.53347 0.56087 0.587002 0.611699 0.634822 0.656262 0.67593 0.693766 0.70973 0.723798 0.735962 0.746225 0.754595 0.761086 0.765711 0.76848 0.769403 0.76848 0.765711 0.761086 0.754595 0.746225 0.735962 0.723798 0.70973 0.693766 0.67593 0.656262 0.634822 0.611699 0.587002 0.56087 0.53347 0.504993 0.475654 0.445688 0.415346 0.384889 0.354583 0.324688 0.29546 0.267135 0.239931 0.214036 0.189611 0.166781 0.145638 0.126236 0.108597 0.0927091 0.0785329 0.0660027 0.0550321 0.0455184 0.0373477 0.030399 0.024549 0.0196754 0.0156607 0.0123945 0.00977622 0.0077163 0.0061377 0.00497666 0.00418321 0.00372151 
0.00389489 0.00405914 0.00455959 0.00541928 0.0066765 0.00838458 0.0106115 0.0134392 0.0169626 0.0212885 0.0265332 0.0328202 0.0402777 0.049034 0.0592141 0.070935 0.0843003 0.0993959 0.116284 0.135001 0.155549 0.177898 0.201981 0.227693 0.254893 0.283405 0.313022 0.34351 0.374616 0.406071 0.437598 0.468921 0.49977 0.529889 0.559038 0.587002 0.613592 0.638647 0.662036 0.683657 0.703435 0.721321 0.737285 0.751318 0.763423 0.773614 0.781912 0.788336 0.792908 0.795644 0.796555 0.795644 0.792908 0.788336 0.781912 0.773614 0.763423 0.751318 0.737285 0.721321 0.703435 0.683657 0.662036 0.638647 0.613592 0.587002 0.559038 0.529889 0.49977 0.468921 0.437598 0.406071 0.374616 0.34351 0.313022 0.283405 0.254893 0.227693 0.201981 0.177898 0.155549 0.135001 0.116284 0.0993959 0.0843003 0.070935 0.0592141 0.049034 0.0402777 0.0328202 0.0265332 0.0212885 0.0169626 0.0134392 0.0106115 0.00838458 0.0066765 0.00541928 0.00455959 0.00405914 
0.00422265 0.00439967 0.0049389 0.00586486 0.00721823 0.00905563 0.0114491 0.0144854 0.0182649 0.0228998 0.0285124 0.0352321 0.0431921 0.0525257 0.0633615 0.0758185 0.0900014 0.105994 0.123857 0.143619 0.165276 0.188786 0.214072 0.241013 0.269453 0.299201 0.330033 0.361697 0.393925 0.426433 0.458932 0.491135 0.522764 0.553557 0.583274 0.611699 0.638647 0.663964 0.687526 0.709243 0.72905 0.74691 0.762808 0.776746 0.788741 0.798818 0.807006 0.813336 0.817835 0.820526 0.821421 0.820526 0.817835 0.813336 0.807006 0.798818 0.788741 0.776746 0.762808 0.74691 0.72905 0.709243 0.687526 0.663964 0.638647 0.611699 0.583274 0.553557 0.522764 0.491135 0.458932 0.426433 0.393925 0.361697 0.330033 0.299201 0.269453 0.241013 0.214072 0.188786 0.165276 0.143619 0.123857 0.105994 0.0900014 0.0758185 0.0633615 0.0525257 0.0431921 0.0352321 0.0285124 0.0228998 0.0182649 0.0144854 0.0114491 0.00905563 0.00721823 0.00586486 0.0049389 0.00439967 
0.00454951 0.00473917 0.00531678 0.00630829 0.00775672 0.00972185 0.0122797 0.0155216 0.019553 0.0244916 0.0304652 0.0376085 0.0460599 0.0559567 0.0674307 0.0806028 0.0955777 0.112438 0.131239 0.152005 0.174724 0.199343 0.225771 0.253875 0.283484 0.314389 0.34635 0.379102 0.412358 0.445822 0.479193 0.512174 0.544481 0.575848 0.606033 0.634822 0.662036 0.687526 0.71118 0.732915 0.75268 0.77045 0.786225 0.800018 0.811859 0.821784 0.829834 0.836047 0.840457 0.843092 0.843969 0.843092 0.840457 0.836047 0.829834 0.821784 0.811859 0.800018 0.786225 0.77045 0.75268 0.732915 0.71118 0.687526 0.662036 0.634822 0.606033 0.575848 0.544481 0.512174 0.479193 0.445822 0.412358 0.379102 0.34635 0.314389 0.283484 0.253875 0.225771 0.199343 0.174724 0.152005 0.131239 0.112438 0.0955777 0.0806028 0.0674307 0.0559567 0.0460599 0.0376085 0.0304652 0.0244916 0.019553 0.0155216 0.0122797 0.00972185 0.00775672 0.00630829 0.00531678 0.00473917 
