0.00130957 0.00132797 0.00138335 0.00147632 0.00160785 0.0017793 0.00199236 0.00224902 0.00255155 0.00290244 0.00330434 0.00376 0.00427224 0.0048438 0.00547736 0.00617539 0.0069401 0.00777332 0.00867649 0.0096505 0.0106957 0.0118116 0.0129973 0.0142507 0.0155693 0.0169493 0.0183864 0.019875 0.0214089 0.022981 0.024583 0.0262063 0.0278413 0.0294778 0.031105 0.0327118 0.0342866 0.035818 0.037294 0.0387032 0.0400341 0.0412759 0.042418 0.0434507 0.0443651 0.0451531 0.0458077 0.0463231 0.0466946 0.0469189 0.0469938 0.0469189 0.0466946 0.0463231 0.0458077 0.0451531 0.0443651 0.0434507 0.042418 0.0412759 0.0400341 0.0387032 0.037294 0.035818 0.0342866 0.0327118 0.031105 0.0294778 0.0278413 0.0262063 0.024583 0.022981 0.0214089 0.019875 0.0183864 0.0169493 0.0155693 0.0142507 0.0129973 0.0118116 0.0106957 0.0096505 0.00867649 0.00777332 0.0069401 0.00617539 0.00547736 0.0048438 0.00427224 0.00376 0.00330434 0.00290244 0.00255155 0.00224902 0.00199236 0.0017793 0.00160785 0.00147632 0.00138335 0.00132797 
0.00132797 0.0013466 0.00140269 0.00149686 0.00163008 0.00180373 0.0020195 0.00227942 0.00258577 0.00294106 0.00334797 0.00380928 0.00432781 0.00490636 0.00554761 0.00625403 0.00702786 0.00787096 0.00878473 0.00977009 0.0108273 0.0119561 0.0131552 0.0144228 0.0157561 0.0171515 0.0186043 0.0201092 0.0216598 0.0232487 0.0248678 0.0265083 0.0281605 0.0298141 0.0314582 0.0330815 0.0346725 0.0362195 0.0377105 0.0391338 0.0404781 0.0417323 0.0428858 0.0439287 0.0448521 0.0456479 0.046309 0.0468294 0.0472045 0.047431 0.0475067 0.047431 0.0472045 0.0468294 0.046309 0.0456479 0.0448521 0.0439287 0.0428858 0.0417323 0.0404781 0.0391338 0.0377105 0.0362195 0.0346725 0.0330815 0.0314582 0.0298141 0.0281605 0.0265083 0.0248678 0.0232487 0.0216598 0.0201092 0.0186043 0.0171515 0.0157561 0.0144228 0.0131552 0.0119561 0.0108273 0.00977009 0.00878473 0.00787096 0.00702786 0.00625403 0.00554761 0.00490636 0.00432781 0.00380928 0.00334797 0.00294106 0.00258577 0.00227942 0.0020195 0.00180373 0.00163008 0.00149686 0.00140269 0.0013466 
0.00138335 0.00140269 0.00146094 0.0015587 0.001697 0.00187725 0.00210119 0.0023709 0.00268873 0.00305727 0.00347925 0.00395754 0.00449503 0.00509457 0.00575891 0.00649059 0.00729186 0.00816461 0.00911027 0.0101297 0.0112233 0.0123904 0.0136301 0.0149401 0.0163177 0.0177591 0.0192594 0.0208132 0.0224136 0.0240533 0.0257238 0.0274159 0.0291197 0.0308246 0.0325194 0.0341925 0.0358319 0.0374257 0.0389616 0.0404276 0.041812 0.0431034 0.044291 0.0453646 0.0463152 0.0471342 0.0478146 0.0483502 0.0487363 0.0489693 0.0490472 0.0489693 0.0487363 0.0483502 0.0478146 0.0471342 0.0463152 0.0453646 0.044291 0.0431034 0.041812 0.0404276 0.0389616 0.0374257 0.0358319 0.0341925 0.0325194 0.0308246 0.0291197 0.0274159 0.0257238 0.0240533 0.0224136 0.0208132 0.0192594 0.0177591 0.0163177 0.0149401 0.0136301 0.0123904 0.0112233 0.0101297 0.00911027 0.00816461 0.00729186 0.00649059 0.00575891 0.00509457 0.00449503 0.00395754 0.00347925 0.00305727 0.00268873 0.0023709 0.00210119 0.00187725 0.001697 0.0015587 0.00146094 0.00140269 
0.00147632 0.00149686 0.0015587 0.00166249 0.00180931 0.00200061 0.00223824 0.00252436 0.00286143 0.00325215 0.00369938 0.0042061 0.00477532 0.00541 0.006113 0.00688693 0.00773412 0.0086565 0.00965551 0.010732 0.0118863 0.0131177 0.014425 0.0158061 0.0172577 0.0187759 0.0203556 0.0219909 0.0236747 0.0253991 0.0271554 0.0289337 0.0307237 0.0325142 0.0342936 0.0360497 0.03777 0.0394419 0.0410527 0.0425898 0.044041 0.0453945 0.0466389 0.0477638 0.0487596 0.0496175 0.05033 0.0508909 0.0512952 0.0515393 0.0516208 0.0515393 0.0512952 0.0508909 0.05033 0.0496175 0.0487596 0.0477638 0.0466389 0.0453945 0.044041 0.0425898 0.0410527 0.0394419 0.03777 0.0360497 0.0342936 0.0325142 0.0307237 0.0289337 0.0271554 0.0253991 0.0236747 0.0219909 0.0203556 0.0187759 0.0172577 0.0158061 0.014425 0.0131177 0.0118863 0.010732 0.00965551 0.0086565 0.00773412 0.00688693 0.006113 0.00541 0.00477532 0.0042061 0.00369938 0.00325215 0.00286143 0.00252436 0.00223824 0.00200061 0.00180931 0.00166249 0.0015587 0.00149686 
0.00160785 0.00163008 0.001697 0.00180931 0.00196813 0.00217504 0.00243197 0.00274124 0.00310545 0.00352745 0.00401028 0.00455708 0.00517102 0.00585524 0.0066127 0.00744616 0.00835801 0.00935026 0.0104244 0.0115812 0.0128208 0.0141426 0.0155452 0.017026 0.0185817 0.0202079 0.0218992 0.023649 0.0254499 0.0272933 0.0291699 0.0310692 0.0329801 0.0348909 0.0367889 0.0386614 0.040495 0.0422764 0.0439922 0.045629 0.0471739 0.0486143 0.0499384 0.0511351 0.0521941 0.0531064 0.0538641 0.0544604 0.0548902 0.0551496 0.0552363 0.0551496 0.0548902 0.0544604 0.0538641 0.0531064 0.0521941 0.0511351 0.0499384 0.0486143 0.0471739 0.045629 0.0439922 0.0422764 0.040495 0.0386614 0.0367889 0.0348909 0.0329801 0.0310692 0.0291699 0.0272933 0.0254499 0.023649 0.0218992 0.0202079 0.0185817 0.017026 0.0155452 0.0141426 0.0128208 0.0115812 0.0104244 0.00935026 0.00835801 0.00744616 0.0066127 0.00585524 0.00517102 0.00455708 0.00401028 0.00352745 0.00310545 0.00274124 0.00243197 0.00217504 0.00196813 0.00180931 0.001697 0.00163008 
0.0017793 0.00180373 0.00187725 0.00200061 0.00217504 0.00240221 0.00268422 0.00302354 0.00342298 0.00388559 0.00441461 0.0050134 0.00568536 0.0064338 0.00726186 0.00817246 0.0091681 0.0102508 0.0114222 0.0126829 0.014033 0.0154718 0.0169975 0.0186074 0.0202976 0.0220633 0.0238986 0.0257963 0.0277483 0.0297453 0.0317771 0.0338325 0.0358994 0.0379651 0.040016 0.0420384 0.0440181 0.0459405 0.0477914 0.0495566 0.051222 0.0527743 0.0542009 0.0554899 0.0566303 0.0576126 0.0584282 0.0590701 0.0595327 0.0598119 0.0599052 0.0598119 0.0595327 0.0590701 0.0584282 0.0576126 0.0566303 0.0554899 0.0542009 0.0527743 0.051222 0.0495566 0.0477914 0.0459405 0.0440181 0.0420384 0.040016 0.0379651 0.0358994 0.0338325 0.0317771 0.0297453 0.0277483 0.0257963 0.0238986 0.0220633 0.0202976 0.0186074 0.0169975 0.0154718 0.014033 0.0126829 0.0114222 0.0102508 0.0091681 0.00817246 0.00726186 0.0064338 0.00568536 0.0050134 0.00441461 0.00388559 0.00342298 0.00302354 0.00268422 0.00240221 0.00217504 0.00200061 0.00187725 0.00180373 
0.00199236 0.0020195 0.00210119 0.00223824 0.00243197 0.00268422 0.00299725 0.00337375 0.00381675 0.00432955 0.00491567 0.00557871 0.00632232 0.00715005 0.00806527 0.00907105 0.01017 0.0113644 0.0126555 0.0140443 0.0155306 0.0171133 0.0187906 0.0205591 0.0224147 0.024352 0.0263643 0.0284437 0.0305813 0.0327669 0.0349891 0.0372359 0.0394941 0.0417496 0.043988 0.0461941 0.0483525 0.0504477 0.052464 0.0543861 0.056199 0.0578883 0.0594402 0.060842 0.0620821 0.0631499 0.0640364 0.0647339 0.0652366 0.0655399 0.0656413 0.0655399 0.0652366 0.0647339 0.0640364 0.0631499 0.0620821 0.060842 0.0594402 0.0578883 0.056199 0.0543861 0.052464 0.0504477 0.0483525 0.0461941 0.043988 0.0417496 0.0394941 0.0372359 0.0349891 0.0327669 0.0305813 0.0284437 0.0263643 0.024352 0.0224147 0.0205591 0.0187906 0.0171133 0.0155306 0.0140443 0.0126555 0.0113644 0.01017 0.00907105 0.00806527 0.00715005 0.00632232 0.00557871 0.00491567 0.00432955 0.00381675 0.00337375 0.00299725 0.00268422 0.00243197 0.00223824 0.00210119 0.0020195 
0.00224902 0.00227942 0.0023709 0.00252436 0.00274124 0.00302354 0.00337375 0.00379479 0.00428997 0.00486288 0.00551733 0.00625726 0.00708658 0.00800913 0.00902852 0.010148 0.0113704 0.0126979 0.0141321 0.0156736 0.0173221 0.0190765 0.0209342 0.0228917 0.0249442 0.0270855 0.0293083 0.0316036 0.0339617 0.0363711 0.0388195 0.0412934 0.0437783 0.046259 0.0487194 0.0511432 0.0535133 0.055813 0.0580251 0.0601329 0.0621203 0.0639714 0.0656715 0.0672067 0.0685644 0.0697333 0.0707035 0.0714668 0.0720168 0.0723487 0.0724596 0.0723487 0.0720168 0.0714668 0.0707035 0.0697333 0.0685644 0.0672067 0.0656715 0.0639714 0.0621203 0.0601329 0.0580251 0.055813 0.0535133 0.0511432 0.0487194 0.046259 0.0437783 0.0412934 0.0388195 0.0363711 0.0339617 0.0316036 0.0293083 0.0270855 0.0249442 0.0228917 0.0209342 0.0190765 0.0173221 0.0156736 0.0141321 0.0126979 0.0113704 0.010148 0.00902852 0.00800913 0.00708658 0.00625726 0.00551733 0.00486288 0.00428997 0.00379479 0.00337375 0.00302354 0.00274124 0.00252436 0.0023709 0.00227942 
0.00255155 0.00258577 0.00268873 0.00286143 0.00310545 0.00342298 0.00381675 0.00428997 0.00484625 0.00548953 0.00622396 0.00705382 0.00798337 0.00901674 0.0101578 0.0114101 0.0127766 0.0142595 0.0158604 0.0175799 0.0194175 0.0213716 0.0234394 0.0256167 0.027898 0.0302764 0.0327435 0.0352896 0.0379033 0.0405724 0.0432828 0.0460198 0.0487674 0.0515086 0.054226 0.0569014 0.0595164 0.0620523 0.0644905 0.0668129 0.0690016 0.0710396 0.0729106 0.0745997 0.0760931 0.0773785 0.0784452 0.0792843 0.0798888 0.0802536 0.0803755 0.0802536 0.0798888 0.0792843 0.0784452 0.0773785 0.0760931 0.0745997 0.0729106 0.0710396 0.0690016 0.0668129 0.0644905 0.0620523 0.0595164 0.0569014 0.054226 0.0515086 0.0487674 0.0460198 0.0432828 0.0405724 0.0379033 0.0352896 0.0327435 0.0302764 0.027898 0.0256167 0.0234394 0.0213716 0.0194175 0.0175799 0.0158604 0.0142595 0.0127766 0.0114101 0.0101578 0.00901674 0.00798337 0.00705382 0.00622396 0.00548953 0.00484625 0.00428997 0.00381675 0.00342298 0.00310545 0.00286143 0.00268873 0.00258577 
0.00290244 0.00294106 0.00305727 0.00325215 0.00352745 0.00388559 0.00432955 0.00486288 0.00548953 0.00621382 0.00704028 0.00797358 0.00901835 0.0101791 0.0114599 0.0128647 0.0143964 0.0160575 0.0178496 0.0197729 0.0218269 0.0240095 0.0263175 0.028746 0.0312887 0.0339378 0.0366837 0.0395156 0.0424208 0.0453855 0.0483943 0.0514307 0.0544769 0.0575143 0.0605236 0.0634848 0.0663776 0.0691815 0.0718762 0.0744418 0.0768586 0.0791082 0.0811729 0.0830362 0.0846831 0.0861004 0.0872763 0.0882012 0.0888674 0.0892693 0.0894037 0.0892693 0.0888674 0.0882012 0.0872763 0.0861004 0.0846831 0.0830362 0.0811729 0.0791082 0.0768586 0.0744418 0.0718762 0.0691815 0.0663776 0.0634848 0.0605236 0.0575143 0.0544769 0.0514307 0.0483943 0.0453855 0.0424208 0.0395156 0.0366837 0.0339378 0.0312887 0.028746 0.0263175 0.0240095 0.0218269 0.0197729 0.0178496 0.0160575 0.0143964 0.0128647 0.0114599 0.0101791 0.00901835 0.00797358 0.00704028 0.00621382 0.00548953 0.00486288 0.00432955 0.00388559 0.00352745 0.00325215 0.00305727 0.00294106 
0.00330434 0.00334797 0.00347925 0.00369938 0.00401028 0.00441461 0.00491567 0.00551733 0.00622396 0.00704028 0.00797125 0.00902196 0.0101975 0.0115026 0.0129419 0.0145193 0.0162381 0.0181008 0.0201089 0.0222626 0.024561 0.0270016 0.0295804 0.0322921 0.0351292 0.0380829 0.0411425 0.0442957 0.0475285 0.0508252 0.0541688 0.0575409 0.0609219 0.0642912 0.0676273 0.0709083 0.0741119 0.0772155 0.0801968 0.083034 0.0857056 0.0881915 0.0904721 0.0925297 0.0943479 0.0959122 0.0972098 0.0982303 0.0989652 0.0994086 0.0995568 0.0994086 0.0989652 0.0982303 0.0972098 0.0959122 0.0943479 0.0925297 0.0904721 0.0881915 0.0857056 0.083034 0.0801968 0.0772155 0.0741119 0.0709083 0.0676273 0.0642912 0.0609219 0.0575409 0.0541688 0.0508252 0.0475285 0.0442957 0.0411425 0.0380829 0.0351292 0.0322921 0.0295804 0.0270016 0.024561 0.0222626 0.0201089 0.0181008 0.0162381 0.0145193 0.0129419 0.0115026 0.0101975 0.00902196 0.00797125 0.00704028 0.00622396 0.00551733 0.00491567 0.00441461 0.00401028 0.00369938 0.00347925 0.00334797 
0.00376 0.00380928 0.00395754 0.0042061 0.00455708 0.0050134 0.00557871 0.00625726 0.00705382 0.00797358 0.00902196 0.0102045 0.0115267 0.0129938 0.0146107 0.0163815 0.0183098 0.0203981 0.0226478 0.0250589 0.0276302 0.0303586 0.0332396 0.0362667 0.0394318 0.0427246 0.0461331 0.0496434 0.0532399 0.0569052 0.0606202 0.0643644 0.0681163 0.0718529 0.0755507 0.0791854 0.0827324 0.0861671 0.0894649 0.0926018 0.0955545 0.0983008 0.10082 0.103091 0.105098 0.106824 0.108256 0.109382 0.110192 0.110681 0.110845 0.110681 0.110192 0.109382 0.108256 0.106824 0.105098 0.103091 0.10082 0.0983008 0.0955545 0.0926018 0.0894649 0.0861671 0.0827324 0.0791854 0.0755507 0.0718529 0.0681163 0.0643644 0.0606202 0.0569052 0.0532399 0.0496434 0.0461331 0.0427246 0.0394318 0.0362667 0.0332396 0.0303586 0.0276302 0.0250589 0.0226478 0.0203981 0.0183098 0.0163815 0.0146107 0.0129938 0.0115267 0.0102045 0.00902196 0.00797358 0.00705382 0.00625726 0.00557871 0.0050134 0.00455708 0.0042061 0.00395754 0.00380928 
0.00427224 0.00432781 0.00449503 0.00477532 0.00517102 0.00568536 0.00632232 0.00708658 0.00798337 0.00901835 0.0101975 0.0115267 0.0130121 0.0146592 0.0164733 0.0184589 0.0206195 0.0229579 0.0254752 0.0281713 0.0310445 0.0340911 0.0373058 0.0406812 0.0442079 0.0478745 0.0516672 0.0555707 0.0595672 0.0636375 0.0677604 0.0719131 0.0760718 0.0802111 0.084305 0.0883269 0.0922496 0.0960462 0.0996898 0.103154 0.106414 0.109444 0.112223 0.114728 0.11694 0.118843 0.120421 0.121661 0.122554 0.123093 0.123273 0.123093 0.122554 0.121661 0.120421 0.118843 0.11694 0.114728 0.112223 0.109444 0.106414 0.103154 0.0996898 0.0960462 0.0922496 0.0883269 0.084305 0.0802111 0.0760718 0.0719131 0.0677604 0.0636375 0.0595672 0.0555707 0.0516672 0.0478745 0.0442079 0.0406812 0.0373058 0.0340911 0.0310445 0.0281713 0.0254752 0.0229579 0.0206195 0.0184589 0.0164733 0.0146592 0.0130121 0.0115267 0.0101975 0.00901835 0.00798337 0.00708658 0.00632232 0.00568536 0.00517102 0.00477532 0.00449503 0.00432781 
0.0048438 0.00490636 0.00509457 0.00541 0.00585524 0.0064338 0.00715005 0.00800913 0.00901674 0.0101791 0.0115026 0.0129938 0.0146592 0.0165048 0.0185363 0.0207583 0.0231747 0.0257881 0.0285995 0.0316085 0.0348129 0.0382084 0.0417887 0.0455454 0.0494677 0.0535427 0.0577551 0.0620875 0.0665204 0.071032 0.0755989 0.0801961 0.084797 0.0893738 0.0938978 0.0983397 0.10267 0.106859 0.110877 0.114695 0.118287 0.121625 0.124684 0.127441 0.129876 0.131969 0.133704 0.135068 0.13605 0.136642 0.13684 0.136642 0.13605 0.135068 0.133704 0.131969 0.129876 0.127441 0.124684 0.121625 0.118287 0.114695 0.110877 0.106859 0.10267 0.0983397 0.0938978 0.0893738 0.084797 0.0801961 0.0755989 0.071032 0.0665204 0.0620875 0.0577551 0.0535427 0.0494677 0.0455454 0.0417887 0.0382084 0.0348129 0.0316085 0.0285995 0.0257881 0.0231747 0.0207583 0.0185363 0.0165048 0.0146592 0.0129938 0.0115026 0.0101791 0.00901674 0.00800913 0.00715005 0.0064338 0.00585524 0.00541 0.00509457 0.00490636 
0.00547736 0.00554761 0.00575891 0.006113 0.0066127 0.00726186 0.00806527 0.00902852 0.0101578 0.0114599 0.0129419 0.0146107 0.0164733 0.0185363 0.0208056 0.0232862 0.025982 0.0288955 0.0320278 0.035378 0.0389431 0.0427183 0.0466962 0.0508672 0.055219 0.0597371 0.0644044 0.0692015 0.0741064 0.0790952 0.084142 0.089219 0.0942969 0.0993452 0.104333 0.109227 0.113995 0.118605 0.123026 0.127225 0.131173 0.13484 0.1382 0.141228 0.1439 0.146197 0.148101 0.149597 0.150674 0.151324 0.151541 0.151324 0.150674 0.149597 0.148101 0.146197 0.1439 0.141228 0.1382 0.13484 0.131173 0.127225 0.123026 0.118605 0.113995 0.109227 0.104333 0.0993452 0.0942969 0.089219 0.084142 0.0790952 0.0741064 0.0692015 0.0644044 0.0597371 0.055219 0.0508672 0.0466962 0.0427183 0.0389431 0.035378 0.0320278 0.0288955 0.025982 0.0232862 0.0208056 0.0185363 0.0164733 0.0146107 0.0129419 0.0114599 0.0101578 0.00902852 0.00806527 0.00726186 0.0066127 0.006113 0.00575891 0.00554761 
0.00617539 0.00625403 0.00649059 0.00688693 0.00744616 0.00817246 0.00907105 0.010148 0.0114101 0.0128647 0.0145193 0.0163815 0.0184589 0.0207583 0.0232862 0.0260476 0.0290467 0.0322859 0.035766 0.0394855 0.0434411 0.0476267 0.0520341 0.0566522 0.0614672 0.0664628 0.0716198 0.0769165 0.0823288 0.08783 0.0933916 0.0989829 0.104572 0.110125 0.115607 0.120985 0.126221 0.131281 0.136131 0.140735 0.145062 0.14908 0.15276 0.156075 0.159001 0.161514 0.163597 0.165234 0.166412 0.167123 0.16736 0.167123 0.166412 0.165234 0.163597 0.161514 0.159001 0.156075 0.15276 0.14908 0.145062 0.140735 0.136131 0.131281 0.126221 0.120985 0.115607 0.110125 0.104572 0.0989829 0.0933916 0.08783 0.0823288 0.0769165 0.0716198 0.0664628 0.0614672 0.0566522 0.0520341 0.0476267 0.0434411 0.0394855 0.035766 0.0322859 0.0290467 0.0260476 0.0232862 0.0207583 0.0184589 0.0163815 0.0145193 0.0128647 0.0114101 0.010148 0.00907105 0.00817246 0.00744616 0.00688693 0.00649059 0.00625403 
0.0069401 0.00702786 0.00729186 0.00773412 0.00835801 0.0091681 0.01017 0.0113704 0.0127766 0.0143964 0.0162381 0.0183098 0.0206195 0.0231747 0.025982 0.0290467 0.0323731 0.0359634 0.039818 0.0439351 0.0483105 0.0529372 0.0578057 0.0629033 0.0682147 0.0737214 0.0794022 0.085233 0.0911869 0.0972348 0.103345 0.109484 0.115616 0.121706 0.127715 0.133605 0.139337 0.144874 0.150178 0.155211 0.15994 0.164329 0.168347 0.171965 0.175157 0.177899 0.180171 0.181956 0.183241 0.184016 0.184274 0.184016 0.183241 0.181956 0.180171 0.177899 0.175157 0.171965 0.168347 0.164329 0.15994 0.155211 0.150178 0.144874 0.139337 0.133605 0.127715 0.121706 0.115616 0.109484 0.103345 0.0972348 0.0911869 0.085233 0.0794022 0.0737214 0.0682147 0.0629033 0.0578057 0.0529372 0.0483105 0.0439351 0.039818 0.0359634 0.0323731 0.0290467 0.025982 0.0231747 0.0206195 0.0183098 0.0162381 0.0143964 0.0127766 0.0113704 0.01017 0.0091681 0.00835801 0.00773412 0.00729186 0.00702786 
0.00777332 0.00787096 0.00816461 0.0086565 0.00935026 0.0102508 0.0113644 0.0126979 0.0142595 0.0160575 0.0181008 0.0203981 0.0229579 0.0257881 0.0288955 0.0322859 0.0359634 0.03993 0.0441858 0.0487284 0.0535527 0.0586505 0.064011 0.0696199 0.07546 0.0815107 0.0877485 0.0941465 0.100675 0.107303 0.113994 0.120713 0.12742 0.134076 0.14064 0.147071 0.153327 0.159365 0.165147 0.170632 0.175781 0.180559 0.184932 0.188869 0.192341 0.195322 0.197792 0.199732 0.201129 0.20197 0.202252 0.20197 0.201129 0.199732 0.197792 0.195322 0.192341 0.188869 0.184932 0.180559 0.175781 0.170632 0.165147 0.159365 0.153327 0.147071 0.14064 0.134076 0.12742 0.120713 0.113994 0.107303 0.100675 0.0941465 0.0877485 0.0815107 0.07546 0.0696199 0.064011 0.0586505 0.0535527 0.0487284 0.0441858 0.03993 0.0359634 0.0322859 0.0288955 0.0257881 0.0229579 0.0203981 0.0181008 0.0160575 0.0142595 0.0126979 0.0113644 0.0102508 0.00935026 0.0086565 0.00816461 0.00787096 
0.00867649 0.00878473 0.00911027 0.00965551 0.0104244 0.0114222 0.0126555 0.0141321 0.0158604 0.0178496 0.0201089 0.0226478 0.0254752 0.0285995 0.0320278 0.035766 0.039818 0.0441858 0.048869 0.0538644 0.0591658 0.0647641 0.0706468 0.0767978 0.0831979 0.0898243 0.0966508 0.103648 0.110783 0.118021 0.125325 0.132653 0.139965 0.147216 0.154363 0.16136 0.168163 0.174727 0.181009 0.186964 0.192554 0.197738 0.202481 0.206749 0.210512 0.213743 0.216419 0.218521 0.220033 0.220945 0.221249 0.220945 0.220033 0.218521 0.216419 0.213743 0.210512 0.206749 0.202481 0.197738 0.192554 0.186964 0.181009 0.174727 0.168163 0.16136 0.154363 0.147216 0.139965 0.132653 0.125325 0.118021 0.110783 0.103648 0.0966508 0.0898243 0.0831979 0.0767978 0.0706468 0.0647641 0.0591658 0.0538644 0.048869 0.0441858 0.039818 0.035766 0.0320278 0.0285995 0.0254752 0.0226478 0.0201089 0.0178496 0.0158604 0.0141321 0.0126555 0.0114222 0.0104244 0.00965551 0.00911027 0.00878473 
0.0096505 0.00977009 0.0101297 0.010732 0.0115812 0.0126829 0.0140443 0.0156736 0.0175799 0.0197729 0.0222626 0.0250589 0.0281713 0.0316085 0.035378 0.0394855 0.0439351 0.0487284 0.0538644 0.059339 0.0651451 0.0712722 0.077706 0.0844286 0.0914187 0.0986508 0.106096 0.113723 0.121494 0.129373 0.137317 0.145283 0.153226 0.161098 0.168853 0.176441 0.183814 0.190924 0.197724 0.20417 0.210215 0.215821 0.220947 0.225559 0.229623 0.233112 0.236001 0.23827 0.239902 0.240886 0.241214 0.240886 0.239902 0.23827 0.236001 0.233112 0.229623 0.225559 0.220947 0.215821 0.210215 0.20417 0.197724 0.190924 0.183814 0.176441 0.168853 0.161098 0.153226 0.145283 0.137317 0.129373 0.121494 0.113723 0.106096 0.0986508 0.0914187 0.0844286 0.077706 0.0712722 0.0651451 0.059339 0.0538644 0.0487284 0.0439351 0.0394855 0.035378 0.0316085 0.0281713 0.0250589 0.0222626 0.0197729 0.0175799 0.0156736 0.0140443 0.0126829 0.0115812 0.010732 0.0101297 0.00977009 
0.0106957 0.0108273 0.0112233 0.0118863 0.0128208 0.014033 0.0155306 0.0173221 0.0194175 0.0218269 0.024561 0.0276302 0.0310445 0.0348129 0.0389431 0.0434411 0.0483105 0.0535527 0.0591658 0.0651451 0.0714822 0.0781649 0.0851774 0.0924997 0.100108 0.107974 0.116067 0.12435 0.132786 0.141332 0.149943 0.158573 0.167171 0.175689 0.184073 0.192273 0.200236 0.207911 0.215248 0.222198 0.228715 0.234754 0.240276 0.245241 0.249615 0.25337 0.256477 0.258917 0.260672 0.26173 0.262084 0.26173 0.260672 0.258917 0.256477 0.25337 0.249615 0.245241 0.240276 0.234754 0.228715 0.222198 0.215248 0.207911 0.200236 0.192273 0.184073 0.175689 0.167171 0.158573 0.149943 0.141332 0.132786 0.12435 0.116067 0.107974 0.100108 0.0924997 0.0851774 0.0781649 0.0714822 0.0651451 0.0591658 0.0535527 0.0483105 0.0434411 0.0389431 0.0348129 0.0310445 0.0276302 0.024561 0.0218269 0.0194175 0.0173221 0.0155306 0.014033 0.0128208 0.0118863 0.0112233 0.0108273 
0.0118116 0.0119561 0.0123904 0.0131177 0.0141426 0.0154718 0.0171133 0.0190765 0.0213716 0.0240095 0.0270016 0.0303586 0.0340911 0.0382084 0.0427183 0.0476267 0.0529372 0.0586505 0.0647641 0.0712722 0.0781649 0.0854287 0.0930456 0.100993 0.109246 0.117772 0.126538 0.135505 0.144629 0.153867 0.163169 0.172485 0.181762 0.190945 0.199979 0.208809 0.217379 0.225635 0.233523 0.240991 0.247991 0.254475 0.2604 0.265727 0.270419 0.274444 0.277776 0.280391 0.282272 0.283405 0.283784 0.283405 0.282272 0.280391 0.277776 0.274444 0.270419 0.265727 0.2604 0.254475 0.247991 0.240991 0.233523 0.225635 0.217379 0.208809 0.199979 0.190945 0.181762 0.172485 0.163169 0.153867 0.144629 0.135505 0.126538 0.117772 0.109246 0.100993 0.0930456 0.0854287 0.0781649 0.0712722 0.0647641 0.0586505 0.0529372 0.0476267 0.0427183 0.0382084 0.0340911 0.0303586 0.0270016 0.0240095 0.0213716 0.0190765 0.0171133 0.0154718 0.0141426 0.0131177 0.0123904 0.0119561 
0.0129973 0.0131552 0.0136301 0.014425 0.0155452 0.0169975 0.0187906 0.0209342 0.0234394 0.0263175 0.0295804 0.0332396 0.0373058 0.0417887 0.0466962 0.0520341 0.0578057 0.064011 0.0706468 0.077706 0.0851774 0.0930456 0.101291 0.109888 0.118809 0.128019 0.137481 0.147153 0.15699 0.166941 0.176955 0.186977 0.19695 0.206817 0.216517 0.225993 0.235184 0.244034 0.252484 0.260482 0.267973 0.27491 0.281247 0.286942 0.291956 0.296257 0.299815 0.302608 0.304617 0.305827 0.306231 0.305827 0.304617 0.302608 0.299815 0.296257 0.291956 0.286942 0.281247 0.27491 0.267973 0.260482 0.252484 0.244034 0.235184 0.225993 0.216517 0.206817 0.19695 0.186977 0.176955 0.166941 0.15699 0.147153 0.137481 0.128019 0.118809 0.109888 0.101291 0.0930456 0.0851774 0.077706 0.0706468 0.064011 0.0578057 0.0520341 0.0466962 0.0417887 0.0373058 0.0332396 0.0295804 0.0263175 0.0234394 0.0209342 0.0187906 0.0169975 0.0155452 0.014425 0.0136301 0.0131552 
0.0142507 0.0144228 0.0149401 0.0158061 0.017026 0.0186074 0.0205591 0.0228917 0.0256167 0.028746 0.0322921 0.0362667 0.0406812 0.0455454 0.0508672 0.0566522 0.0629033 0.0696199 0.0767978 0.0844286 0.0924997 0.100993 0.109888 0.119156 0.128766 0.138681 0.148861 0.159258 0.169825 0.180509 0.191252 0.201996 0.212682 0.223246 0.233626 0.24376 0.253584 0.263036 0.272059 0.280592 0.288583 0.295979 0.302732 0.308798 0.314138 0.318717 0.322505 0.325477 0.327614 0.328902 0.329332 0.328902 0.327614 0.325477 0.322505 0.318717 0.314138 0.308798 0.302732 0.295979 0.288583 0.280592 0.272059 0.263036 0.253584 0.24376 0.233626 0.223246 0.212682 0.201996 0.191252 0.180509 0.169825 0.159258 0.148861 0.138681 0.128766 0.119156 0.109888 0.100993 0.0924997 0.0844286 0.0767978 0.0696199 0.0629033 0.0566522 0.0508672 0.0455454 0.0406812 0.0362667 0.0322921 0.028746 0.0256167 0.0228917 0.0205591 0.0186074 0.017026 0.0158061 0.0149401 0.0144228 
0.0155693 0.0157561 0.0163177 0.0172577 0.0185817 0.0202976 0.0224147 0.0249442 0.027898 0.0312887 0.0351292 0.0394318 0.0442079 0.0494677 0.055219 0.0614672 0.0682147 0.07546 0.0831979 0.0914187 0.100108 0.109246 0.118809 0.128766 0.139084 0.149722 0.160635 0.171775 0.183089 0.194519 0.206005 0.217486 0.228895 0.240168 0.251238 0.262038 0.272502 0.282565 0.292164 0.301239 0.309733 0.31759 0.324762 0.331202 0.33687 0.341728 0.345746 0.348898 0.351164 0.352529 0.352985 0.352529 0.351164 0.348898 0.345746 0.341728 0.33687 0.331202 0.324762 0.31759 0.309733 0.301239 0.292164 0.282565 0.272502 0.262038 0.251238 0.240168 0.228895 0.217486 0.206005 0.194519 0.183089 0.171775 0.160635 0.149722 0.139084 0.128766 0.118809 0.109246 0.100108 0.0914187 0.0831979 0.07546 0.0682147 0.0614672 0.055219 0.0494677 0.0442079 0.0394318 0.0351292 0.0312887 0.027898 0.0249442 0.0224147 0.0202976 0.0185817 0.0172577 0.0163177 0.0157561 
0.0169493 0.0171515 0.0177591 0.0187759 0.0202079 0.0220633 0.024352 0.0270855 0.0302764 0.0339378 0.0380829 0.0427246 0.0478745 0.0535427 0.0597371 0.0664628 0.0737214 0.0815107 0.0898243 0.0986508 0.107974 0.117772 0.128019 0.138681 0.149722 0.161097 0.172758 0.184654 0.196726 0.208915 0.221155 0.23338 0.245522 0.257511 0.269277 0.280748 0.291856 0.302532 0.312711 0.322329 0.331327 0.339647 0.347238 0.354052 0.360046 0.365183 0.36943 0.372762 0.375156 0.376599 0.377081 0.376599 0.375156 0.372762 0.36943 0.365183 0.360046 0.354052 0.347238 0.339647 0.331327 0.322329 0.312711 0.302532 0.291856 0.280748 0.269277 0.257511 0.245522 0.23338 0.221155 0.208915 0.196726 0.184654 0.172758 0.161097 0.149722 0.138681 0.128019 0.117772 0.107974 0.0986508 0.0898243 0.0815107 0.0737214 0.0664628 0.0597371 0.0535427 0.0478745 0.0427246 0.0380829 0.0339378 0.0302764 0.0270855 0.024352 0.0220633 0.0202079 0.0187759 0.0177591 0.0171515 
0.0183864 0.0186043 0.0192594 0.0203556 0.0218992 0.0238986 0.0263643 0.0293083 0.0327435 0.0366837 0.0411425 0.0461331 0.0516672 0.0577551 0.0644044 0.0716198 0.0794022 0.0877485 0.0966508 0.106096 0.116067 0.126538 0.137481 0.148861 0.160635 0.172758 0.185178 0.197839 0.210679 0.223633 0.236633 0.249609 0.262488 0.275196 0.28766 0.299804 0.311557 0.322846 0.333604 0.343764 0.353263 0.362044 0.370051 0.377236 0.383555 0.388969 0.393444 0.396953 0.399475 0.400994 0.401502 0.400994 0.399475 0.396953 0.393444 0.388969 0.383555 0.377236 0.370051 0.362044 0.353263 0.343764 0.333604 0.322846 0.311557 0.299804 0.28766 0.275196 0.262488 0.249609 0.236633 0.223633 0.210679 0.197839 0.185178 0.172758 0.160635 0.148861 0.137481 0.126538 0.116067 0.106096 0.0966508 0.0877485 0.0794022 0.0716198 0.0644044 0.0577551 0.0516672 0.0461331 0.0411425 0.0366837 0.0327435 0.0293083 0.0263643 0.0238986 0.0218992 0.0203556 0.0192594 0.0186043 
0.019875 0.0201092 0.0208132 0.0219909 0.023649 0.0257963 0.0284437 0.0316036 0.0352896 0.0395156 0.0442957 0.0496434 0.0555707 0.0620875 0.0692015 0.0769165 0.085233 0.0941465 0.103648 0.113723 0.12435 0.135505 0.147153 0.159258 0.171775 0.184654 0.197839 0.21127 0.224881 0.238605 0.252368 0.266096 0.279712 0.293139 0.306299 0.319115 0.331509 0.343408 0.354741 0.365438 0.375435 0.384671 0.39309 0.400642 0.407281 0.412968 0.417667 0.421351 0.423999 0.425593 0.426126 0.425593 0.423999 0.421351 0.417667 0.412968 0.407281 0.400642 0.39309 0.384671 0.375435 0.365438 0.354741 0.343408 0.331509 0.319115 0.306299 0.293139 0.279712 0.266096 0.252368 0.238605 0.224881 0.21127 0.197839 0.184654 0.171775 0.159258 0.147153 0.135505 0.12435 0.113723 0.103648 0.0941465 0.085233 0.0769165 0.0692015 0.0620875 0.0555707 0.0496434 0.0442957 0.0395156 0.0352896 0.0316036 0.0284437 0.0257963 0.023649 0.0219909 0.0208132 0.0201092 
0.0214089 0.0216598 0.0224136 0.0236747 0.0254499 0.0277483 0.0305813 0.0339617 0.0379033 0.0424208 0.0475285 0.0532399 0.0595672 0.0665204 0.0741064 0.0823288 0.0911869 0.100675 0.110783 0.121494 0.132786 0.144629 0.15699 0.169825 0.183089 0.196726 0.210679 0.224881 0.239265 0.253757 0.268282 0.282759 0.29711 0.311252 0.325103 0.338584 0.351613 0.364116 0.376016 0.387243 0.397729 0.407414 0.416238 0.42415 0.431104 0.437057 0.441976 0.445832 0.448602 0.450271 0.450828 0.450271 0.448602 0.445832 0.441976 0.437057 0.431104 0.42415 0.416238 0.407414 0.397729 0.387243 0.376016 0.364116 0.351613 0.338584 0.325103 0.311252 0.29711 0.282759 0.268282 0.253757 0.239265 0.224881 0.210679 0.196726 0.183089 0.169825 0.15699 0.144629 0.132786 0.121494 0.110783 0.100675 0.0911869 0.0823288 0.0741064 0.0665204 0.0595672 0.0532399 0.0475285 0.0424208 0.0379033 0.0339617 0.0305813 0.0277483 0.0254499 0.0236747 0.0224136 0.0216598 
0.022981 0.0232487 0.0240533 0.0253991 0.0272933 0.0297453 0.0327669 0.0363711 0.0405724 0.0453855 0.0508252 0.0569052 0.0636375 0.071032 0.0790952 0.08783 0.0972348 0.107303 0.118021 0.129373 0.141332 0.153867 0.166941 0.180509 0.194519 0.208915 0.223633 0.238605 0.253757 0.269014 0.284294 0.299515 0.314592 0.32944 0.343974 0.35811 0.371766 0.384861 0.397318 0.409065 0.420031 0.430154 0.439374 0.447638 0.454898 0.461112 0.466245 0.470268 0.473157 0.474898 0.475479 0.474898 0.473157 0.470268 0.466245 0.461112 0.454898 0.447638 0.439374 0.430154 0.420031 0.409065 0.397318 0.384861 0.371766 0.35811 0.343974 0.32944 0.314592 0.299515 0.284294 0.269014 0.253757 0.238605 0.223633 0.208915 0.194519 0.180509 0.166941 0.153867 0.141332 0.129373 0.118021 0.107303 0.0972348 0.08783 0.0790952 0.071032 0.0636375 0.0569052 0.0508252 0.0453855 0.0405724 0.0363711 0.0327669 0.0297453 0.0272933 0.0253991 0.0240533 0.0232487 
0.024583 0.0248678 0.0257238 0.0271554 0.0291699 0.0317771 0.0349891 0.0388195 0.0432828 0.0483943 0.0541688 0.0606202 0.0677604 0.0755989 0.084142 0.0933916 0.103345 0.113994 0.125325 0.137317 0.149943 0.163169 0.176955 0.191252 0.206005 0.221155 0.236633 0.252368 0.268282 0.284294 0.30032 0.316274 0.332066 0.347609 0.362814 0.377592 0.39186 0.405535 0.418536 0.430789 0.442223 0.452773 0.462377 0.470982 0.478539 0.485005 0.490345 0.49453 0.497535 0.499344 0.499949 0.499344 0.497535 0.49453 0.490345 0.485005 0.478539 0.470982 0.462377 0.452773 0.442223 0.430789 0.418536 0.405535 0.39186 0.377592 0.362814 0.347609 0.332066 0.316274 0.30032 0.284294 0.268282 0.252368 0.236633 0.221155 0.206005 0.191252 0.176955 0.163169 0.149943 0.137317 0.125325 0.113994 0.103345 0.0933916 0.084142 0.0755989 0.0677604 0.0606202 0.0541688 0.0483943 0.0432828 0.0388195 0.0349891 0.0317771 0.0291699 0.0271554 0.0257238 0.0248678 
0.0262063 0.0265083 0.0274159 0.0289337 0.0310692 0.0338325 0.0372359 0.0412934 0.0460198 0.0514307 0.0575409 0.0643644 0.0719131 0.0801961 0.089219 0.0989829 0.109484 0.120713 0.132653 0.145283 0.158573 0.172485 0.186977 0.201996 0.217486 0.23338 0.249609 0.266096 0.282759 0.299515 0.316274 0.332946 0.349439 0.36566 0.381519 0.396925 0.411789 0.426027 0.439556 0.4523 0.464186 0.475148 0.485123 0.494057 0.501901 0.50861 0.514149 0.518489 0.521605 0.523481 0.524108 0.523481 0.521605 0.518489 0.514149 0.50861 0.501901 0.494057 0.485123 0.475148 0.464186 0.4523 0.439556 0.426027 0.411789 0.396925 0.381519 0.36566 0.349439 0.332946 0.316274 0.299515 0.282759 0.266096 0.249609 0.23338 0.217486 0.201996 0.186977 0.172485 0.158573 0.145283 0.132653 0.120713 0.109484 0.0989829 0.089219 0.0801961 0.0719131 0.0643644 0.0575409 0.0514307 0.0460198 0.0412934 0.0372359 0.0338325 0.0310692 0.0289337 0.0274159 0.0265083 
0.0278413 0.0281605 0.0291197 0.0307237 0.0329801 0.0358994 0.0394941 0.0437783 0.0487674 0.0544769 0.0609219 0.0681163 0.0760718 0.084797 0.0942969 0.104572 0.115616 0.12742 0.139965 0.153226 0.167171 0.181762 0.19695 0.212682 0.228895 0.245522 0.262488 0.279712 0.29711 0.314592 0.332066 0.349439 0.366614 0.383496 0.39999 0.416003 0.431444 0.446225 0.460264 0.473481 0.485803 0.497161 0.507492 0.516742 0.524859 0.531801 0.537531 0.542018 0.54524 0.54718 0.547828 0.54718 0.54524 0.542018 0.537531 0.531801 0.524859 0.516742 0.507492 0.497161 0.485803 0.473481 0.460264 0.446225 0.431444 0.416003 0.39999 0.383496 0.366614 0.349439 0.332066 0.314592 0.29711 0.279712 0.262488 0.245522 0.228895 0.212682 0.19695 0.181762 0.167171 0.153226 0.139965 0.12742 0.115616 0.104572 0.0942969 0.084797 0.0760718 0.0681163 0.0609219 0.0544769 0.0487674 0.0437783 0.0394941 0.0358994 0.0329801 0.0307237 0.0291197 0.0281605 
0.0294778 0.0298141 0.0308246 0.0325142 0.0348909 0.0379651 0.0417496 0.046259 0.0515086 0.0575143 0.0642912 0.0718529 0.0802111 0.0893738 0.0993452 0.110125 0.121706 0.134076 0.147216 0.161098 0.175689 0.190945 0.206817 0.223246 0.240168 0.257511 0.275196 0.293139 0.311252 0.32944 0.347609 0.36566 0.383496 0.401016 0.418123 0.434721 0.450717 0.466021 0.480549 0.494219 0.506957 0.518693 0.529364 0.538914 0.547292 0.554455 0.560366 0.564994 0.568317 0.570317 0.570985 0.570317 0.568317 0.564994 0.560366 0.554455 0.547292 0.538914 0.529364 0.518693 0.506957 0.494219 0.480549 0.466021 0.450717 0.434721 0.418123 0.401016 0.383496 0.36566 0.347609 0.32944 0.311252 0.293139 0.275196 0.257511 0.240168 0.223246 0.206817 0.190945 0.175689 0.161098 0.147216 0.134076 0.121706 0.110125 0.0993452 0.0893738 0.0802111 0.0718529 0.0642912 0.0575143 0.0515086 0.046259 0.0417496 0.0379651 0.0348909 0.0325142 0.0308246 0.0298141 
0.031105 0.0314582 0.0325194 0.0342936 0.0367889 0.040016 0.043988 0.0487194 0.054226 0.0605236 0.0676273 0.0755507 0.084305 0.0938978 0.104333 0.115607 0.127715 0.14064 0.154363 0.168853 0.184073 0.199979 0.216517 0.233626 0.251238 0.269277 0.28766 0.306299 0.325103 0.343974 0.362814 0.381519 0.39999 0.418123 0.435818 0.452976 0.469503 0.485307 0.5003 0.514401 0.527534 0.53963 0.550623 0.560457 0.569082 0.576453 0.582534 0.587296 0.590713 0.59277 0.593457 0.59277 0.590713 0.587296 0.582534 0.576453 0.569082 0.560457 0.550623 0.53963 0.527534 0.514401 0.5003 0.485307 0.469503 0.452976 0.435818 0.418123 0.39999 0.381519 0.362814 0.343974 0.325103 0.306299 0.28766 0.269277 0.251238 0.233626 0.216517 0.199979 0.184073 0.168853 0.154363 0.14064 0.127715 0.115607 0.104333 0.0938978 0.084305 0.0755507 0.0676273 0.0605236 0.054226 0.0487194 0.043988 0.040016 0.0367889 0.0342936 0.0325194 0.0314582 
0.0327118 0.0330815 0.0341925 0.0360497 0.0386614 0.0420384 0.0461941 0.0511432 0.0569014 0.0634848 0.0709083 0.0791854 0.0883269 0.0983397 0.109227 0.120985 0.133605 0.147071 0.16136 0.176441 0.192273 0.208809 0.225993 0.24376 0.262038 0.280748 0.299804 0.319115 0.338584 0.35811 0.377592 0.396925 0.416003 0.434721 0.452976 0.470668 0.487699 0.503976 0.519411 0.53392 0.547426 0.55986 0.571156 0.581258 0.590114 0.597681 0.603923 0.608808 0.612314 0.614424 0.615129 0.614424 0.612314 0.608808 0.603923 0.597681 0.590114 0.581258 0.571156 0.55986 0.547426 0.53392 0.519411 0.503976 0.487699 0.470668 0.452976 0.434721 0.416003 0.396925 0.377592 0.35811 0.338584 0.319115 0.299804 0.280748 0.262038 0.24376 0.225993 0.208809 0.192273 0.176441 0.16136 0.147071 0.133605 0.120985 0.109227 0.0983397 0.0883269 0.0791854 0.0709083 0.0634848 0.0569014 0.0511432 0.0461941 0.0420384 0.0386614 0.0360497 0.0341925 0.0330815 
0.0342866 0.0346725 0.0358319 0.03777 0.040495 0.0440181 0.0483525 0.0535133 0.0595164 0.0663776 0.0741119 0.0827324 0.0922496 0.10267 0.113995 0.126221 0.139337 0.153327 0.168163 0.183814 0.200236 0.217379 0.235184 0.253584 0.272502 0.291856 0.311557 0.331509 0.351613 0.371766 0.39186 0.411789 0.431444 0.450717 0.469503 0.487699 0.505206 0.521929 0.537779 0.552671 0.566528 0.579278 0.590858 0.601209 0.610282 0.618031 0.624421 0.629422 0.633011 0.63517 0.635891 0.63517 0.633011 0.629422 0.624421 0.618031 0.610282 0.601209 0.590858 0.579278 0.566528 0.552671 0.537779 0.521929 0.505206 0.487699 0.469503 0.450717 0.431444 0.411789 0.39186 0.371766 0.351613 0.331509 0.311557 0.291856 0.272502 0.253584 0.235184 0.217379 0.200236 0.183814 0.168163 0.153327 0.139337 0.126221 0.113995 0.10267 0.0922496 0.0827324 0.0741119 0.0663776 0.0595164 0.0535133 0.0483525 0.0440181 0.040495 0.03777 0.0358319 0.0346725 
0.035818 0.0362195 0.0374257 0.0394419 0.0422764 0.0459405 0.0504477 0.055813 0.0620523 0.0691815 0.0772155 0.0861671 0.0960462 0.106859 0.118605 0.131281 0.144874 0.159365 0.174727 0.190924 0.207911 0.225635 0.244034 0.263036 0.282565 0.302532 0.322846 0.343408 0.364116 0.384861 0.405535 0.426027 0.446225 0.466021 0.485307 0.503976 0.521929 0.53907 0.555307 0.570557 0.58474 0.597785 0.609628 0.620211 0.629483 0.637401 0.643929 0.649036 0.652701 0.654906 0.655642 0.654906 0.652701 0.649036 0.643929 0.637401 0.629483 0.620211 0.609628 0.597785 0.58474 0.570557 0.555307 0.53907 0.521929 0.503976 0.485307 0.466021 0.446225 0.426027 0.405535 0.384861 0.364116 0.343408 0.322846 0.302532 0.282565 0.263036 0.244034 0.225635 0.207911 0.190924 0.174727 0.159365 0.144874 0.131281 0.118605 0.106859 0.0960462 0.0861671 0.0772155 0.0691815 0.0620523 0.055813 0.0504477 0.0459405 0.0422764 0.0394419 0.0374257 0.0362195 
0.037294 0.0377105 0.0389616 0.0410527 0.0439922 0.0477914 0.052464 0.0580251 0.0644905 0.0718762 0.0801968 0.0894649 0.0996898 0.110877 0.123026 0.136131 0.150178 0.165147 0.181009 0.197724 0.215248 0.233523 0.252484 0.272059 0.292164 0.312711 0.333604 0.354741 0.376016 0.397318 0.418536 0.439556 0.460264 0.480549 0.5003 0.519411 0.537779 0.555307 0.571904 0.587484 0.601969 0.615286 0.627371 0.638167 0.647623 0.655696 0.66235 0.667556 0.67129 0.673537 0.674287 0.673537 0.67129 0.667556 0.66235 0.655696 0.647623 0.638167 0.627371 0.615286 0.601969 0.587484 0.571904 0.555307 0.537779 0.519411 0.5003 0.480549 0.460264 0.439556 0.418536 0.397318 0.376016 0.354741 0.333604 0.312711 0.292164 0.272059 0.252484 0.233523 0.215248 0.197724 0.181009 0.165147 0.150178 0.136131 0.123026 0.110877 0.0996898 0.0894649 0.0801968 0.0718762 0.0644905 0.0580251 0.052464 0.0477914 0.0439922 0.0410527 0.0389616 0.0377105 
0.0387032 0.0391338 0.0404276 0.0425898 0.045629 0.0495566 0.0543861 0.0601329 0.0668129 0.0744418 0.083034 0.0926018 0.103154 0.114695 0.127225 0.140735 0.155211 0.170632 0.186964 0.20417 0.222198 0.240991 0.260482 0.280592 0.301239 0.322329 0.343764 0.365438 0.387243 0.409065 0.430789 0.4523 0.473481 0.494219 0.514401 0.53392 0.552671 0.570557 0.587484 0.603368 0.618129 0.631695 0.644002 0.654992 0.664616 0.67283 0.679599 0.684893 0.68869 0.690975 0.691738 0.690975 0.68869 0.684893 0.679599 0.67283 0.664616 0.654992 0.644002 0.631695 0.618129 0.603368 0.587484 0.570557 0.552671 0.53392 0.514401 0.494219 0.473481 0.4523 0.430789 0.409065 0.387243 0.365438 0.343764 0.322329 0.301239 0.280592 0.260482 0.240991 0.222198 0.20417 0.186964 0.170632 0.155211 0.140735 0.127225 0.114695 0.103154 0.0926018 0.083034 0.0744418 0.0668129 0.0601329 0.0543861 0.0495566 0.045629 0.0425898 0.0404276 0.0391338 
0.0400341 0.0404781 0.041812 0.044041 0.0471739 0.051222 0.056199 0.0621203 0.0690016 0.0768586 0.0857056 0.0955545 0.106414 0.118287 0.131173 0.145062 0.15994 0.175781 0.192554 0.210215 0.228715 0.247991 0.267973 0.288583 0.309733 0.331327 0.353263 0.375435 0.397729 0.420031 0.442223 0.464186 0.485803 0.506957 0.527534 0.547426 0.566528 0.58474 0.601969 0.618129 0.633141 0.646933 0.659441 0.670607 0.680382 0.688723 0.695595 0.700969 0.704824 0.707143 0.707916 0.707143 0.704824 0.700969 0.695595 0.688723 0.680382 0.670607 0.659441 0.646933 0.633141 0.618129 0.601969 0.58474 0.566528 0.547426 0.527534 0.506957 0.485803 0.464186 0.442223 0.420031 0.397729 0.375435 0.353263 0.331327 0.309733 0.288583 0.267973 0.247991 0.228715 0.210215 0.192554 0.175781 0.15994 0.145062 0.131173 0.118287 0.106414 0.0955545 0.0857056 0.0768586 0.0690016 0.0621203 0.056199 0.051222 0.0471739 0.044041 0.041812 0.0404781 
