0.000376368 0.000384196 0.000407844 0.000447798 0.000504862 0.000580153 0.000675087 0.000791366 0.000930956 0.00109607 0.00128912 0.0015127 0.00176956 0.00206252 0.00239443 0.00276813 0.00318637 0.00365175 0.00416662 0.00473305 0.00535271 0.0060268 0.00675601 0.00754039 0.00837934 0.00927152 0.0102148 0.0112063 0.0122421 0.0133177 0.0144277 0.0155657 0.0167247 0.017897 0.0190741 0.0202472 0.0214069 0.0225435 0.0236471 0.0247078 0.0257158 0.0266615 0.0275356 0.0283294 0.029035 0.0296451 0.0301533 0.0305542 0.0308437 0.0310187 0.0310772 0.0310187 0.0308437 0.0305542 0.0301533 0.0296451 0.029035 0.0283294 0.0275356 0.0266615 0.0257158 0.0247078 0.0236471 0.0225435 0.0214069 0.0202472 0.0190741 0.017897 0.0167247 0.0155657 0.0144277 0.0133177 0.0122421 0.0112063 0.0102148 0.00927152 0.00837934 0.00754039 0.00675601 0.0060268 0.00535271 0.00473305 0.00416662 0.00365175 0.00318637 0.00276813 0.00239443 0.00206252 0.00176956 0.0015127 0.00128912 0.00109607 0.000930956 0.000791366 0.000675087 0.000580153 0.000504862 0.000447798 0.000407844 0.000384196 
0.000384196 0.000392176 0.00041628 0.000457002 0.000515161 0.00059189 0.000688628 0.000807104 0.000949315 0.0011175 0.00131413 0.00154182 0.00180336 0.0021016 0.00243946 0.00281979 0.00324539 0.00371888 0.00424266 0.00481878 0.00544895 0.00613438 0.00687573 0.00767306 0.00852573 0.00943237 0.0103908 0.0113981 0.0124503 0.0135427 0.0146699 0.0158254 0.0170021 0.0181922 0.019387 0.0205777 0.0217545 0.0229079 0.0240277 0.0251038 0.0261264 0.0270857 0.0279723 0.0287776 0.0294932 0.0301119 0.0306273 0.0310339 0.0313275 0.0315049 0.0315642 0.0315049 0.0313275 0.0310339 0.0306273 0.0301119 0.0294932 0.0287776 0.0279723 0.0270857 0.0261264 0.0251038 0.0240277 0.0229079 0.0217545 0.0205777 0.019387 0.0181922 0.0170021 0.0158254 0.0146699 0.0135427 0.0124503 0.0113981 0.0103908 0.00943237 0.00852573 0.00767306 0.00687573 0.00613438 0.00544895 0.00481878 0.00424266 0.00371888 0.00324539 0.00281979 0.00243946 0.0021016 0.00180336 0.00154182 0.00131413 0.0011175 0.000949315 0.000807104 0.000688628 0.00059189 0.000515161 0.000457002 0.00041628 0.000392176 
0.000407844 0.00041628 0.00044176 0.000484801 0.000546262 0.000627329 0.00072951 0.000854614 0.00100473 0.0011822 0.0013896 0.00162967 0.00190532 0.00221952 0.00257528 0.00297561 0.00342339 0.00392133 0.0044719 0.00507724 0.00573907 0.00645862 0.00723655 0.00807286 0.00896684 0.00991701 0.0109211 0.0119758 0.0130772 0.0142204 0.0153994 0.0166076 0.0178375 0.019081 0.0203291 0.0215724 0.022801 0.0240047 0.0251731 0.0262957 0.0273622 0.0283624 0.0292867 0.030126 0.0308718 0.0315166 0.0320535 0.0324772 0.032783 0.0329678 0.0330297 0.0329678 0.032783 0.0324772 0.0320535 0.0315166 0.0308718 0.030126 0.0292867 0.0283624 0.0273622 0.0262957 0.0251731 0.0240047 0.022801 0.0215724 0.0203291 0.019081 0.0178375 0.0166076 0.0153994 0.0142204 0.0130772 0.0119758 0.0109211 0.00991701 0.00896684 0.00807286 0.00723655 0.00645862 0.00573907 0.00507724 0.0044719 0.00392133 0.00342339 0.00297561 0.00257528 0.00221952 0.00190532 0.00162967 0.0013896 0.0011822 0.00100473 0.000854614 0.00072951 0.000627329 0.000546262 0.000484801 0.00044176 0.00041628 
0.000447798 0.000457002 0.000484801 0.000531753 0.000598779 0.000687158 0.000798511 0.000934781 0.00109821 0.00129133 0.00151687 0.00177778 0.00207717 0.00241821 0.00280412 0.00323808 0.00372314 0.00426218 0.0048578 0.00551223 0.00622725 0.00700411 0.00784345 0.00874519 0.0097085 0.0107317 0.0118123 0.0129467 0.0141306 0.0153586 0.0166245 0.017921 0.0192402 0.0205731 0.0219104 0.0232419 0.0245571 0.025845 0.0270947 0.028295 0.0294348 0.0305035 0.0314909 0.0323872 0.0331834 0.0338716 0.0344447 0.0348968 0.0352231 0.0354203 0.0354863 0.0354203 0.0352231 0.0348968 0.0344447 0.0338716 0.0331834 0.0323872 0.0314909 0.0305035 0.0294348 0.028295 0.0270947 0.025845 0.0245571 0.0232419 0.0219104 0.0205731 0.0192402 0.017921 0.0166245 0.0153586 0.0141306 0.0129467 0.0118123 0.0107317 0.0097085 0.00874519 0.00784345 0.00700411 0.00622725 0.00551223 0.0048578 0.00426218 0.00372314 0.00323808 0.00280412 0.00241821 0.00207717 0.00177778 0.00151687 0.00129133 0.00109821 0.000934781 0.000798511 0.000687158 0.000598779 0.000531753 0.000484801 0.000457002 
0.000504862 0.000515161 0.000546262 0.000598779 0.000673726 0.000772511 0.000896914 0.00104907 0.00123144 0.00144679 0.00169811 0.00198865 0.00232176 0.00270092 0.00312961 0.00361128 0.00414923 0.00474655 0.00540602 0.00612999 0.00692035 0.00777835 0.0087046 0.0096989 0.0107603 0.0118867 0.0130754 0.0143224 0.0156228 0.0169707 0.0183591 0.0197802 0.0212251 0.0226842 0.0241472 0.0256029 0.02704 0.0284467 0.0298108 0.0311203 0.0323635 0.0335285 0.0346045 0.0355809 0.0364481 0.0371975 0.0378213 0.0383134 0.0386685 0.0388831 0.0389549 0.0388831 0.0386685 0.0383134 0.0378213 0.0371975 0.0364481 0.0355809 0.0346045 0.0335285 0.0323635 0.0311203 0.0298108 0.0284467 0.02704 0.0256029 0.0241472 0.0226842 0.0212251 0.0197802 0.0183591 0.0169707 0.0156228 0.0143224 0.0130754 0.0118867 0.0107603 0.0096989 0.0087046 0.00777835 0.00692035 0.00612999 0.00540602 0.00474655 0.00414923 0.00361128 0.00312961 0.00270092 0.00232176 0.00198865 0.00169811 0.00144679 0.00123144 0.00104907 0.000896914 0.000772511 0.000673726 0.000598779 0.000546262 0.000515161 
0.000580153 0.00059189 0.000627329 0.000687158 0.000772511 0.000884961 0.0010265 0.0011995 0.00140672 0.00165123 0.00193637 0.00226572 0.00264301 0.00307207 0.00355676 0.00410085 0.00470796 0.00538145 0.00612432 0.0069391 0.00782777 0.00879162 0.00983117 0.0109461 0.0121352 0.013396 0.0147254 0.0161188 0.0175707 0.0190743 0.020622 0.0222048 0.0238129 0.0254357 0.0270616 0.0286784 0.0302735 0.0318338 0.0333461 0.0347971 0.0361739 0.0374636 0.0386542 0.0397343 0.0406932 0.0415215 0.042211 0.0427547 0.0431471 0.0433842 0.0434634 0.0433842 0.0431471 0.0427547 0.042211 0.0415215 0.0406932 0.0397343 0.0386542 0.0374636 0.0361739 0.0347971 0.0333461 0.0318338 0.0302735 0.0286784 0.0270616 0.0254357 0.0238129 0.0222048 0.020622 0.0190743 0.0175707 0.0161188 0.0147254 0.013396 0.0121352 0.0109461 0.00983117 0.00879162 0.00782777 0.0069391 0.00612432 0.00538145 0.00470796 0.00410085 0.00355676 0.00307207 0.00264301 0.00226572 0.00193637 0.00165123 0.00140672 0.0011995 0.0010265 0.000884961 0.000772511 0.000687158 0.000627329 0.00059189 
0.000675087 0.000688628 0.00072951 0.000798511 0.000896914 0.0010265 0.00118951 0.00138864 0.00162698 0.001908 0.00223544 0.00261333 0.00304585 0.00353727 0.00409187 0.00471386 0.00540723 0.00617566 0.00702244 0.00795028 0.00896128 0.0100568 0.0112371 0.0125019 0.0138495 0.0152771 0.0167809 0.0183558 0.0199952 0.0216916 0.0234362 0.025219 0.0270289 0.0288538 0.0306808 0.0324964 0.0342863 0.0360361 0.037731 0.0393564 0.0408977 0.0423409 0.0436725 0.04488 0.0459518 0.0468773 0.0476474 0.0482546 0.0486928 0.0489574 0.0490459 0.0489574 0.0486928 0.0482546 0.0476474 0.0468773 0.0459518 0.04488 0.0436725 0.0423409 0.0408977 0.0393564 0.037731 0.0360361 0.0342863 0.0324964 0.0306808 0.0288538 0.0270289 0.025219 0.0234362 0.0216916 0.0199952 0.0183558 0.0167809 0.0152771 0.0138495 0.0125019 0.0112371 0.0100568 0.00896128 0.00795028 0.00702244 0.00617566 0.00540723 0.00471386 0.00409187 0.00353727 0.00304585 0.00261333 0.00223544 0.001908 0.00162698 0.00138864 0.00118951 0.0010265 0.000896914 0.000798511 0.00072951 0.000688628 
0.000791366 0.000807104 0.000854614 0.000934781 0.00104907 0.0011995 0.00138864 0.00161954 0.0018957 0.00222107 0.00259988 0.00303667 0.00353615 0.00410314 0.00474243 0.0054587 0.0062564 0.00713959 0.00811187 0.00917619 0.0103347 0.0115889 0.0129389 0.014384 0.0159223 0.0175504 0.0192637 0.0210563 0.0229208 0.0248484 0.0268289 0.0288511 0.0309023 0.0329689 0.0350364 0.0370893 0.0391119 0.0410877 0.0430004 0.0448335 0.0465709 0.0481968 0.0496964 0.0510557 0.0522616 0.0533027 0.0541688 0.0548515 0.0553441 0.0556415 0.055741 0.0556415 0.0553441 0.0548515 0.0541688 0.0533027 0.0522616 0.0510557 0.0496964 0.0481968 0.0465709 0.0448335 0.0430004 0.0410877 0.0391119 0.0370893 0.0350364 0.0329689 0.0309023 0.0288511 0.0268289 0.0248484 0.0229208 0.0210563 0.0192637 0.0175504 0.0159223 0.014384 0.0129389 0.0115889 0.0103347 0.00917619 0.00811187 0.00713959 0.0062564 0.0054587 0.00474243 0.00410314 0.00353615 0.00303667 0.00259988 0.00222107 0.0018957 0.00161954 0.00138864 0.0011995 0.00104907 0.000934781 0.000854614 0.000807104 
0.000930956 0.000949315 0.00100473 0.00109821 0.00123144 0.00140672 0.00162698 0.0018957 0.00221689 0.002595 0.00303487 0.00354164 0.00412063 0.00477727 0.00551694 0.00634491 0.0072661 0.00828504 0.00940565 0.0106311 0.0119638 0.013405 0.0149549 0.0166124 0.018375 0.0202387 0.0221982 0.0242463 0.0263747 0.0285731 0.03083 0.0331323 0.0354657 0.0378147 0.0401629 0.0424929 0.0447867 0.047026 0.0491924 0.0512674 0.0532329 0.0550714 0.0567663 0.0583018 0.0596637 0.060839 0.0618166 0.0625869 0.0631426 0.0634782 0.0635904 0.0634782 0.0631426 0.0625869 0.0618166 0.060839 0.0596637 0.0583018 0.0567663 0.0550714 0.0532329 0.0512674 0.0491924 0.047026 0.0447867 0.0424929 0.0401629 0.0378147 0.0354657 0.0331323 0.03083 0.0285731 0.0263747 0.0242463 0.0221982 0.0202387 0.018375 0.0166124 0.0149549 0.013405 0.0119638 0.0106311 0.00940565 0.00828504 0.0072661 0.00634491 0.00551694 0.00477727 0.00412063 0.00354164 0.00303487 0.002595 0.00221689 0.0018957 0.00162698 0.00140672 0.00123144 0.00109821 0.00100473 0.000949315 
0.00109607 0.0011175 0.0011822 0.00129133 0.00144679 0.00165123 0.001908 0.00222107 0.002595 0.00303489 0.00354621 0.0041348 0.0048067 0.00556801 0.00642482 0.00738298 0.00844803 0.00962494 0.010918 0.0123308 0.0138656 0.0155238 0.0173053 0.0192086 0.0212307 0.0233667 0.0256104 0.0279535 0.030386 0.0328964 0.0354713 0.0380957 0.0407534 0.0434268 0.046097 0.0487446 0.0513492 0.0538902 0.0563468 0.0586984 0.0609246 0.0630059 0.0649237 0.0666605 0.0682002 0.0695287 0.0706332 0.0715035 0.0721311 0.0725101 0.0726369 0.0725101 0.0721311 0.0715035 0.0706332 0.0695287 0.0682002 0.0666605 0.0649237 0.0630059 0.0609246 0.0586984 0.0563468 0.0538902 0.0513492 0.0487446 0.046097 0.0434268 0.0407534 0.0380957 0.0354713 0.0328964 0.030386 0.0279535 0.0256104 0.0233667 0.0212307 0.0192086 0.0173053 0.0155238 0.0138656 0.0123308 0.010918 0.00962494 0.00844803 0.00738298 0.00642482 0.00556801 0.0048067 0.0041348 0.00354621 0.00303489 0.002595 0.00222107 0.001908 0.00165123 0.00144679 0.00129133 0.0011822 0.0011175 
0.00128912 0.00131413 0.0013896 0.00151687 0.00169811 0.00193637 0.00223544 0.00259988 0.00303487 0.00354621 0.00414013 0.00482324 0.00560235 0.00648438 0.00747613 0.00858419 0.00981468 0.0111731 0.0126643 0.0142918 0.0160582 0.0179648 0.0200112 0.0221954 0.0245137 0.0269604 0.0295279 0.0322067 0.0349852 0.03785 0.0407859 0.0437757 0.0468009 0.0498414 0.052876 0.0558825 0.0588382 0.0617197 0.0645037 0.067167 0.0696869 0.0720416 0.0742102 0.0761733 0.077913 0.0794134 0.0806607 0.0816432 0.0823516 0.0827794 0.0829224 0.0827794 0.0823516 0.0816432 0.0806607 0.0794134 0.077913 0.0761733 0.0742102 0.0720416 0.0696869 0.067167 0.0645037 0.0617197 0.0588382 0.0558825 0.052876 0.0498414 0.0468009 0.0437757 0.0407859 0.03785 0.0349852 0.0322067 0.0295279 0.0269604 0.0245137 0.0221954 0.0200112 0.0179648 0.0160582 0.0142918 0.0126643 0.0111731 0.00981468 0.00858419 0.00747613 0.00648438 0.00560235 0.00482324 0.00414013 0.00354621 0.00303487 0.00259988 0.00223544 0.00193637 0.00169811 0.00151687 0.0013896 0.00131413 
0.0015127 0.00154182 0.00162967 0.00177778 0.00198865 0.00226572 0.00261333 0.00303667 0.00354164 0.0041348 0.00482324 0.00561441 0.00651602 0.00753582 0.00868147 0.00996029 0.0113791 0.012944 0.0146601 0.0165313 0.0185604 0.0207483 0.0230945 0.0255962 0.0282489 0.0310459 0.0339783 0.037035 0.0402026 0.0434657 0.0468067 0.0502062 0.053643 0.0570944 0.0605364 0.063944 0.0672915 0.0705527 0.0737015 0.076712 0.0795588 0.0822174 0.0846648 0.0868793 0.0888411 0.0905325 0.0919381 0.093045 0.0938431 0.0943249 0.094486 0.0943249 0.0938431 0.093045 0.0919381 0.0905325 0.0888411 0.0868793 0.0846648 0.0822174 0.0795588 0.076712 0.0737015 0.0705527 0.0672915 0.063944 0.0605364 0.0570944 0.053643 0.0502062 0.0468067 0.0434657 0.0402026 0.037035 0.0339783 0.0310459 0.0282489 0.0255962 0.0230945 0.0207483 0.0185604 0.0165313 0.0146601 0.012944 0.0113791 0.00996029 0.00868147 0.00753582 0.00651602 0.00561441 0.00482324 0.0041348 0.00354164 0.00303667 0.00261333 0.00226572 0.00198865 0.00177778 0.00162967 0.00154182 
0.00176956 0.00180336 0.00190532 0.00207717 0.00232176 0.00264301 0.00304585 0.00353615 0.00412063 0.0048067 0.00560235 0.00651602 0.00755634 0.00873204 0.0100516 0.0115233 0.0131546 0.0149521 0.0169214 0.0190668 0.0213909 0.0238946 0.0265767 0.0294339 0.0324608 0.0356493 0.038989 0.042467 0.0460679 0.049774 0.0535653 0.0574196 0.0613129 0.0652196 0.0691125 0.0729636 0.076744 0.0804244 0.0839757 0.0873687 0.0905754 0.0935686 0.0963226 0.0988135 0.101019 0.10292 0.1045 0.105743 0.10664 0.107181 0.107362 0.107181 0.10664 0.105743 0.1045 0.10292 0.101019 0.0988135 0.0963226 0.0935686 0.0905754 0.0873687 0.0839757 0.0804244 0.076744 0.0729636 0.0691125 0.0652196 0.0613129 0.0574196 0.0535653 0.049774 0.0460679 0.042467 0.038989 0.0356493 0.0324608 0.0294339 0.0265767 0.0238946 0.0213909 0.0190668 0.0169214 0.0149521 0.0131546 0.0115233 0.0100516 0.00873204 0.00755634 0.00651602 0.00560235 0.0048067 0.00412063 0.00353615 0.00304585 0.00264301 0.00232176 0.00207717 0.00190532 0.00180336 
0.00206252 0.0021016 0.00221952 0.00241821 0.00270092 0.00307207 0.00353727 0.00410314 0.00477727 0.00556801 0.00648438 0.00753582 0.00873204 0.0100827 0.0115975 0.0132852 0.0151542 0.0172118 0.019464 0.0219152 0.0245681 0.0274232 0.0304789 0.033731 0.0371729 0.0407951 0.0445855 0.0485293 0.0526087 0.0568034 0.0610908 0.0654456 0.0698408 0.0742474 0.078635 0.0829721 0.0872264 0.0913653 0.0953562 0.099167 0.102766 0.106124 0.109212 0.112004 0.114475 0.116604 0.118373 0.119765 0.120768 0.121373 0.121576 0.121373 0.120768 0.119765 0.118373 0.116604 0.114475 0.112004 0.109212 0.106124 0.102766 0.099167 0.0953562 0.0913653 0.0872264 0.0829721 0.078635 0.0742474 0.0698408 0.0654456 0.0610908 0.0568034 0.0526087 0.0485293 0.0445855 0.0407951 0.0371729 0.033731 0.0304789 0.0274232 0.0245681 0.0219152 0.019464 0.0172118 0.0151542 0.0132852 0.0115975 0.0100827 0.00873204 0.00753582 0.00648438 0.00556801 0.00477727 0.00410314 0.00353727 0.00307207 0.00270092 0.00241821 0.00221952 0.0021016 
0.00239443 0.00243946 0.00257528 0.00280412 0.00312961 0.00355676 0.00409187 0.00474243 0.00551694 0.00642482 0.00747613 0.00868147 0.0100516 0.0115975 0.0133294 0.0152575 0.0173908 0.0197371 0.0223029 0.0250928 0.0281093 0.0313527 0.0348206 0.038508 0.0424067 0.0465059 0.0507914 0.055246 0.0598496 0.0645791 0.0694086 0.0743098 0.0792522 0.0842033 0.0891291 0.0939944 0.0987632 0.103399 0.107867 0.11213 0.116154 0.119906 0.123354 0.126471 0.129228 0.131603 0.133575 0.135127 0.136245 0.13692 0.137146 0.13692 0.136245 0.135127 0.133575 0.131603 0.129228 0.126471 0.123354 0.119906 0.116154 0.11213 0.107867 0.103399 0.0987632 0.0939944 0.0891291 0.0842033 0.0792522 0.0743098 0.0694086 0.0645791 0.0598496 0.055246 0.0507914 0.0465059 0.0424067 0.038508 0.0348206 0.0313527 0.0281093 0.0250928 0.0223029 0.0197371 0.0173908 0.0152575 0.0133294 0.0115975 0.0100516 0.00868147 0.00747613 0.00642482 0.00551694 0.00474243 0.00409187 0.00355676 0.00312961 0.00280412 0.00257528 0.00243946 
0.00276813 0.00281979 0.00297561 0.00323808 0.00361128 0.00410085 0.00471386 0.0054587 0.00634491 0.00738298 0.00858419 0.00996029 0.0115233 0.0132852 0.0152575 0.0174512 0.0198761 0.0225408 0.025452 0.0286144 0.0320304 0.0356999 0.0396196 0.0437833 0.0481815 0.0528014 0.0576266 0.0626376 0.0678113 0.0731216 0.0785393 0.0840325 0.0895671 0.0951068 0.100614 0.106048 0.111371 0.116543 0.121522 0.12627 0.13075 0.134925 0.13876 0.142224 0.145287 0.147925 0.150114 0.151837 0.153078 0.153827 0.154077 0.153827 0.153078 0.151837 0.150114 0.147925 0.145287 0.142224 0.13876 0.134925 0.13075 0.12627 0.121522 0.116543 0.111371 0.106048 0.100614 0.0951068 0.0895671 0.0840325 0.0785393 0.0731216 0.0678113 0.0626376 0.0576266 0.0528014 0.0481815 0.0437833 0.0396196 0.0356999 0.0320304 0.0286144 0.025452 0.0225408 0.0198761 0.0174512 0.0152575 0.0132852 0.0115233 0.00996029 0.00858419 0.00738298 0.00634491 0.0054587 0.00471386 0.00410085 0.00361128 0.00323808 0.00297561 0.00281979 
0.00318637 0.00324539 0.00342339 0.00372314 0.00414923 0.00470796 0.00540723 0.0062564 0.0072661 0.00844803 0.00981468 0.0113791 0.0131546 0.0151542 0.0173908 0.0198761 0.022621 0.0256343 0.0289234 0.0324929 0.036345 0.0404789 0.0448905 0.0495721 0.0545126 0.0596972 0.065107 0.0707197 0.0765092 0.0824459 0.0884972 0.0946274 0.100798 0.106969 0.113099 0.119143 0.125059 0.130801 0.136327 0.141593 0.146558 0.151181 0.155427 0.15926 0.162648 0.165565 0.167985 0.169888 0.17126 0.172087 0.172363 0.172087 0.17126 0.169888 0.167985 0.165565 0.162648 0.15926 0.155427 0.151181 0.146558 0.141593 0.136327 0.130801 0.125059 0.119143 0.113099 0.106969 0.100798 0.0946274 0.0884972 0.0824459 0.0765092 0.0707197 0.065107 0.0596972 0.0545126 0.0495721 0.0448905 0.0404789 0.036345 0.0324929 0.0289234 0.0256343 0.022621 0.0198761 0.0173908 0.0151542 0.0131546 0.0113791 0.00981468 0.00844803 0.0072661 0.0062564 0.00540723 0.00470796 0.00414923 0.00372314 0.00342339 0.00324539 
0.00365175 0.00371888 0.00392133 0.00426218 0.00474655 0.00538145 0.00617566 0.00713959 0.00828504 0.00962494 0.0111731 0.012944 0.0149521 0.0172118 0.0197371 0.0225408 0.0256343 0.0290274 0.0327274 0.0367391 0.0410642 0.0457012 0.0506448 0.055886 0.0614116 0.0672045 0.0732432 0.0795024 0.0859526 0.0925606 0.0992898 0.106101 0.11295 0.119794 0.126586 0.133279 0.139823 0.146171 0.152275 0.158089 0.163566 0.168664 0.173343 0.177564 0.181295 0.184505 0.187167 0.189261 0.190769 0.191678 0.191982 0.191678 0.190769 0.189261 0.187167 0.184505 0.181295 0.177564 0.173343 0.168664 0.163566 0.158089 0.152275 0.146171 0.139823 0.133279 0.126586 0.119794 0.11295 0.106101 0.0992898 0.0925606 0.0859526 0.0795024 0.0732432 0.0672045 0.0614116 0.055886 0.0506448 0.0457012 0.0410642 0.0367391 0.0327274 0.0290274 0.0256343 0.0225408 0.0197371 0.0172118 0.0149521 0.012944 0.0111731 0.00962494 0.00828504 0.00713959 0.00617566 0.00538145 0.00474655 0.00426218 0.00392133 0.00371888 
0.00416662 0.00424266 0.0044719 0.0048578 0.00540602 0.00612432 0.00702244 0.00811187 0.00940565 0.010918 0.0126643 0.0146601 0.0169214 0.019464 0.0223029 0.025452 0.0289234 0.0327274 0.0368715 0.0413605 0.0461956 0.0513742 0.0568899 0.0627318 0.0688848 0.075329 0.0820401 0.0889894 0.0961439 0.103466 0.110916 0.118449 0.126018 0.133575 0.141067 0.148443 0.155651 0.162636 0.169349 0.175736 0.181751 0.187346 0.192478 0.197106 0.201195 0.204711 0.207626 0.209918 0.211569 0.212564 0.212897 0.212564 0.211569 0.209918 0.207626 0.204711 0.201195 0.197106 0.192478 0.187346 0.181751 0.175736 0.169349 0.162636 0.155651 0.148443 0.141067 0.133575 0.126018 0.118449 0.110916 0.103466 0.0961439 0.0889894 0.0820401 0.075329 0.0688848 0.0627318 0.0568899 0.0513742 0.0461956 0.0413605 0.0368715 0.0327274 0.0289234 0.025452 0.0223029 0.019464 0.0169214 0.0146601 0.0126643 0.010918 0.00940565 0.00811187 0.00702244 0.00612432 0.00540602 0.0048578 0.0044719 0.00424266 
0.00473305 0.00481878 0.00507724 0.00551223 0.00612999 0.0069391 0.00795028 0.00917619 0.0106311 0.0123308 0.0142918 0.0165313 0.0190668 0.0219152 0.0250928 0.0286144 0.0324929 0.0367391 0.0413605 0.0463617 0.0517432 0.0575015 0.0636286 0.0701116 0.076933 0.0840703 0.0914958 0.0991772 0.107078 0.115156 0.123367 0.131661 0.139988 0.148293 0.156521 0.164614 0.172515 0.180167 0.187514 0.194501 0.201076 0.207188 0.212791 0.217841 0.2223 0.226133 0.229311 0.231809 0.233607 0.234691 0.235053 0.234691 0.233607 0.231809 0.229311 0.226133 0.2223 0.217841 0.212791 0.207188 0.201076 0.194501 0.187514 0.180167 0.172515 0.164614 0.156521 0.148293 0.139988 0.131661 0.123367 0.115156 0.107078 0.0991772 0.0914958 0.0840703 0.076933 0.0701116 0.0636286 0.0575015 0.0517432 0.0463617 0.0413605 0.0367391 0.0324929 0.0286144 0.0250928 0.0219152 0.0190668 0.0165313 0.0142918 0.0123308 0.0106311 0.00917619 0.00795028 0.0069391 0.00612999 0.00551223 0.00507724 0.00481878 
0.00535271 0.00544895 0.00573907 0.00622725 0.00692035 0.00782777 0.00896128 0.0103347 0.0119638 0.0138656 0.0160582 0.0185604 0.0213909 0.0245681 0.0281093 0.0320304 0.036345 0.0410642 0.0461956 0.0517432 0.057707 0.064082 0.0708585 0.0780216 0.0855511 0.0934212 0.101601 0.110054 0.11874 0.127613 0.136622 0.145714 0.154834 0.163921 0.172915 0.181754 0.190377 0.198721 0.206726 0.214333 0.221487 0.228133 0.234221 0.239707 0.244547 0.248707 0.252155 0.254863 0.256813 0.257988 0.258381 0.257988 0.256813 0.254863 0.252155 0.248707 0.244547 0.239707 0.234221 0.228133 0.221487 0.214333 0.206726 0.198721 0.190377 0.181754 0.172915 0.163921 0.154834 0.145714 0.136622 0.127613 0.11874 0.110054 0.101601 0.0934212 0.0855511 0.0780216 0.0708585 0.064082 0.057707 0.0517432 0.0461956 0.0410642 0.036345 0.0320304 0.0281093 0.0245681 0.0213909 0.0185604 0.0160582 0.0138656 0.0119638 0.0103347 0.00896128 0.00782777 0.00692035 0.00622725 0.00573907 0.00544895 
0.0060268 0.00613438 0.00645862 0.00700411 0.00777835 0.00879162 0.0100568 0.0115889 0.013405 0.0155238 0.0179648 0.0207483 0.0238946 0.0274232 0.0313527 0.0356999 0.0404789 0.0457012 0.0513742 0.0575015 0.064082 0.0711092 0.0785717 0.086452 0.0947269 0.103368 0.112339 0.121601 0.131109 0.140811 0.150653 0.160576 0.170519 0.180417 0.190205 0.199816 0.209184 0.218241 0.226924 0.235169 0.242916 0.25011 0.256696 0.262626 0.267857 0.27235 0.276073 0.278997 0.281101 0.282369 0.282793 0.282369 0.281101 0.278997 0.276073 0.27235 0.267857 0.262626 0.256696 0.25011 0.242916 0.235169 0.226924 0.218241 0.209184 0.199816 0.190205 0.180417 0.170519 0.160576 0.150653 0.140811 0.131109 0.121601 0.112339 0.103368 0.0947269 0.086452 0.0785717 0.0711092 0.064082 0.0575015 0.0513742 0.0457012 0.0404789 0.0356999 0.0313527 0.0274232 0.0238946 0.0207483 0.0179648 0.0155238 0.013405 0.0115889 0.0100568 0.00879162 0.00777835 0.00700411 0.00645862 0.00613438 
0.00675601 0.00687573 0.00723655 0.00784345 0.0087046 0.00983117 0.0112371 0.0129389 0.0149549 0.0173053 0.0200112 0.0230945 0.0265767 0.0304789 0.0348206 0.0396196 0.0448905 0.0506448 0.0568899 0.0636286 0.0708585 0.0785717 0.0867544 0.0953864 0.104442 0.113887 0.123685 0.13379 0.144151 0.154714 0.165419 0.176202 0.186995 0.19773 0.208335 0.218739 0.22887 0.238658 0.248034 0.25693 0.265283 0.273033 0.280125 0.286507 0.292134 0.296965 0.300966 0.304107 0.306368 0.30773 0.308185 0.30773 0.306368 0.304107 0.300966 0.296965 0.292134 0.286507 0.280125 0.273033 0.265283 0.25693 0.248034 0.238658 0.22887 0.218739 0.208335 0.19773 0.186995 0.176202 0.165419 0.154714 0.144151 0.13379 0.123685 0.113887 0.104442 0.0953864 0.0867544 0.0785717 0.0708585 0.0636286 0.0568899 0.0506448 0.0448905 0.0396196 0.0348206 0.0304789 0.0265767 0.0230945 0.0200112 0.0173053 0.0149549 0.0129389 0.0112371 0.00983117 0.0087046 0.00784345 0.00723655 0.00687573 
0.00754039 0.00767306 0.00807286 0.00874519 0.0096989 0.0109461 0.0125019 0.014384 0.0166124 0.0192086 0.0221954 0.0255962 0.0294339 0.033731 0.038508 0.0437833 0.0495721 0.055886 0.0627318 0.0701116 0.0780216 0.086452 0.0953864 0.104802 0.114669 0.124952 0.135606 0.146583 0.157827 0.169278 0.180872 0.192537 0.204203 0.215794 0.227235 0.238449 0.249358 0.259889 0.269967 0.279523 0.288489 0.296803 0.304405 0.311242 0.317268 0.322438 0.326719 0.330079 0.332496 0.333953 0.33444 0.333953 0.332496 0.330079 0.326719 0.322438 0.317268 0.311242 0.304405 0.296803 0.288489 0.279523 0.269967 0.259889 0.249358 0.238449 0.227235 0.215794 0.204203 0.192537 0.180872 0.169278 0.157827 0.146583 0.135606 0.124952 0.114669 0.104802 0.0953864 0.086452 0.0780216 0.0701116 0.0627318 0.055886 0.0495721 0.0437833 0.038508 0.033731 0.0294339 0.0255962 0.0221954 0.0192086 0.0166124 0.014384 0.0125019 0.0109461 0.0096989 0.00874519 0.00807286 0.00767306 
0.00837934 0.00852573 0.00896684 0.0097085 0.0107603 0.0121352 0.0138495 0.0159223 0.018375 0.0212307 0.0245137 0.0282489 0.0324608 0.0371729 0.0424067 0.0481815 0.0545126 0.0614116 0.0688848 0.076933 0.0855511 0.0947269 0.104442 0.114669 0.125376 0.136522 0.14806 0.159934 0.172085 0.184448 0.19695 0.209518 0.222073 0.234536 0.246826 0.258859 0.270556 0.281837 0.292625 0.302844 0.312426 0.321304 0.329418 0.336711 0.343134 0.348644 0.353203 0.356781 0.359354 0.360905 0.361423 0.360905 0.359354 0.356781 0.353203 0.348644 0.343134 0.336711 0.329418 0.321304 0.312426 0.302844 0.292625 0.281837 0.270556 0.258859 0.246826 0.234536 0.222073 0.209518 0.19695 0.184448 0.172085 0.159934 0.14806 0.136522 0.125376 0.114669 0.104442 0.0947269 0.0855511 0.076933 0.0688848 0.0614116 0.0545126 0.0481815 0.0424067 0.0371729 0.0324608 0.0282489 0.0245137 0.0212307 0.018375 0.0159223 0.0138495 0.0121352 0.0107603 0.0097085 0.00896684 0.00852573 
0.00927152 0.00943237 0.00991701 0.0107317 0.0118867 0.013396 0.0152771 0.0175504 0.0202387 0.0233667 0.0269604 0.0310459 0.0356493 0.0407951 0.0465059 0.0528014 0.0596972 0.0672045 0.075329 0.0840703 0.0934212 0.103368 0.113887 0.124952 0.136522 0.148555 0.160997 0.17379 0.186867 0.200157 0.213584 0.227068 0.240525 0.253869 0.267014 0.279874 0.292363 0.304396 0.315893 0.326776 0.336972 0.346413 0.355034 0.362779 0.369597 0.375443 0.380278 0.384071 0.386798 0.388442 0.388991 0.388442 0.386798 0.384071 0.380278 0.375443 0.369597 0.362779 0.355034 0.346413 0.336972 0.326776 0.315893 0.304396 0.292363 0.279874 0.267014 0.253869 0.240525 0.227068 0.213584 0.200157 0.186867 0.17379 0.160997 0.148555 0.136522 0.124952 0.113887 0.103368 0.0934212 0.0840703 0.075329 0.0672045 0.0596972 0.0528014 0.0465059 0.0407951 0.0356493 0.0310459 0.0269604 0.0233667 0.0202387 0.0175504 0.0152771 0.013396 0.0118867 0.0107317 0.00991701 0.00943237 
0.0102148 0.0103908 0.0109211 0.0118123 0.0130754 0.0147254 0.0167809 0.0192637 0.0221982 0.0256104 0.0295279 0.0339783 0.038989 0.0445855 0.0507914 0.0576266 0.065107 0.0732432 0.0820401 0.0914958 0.101601 0.112339 0.123685 0.135606 0.14806 0.160997 0.174361 0.188087 0.202104 0.216334 0.230696 0.245103 0.259467 0.273697 0.2877 0.301386 0.314664 0.327447 0.33965 0.351191 0.361995 0.371991 0.381114 0.389305 0.396511 0.402686 0.407792 0.411796 0.414674 0.416408 0.416988 0.416408 0.414674 0.411796 0.407792 0.402686 0.396511 0.389305 0.381114 0.371991 0.361995 0.351191 0.33965 0.327447 0.314664 0.301386 0.2877 0.273697 0.259467 0.245103 0.230696 0.216334 0.202104 0.188087 0.174361 0.160997 0.14806 0.135606 0.123685 0.112339 0.101601 0.0914958 0.0820401 0.0732432 0.065107 0.0576266 0.0507914 0.0445855 0.038989 0.0339783 0.0295279 0.0256104 0.0221982 0.0192637 0.0167809 0.0147254 0.0130754 0.0118123 0.0109211 0.0103908 
0.0112063 0.0113981 0.0119758 0.0129467 0.0143224 0.0161188 0.0183558 0.0210563 0.0242463 0.0279535 0.0322067 0.037035 0.042467 0.0485293 0.055246 0.0626376 0.0707197 0.0795024 0.0889894 0.0991772 0.110054 0.121601 0.13379 0.146583 0.159934 0.17379 0.188087 0.202757 0.217721 0.232897 0.248198 0.263531 0.278802 0.293915 0.308773 0.32328 0.337341 0.350865 0.363764 0.375953 0.387355 0.397896 0.40751 0.416136 0.42372 0.430217 0.435586 0.439796 0.44282 0.444643 0.445251 0.444643 0.44282 0.439796 0.435586 0.430217 0.42372 0.416136 0.40751 0.397896 0.387355 0.375953 0.363764 0.350865 0.337341 0.32328 0.308773 0.293915 0.278802 0.263531 0.248198 0.232897 0.217721 0.202757 0.188087 0.17379 0.159934 0.146583 0.13379 0.121601 0.110054 0.0991772 0.0889894 0.0795024 0.0707197 0.0626376 0.055246 0.0485293 0.042467 0.037035 0.0322067 0.0279535 0.0242463 0.0210563 0.0183558 0.0161188 0.0143224 0.0129467 0.0119758 0.0113981 
0.0122421 0.0124503 0.0130772 0.0141306 0.0156228 0.0175707 0.0199952 0.0229208 0.0263747 0.030386 0.0349852 0.0402026 0.0460679 0.0526087 0.0598496 0.0678113 0.0765092 0.0859526 0.0961439 0.107078 0.11874 0.131109 0.144151 0.157827 0.172085 0.186867 0.202104 0.217721 0.233635 0.249758 0.265996 0.282251 0.298424 0.314412 0.330115 0.345432 0.360264 0.374516 0.388097 0.40092 0.412905 0.423976 0.434067 0.443114 0.451065 0.457872 0.463496 0.467903 0.471069 0.472976 0.473613 0.472976 0.471069 0.467903 0.463496 0.457872 0.451065 0.443114 0.434067 0.423976 0.412905 0.40092 0.388097 0.374516 0.360264 0.345432 0.330115 0.314412 0.298424 0.282251 0.265996 0.249758 0.233635 0.217721 0.202104 0.186867 0.172085 0.157827 0.144151 0.131109 0.11874 0.107078 0.0961439 0.0859526 0.0765092 0.0678113 0.0598496 0.0526087 0.0460679 0.0402026 0.0349852 0.030386 0.0263747 0.0229208 0.0199952 0.0175707 0.0156228 0.0141306 0.0130772 0.0124503 
0.0133177 0.0135427 0.0142204 0.0153586 0.0169707 0.0190743 0.0216916 0.0248484 0.0285731 0.0328964 0.03785 0.0434657 0.049774 0.0568034 0.0645791 0.0731216 0.0824459 0.0925606 0.103466 0.115156 0.127613 0.140811 0.154714 0.169278 0.184448 0.200157 0.216334 0.232897 0.249758 0.266821 0.283989 0.301157 0.318219 0.335071 0.351604 0.367715 0.3833 0.398262 0.412506 0.425944 0.438493 0.450077 0.460627 0.47008 0.478383 0.485487 0.491354 0.49595 0.499251 0.501239 0.501903 0.501239 0.499251 0.49595 0.491354 0.485487 0.478383 0.47008 0.460627 0.450077 0.438493 0.425944 0.412506 0.398262 0.3833 0.367715 0.351604 0.335071 0.318219 0.301157 0.283989 0.266821 0.249758 0.232897 0.216334 0.200157 0.184448 0.169278 0.154714 0.140811 0.127613 0.115156 0.103466 0.0925606 0.0824459 0.0731216 0.0645791 0.0568034 0.049774 0.0434657 0.03785 0.0328964 0.0285731 0.0248484 0.0216916 0.0190743 0.0169707 0.0153586 0.0142204 0.0135427 
0.0144277 0.0146699 0.0153994 0.0166245 0.0183591 0.020622 0.0234362 0.0268289 0.03083 0.0354713 0.0407859 0.0468067 0.0535653 0.0610908 0.0694086 0.0785393 0.0884972 0.0992898 0.110916 0.123367 0.136622 0.150653 0.165419 0.180872 0.19695 0.213584 0.230696 0.248198 0.265996 0.283989 0.302072 0.320137 0.338073 0.355768 0.373112 0.389995 0.406312 0.421961 0.436846 0.450876 0.463967 0.476041 0.48703 0.49687 0.505508 0.512895 0.518992 0.523767 0.527196 0.52926 0.529949 0.52926 0.527196 0.523767 0.518992 0.512895 0.505508 0.49687 0.48703 0.476041 0.463967 0.450876 0.436846 0.421961 0.406312 0.389995 0.373112 0.355768 0.338073 0.320137 0.302072 0.283989 0.265996 0.248198 0.230696 0.213584 0.19695 0.180872 0.165419 0.150653 0.136622 0.123367 0.110916 0.0992898 0.0884972 0.0785393 0.0694086 0.0610908 0.0535653 0.0468067 0.0407859 0.0354713 0.03083 0.0268289 0.0234362 0.020622 0.0183591 0.0166245 0.0153994 0.0146699 
0.0155657 0.0158254 0.0166076 0.017921 0.0197802 0.0222048 0.025219 0.0288511 0.0331323 0.0380957 0.0437757 0.0502062 0.0574196 0.0654456 0.0743098 0.0840325 0.0946274 0.106101 0.118449 0.131661 0.145714 0.160576 0.176202 0.192537 0.209518 0.227068 0.245103 0.263531 0.282251 0.301157 0.320137 0.339079 0.357865 0.376381 0.39451 0.41214 0.429162 0.445471 0.46097 0.475565 0.489173 0.501714 0.513118 0.523324 0.532277 0.53993 0.546244 0.551187 0.554735 0.556871 0.557584 0.556871 0.554735 0.551187 0.546244 0.53993 0.532277 0.523324 0.513118 0.501714 0.489173 0.475565 0.46097 0.445471 0.429162 0.41214 0.39451 0.376381 0.357865 0.339079 0.320137 0.301157 0.282251 0.263531 0.245103 0.227068 0.209518 0.192537 0.176202 0.160576 0.145714 0.131661 0.118449 0.106101 0.0946274 0.0840325 0.0743098 0.0654456 0.0574196 0.0502062 0.0437757 0.0380957 0.0331323 0.0288511 0.025219 0.0222048 0.0197802 0.017921 0.0166076 0.0158254 
0.0167247 0.0170021 0.0178375 0.0192402 0.0212251 0.0238129 0.0270289 0.0309023 0.0354657 0.0407534 0.0468009 0.053643 0.0613129 0.0698408 0.0792522 0.0895671 0.100798 0.11295 0.126018 0.139988 0.154834 0.170519 0.186995 0.204203 0.222073 0.240525 0.259467 0.278802 0.298424 0.318219 0.338073 0.357865 0.377475 0.396782 0.415667 0.434014 0.45171 0.46865 0.484733 0.499864 0.51396 0.52694 0.538736 0.549285 0.558533 0.566433 0.572949 0.578048 0.581707 0.583909 0.584645 0.583909 0.581707 0.578048 0.572949 0.566433 0.558533 0.549285 0.538736 0.52694 0.51396 0.499864 0.484733 0.46865 0.45171 0.434014 0.415667 0.396782 0.377475 0.357865 0.338073 0.318219 0.298424 0.278802 0.259467 0.240525 0.222073 0.204203 0.186995 0.170519 0.154834 0.139988 0.126018 0.11295 0.100798 0.0895671 0.0792522 0.0698408 0.0613129 0.053643 0.0468009 0.0407534 0.0354657 0.0309023 0.0270289 0.0238129 0.0212251 0.0192402 0.0178375 0.0170021 
0.017897 0.0181922 0.019081 0.0205731 0.0226842 0.0254357 0.0288538 0.0329689 0.0378147 0.0434268 0.0498414 0.0570944 0.0652196 0.0742474 0.0842033 0.0951068 0.106969 0.119794 0.133575 0.148293 0.163921 0.180417 0.19773 0.215794 0.234536 0.253869 0.273697 0.293915 0.314412 0.335071 0.355768 0.376381 0.396782 0.416848 0.436456 0.455485 0.473822 0.491359 0.507992 0.523629 0.538182 0.551573 0.563733 0.5746 0.584121 0.592251 0.598952 0.604195 0.607956 0.610219 0.610974 0.610219 0.607956 0.604195 0.598952 0.592251 0.584121 0.5746 0.563733 0.551573 0.538182 0.523629 0.507992 0.491359 0.473822 0.455485 0.436456 0.416848 0.396782 0.376381 0.355768 0.335071 0.314412 0.293915 0.273697 0.253869 0.234536 0.215794 0.19773 0.180417 0.163921 0.148293 0.133575 0.119794 0.106969 0.0951068 0.0842033 0.0742474 0.0652196 0.0570944 0.0498414 0.0434268 0.0378147 0.0329689 0.0288538 0.0254357 0.0226842 0.0205731 0.019081 0.0181922 
0.0190741 0.019387 0.0203291 0.0219104 0.0241472 0.0270616 0.0306808 0.0350364 0.0401629 0.046097 0.052876 0.0605364 0.0691125 0.078635 0.0891291 0.100614 0.113099 0.126586 0.141067 0.156521 0.172915 0.190205 0.208335 0.227235 0.246826 0.267014 0.2877 0.308773 0.330115 0.351604 0.373112 0.39451 0.415667 0.436456 0.456749 0.476424 0.495366 0.513462 0.530612 0.546719 0.561697 0.575469 0.587965 0.599125 0.608896 0.617236 0.624107 0.62948 0.633334 0.635652 0.636426 0.635652 0.633334 0.62948 0.624107 0.617236 0.608896 0.599125 0.587965 0.575469 0.561697 0.546719 0.530612 0.513462 0.495366 0.476424 0.456749 0.436456 0.415667 0.39451 0.373112 0.351604 0.330115 0.308773 0.2877 0.267014 0.246826 0.227235 0.208335 0.190205 0.172915 0.156521 0.141067 0.126586 0.113099 0.100614 0.0891291 0.078635 0.0691125 0.0605364 0.052876 0.046097 0.0401629 0.0350364 0.0306808 0.0270616 0.0241472 0.0219104 0.0203291 0.019387 
0.0202472 0.0205777 0.0215724 0.0232419 0.0256029 0.0286784 0.0324964 0.0370893 0.0424929 0.0487446 0.0558825 0.063944 0.0729636 0.0829721 0.0939944 0.106048 0.119143 0.133279 0.148443 0.164614 0.181754 0.199816 0.218739 0.238449 0.258859 0.279874 0.301386 0.32328 0.345432 0.367715 0.389995 0.41214 0.434014 0.455485 0.476424 0.496706 0.516213 0.534832 0.552461 0.569004 0.584374 0.598495 0.611299 0.622725 0.632725 0.641254 0.648278 0.653769 0.657705 0.660073 0.660864 0.660073 0.657705 0.653769 0.648278 0.641254 0.632725 0.622725 0.611299 0.598495 0.584374 0.569004 0.552461 0.534832 0.516213 0.496706 0.476424 0.455485 0.434014 0.41214 0.389995 0.367715 0.345432 0.32328 0.301386 0.279874 0.258859 0.238449 0.218739 0.199816 0.181754 0.164614 0.148443 0.133279 0.119143 0.106048 0.0939944 0.0829721 0.0729636 0.063944 0.0558825 0.0487446 0.0424929 0.0370893 0.0324964 0.0286784 0.0256029 0.0232419 0.0215724 0.0205777 
0.0214069 0.0217545 0.022801 0.0245571 0.02704 0.0302735 0.0342863 0.0391119 0.0447867 0.0513492 0.0588382 0.0672915 0.076744 0.0872264 0.0987632 0.111371 0.125059 0.139823 0.155651 0.172515 0.190377 0.209184 0.22887 0.249358 0.270556 0.292363 0.314664 0.337341 0.360264 0.3833 0.406312 0.429162 0.45171 0.473822 0.495366 0.516213 0.536244 0.555347 0.573417 0.590359 0.606088 0.620527 0.633609 0.645276 0.65548 0.664179 0.67134 0.676935 0.680946 0.683358 0.684163 0.683358 0.680946 0.676935 0.67134 0.664179 0.65548 0.645276 0.633609 0.620527 0.606088 0.590359 0.573417 0.555347 0.536244 0.516213 0.495366 0.473822 0.45171 0.429162 0.406312 0.3833 0.360264 0.337341 0.314664 0.292363 0.270556 0.249358 0.22887 0.209184 0.190377 0.172515 0.155651 0.139823 0.125059 0.111371 0.0987632 0.0872264 0.076744 0.0672915 0.0588382 0.0513492 0.0447867 0.0391119 0.0342863 0.0302735 0.02704 0.0245571 0.022801 0.0217545 
0.0225435 0.0229079 0.0240047 0.025845 0.0284467 0.0318338 0.0360361 0.0410877 0.047026 0.0538902 0.0617197 0.0705527 0.0804244 0.0913653 0.103399 0.116543 0.130801 0.146171 0.162636 0.180167 0.198721 0.218241 0.238658 0.259889 0.281837 0.304396 0.327447 0.350865 0.374516 0.398262 0.421961 0.445471 0.46865 0.491359 0.513462 0.534832 0.555347 0.574893 0.593366 0.610672 0.626725 0.64145 0.654782 0.666665 0.67705 0.6859 0.693181 0.698869 0.702944 0.705395 0.706213 0.705395 0.702944 0.698869 0.693181 0.6859 0.67705 0.666665 0.654782 0.64145 0.626725 0.610672 0.593366 0.574893 0.555347 0.534832 0.513462 0.491359 0.46865 0.445471 0.421961 0.398262 0.374516 0.350865 0.327447 0.304396 0.281837 0.259889 0.238658 0.218241 0.198721 0.180167 0.162636 0.146171 0.130801 0.116543 0.103399 0.0913653 0.0804244 0.0705527 0.0617197 0.0538902 0.047026 0.0410877 0.0360361 0.0318338 0.0284467 0.025845 0.0240047 0.0229079 
0.0236471 0.0240277 0.0251731 0.0270947 0.0298108 0.0333461 0.037731 0.0430004 0.0491924 0.0563468 0.0645037 0.0737015 0.0839757 0.0953562 0.107867 0.121522 0.136327 0.152275 0.169349 0.187514 0.206726 0.226924 0.248034 0.269967 0.292625 0.315893 0.33965 0.363764 0.388097 0.412506 0.436846 0.46097 0.484733 0.507992 0.530612 0.552461 0.573417 0.593366 0.612205 0.629838 0.646181 0.661162 0.674716 0.686789 0.697335 0.706316 0.713702 0.71947 0.723602 0.726085 0.726914 0.726085 0.723602 0.71947 0.713702 0.706316 0.697335 0.686789 0.674716 0.661162 0.646181 0.629838 0.612205 0.593366 0.573417 0.552461 0.530612 0.507992 0.484733 0.46097 0.436846 0.412506 0.388097 0.363764 0.33965 0.315893 0.292625 0.269967 0.248034 0.226924 0.206726 0.187514 0.169349 0.152275 0.136327 0.121522 0.107867 0.0953562 0.0839757 0.0737015 0.0645037 0.0563468 0.0491924 0.0430004 0.037731 0.0333461 0.0298108 0.0270947 0.0251731 0.0240277 
0.0247078 0.0251038 0.0262957 0.028295 0.0311203 0.0347971 0.0393564 0.0448335 0.0512674 0.0586984 0.067167 0.076712 0.0873687 0.099167 0.11213 0.12627 0.141593 0.158089 0.175736 0.194501 0.214333 0.235169 0.25693 0.279523 0.302844 0.326776 0.351191 0.375953 0.40092 0.425944 0.450876 0.475565 0.499864 0.523629 0.546719 0.569004 0.590359 0.610672 0.629838 0.647763 0.664365 0.679572 0.693321 0.705559 0.716244 0.725339 0.732816 0.738652 0.742832 0.745344 0.746183 0.745344 0.742832 0.738652 0.732816 0.725339 0.716244 0.705559 0.693321 0.679572 0.664365 0.647763 0.629838 0.610672 0.590359 0.569004 0.546719 0.523629 0.499864 0.475565 0.450876 0.425944 0.40092 0.375953 0.351191 0.326776 0.302844 0.279523 0.25693 0.235169 0.214333 0.194501 0.175736 0.158089 0.141593 0.12627 0.11213 0.099167 0.0873687 0.076712 0.067167 0.0586984 0.0512674 0.0448335 0.0393564 0.0347971 0.0311203 0.028295 0.0262957 0.0251038 
0.0257158 0.0261264 0.0273622 0.0294348 0.0323635 0.0361739 0.0408977 0.0465709 0.0532329 0.0609246 0.0696869 0.0795588 0.0905754 0.102766 0.116154 0.13075 0.146558 0.163566 0.181751 0.201076 0.221487 0.242916 0.265283 0.288489 0.312426 0.336972 0.361995 0.387355 0.412905 0.438493 0.463967 0.489173 0.51396 0.538182 0.561697 0.584374 0.606088 0.626725 0.646181 0.664365 0.681194 0.696598 0.710517 0.722899 0.733703 0.742895 0.750449 0.756343 0.760564 0.7631 0.763946 0.7631 0.760564 0.756343 0.750449 0.742895 0.733703 0.722899 0.710517 0.696598 0.681194 0.664365 0.646181 0.626725 0.606088 0.584374 0.561697 0.538182 0.51396 0.489173 0.463967 0.438493 0.412905 0.387355 0.361995 0.336972 0.312426 0.288489 0.265283 0.242916 0.221487 0.201076 0.181751 0.163566 0.146558 0.13075 0.116154 0.102766 0.0905754 0.0795588 0.0696869 0.0609246 0.0532329 0.0465709 0.0408977 0.0361739 0.0323635 0.0294348 0.0273622 0.0261264 
