0.000281279 0.000287628 0.000306825 0.000339315 0.000385837 0.000447419 0.000525368 0.00062126 0.000736926 0.000874432 0.00103605 0.00122425 0.00144162 0.0016909 0.00197484 0.00229623 0.00265779 0.00306214 0.00351171 0.00400865 0.00455479 0.00515155 0.00579986 0.00650009 0.00725199 0.00805459 0.00890622 0.00980441 0.0107459 0.0117265 0.0127414 0.0137848 0.0148503 0.0159306 0.0170179 0.0181038 0.0191794 0.0202356 0.0212628 0.0222517 0.0231928 0.0240769 0.0248949 0.0256387 0.0263003 0.0268728 0.02735 0.0277267 0.0279988 0.0281633 0.0282183 0.0281633 0.0279988 0.0277267 0.02735 0.0268728 0.0263003 0.0256387 0.0248949 0.0240769 0.0231928 0.0222517 0.0212628 0.0202356 0.0191794 0.0181038 0.0170179 0.0159306 0.0148503 0.0137848 0.0127414 0.0117265 0.0107459 0.00980441 0.00890622 0.00805459 0.00725199 0.00650009 0.00579986 0.00515155 0.00455479 0.00400865 0.00351171 0.00306214 0.00265779 0.00229623 0.00197484 0.0016909 0.00144162 0.00122425 0.00103605 0.000874432 0.000736926 0.00062126 0.000525368 0.000447419 0.000385837 0.000339315 0.000306825 0.000287628 
0.000287628 0.000294111 0.00031371 0.000346879 0.000394371 0.000457232 0.000536791 0.000634652 0.000752677 0.000892967 0.00105784 0.00124978 0.00147146 0.00172561 0.00201507 0.00234265 0.00271111 0.00312311 0.00358109 0.00408725 0.00464343 0.00525106 0.00591107 0.00662382 0.00738903 0.00820572 0.00907216 0.00998583 0.0109434 0.0119406 0.0129726 0.0140334 0.0151165 0.0162145 0.0173195 0.0184229 0.0195157 0.0205887 0.0216323 0.0226367 0.0235925 0.0244903 0.0253211 0.0260763 0.0267481 0.0273294 0.0278139 0.0281963 0.0284725 0.0286395 0.0286954 0.0286395 0.0284725 0.0281963 0.0278139 0.0273294 0.0267481 0.0260763 0.0253211 0.0244903 0.0235925 0.0226367 0.0216323 0.0205887 0.0195157 0.0184229 0.0173195 0.0162145 0.0151165 0.0140334 0.0129726 0.0119406 0.0109434 0.00998583 0.00907216 0.00820572 0.00738903 0.00662382 0.00591107 0.00525106 0.00464343 0.00408725 0.00358109 0.00312311 0.00271111 0.00234265 0.00201507 0.00172561 0.00147146 0.00124978 0.00105784 0.000892967 0.000752677 0.000634652 0.000536791 0.000457232 0.000394371 0.000346879 0.00031371 0.000294111 
0.000306825 0.00031371 0.000334525 0.000369747 0.000420168 0.000486889 0.000571308 0.000675113 0.000800259 0.000948952 0.00112362 0.00132689 0.00156153 0.00183042 0.00213652 0.00248275 0.00287202 0.00330706 0.00379043 0.00432439 0.00491083 0.00555121 0.00624647 0.00699693 0.00780226 0.00866138 0.00957243 0.0105327 0.0115387 0.0125859 0.0136692 0.0147823 0.0159183 0.0170696 0.0182278 0.019384 0.0205287 0.0216523 0.0227447 0.023796 0.0247961 0.0257352 0.0266041 0.0273939 0.0280962 0.0287039 0.0292103 0.02961 0.0298987 0.0300731 0.0301315 0.0300731 0.0298987 0.02961 0.0292103 0.0287039 0.0280962 0.0273939 0.0266041 0.0257352 0.0247961 0.023796 0.0227447 0.0216523 0.0205287 0.019384 0.0182278 0.0170696 0.0159183 0.0147823 0.0136692 0.0125859 0.0115387 0.0105327 0.00957243 0.00866138 0.00780226 0.00699693 0.00624647 0.00555121 0.00491083 0.00432439 0.00379043 0.00330706 0.00287202 0.00248275 0.00213652 0.00183042 0.00156153 0.00132689 0.00112362 0.000948952 0.000800259 0.000675113 0.000571308 0.000486889 0.000420168 0.000369747 0.000334525 0.00031371 
0.000339315 0.000346879 0.000369747 0.000408434 0.000463801 0.000537038 0.000629661 0.000743495 0.000880655 0.00104352 0.00123472 0.00145708 0.00171357 0.0020073 0.00234142 0.00271909 0.00314339 0.00361723 0.00414331 0.00472404 0.00536137 0.00605683 0.00681134 0.00762519 0.00849792 0.0094283 0.0104142 0.0114528 0.0125401 0.0136712 0.0148405 0.0160413 0.0172662 0.0185068 0.0197541 0.0209987 0.0222303 0.0234387 0.024613 0.0257425 0.0268168 0.0278252 0.0287578 0.0296053 0.0303588 0.0310106 0.0315537 0.0319823 0.0322918 0.0324788 0.0325414 0.0324788 0.0322918 0.0319823 0.0315537 0.0310106 0.0303588 0.0296053 0.0287578 0.0278252 0.0268168 0.0257425 0.024613 0.0234387 0.0222303 0.0209987 0.0197541 0.0185068 0.0172662 0.0160413 0.0148405 0.0136712 0.0125401 0.0114528 0.0104142 0.0094283 0.00849792 0.00762519 0.00681134 0.00605683 0.00536137 0.00472404 0.00414331 0.00361723 0.00314339 0.00271909 0.00234142 0.0020073 0.00171357 0.00145708 0.00123472 0.00104352 0.000880655 0.000743495 0.000629661 0.000537038 0.000463801 0.000408434 0.000369747 0.000346879 
0.000385837 0.000394371 0.000420168 0.000463801 0.000526222 0.000608755 0.000713077 0.000841211 0.000995496 0.00117856 0.00139331 0.00164284 0.00193043 0.0022595 0.0026335 0.00305585 0.00352992 0.00405888 0.00464563 0.00529274 0.00600229 0.00677586 0.00761438 0.00851804 0.00948625 0.0105175 0.0116095 0.0127588 0.013961 0.0152108 0.0165017 0.0178264 0.0191767 0.0205434 0.0219166 0.0232858 0.0246401 0.0259678 0.0272576 0.0284976 0.0296762 0.0307822 0.0318046 0.0327334 0.0335589 0.0342728 0.0348675 0.0353367 0.0356755 0.0358802 0.0359487 0.0358802 0.0356755 0.0353367 0.0348675 0.0342728 0.0335589 0.0327334 0.0318046 0.0307822 0.0296762 0.0284976 0.0272576 0.0259678 0.0246401 0.0232858 0.0219166 0.0205434 0.0191767 0.0178264 0.0165017 0.0152108 0.013961 0.0127588 0.0116095 0.0105175 0.00948625 0.00851804 0.00761438 0.00677586 0.00600229 0.00529274 0.00464563 0.00405888 0.00352992 0.00305585 0.0026335 0.0022595 0.00193043 0.00164284 0.00139331 0.00117856 0.000995496 0.000841211 0.000713077 0.000608755 0.000526222 0.000463801 0.000420168 0.000394371 
0.000447419 0.000457232 0.000486889 0.000537038 0.000608755 0.000703531 0.00082326 0.000970217 0.00114703 0.00135667 0.00160237 0.00188761 0.00221607 0.00259153 0.00301784 0.00349881 0.00403814 0.00463931 0.0053055 0.00603948 0.00684351 0.00771921 0.00866749 0.00968846 0.0107813 0.0119443 0.0131745 0.0144681 0.01582 0.0172242 0.0186734 0.0201593 0.0216727 0.0232032 0.0247399 0.026271 0.0277843 0.0292671 0.0307065 0.0320896 0.0334036 0.034636 0.0357748 0.0368088 0.0377276 0.0385218 0.0391833 0.0397051 0.0400818 0.0403095 0.0403856 0.0403095 0.0400818 0.0397051 0.0391833 0.0385218 0.0377276 0.0368088 0.0357748 0.034636 0.0334036 0.0320896 0.0307065 0.0292671 0.0277843 0.026271 0.0247399 0.0232032 0.0216727 0.0201593 0.0186734 0.0172242 0.01582 0.0144681 0.0131745 0.0119443 0.0107813 0.00968846 0.00866749 0.00771921 0.00684351 0.00603948 0.0053055 0.00463931 0.00403814 0.00349881 0.00301784 0.00259153 0.00221607 0.00188761 0.00160237 0.00135667 0.00114703 0.000970217 0.00082326 0.000703531 0.000608755 0.000537038 0.000486889 0.000457232 
0.000525368 0.000536791 0.000571308 0.000629661 0.000713077 0.00082326 0.000962367 0.00113299 0.00133813 0.00158114 0.0018657 0.00219576 0.00257546 0.00300907 0.00350091 0.00405525 0.00467621 0.00536766 0.0061331 0.00697557 0.00789747 0.00890052 0.0099856 0.0111527 0.0124006 0.0137273 0.0151294 0.0166022 0.0181401 0.0197359 0.0213813 0.023067 0.0247822 0.0265156 0.0282545 0.0299858 0.0316957 0.03337 0.0349942 0.036554 0.0380349 0.0394231 0.0407053 0.041869 0.0429027 0.043796 0.0445397 0.0451263 0.0455497 0.0458055 0.0458911 0.0458055 0.0455497 0.0451263 0.0445397 0.043796 0.0429027 0.041869 0.0407053 0.0394231 0.0380349 0.036554 0.0349942 0.03337 0.0316957 0.0299858 0.0282545 0.0265156 0.0247822 0.023067 0.0213813 0.0197359 0.0181401 0.0166022 0.0151294 0.0137273 0.0124006 0.0111527 0.0099856 0.00890052 0.00789747 0.00697557 0.0061331 0.00536766 0.00467621 0.00405525 0.00350091 0.00300907 0.00257546 0.00219576 0.0018657 0.00158114 0.00133813 0.00113299 0.000962367 0.00082326 0.000713077 0.000629661 0.000571308 0.000536791 
0.00062126 0.000634652 0.000675113 0.000743495 0.000841211 0.000970217 0.00113299 0.00133251 0.0015722 0.0018559 0.00218783 0.00257247 0.00301453 0.00351887 0.00409035 0.0047338 0.00545384 0.00625478 0.00714051 0.00811434 0.00917888 0.0103359 0.0115863 0.0129297 0.0143648 0.0158889 0.0174979 0.0191866 0.0209481 0.0227741 0.0246553 0.0265807 0.0285382 0.0305146 0.0324958 0.0344667 0.0364119 0.0383151 0.0401602 0.0419309 0.0436112 0.0451854 0.0466388 0.0479572 0.0491278 0.0501391 0.0509808 0.0516445 0.0521236 0.0524129 0.0525097 0.0524129 0.0521236 0.0516445 0.0509808 0.0501391 0.0491278 0.0479572 0.0466388 0.0451854 0.0436112 0.0419309 0.0401602 0.0383151 0.0364119 0.0344667 0.0324958 0.0305146 0.0285382 0.0265807 0.0246553 0.0227741 0.0209481 0.0191866 0.0174979 0.0158889 0.0143648 0.0129297 0.0115863 0.0103359 0.00917888 0.00811434 0.00714051 0.00625478 0.00545384 0.0047338 0.00409035 0.00351887 0.00301453 0.00257247 0.00218783 0.0018559 0.0015722 0.00133251 0.00113299 0.000970217 0.000841211 0.000743495 0.000675113 0.000634652 
0.000736926 0.000752677 0.000800259 0.000880655 0.000995496 0.00114703 0.00133813 0.0015722 0.00185318 0.0021855 0.00257396 0.00302371 0.00354011 0.00412868 0.00479495 0.00554436 0.00638212 0.00731305 0.00834145 0.00947097 0.0107044 0.0120436 0.0134894 0.0150411 0.0166971 0.0184539 0.0203068 0.0222495 0.024274 0.0263707 0.0285286 0.0307353 0.0329768 0.035238 0.0375028 0.0397541 0.0419742 0.044145 0.046248 0.0482649 0.0501777 0.0519688 0.0536215 0.0551201 0.0564501 0.0575987 0.0585545 0.059308 0.0598517 0.0601801 0.0602899 0.0601801 0.0598517 0.059308 0.0585545 0.0575987 0.0564501 0.0551201 0.0536215 0.0519688 0.0501777 0.0482649 0.046248 0.044145 0.0419742 0.0397541 0.0375028 0.035238 0.0329768 0.0307353 0.0285286 0.0263707 0.024274 0.0222495 0.0203068 0.0184539 0.0166971 0.0150411 0.0134894 0.0120436 0.0107044 0.00947097 0.00834145 0.00731305 0.00638212 0.00554436 0.00479495 0.00412868 0.00354011 0.00302371 0.00257396 0.0021855 0.00185318 0.0015722 0.00133813 0.00114703 0.000995496 0.000880655 0.000800259 0.000752677 
0.000874432 0.000892967 0.000948952 0.00104352 0.00117856 0.00135667 0.00158114 0.0018559 0.0021855 0.002575 0.00302991 0.00355612 0.00415976 0.00484709 0.00562441 0.00649786 0.00747328 0.00855608 0.00975103 0.0110621 0.0124924 0.0140437 0.0157166 0.0175104 0.0194227 0.0214494 0.0235849 0.0258216 0.0281502 0.0305596 0.0330371 0.0355681 0.0381369 0.040726 0.0433171 0.0458907 0.0484267 0.0509045 0.0533033 0.0556025 0.0577816 0.0598209 0.0617017 0.0634064 0.0649188 0.0662243 0.0673104 0.0681664 0.068784 0.069157 0.0692817 0.069157 0.068784 0.0681664 0.0673104 0.0662243 0.0649188 0.0634064 0.0617017 0.0598209 0.0577816 0.0556025 0.0533033 0.0509045 0.0484267 0.0458907 0.0433171 0.040726 0.0381369 0.0355681 0.0330371 0.0305596 0.0281502 0.0258216 0.0235849 0.0214494 0.0194227 0.0175104 0.0157166 0.0140437 0.0124924 0.0110621 0.00975103 0.00855608 0.00747328 0.00649786 0.00562441 0.00484709 0.00415976 0.00355612 0.00302991 0.002575 0.0021855 0.0018559 0.00158114 0.00135667 0.00117856 0.00104352 0.000948952 0.000892967 
0.00103605 0.00105784 0.00112362 0.00123472 0.00139331 0.00160237 0.0018657 0.00218783 0.00257396 0.00302991 0.00356199 0.00417692 0.00488169 0.00568342 0.00658924 0.00760607 0.00874049 0.00999852 0.0113854 0.0129056 0.0145622 0.0163572 0.018291 0.0203624 0.0225684 0.024904 0.0273625 0.029935 0.0326106 0.0353765 0.0382177 0.0411179 0.0440585 0.04702 0.0499812 0.0529201 0.0558139 0.0586392 0.0613725 0.0639905 0.0664703 0.0687899 0.070928 0.0728649 0.0745827 0.0760651 0.0772979 0.0782693 0.07897 0.0793931 0.0795346 0.0793931 0.07897 0.0782693 0.0772979 0.0760651 0.0745827 0.0728649 0.070928 0.0687899 0.0664703 0.0639905 0.0613725 0.0586392 0.0558139 0.0529201 0.0499812 0.04702 0.0440585 0.0411179 0.0382177 0.0353765 0.0326106 0.029935 0.0273625 0.024904 0.0225684 0.0203624 0.018291 0.0163572 0.0145622 0.0129056 0.0113854 0.00999852 0.00874049 0.00760607 0.00658924 0.00568342 0.00488169 0.00417692 0.00356199 0.00302991 0.00257396 0.00218783 0.0018657 0.00160237 0.00139331 0.00123472 0.00112362 0.00105784 
0.00122425 0.00124978 0.00132689 0.00145708 0.00164284 0.00188761 0.00219576 0.00257247 0.00302371 0.00355612 0.00417692 0.00489376 0.00571459 0.00664748 0.00770048 0.00888139 0.0101976 0.0116557 0.0132616 0.01502 0.0169343 0.0190064 0.0212364 0.0236227 0.0261615 0.0288468 0.0316705 0.0346223 0.0376895 0.040857 0.0441079 0.0474231 0.0507817 0.0541611 0.0575374 0.0608855 0.0641796 0.0673935 0.0705005 0.0734746 0.0762899 0.0789217 0.0813465 0.0835421 0.0854885 0.0871675 0.0885635 0.0896632 0.0904563 0.0909351 0.0910953 0.0909351 0.0904563 0.0896632 0.0885635 0.0871675 0.0854885 0.0835421 0.0813465 0.0789217 0.0762899 0.0734746 0.0705005 0.0673935 0.0641796 0.0608855 0.0575374 0.0541611 0.0507817 0.0474231 0.0441079 0.040857 0.0376895 0.0346223 0.0316705 0.0288468 0.0261615 0.0236227 0.0212364 0.0190064 0.0169343 0.01502 0.0132616 0.0116557 0.0101976 0.00888139 0.00770048 0.00664748 0.00571459 0.00489376 0.00417692 0.00355612 0.00302371 0.00257247 0.00219576 0.00188761 0.00164284 0.00145708 0.00132689 0.00124978 
0.00144162 0.00147146 0.00156153 0.00171357 0.00193043 0.00221607 0.00257546 0.00301453 0.00354011 0.00415976 0.00488169 0.00571459 0.00666746 0.00774943 0.00896955 0.0103365 0.0118586 0.0135432 0.0153967 0.0174241 0.019629 0.0220133 0.0245767 0.0273169 0.0302293 0.0333067 0.0365396 0.0399157 0.0434204 0.0470363 0.0507439 0.0545213 0.0583447 0.0621885 0.0660255 0.0698274 0.0735651 0.0772089 0.0807292 0.0840966 0.0872823 0.0902587 0.0929994 0.09548 0.0976781 0.0995735 0.101149 0.10239 0.103284 0.103825 0.104005 0.103825 0.103284 0.10239 0.101149 0.0995735 0.0976781 0.09548 0.0929994 0.0902587 0.0872823 0.0840966 0.0807292 0.0772089 0.0735651 0.0698274 0.0660255 0.0621885 0.0583447 0.0545213 0.0507439 0.0470363 0.0434204 0.0399157 0.0365396 0.0333067 0.0302293 0.0273169 0.0245767 0.0220133 0.019629 0.0174241 0.0153967 0.0135432 0.0118586 0.0103365 0.00896955 0.00774943 0.00666746 0.00571459 0.00488169 0.00415976 0.00354011 0.00301453 0.00257546 0.00221607 0.00193043 0.00171357 0.00156153 0.00147146 
0.0016909 0.00172561 0.00183042 0.0020073 0.0022595 0.00259153 0.00300907 0.00351887 0.00412868 0.00484709 0.00568342 0.00664748 0.00774943 0.00899953 0.0104079 0.0119843 0.0137379 0.0156767 0.0178078 0.0201366 0.0226667 0.0253998 0.0283352 0.03147 0.0347983 0.0383118 0.041999 0.0458458 0.0498351 0.0539471 0.0581594 0.0624471 0.066783 0.0711381 0.0754819 0.0797824 0.0840069 0.0881223 0.0920953 0.0958931 0.0994838 0.102837 0.105922 0.108714 0.111186 0.113318 0.115089 0.116483 0.117488 0.118095 0.118298 0.118095 0.117488 0.116483 0.115089 0.113318 0.111186 0.108714 0.105922 0.102837 0.0994838 0.0958931 0.0920953 0.0881223 0.0840069 0.0797824 0.0754819 0.0711381 0.066783 0.0624471 0.0581594 0.0539471 0.0498351 0.0458458 0.041999 0.0383118 0.0347983 0.03147 0.0283352 0.0253998 0.0226667 0.0201366 0.0178078 0.0156767 0.0137379 0.0119843 0.0104079 0.00899953 0.00774943 0.00664748 0.00568342 0.00484709 0.00412868 0.00351887 0.00300907 0.00259153 0.0022595 0.0020073 0.00183042 0.00172561 
0.00197484 0.00201507 0.00213652 0.00234142 0.0026335 0.00301784 0.00350091 0.00409035 0.00479495 0.00562441 0.00658924 0.00770048 0.00896955 0.0104079 0.0120269 0.0138373 0.0158492 0.0180714 0.0205116 0.0231754 0.0260666 0.0291866 0.0325342 0.0361054 0.0398933 0.0438879 0.0480757 0.0524405 0.0569625 0.0616191 0.0663847 0.0712309 0.0761273 0.081041 0.0859375 0.0907813 0.0955357 0.100164 0.104628 0.108893 0.112923 0.116683 0.120142 0.12327 0.126039 0.128425 0.130407 0.131967 0.133092 0.13377 0.133997 0.13377 0.133092 0.131967 0.130407 0.128425 0.126039 0.12327 0.120142 0.116683 0.112923 0.108893 0.104628 0.100164 0.0955357 0.0907813 0.0859375 0.081041 0.0761273 0.0712309 0.0663847 0.0616191 0.0569625 0.0524405 0.0480757 0.0438879 0.0398933 0.0361054 0.0325342 0.0291866 0.0260666 0.0231754 0.0205116 0.0180714 0.0158492 0.0138373 0.0120269 0.0104079 0.00896955 0.00770048 0.00658924 0.00562441 0.00479495 0.00409035 0.00350091 0.00301784 0.0026335 0.00234142 0.00213652 0.00201507 
0.00229623 0.00234265 0.00248275 0.00271909 0.00305585 0.00349881 0.00405525 0.0047338 0.00554436 0.00649786 0.00760607 0.00888139 0.0103365 0.0119843 0.0138373 0.0159074 0.0182056 0.0207416 0.0235235 0.0265572 0.0298467 0.0333928 0.0371937 0.0412444 0.0455364 0.0500579 0.0547935 0.0597242 0.0648273 0.0700772 0.0754448 0.080898 0.0864025 0.0919214 0.0974163 0.102847 0.108174 0.113354 0.118349 0.123116 0.127618 0.131816 0.135675 0.139164 0.14225 0.144909 0.147117 0.148855 0.150107 0.150862 0.151115 0.150862 0.150107 0.148855 0.147117 0.144909 0.14225 0.139164 0.135675 0.131816 0.127618 0.123116 0.118349 0.113354 0.108174 0.102847 0.0974163 0.0919214 0.0864025 0.080898 0.0754448 0.0700772 0.0648273 0.0597242 0.0547935 0.0500579 0.0455364 0.0412444 0.0371937 0.0333928 0.0298467 0.0265572 0.0235235 0.0207416 0.0182056 0.0159074 0.0138373 0.0119843 0.0103365 0.00888139 0.00760607 0.00649786 0.00554436 0.0047338 0.00405525 0.00349881 0.00305585 0.00271909 0.00248275 0.00234265 
0.00265779 0.00271111 0.00287202 0.00314339 0.00352992 0.00403814 0.00467621 0.00545384 0.00638212 0.00747328 0.00874049 0.0101976 0.0118586 0.0137379 0.0158492 0.0182056 0.0208191 0.0237002 0.0268574 0.0302971 0.0340228 0.0380351 0.0423313 0.046905 0.0517463 0.0568412 0.0621718 0.0677163 0.0734491 0.0793407 0.0853585 0.0914665 0.097626 0.103796 0.109934 0.115995 0.121934 0.127706 0.133266 0.13857 0.143575 0.14824 0.152526 0.156397 0.159822 0.16277 0.165218 0.167144 0.168531 0.169368 0.169648 0.169368 0.168531 0.167144 0.165218 0.16277 0.159822 0.156397 0.152526 0.14824 0.143575 0.13857 0.133266 0.127706 0.121934 0.115995 0.109934 0.103796 0.097626 0.0914665 0.0853585 0.0793407 0.0734491 0.0677163 0.0621718 0.0568412 0.0517463 0.046905 0.0423313 0.0380351 0.0340228 0.0302971 0.0268574 0.0237002 0.0208191 0.0182056 0.0158492 0.0137379 0.0118586 0.0101976 0.00874049 0.00747328 0.00638212 0.00545384 0.00467621 0.00403814 0.00352992 0.00314339 0.00287202 0.00271111 
0.00306214 0.00312311 0.00330706 0.00361723 0.00405888 0.00463931 0.00536766 0.00625478 0.00731305 0.00855608 0.00999852 0.0116557 0.0135432 0.0156767 0.0180714 0.0207416 0.0237002 0.0269585 0.0305255 0.0344076 0.0386082 0.0431272 0.047961 0.0531017 0.0585375 0.064252 0.0702247 0.0764307 0.0828408 0.089422 0.0961373 0.102947 0.109807 0.116672 0.123495 0.130227 0.136818 0.143219 0.149379 0.155252 0.160789 0.165947 0.170683 0.174959 0.17874 0.181993 0.184693 0.186817 0.188347 0.18927 0.189578 0.18927 0.188347 0.186817 0.184693 0.181993 0.17874 0.174959 0.170683 0.165947 0.160789 0.155252 0.149379 0.143219 0.136818 0.130227 0.123495 0.116672 0.109807 0.102947 0.0961373 0.089422 0.0828408 0.0764307 0.0702247 0.064252 0.0585375 0.0531017 0.047961 0.0431272 0.0386082 0.0344076 0.0305255 0.0269585 0.0237002 0.0207416 0.0180714 0.0156767 0.0135432 0.0116557 0.00999852 0.00855608 0.00731305 0.00625478 0.00536766 0.00463931 0.00405888 0.00361723 0.00330706 0.00312311 
0.00351171 0.00358109 0.00379043 0.00414331 0.00464563 0.0053055 0.0061331 0.00714051 0.00834145 0.00975103 0.0113854 0.0132616 0.0153967 0.0178078 0.0205116 0.0235235 0.0268574 0.0305255 0.034537 0.0388984 0.0436127 0.0486792 0.0540929 0.0598442 0.0659193 0.0722991 0.0789603 0.0858743 0.0930084 0.100325 0.107784 0.115339 0.122943 0.130546 0.138095 0.145536 0.152816 0.159879 0.166672 0.173142 0.179238 0.184913 0.190122 0.194821 0.198974 0.202547 0.205511 0.207841 0.209519 0.210532 0.21087 0.210532 0.209519 0.207841 0.205511 0.202547 0.198974 0.194821 0.190122 0.184913 0.179238 0.173142 0.166672 0.159879 0.152816 0.145536 0.138095 0.130546 0.122943 0.115339 0.107784 0.100325 0.0930084 0.0858743 0.0789603 0.0722991 0.0659193 0.0598442 0.0540929 0.0486792 0.0436127 0.0388984 0.034537 0.0305255 0.0268574 0.0235235 0.0205116 0.0178078 0.0153967 0.0132616 0.0113854 0.00975103 0.00834145 0.00714051 0.0061331 0.0053055 0.00464563 0.00414331 0.00379043 0.00358109 
0.00400865 0.00408725 0.00432439 0.00472404 0.00529274 0.00603948 0.00697557 0.00811434 0.00947097 0.0110621 0.0129056 0.01502 0.0174241 0.0201366 0.0231754 0.0265572 0.0302971 0.0344076 0.0388984 0.0437759 0.0490426 0.0546968 0.0607321 0.067137 0.0738952 0.080985 0.0883795 0.0960467 0.103949 0.112046 0.120291 0.128635 0.137024 0.145404 0.153716 0.161902 0.169903 0.177659 0.185113 0.192207 0.198886 0.2051 0.210799 0.215939 0.220478 0.224382 0.227619 0.230163 0.231995 0.233101 0.23347 0.233101 0.231995 0.230163 0.227619 0.224382 0.220478 0.215939 0.210799 0.2051 0.198886 0.192207 0.185113 0.177659 0.169903 0.161902 0.153716 0.145404 0.137024 0.128635 0.120291 0.112046 0.103949 0.0960467 0.0883795 0.080985 0.0738952 0.067137 0.0607321 0.0546968 0.0490426 0.0437759 0.0388984 0.0344076 0.0302971 0.0265572 0.0231754 0.0201366 0.0174241 0.01502 0.0129056 0.0110621 0.00947097 0.00811434 0.00697557 0.00603948 0.00529274 0.00472404 0.00432439 0.00408725 
0.00455479 0.00464343 0.00491083 0.00536137 0.00600229 0.00684351 0.00789747 0.00917888 0.0107044 0.0124924 0.0145622 0.0169343 0.019629 0.0226667 0.0260666 0.0298467 0.0340228 0.0386082 0.0436127 0.0490426 0.0548997 0.061181 0.0678786 0.0749788 0.0824625 0.0903051 0.0984758 0.106939 0.115653 0.124571 0.133643 0.142814 0.152026 0.161217 0.170327 0.179289 0.188041 0.196518 0.204657 0.212398 0.219681 0.226451 0.232656 0.238249 0.243187 0.247431 0.250949 0.253714 0.255704 0.256904 0.257305 0.256904 0.255704 0.253714 0.250949 0.247431 0.243187 0.238249 0.232656 0.226451 0.219681 0.212398 0.204657 0.196518 0.188041 0.179289 0.170327 0.161217 0.152026 0.142814 0.133643 0.124571 0.115653 0.106939 0.0984758 0.0903051 0.0824625 0.0749788 0.0678786 0.061181 0.0548997 0.0490426 0.0436127 0.0386082 0.0340228 0.0298467 0.0260666 0.0226667 0.019629 0.0169343 0.0145622 0.0124924 0.0107044 0.00917888 0.00789747 0.00684351 0.00600229 0.00536137 0.00491083 0.00464343 
0.00515155 0.00525106 0.00555121 0.00605683 0.00677586 0.00771921 0.00890052 0.0103359 0.0120436 0.0140437 0.0163572 0.0190064 0.0220133 0.0253998 0.0291866 0.0333928 0.0380351 0.0431272 0.0486792 0.0546968 0.061181 0.0681276 0.0755264 0.0833617 0.0916113 0.100247 0.109234 0.118533 0.128097 0.137875 0.147811 0.157844 0.167912 0.177948 0.187884 0.197651 0.207179 0.216399 0.225245 0.23365 0.241553 0.248893 0.255618 0.261675 0.267019 0.271611 0.275415 0.278404 0.280555 0.281852 0.282286 0.281852 0.280555 0.278404 0.275415 0.271611 0.267019 0.261675 0.255618 0.248893 0.241553 0.23365 0.225245 0.216399 0.207179 0.197651 0.187884 0.177948 0.167912 0.157844 0.147811 0.137875 0.128097 0.118533 0.109234 0.100247 0.0916113 0.0833617 0.0755264 0.0681276 0.061181 0.0546968 0.0486792 0.0431272 0.0380351 0.0333928 0.0291866 0.0253998 0.0220133 0.0190064 0.0163572 0.0140437 0.0120436 0.0103359 0.00890052 0.00771921 0.00677586 0.00605683 0.00555121 0.00525106 
0.00579986 0.00591107 0.00624647 0.00681134 0.00761438 0.00866749 0.0099856 0.0115863 0.0134894 0.0157166 0.018291 0.0212364 0.0245767 0.0283352 0.0325342 0.0371937 0.0423313 0.047961 0.0540929 0.0607321 0.0678786 0.0755264 0.0836635 0.0922713 0.101324 0.110791 0.120632 0.130803 0.141252 0.151924 0.162756 0.173683 0.184636 0.195543 0.206331 0.216924 0.227248 0.23723 0.246798 0.255882 0.264416 0.272338 0.27959 0.286117 0.291874 0.296818 0.300912 0.304128 0.306442 0.307837 0.308303 0.307837 0.306442 0.304128 0.300912 0.296818 0.291874 0.286117 0.27959 0.272338 0.264416 0.255882 0.246798 0.23723 0.227248 0.216924 0.206331 0.195543 0.184636 0.173683 0.162756 0.151924 0.141252 0.130803 0.120632 0.110791 0.101324 0.0922713 0.0836635 0.0755264 0.0678786 0.0607321 0.0540929 0.047961 0.0423313 0.0371937 0.0325342 0.0283352 0.0245767 0.0212364 0.018291 0.0157166 0.0134894 0.0115863 0.0099856 0.00866749 0.00761438 0.00681134 0.00624647 0.00591107 
0.00650009 0.00662382 0.00699693 0.00762519 0.00851804 0.00968846 0.0111527 0.0129297 0.0150411 0.0175104 0.0203624 0.0236227 0.0273169 0.03147 0.0361054 0.0412444 0.046905 0.0531017 0.0598442 0.067137 0.0749788 0.0833617 0.0922713 0.101686 0.111577 0.121908 0.132636 0.143711 0.155077 0.166672 0.178429 0.190276 0.202138 0.213938 0.225596 0.237033 0.248169 0.258926 0.269227 0.278999 0.288172 0.29668 0.304463 0.311465 0.317637 0.322934 0.32732 0.330763 0.33324 0.334733 0.335232 0.334733 0.33324 0.330763 0.32732 0.322934 0.317637 0.311465 0.304463 0.29668 0.288172 0.278999 0.269227 0.258926 0.248169 0.237033 0.225596 0.213938 0.202138 0.190276 0.178429 0.166672 0.155077 0.143711 0.132636 0.121908 0.111577 0.101686 0.0922713 0.0833617 0.0749788 0.067137 0.0598442 0.0531017 0.046905 0.0412444 0.0361054 0.03147 0.0273169 0.0236227 0.0203624 0.0175104 0.0150411 0.0129297 0.0111527 0.00968846 0.00851804 0.00762519 0.00699693 0.00662382 
0.00725199 0.00738903 0.00780226 0.00849792 0.00948625 0.0107813 0.0124006 0.0143648 0.0166971 0.0194227 0.0225684 0.0261615 0.0302293 0.0347983 0.0398933 0.0455364 0.0517463 0.0585375 0.0659193 0.0738952 0.0824625 0.0916113 0.101324 0.111577 0.122336 0.133561 0.145205 0.157213 0.169521 0.182064 0.194768 0.207555 0.220344 0.233053 0.245596 0.257889 0.269846 0.281385 0.292425 0.302889 0.312704 0.3218 0.330115 0.337591 0.344176 0.349826 0.354501 0.358171 0.360809 0.3624 0.362931 0.3624 0.360809 0.358171 0.354501 0.349826 0.344176 0.337591 0.330115 0.3218 0.312704 0.302889 0.292425 0.281385 0.269846 0.257889 0.245596 0.233053 0.220344 0.207555 0.194768 0.182064 0.169521 0.157213 0.145205 0.133561 0.122336 0.111577 0.101324 0.0916113 0.0824625 0.0738952 0.0659193 0.0585375 0.0517463 0.0455364 0.0398933 0.0347983 0.0302293 0.0261615 0.0225684 0.0194227 0.0166971 0.0143648 0.0124006 0.0107813 0.00948625 0.00849792 0.00780226 0.00738903 
0.00805459 0.00820572 0.00866138 0.0094283 0.0105175 0.0119443 0.0137273 0.0158889 0.0184539 0.0214494 0.024904 0.0288468 0.0333067 0.0383118 0.0438879 0.0500579 0.0568412 0.064252 0.0722991 0.080985 0.0903051 0.100247 0.110791 0.121908 0.133561 0.145707 0.15829 0.171252 0.184525 0.198034 0.211702 0.225443 0.239173 0.252801 0.266237 0.279391 0.292174 0.304497 0.316276 0.32743 0.337884 0.347565 0.356408 0.364353 0.371348 0.377345 0.382307 0.386199 0.388998 0.390684 0.391247 0.390684 0.388998 0.386199 0.382307 0.377345 0.371348 0.364353 0.356408 0.347565 0.337884 0.32743 0.316276 0.304497 0.292174 0.279391 0.266237 0.252801 0.239173 0.225443 0.211702 0.198034 0.184525 0.171252 0.15829 0.145707 0.133561 0.121908 0.110791 0.100247 0.0903051 0.080985 0.0722991 0.064252 0.0568412 0.0500579 0.0438879 0.0383118 0.0333067 0.0288468 0.024904 0.0214494 0.0184539 0.0158889 0.0137273 0.0119443 0.0105175 0.0094283 0.00866138 0.00820572 
0.00890622 0.00907216 0.00957243 0.0104142 0.0116095 0.0131745 0.0151294 0.0174979 0.0203068 0.0235849 0.0273625 0.0316705 0.0365396 0.041999 0.0480757 0.0547935 0.0621718 0.0702247 0.0789603 0.0883795 0.0984758 0.109234 0.120632 0.132636 0.145205 0.15829 0.171833 0.185766 0.200017 0.214507 0.229149 0.243854 0.25853 0.273081 0.287412 0.301427 0.315032 0.328136 0.340649 0.352488 0.363573 0.37383 0.383193 0.3916 0.398996 0.405335 0.410576 0.414687 0.417641 0.419421 0.420015 0.419421 0.417641 0.414687 0.410576 0.405335 0.398996 0.3916 0.383193 0.37383 0.363573 0.352488 0.340649 0.328136 0.315032 0.301427 0.287412 0.273081 0.25853 0.243854 0.229149 0.214507 0.200017 0.185766 0.171833 0.15829 0.145205 0.132636 0.120632 0.109234 0.0984758 0.0883795 0.0789603 0.0702247 0.0621718 0.0547935 0.0480757 0.041999 0.0365396 0.0316705 0.0273625 0.0235849 0.0203068 0.0174979 0.0151294 0.0131745 0.0116095 0.0104142 0.00957243 0.00907216 
0.00980441 0.00998583 0.0105327 0.0114528 0.0127588 0.0144681 0.0166022 0.0191866 0.0222495 0.0258216 0.029935 0.0346223 0.0399157 0.0458458 0.0524405 0.0597242 0.0677163 0.0764307 0.0858743 0.0960467 0.106939 0.118533 0.130803 0.143711 0.157213 0.171252 0.185766 0.200682 0.215921 0.231397 0.247019 0.26269 0.278312 0.293784 0.309006 0.323876 0.338296 0.35217 0.365406 0.377917 0.389621 0.400443 0.410314 0.41917 0.426957 0.433627 0.43914 0.443461 0.446567 0.448437 0.449062 0.448437 0.446567 0.443461 0.43914 0.433627 0.426957 0.41917 0.410314 0.400443 0.389621 0.377917 0.365406 0.35217 0.338296 0.323876 0.309006 0.293784 0.278312 0.26269 0.247019 0.231397 0.215921 0.200682 0.185766 0.171252 0.157213 0.143711 0.130803 0.118533 0.106939 0.0960467 0.0858743 0.0764307 0.0677163 0.0597242 0.0524405 0.0458458 0.0399157 0.0346223 0.029935 0.0258216 0.0222495 0.0191866 0.0166022 0.0144681 0.0127588 0.0114528 0.0105327 0.00998583 
0.0107459 0.0109434 0.0115387 0.0125401 0.013961 0.01582 0.0181401 0.0209481 0.024274 0.0281502 0.0326106 0.0376895 0.0434204 0.0498351 0.0569625 0.0648273 0.0734491 0.0828408 0.0930084 0.103949 0.115653 0.128097 0.141252 0.155077 0.169521 0.184525 0.200017 0.215921 0.232151 0.248614 0.265213 0.281846 0.298408 0.314793 0.330894 0.346607 0.361827 0.376457 0.3904 0.403567 0.415874 0.427244 0.437606 0.446896 0.45506 0.462049 0.467822 0.472347 0.475597 0.477554 0.478208 0.477554 0.475597 0.472347 0.467822 0.462049 0.45506 0.446896 0.437606 0.427244 0.415874 0.403567 0.3904 0.376457 0.361827 0.346607 0.330894 0.314793 0.298408 0.281846 0.265213 0.248614 0.232151 0.215921 0.200017 0.184525 0.169521 0.155077 0.141252 0.128097 0.115653 0.103949 0.0930084 0.0828408 0.0734491 0.0648273 0.0569625 0.0498351 0.0434204 0.0376895 0.0326106 0.0281502 0.024274 0.0209481 0.0181401 0.01582 0.013961 0.0125401 0.0115387 0.0109434 
0.0117265 0.0119406 0.0125859 0.0136712 0.0152108 0.0172242 0.0197359 0.0227741 0.0263707 0.0305596 0.0353765 0.040857 0.0470363 0.0539471 0.0616191 0.0700772 0.0793407 0.089422 0.100325 0.112046 0.124571 0.137875 0.151924 0.166672 0.182064 0.198034 0.214507 0.231397 0.248614 0.266059 0.283627 0.301211 0.3187 0.335983 0.352948 0.369485 0.385487 0.400852 0.415481 0.429283 0.442171 0.454068 0.464901 0.474608 0.483131 0.490424 0.496446 0.501163 0.50455 0.50659 0.507271 0.50659 0.50455 0.501163 0.496446 0.490424 0.483131 0.474608 0.464901 0.454068 0.442171 0.429283 0.415481 0.400852 0.385487 0.369485 0.352948 0.335983 0.3187 0.301211 0.283627 0.266059 0.248614 0.231397 0.214507 0.198034 0.182064 0.166672 0.151924 0.137875 0.124571 0.112046 0.100325 0.089422 0.0793407 0.0700772 0.0616191 0.0539471 0.0470363 0.040857 0.0353765 0.0305596 0.0263707 0.0227741 0.0197359 0.0172242 0.0152108 0.0136712 0.0125859 0.0119406 
0.0127414 0.0129726 0.0136692 0.0148405 0.0165017 0.0186734 0.0213813 0.0246553 0.0285286 0.0330371 0.0382177 0.0441079 0.0507439 0.0581594 0.0663847 0.0754448 0.0853585 0.0961373 0.107784 0.120291 0.133643 0.147811 0.162756 0.178429 0.194768 0.211702 0.229149 0.247019 0.265213 0.283627 0.302151 0.320669 0.339067 0.357227 0.375033 0.392371 0.40913 0.425205 0.440495 0.454905 0.46835 0.480749 0.492031 0.502132 0.510997 0.518577 0.524832 0.529731 0.533247 0.535364 0.536071 0.535364 0.533247 0.529731 0.524832 0.518577 0.510997 0.502132 0.492031 0.480749 0.46835 0.454905 0.440495 0.425205 0.40913 0.392371 0.375033 0.357227 0.339067 0.320669 0.302151 0.283627 0.265213 0.247019 0.229149 0.211702 0.194768 0.178429 0.162756 0.147811 0.133643 0.120291 0.107784 0.0961373 0.0853585 0.0754448 0.0663847 0.0581594 0.0507439 0.0441079 0.0382177 0.0330371 0.0285286 0.0246553 0.0213813 0.0186734 0.0165017 0.0148405 0.0136692 0.0129726 
0.0137848 0.0140334 0.0147823 0.0160413 0.0178264 0.0201593 0.023067 0.0265807 0.0307353 0.0355681 0.0411179 0.0474231 0.0545213 0.0624471 0.0712309 0.080898 0.0914665 0.102947 0.115339 0.128635 0.142814 0.157844 0.173683 0.190276 0.207555 0.225443 0.243854 0.26269 0.281846 0.301211 0.320669 0.3401 0.359382 0.378394 0.397013 0.415124 0.432611 0.449365 0.465286 0.480276 0.494248 0.507123 0.518828 0.5293 0.538484 0.546332 0.552806 0.557873 0.56151 0.563699 0.56443 0.563699 0.56151 0.557873 0.552806 0.546332 0.538484 0.5293 0.518828 0.507123 0.494248 0.480276 0.465286 0.449365 0.432611 0.415124 0.397013 0.378394 0.359382 0.3401 0.320669 0.301211 0.281846 0.26269 0.243854 0.225443 0.207555 0.190276 0.173683 0.157844 0.142814 0.128635 0.115339 0.102947 0.0914665 0.080898 0.0712309 0.0624471 0.0545213 0.0474231 0.0411179 0.0355681 0.0307353 0.0265807 0.023067 0.0201593 0.0178264 0.0160413 0.0147823 0.0140334 
0.0148503 0.0151165 0.0159183 0.0172662 0.0191767 0.0216727 0.0247822 0.0285382 0.0329768 0.0381369 0.0440585 0.0507817 0.0583447 0.066783 0.0761273 0.0864025 0.097626 0.109807 0.122943 0.137024 0.152026 0.167912 0.184636 0.202138 0.220344 0.239173 0.25853 0.278312 0.298408 0.3187 0.339067 0.359382 0.379519 0.399351 0.418752 0.437601 0.455782 0.473184 0.489701 0.505239 0.519707 0.533028 0.545128 0.555945 0.565425 0.573522 0.580197 0.58542 0.589167 0.591422 0.592175 0.591422 0.589167 0.58542 0.580197 0.573522 0.565425 0.555945 0.545128 0.533028 0.519707 0.505239 0.489701 0.473184 0.455782 0.437601 0.418752 0.399351 0.379519 0.359382 0.339067 0.3187 0.298408 0.278312 0.25853 0.239173 0.220344 0.202138 0.184636 0.167912 0.152026 0.137024 0.122943 0.109807 0.097626 0.0864025 0.0761273 0.066783 0.0583447 0.0507817 0.0440585 0.0381369 0.0329768 0.0285382 0.0247822 0.0216727 0.0191767 0.0172662 0.0159183 0.0151165 
0.0159306 0.0162145 0.0170696 0.0185068 0.0205434 0.0232032 0.0265156 0.0305146 0.035238 0.040726 0.04702 0.0541611 0.0621885 0.0711381 0.081041 0.0919214 0.103796 0.116672 0.130546 0.145404 0.161217 0.177948 0.195543 0.213938 0.233053 0.252801 0.273081 0.293784 0.314793 0.335983 0.357227 0.378394 0.399351 0.419967 0.440113 0.459665 0.478503 0.496514 0.513592 0.529642 0.544573 0.558307 0.570772 0.581908 0.59166 0.599984 0.606843 0.612208 0.616055 0.61837 0.619143 0.61837 0.616055 0.612208 0.606843 0.599984 0.59166 0.581908 0.570772 0.558307 0.544573 0.529642 0.513592 0.496514 0.478503 0.459665 0.440113 0.419967 0.399351 0.378394 0.357227 0.335983 0.314793 0.293784 0.273081 0.252801 0.233053 0.213938 0.195543 0.177948 0.161217 0.145404 0.130546 0.116672 0.103796 0.0919214 0.081041 0.0711381 0.0621885 0.0541611 0.04702 0.040726 0.035238 0.0305146 0.0265156 0.0232032 0.0205434 0.0185068 0.0170696 0.0162145 
0.0170179 0.0173195 0.0182278 0.0197541 0.0219166 0.0247399 0.0282545 0.0324958 0.0375028 0.0433171 0.0499812 0.0575374 0.0660255 0.0754819 0.0859375 0.0974163 0.109934 0.123495 0.138095 0.153716 0.170327 0.187884 0.206331 0.225596 0.245596 0.266237 0.287412 0.309006 0.330894 0.352948 0.375033 0.397013 0.418752 0.440113 0.460964 0.481178 0.500633 0.519214 0.536816 0.55334 0.568698 0.582812 0.595612 0.607038 0.617037 0.625567 0.632592 0.638085 0.642022 0.644391 0.645181 0.644391 0.642022 0.638085 0.632592 0.625567 0.617037 0.607038 0.595612 0.582812 0.568698 0.55334 0.536816 0.519214 0.500633 0.481178 0.460964 0.440113 0.418752 0.397013 0.375033 0.352948 0.330894 0.309006 0.287412 0.266237 0.245596 0.225596 0.206331 0.187884 0.170327 0.153716 0.138095 0.123495 0.109934 0.0974163 0.0859375 0.0754819 0.0660255 0.0575374 0.0499812 0.0433171 0.0375028 0.0324958 0.0282545 0.0247399 0.0219166 0.0197541 0.0182278 0.0173195 
0.0181038 0.0184229 0.019384 0.0209987 0.0232858 0.026271 0.0299858 0.0344667 0.0397541 0.0458907 0.0529201 0.0608855 0.0698274 0.0797824 0.0907813 0.102847 0.115995 0.130227 0.145536 0.161902 0.179289 0.197651 0.216924 0.237033 0.257889 0.279391 0.301427 0.323876 0.346607 0.369485 0.392371 0.415124 0.437601 0.459665 0.481178 0.502011 0.522041 0.541151 0.559235 0.576196 0.591945 0.606405 0.619509 0.631196 0.641417 0.650131 0.657304 0.66291 0.666927 0.669343 0.670149 0.669343 0.666927 0.66291 0.657304 0.650131 0.641417 0.631196 0.619509 0.606405 0.591945 0.576196 0.559235 0.541151 0.522041 0.502011 0.481178 0.459665 0.437601 0.415124 0.392371 0.369485 0.346607 0.323876 0.301427 0.279391 0.257889 0.237033 0.216924 0.197651 0.179289 0.161902 0.145536 0.130227 0.115995 0.102847 0.0907813 0.0797824 0.0698274 0.0608855 0.0529201 0.0458907 0.0397541 0.0344667 0.0299858 0.026271 0.0232858 0.0209987 0.019384 0.0184229 
0.0191794 0.0195157 0.0205287 0.0222303 0.0246401 0.0277843 0.0316957 0.0364119 0.0419742 0.0484267 0.0558139 0.0641796 0.0735651 0.0840069 0.0955357 0.108174 0.121934 0.136818 0.152816 0.169903 0.188041 0.207179 0.227248 0.248169 0.269846 0.292174 0.315032 0.338296 0.361827 0.385487 0.40913 0.432611 0.455782 0.478503 0.500633 0.522041 0.542601 0.562198 0.580724 0.598082 0.614185 0.628958 0.642333 0.654253 0.664671 0.673548 0.680851 0.686556 0.690643 0.693101 0.693921 0.693101 0.690643 0.686556 0.680851 0.673548 0.664671 0.654253 0.642333 0.628958 0.614185 0.598082 0.580724 0.562198 0.542601 0.522041 0.500633 0.478503 0.455782 0.432611 0.40913 0.385487 0.361827 0.338296 0.315032 0.292174 0.269846 0.248169 0.227248 0.207179 0.188041 0.169903 0.152816 0.136818 0.121934 0.108174 0.0955357 0.0840069 0.0735651 0.0641796 0.0558139 0.0484267 0.0419742 0.0364119 0.0316957 0.0277843 0.0246401 0.0222303 0.0205287 0.0195157 
0.0202356 0.0205887 0.0216523 0.0234387 0.0259678 0.0292671 0.03337 0.0383151 0.044145 0.0509045 0.0586392 0.0673935 0.0772089 0.0881223 0.100164 0.113354 0.127706 0.143219 0.159879 0.177659 0.196518 0.216399 0.23723 0.258926 0.281385 0.304497 0.328136 0.35217 0.376457 0.400852 0.425205 0.449365 0.473184 0.496514 0.519214 0.541151 0.562198 0.582238 0.601164 0.618881 0.635302 0.650353 0.663969 0.676095 0.686686 0.695704 0.70312 0.70891 0.713057 0.71555 0.716382 0.71555 0.713057 0.70891 0.70312 0.695704 0.686686 0.676095 0.663969 0.650353 0.635302 0.618881 0.601164 0.582238 0.562198 0.541151 0.519214 0.496514 0.473184 0.449365 0.425205 0.400852 0.376457 0.35217 0.328136 0.304497 0.281385 0.258926 0.23723 0.216399 0.196518 0.177659 0.159879 0.143219 0.127706 0.113354 0.100164 0.0881223 0.0772089 0.0673935 0.0586392 0.0509045 0.044145 0.0383151 0.03337 0.0292671 0.0259678 0.0234387 0.0216523 0.0205887 
0.0212628 0.0216323 0.0227447 0.024613 0.0272576 0.0307065 0.0349942 0.0401602 0.046248 0.0533033 0.0613725 0.0705005 0.0807292 0.0920953 0.104628 0.118349 0.133266 0.149379 0.166672 0.185113 0.204657 0.225245 0.246798 0.269227 0.292425 0.316276 0.340649 0.365406 0.3904 0.415481 0.440495 0.465286 0.489701 0.513592 0.536816 0.559235 0.580724 0.601164 0.620451 0.638488 0.655191 0.670487 0.684314 0.696619 0.707359 0.716499 0.724011 0.729874 0.734072 0.736595 0.737437 0.736595 0.734072 0.729874 0.724011 0.716499 0.707359 0.696619 0.684314 0.670487 0.655191 0.638488 0.620451 0.601164 0.580724 0.559235 0.536816 0.513592 0.489701 0.465286 0.440495 0.415481 0.3904 0.365406 0.340649 0.316276 0.292425 0.269227 0.246798 0.225245 0.204657 0.185113 0.166672 0.149379 0.133266 0.118349 0.104628 0.0920953 0.0807292 0.0705005 0.0613725 0.0533033 0.046248 0.0401602 0.0349942 0.0307065 0.0272576 0.024613 0.0227447 0.0216323 
0.0222517 0.0226367 0.023796 0.0257425 0.0284976 0.0320896 0.036554 0.0419309 0.0482649 0.0556025 0.0639905 0.0734746 0.0840966 0.0958931 0.108893 0.123116 0.13857 0.155252 0.173142 0.192207 0.212398 0.23365 0.255882 0.278999 0.302889 0.32743 0.352488 0.377917 0.403567 0.429283 0.454905 0.480276 0.505239 0.529642 0.55334 0.576196 0.598082 0.618881 0.638488 0.656807 0.673758 0.689268 0.703278 0.715736 0.726604 0.735846 0.743439 0.749363 0.753603 0.756151 0.757001 0.756151 0.753603 0.749363 0.743439 0.735846 0.726604 0.715736 0.703278 0.689268 0.673758 0.656807 0.638488 0.618881 0.598082 0.576196 0.55334 0.529642 0.505239 0.480276 0.454905 0.429283 0.403567 0.377917 0.352488 0.32743 0.302889 0.278999 0.255882 0.23365 0.212398 0.192207 0.173142 0.155252 0.13857 0.123116 0.108893 0.0958931 0.0840966 0.0734746 0.0639905 0.0556025 0.0482649 0.0419309 0.036554 0.0320896 0.0284976 0.0257425 0.023796 0.0226367 
0.0231928 0.0235925 0.0247961 0.0268168 0.0296762 0.0334036 0.0380349 0.0436112 0.0501777 0.0577816 0.0664703 0.0762899 0.0872823 0.0994838 0.112923 0.127618 0.143575 0.160789 0.179238 0.198886 0.219681 0.241553 0.264416 0.288172 0.312704 0.337884 0.363573 0.389621 0.415874 0.442171 0.46835 0.494248 0.519707 0.544573 0.568698 0.591945 0.614185 0.635302 0.655191 0.673758 0.690923 0.706618 0.720783 0.733372 0.744346 0.753675 0.761334 0.767308 0.771583 0.774151 0.775007 0.774151 0.771583 0.767308 0.761334 0.753675 0.744346 0.733372 0.720783 0.706618 0.690923 0.673758 0.655191 0.635302 0.614185 0.591945 0.568698 0.544573 0.519707 0.494248 0.46835 0.442171 0.415874 0.389621 0.363573 0.337884 0.312704 0.288172 0.264416 0.241553 0.219681 0.198886 0.179238 0.160789 0.143575 0.127618 0.112923 0.0994838 0.0872823 0.0762899 0.0664703 0.0577816 0.0501777 0.0436112 0.0380349 0.0334036 0.0296762 0.0268168 0.0247961 0.0235925 
