0.000181794 0.000186405 0.000200369 0.000224068 0.00025814 0.000303475 0.000361211 0.000432726 0.000519633 0.000623763 0.000747155 0.000892031 0.00106077 0.00125588 0.00147995 0.00173563 0.00202553 0.00235224 0.00271818 0.00312561 0.00357649 0.00407246 0.00461475 0.0052041 0.00584066 0.00652402 0.00725303 0.00802586 0.00883989 0.00969175 0.0105772 0.0114914 0.0124286 0.0133823 0.0143455 0.0153105 0.0162693 0.0172134 0.018134 0.0190223 0.0198695 0.0206668 0.021406 0.022079 0.0226785 0.0231979 0.0236312 0.0239735 0.0242209 0.0243704 0.0244205 0.0243704 0.0242209 0.0239735 0.0236312 0.0231979 0.0226785 0.022079 0.021406 0.0206668 0.0198695 0.0190223 0.018134 0.0172134 0.0162693 0.0153105 0.0143455 0.0133823 0.0124286 0.0114914 0.0105772 0.00969175 0.00883989 0.00802586 0.00725303 0.00652402 0.00584066 0.0052041 0.00461475 0.00407246 0.00357649 0.00312561 0.00271818 0.00235224 0.00202553 0.00173563 0.00147995 0.00125588 0.00106077 0.000892031 0.000747155 0.000623763 0.000519633 0.000432726 0.000361211 0.000303475 0.00025814 0.000224068 0.000200369 0.000186405 
0.000186405 0.000191126 0.00020542 0.000229678 0.00026455 0.000310946 0.000370024 0.000443192 0.000532093 0.000638596 0.000764776 0.000912898 0.00108539 0.00128479 0.00151375 0.00177496 0.00207107 0.00240471 0.00277835 0.00319426 0.00365444 0.00416054 0.0047138 0.00531496 0.00596416 0.00666095 0.00740417 0.00819192 0.00902153 0.00988954 0.0107917 0.0117229 0.0126774 0.0136486 0.0146293 0.0156118 0.0165877 0.0175486 0.0184855 0.0193895 0.0202514 0.0210627 0.0218146 0.0224992 0.0231091 0.0236373 0.024078 0.0244261 0.0246777 0.0248298 0.0248807 0.0248298 0.0246777 0.0244261 0.024078 0.0236373 0.0231091 0.0224992 0.0218146 0.0210627 0.0202514 0.0193895 0.0184855 0.0175486 0.0165877 0.0156118 0.0146293 0.0136486 0.0126774 0.0117229 0.0107917 0.00988954 0.00902153 0.00819192 0.00740417 0.00666095 0.00596416 0.00531496 0.0047138 0.00416054 0.00365444 0.00319426 0.00277835 0.00240471 0.00207107 0.00177496 0.00151375 0.00128479 0.00108539 0.000912898 0.000764776 0.000638596 0.000532093 0.000443192 0.000370024 0.000310946 0.00026455 0.000229678 0.00020542 0.000191126 
0.000200369 0.00020542 0.000220712 0.000246659 0.000283952 0.000333553 0.000396691 0.000474855 0.000569784 0.000683455 0.000818061 0.000975992 0.0011598 0.00137219 0.00161591 0.00189381 0.00220867 0.00256324 0.00296009 0.00340159 0.00388982 0.00442649 0.00501285 0.00564962 0.00633693 0.00707423 0.00786027 0.00869299 0.00956953 0.0104862 0.0114385 0.012421 0.0134277 0.0144515 0.015485 0.0165199 0.0175477 0.0185591 0.0195451 0.020496 0.0214025 0.0222555 0.0230459 0.0237654 0.0244062 0.0249612 0.0254241 0.0257898 0.026054 0.0262138 0.0262672 0.0262138 0.026054 0.0257898 0.0254241 0.0249612 0.0244062 0.0237654 0.0230459 0.0222555 0.0214025 0.020496 0.0195451 0.0185591 0.0175477 0.0165199 0.015485 0.0144515 0.0134277 0.012421 0.0114385 0.0104862 0.00956953 0.00869299 0.00786027 0.00707423 0.00633693 0.00564962 0.00501285 0.00442649 0.00388982 0.00340159 0.00296009 0.00256324 0.00220867 0.00189381 0.00161591 0.00137219 0.0011598 0.000975992 0.000818061 0.000683455 0.000569784 0.000474855 0.000396691 0.000333553 0.000283952 0.000246659 0.000220712 0.00020542 
0.000224068 0.000229678 0.000246659 0.000275466 0.000316856 0.000371882 0.000441888 0.000528504 0.00063363 0.000759421 0.000908271 0.00108278 0.00128572 0.00152002 0.00178868 0.00209475 0.00244126 0.00283112 0.00326712 0.00375178 0.00428729 0.00487545 0.00551754 0.00621428 0.00696573 0.00777122 0.00862928 0.00953762 0.0104931 0.0114916 0.0125281 0.0135968 0.0146911 0.0158033 0.0169254 0.0180484 0.0191629 0.0202592 0.0213273 0.0223571 0.0233383 0.0242612 0.0251161 0.0258941 0.0265867 0.0271865 0.0276866 0.0280817 0.0283671 0.0285396 0.0285974 0.0285396 0.0283671 0.0280817 0.0276866 0.0271865 0.0265867 0.0258941 0.0251161 0.0242612 0.0233383 0.0223571 0.0213273 0.0202592 0.0191629 0.0180484 0.0169254 0.0158033 0.0146911 0.0135968 0.0125281 0.0114916 0.0104931 0.00953762 0.00862928 0.00777122 0.00696573 0.00621428 0.00551754 0.00487545 0.00428729 0.00375178 0.00326712 0.00283112 0.00244126 0.00209475 0.00178868 0.00152002 0.00128572 0.00108278 0.000908271 0.000759421 0.00063363 0.000528504 0.000441888 0.000371882 0.000316856 0.000275466 0.000246659 0.000229678 
0.00025814 0.00026455 0.000283952 0.000316856 0.000364113 0.000426906 0.000506744 0.000605455 0.000725165 0.000868289 0.0010375 0.00123569 0.00146596 0.00173155 0.00203579 0.00238205 0.00277365 0.00321382 0.00370558 0.00425167 0.00485447 0.00551586 0.0062372 0.00701916 0.00786172 0.008764 0.00972429 0.0107399 0.0118072 0.0129216 0.0140775 0.0152684 0.0164866 0.017724 0.0189713 0.0202187 0.0214559 0.0226722 0.0238564 0.0249973 0.0260841 0.0271056 0.0280516 0.028912 0.0296778 0.0303407 0.0308934 0.0313298 0.031645 0.0318356 0.0318994 0.0318356 0.031645 0.0313298 0.0308934 0.0303407 0.0296778 0.028912 0.0280516 0.0271056 0.0260841 0.0249973 0.0238564 0.0226722 0.0214559 0.0202187 0.0189713 0.017724 0.0164866 0.0152684 0.0140775 0.0129216 0.0118072 0.0107399 0.00972429 0.008764 0.00786172 0.00701916 0.0062372 0.00551586 0.00485447 0.00425167 0.00370558 0.00321382 0.00277365 0.00238205 0.00203579 0.00173155 0.00146596 0.00123569 0.0010375 0.000868289 0.000725165 0.000605455 0.000506744 0.000426906 0.000364113 0.000316856 0.000283952 0.00026455 
0.000303475 0.000310946 0.000333553 0.000371882 0.000426906 0.000499978 0.000592824 0.000707529 0.000846521 0.00101254 0.00120864 0.0014381 0.00170442 0.00201126 0.00236238 0.00276156 0.00321253 0.00371887 0.00428394 0.00491075 0.00560188 0.00635938 0.00718464 0.00807831 0.0090402 0.0100692 0.0111632 0.0123191 0.0135326 0.0147985 0.0161102 0.0174603 0.0188403 0.0202406 0.0216511 0.0230606 0.0244575 0.0258297 0.0271648 0.0284504 0.0296742 0.0308239 0.031888 0.0328555 0.0337162 0.034461 0.0350818 0.0355719 0.0359259 0.0361399 0.0362115 0.0361399 0.0359259 0.0355719 0.0350818 0.034461 0.0337162 0.0328555 0.031888 0.0308239 0.0296742 0.0284504 0.0271648 0.0258297 0.0244575 0.0230606 0.0216511 0.0202406 0.0188403 0.0174603 0.0161102 0.0147985 0.0135326 0.0123191 0.0111632 0.0100692 0.0090402 0.00807831 0.00718464 0.00635938 0.00560188 0.00491075 0.00428394 0.00371887 0.00321253 0.00276156 0.00236238 0.00201126 0.00170442 0.0014381 0.00120864 0.00101254 0.000846521 0.000707529 0.000592824 0.000499978 0.000426906 0.000371882 0.000333553 0.000310946 
0.000361211 0.000370024 0.000396691 0.000441888 0.000506744 0.000592824 0.000702124 0.000837051 0.00100041 0.00119535 0.00142538 0.00169427 0.00200603 0.00236484 0.00277497 0.00324073 0.00376632 0.00435578 0.00501286 0.00574091 0.00654277 0.00742064 0.00837596 0.00940933 0.0105204 0.0117076 0.0129685 0.0142993 0.015695 0.0171494 0.018655 0.0202032 0.0217842 0.023387 0.025 0.0266105 0.0282054 0.0297709 0.0312929 0.0327576 0.0341509 0.0354591 0.0366693 0.0377691 0.0387472 0.0395932 0.0402981 0.0408545 0.0412563 0.0414991 0.0415804 0.0414991 0.0412563 0.0408545 0.0402981 0.0395932 0.0387472 0.0377691 0.0366693 0.0354591 0.0341509 0.0327576 0.0312929 0.0297709 0.0282054 0.0266105 0.025 0.023387 0.0217842 0.0202032 0.018655 0.0171494 0.015695 0.0142993 0.0129685 0.0117076 0.0105204 0.00940933 0.00837596 0.00742064 0.00654277 0.00574091 0.00501286 0.00435578 0.00376632 0.00324073 0.00277497 0.00236484 0.00200603 0.00169427 0.00142538 0.00119535 0.00100041 0.000837051 0.000702124 0.000592824 0.000506744 0.000441888 0.000396691 0.000370024 
0.000432726 0.000443192 0.000474855 0.000528504 0.000605455 0.000707529 0.000837051 0.000996818 0.00119008 0.00142051 0.00169214 0.00200934 0.00237673 0.0027991 0.00328137 0.00382843 0.00444507 0.00513587 0.00590505 0.00675633 0.00769285 0.00871698 0.00983022 0.011033 0.0123248 0.0137037 0.0151666 0.0167088 0.0183246 0.0200066 0.0217461 0.023533 0.025356 0.0272025 0.029059 0.0309111 0.0327437 0.0345411 0.0362874 0.0379666 0.039563 0.0410611 0.0424462 0.0437043 0.0448226 0.0457896 0.0465951 0.0472307 0.0476897 0.047967 0.0480598 0.047967 0.0476897 0.0472307 0.0465951 0.0457896 0.0448226 0.0437043 0.0424462 0.0410611 0.039563 0.0379666 0.0362874 0.0345411 0.0327437 0.0309111 0.029059 0.0272025 0.025356 0.023533 0.0217461 0.0200066 0.0183246 0.0167088 0.0151666 0.0137037 0.0123248 0.011033 0.00983022 0.00871698 0.00769285 0.00675633 0.00590505 0.00513587 0.00444507 0.00382843 0.00328137 0.0027991 0.00237673 0.00200934 0.00169214 0.00142051 0.00119008 0.000996818 0.000837051 0.000707529 0.000605455 0.000528504 0.000474855 0.000443192 
0.000519633 0.000532093 0.000569784 0.00063363 0.000725165 0.000846521 0.00100041 0.00119008 0.00141934 0.00169243 0.00201404 0.00238924 0.00282335 0.0033219 0.00389054 0.00453486 0.00526033 0.00607214 0.00697503 0.00797319 0.00907005 0.0102682 0.0115691 0.0129731 0.0144793 0.0160853 0.0177872 0.0195796 0.0214555 0.0234062 0.0254215 0.0274897 0.0295976 0.0317308 0.0338736 0.0360095 0.038121 0.0401905 0.0421996 0.0441302 0.0459643 0.0476845 0.0492741 0.0507172 0.0519994 0.0531077 0.0540306 0.0547587 0.0552843 0.0556018 0.0557081 0.0556018 0.0552843 0.0547587 0.0540306 0.0531077 0.0519994 0.0507172 0.0492741 0.0476845 0.0459643 0.0441302 0.0421996 0.0401905 0.038121 0.0360095 0.0338736 0.0317308 0.0295976 0.0274897 0.0254215 0.0234062 0.0214555 0.0195796 0.0177872 0.0160853 0.0144793 0.0129731 0.0115691 0.0102682 0.00907005 0.00797319 0.00697503 0.00607214 0.00526033 0.00453486 0.00389054 0.0033219 0.00282335 0.00238924 0.00201404 0.00169243 0.00141934 0.00119008 0.00100041 0.000846521 0.000725165 0.00063363 0.000569784 0.000532093 
0.000623763 0.000638596 0.000683455 0.000759421 0.000868289 0.00101254 0.00119535 0.00142051 0.00169243 0.00201605 0.00239683 0.0028406 0.00335354 0.00394201 0.00461249 0.00537138 0.00622492 0.00717899 0.00823892 0.00940938 0.0106942 0.012096 0.0136163 0.0152554 0.0170118 0.0188825 0.0208629 0.0229463 0.0251244 0.0273871 0.0297224 0.0321165 0.0345543 0.037019 0.0394926 0.041956 0.0443894 0.0467723 0.0490841 0.051304 0.0534115 0.055387 0.0572113 0.0588669 0.0603372 0.0616075 0.0626651 0.0634991 0.0641011 0.0644648 0.0645864 0.0644648 0.0641011 0.0634991 0.0626651 0.0616075 0.0603372 0.0588669 0.0572113 0.055387 0.0534115 0.051304 0.0490841 0.0467723 0.0443894 0.041956 0.0394926 0.037019 0.0345543 0.0321165 0.0297224 0.0273871 0.0251244 0.0229463 0.0208629 0.0188825 0.0170118 0.0152554 0.0136163 0.012096 0.0106942 0.00940938 0.00823892 0.00717899 0.00622492 0.00537138 0.00461249 0.00394201 0.00335354 0.0028406 0.00239683 0.00201605 0.00169243 0.00142051 0.00119535 0.00101254 0.000868289 0.000759421 0.000683455 0.000638596 
0.000747155 0.000764776 0.000818061 0.000908271 0.0010375 0.00120864 0.00142538 0.00169214 0.00201404 0.00239683 0.0028468 0.00337071 0.00397566 0.00466899 0.0054581 0.00635033 0.00735275 0.008472 0.00971409 0.0110842 0.0125864 0.0142237 0.0159975 0.0179076 0.0199523 0.0221277 0.0244281 0.0268456 0.0293704 0.0319904 0.0346918 0.0374586 0.040273 0.0431159 0.0459664 0.0488027 0.0516022 0.0543414 0.0569968 0.0595448 0.0619623 0.0642269 0.0663171 0.0682129 0.0698959 0.0713495 0.0725592 0.0735129 0.0742012 0.0746169 0.074756 0.0746169 0.0742012 0.0735129 0.0725592 0.0713495 0.0698959 0.0682129 0.0663171 0.0642269 0.0619623 0.0595448 0.0569968 0.0543414 0.0516022 0.0488027 0.0459664 0.0431159 0.040273 0.0374586 0.0346918 0.0319904 0.0293704 0.0268456 0.0244281 0.0221277 0.0199523 0.0179076 0.0159975 0.0142237 0.0125864 0.0110842 0.00971409 0.008472 0.00735275 0.00635033 0.0054581 0.00466899 0.00397566 0.00337071 0.0028468 0.00239683 0.00201404 0.00169214 0.00142538 0.00120864 0.0010375 0.000908271 0.000818061 0.000764776 
0.000892031 0.000912898 0.000975992 0.00108278 0.00123569 0.0014381 0.00169427 0.00200934 0.00238924 0.0028406 0.00337071 0.00398733 0.00469864 0.00551303 0.00643897 0.0074848 0.00865853 0.00996765 0.0114188 0.0130179 0.0147691 0.0166758 0.0187391 0.0209586 0.0233318 0.025854 0.0285182 0.0313151 0.034233 0.0372579 0.0403735 0.0435614 0.0468011 0.0500704 0.0533455 0.0566014 0.0598123 0.0629516 0.0659924 0.0689083 0.071673 0.0742611 0.0766487 0.0788131 0.0807336 0.0823917 0.0837712 0.0848585 0.0856429 0.0861167 0.0862752 0.0861167 0.0856429 0.0848585 0.0837712 0.0823917 0.0807336 0.0788131 0.0766487 0.0742611 0.071673 0.0689083 0.0659924 0.0629516 0.0598123 0.0566014 0.0533455 0.0500704 0.0468011 0.0435614 0.0403735 0.0372579 0.034233 0.0313151 0.0285182 0.025854 0.0233318 0.0209586 0.0187391 0.0166758 0.0147691 0.0130179 0.0114188 0.00996765 0.00865853 0.0074848 0.00643897 0.00551303 0.00469864 0.00398733 0.00337071 0.0028406 0.00238924 0.00200934 0.00169427 0.0014381 0.00123569 0.00108278 0.000975992 0.000912898 
0.00106077 0.00108539 0.0011598 0.00128572 0.00146596 0.00170442 0.00200603 0.00237673 0.00282335 0.00335354 0.00397566 0.00469864 0.00553182 0.00648478 0.00756716 0.00878839 0.0101575 0.0116829 0.013372 0.0152312 0.0172651 0.019477 0.0218681 0.0244373 0.0271815 0.0300947 0.0331687 0.0363923 0.0397518 0.0432309 0.0468106 0.0504697 0.0541846 0.0579299 0.0616784 0.0654017 0.0690703 0.0726542 0.076123 0.0794469 0.0825962 0.0855426 0.0882592 0.0907205 0.0929035 0.0947874 0.0963543 0.097589 0.0984796 0.0990174 0.0991973 0.0990174 0.0984796 0.097589 0.0963543 0.0947874 0.0929035 0.0907205 0.0882592 0.0855426 0.0825962 0.0794469 0.076123 0.0726542 0.0690703 0.0654017 0.0616784 0.0579299 0.0541846 0.0504697 0.0468106 0.0432309 0.0397518 0.0363923 0.0331687 0.0300947 0.0271815 0.0244373 0.0218681 0.019477 0.0172651 0.0152312 0.013372 0.0116829 0.0101575 0.00878839 0.00756716 0.00648478 0.00553182 0.00469864 0.00397566 0.00335354 0.00282335 0.00237673 0.00200603 0.00170442 0.00146596 0.00128572 0.0011598 0.00108539 
0.00125588 0.00128479 0.00137219 0.00152002 0.00173155 0.00201126 0.00236484 0.0027991 0.0033219 0.00394201 0.00466899 0.00551303 0.00648478 0.00759512 0.00885495 0.0102749 0.0118651 0.013635 0.0155926 0.017745 0.0200971 0.0226523 0.0254113 0.0283726 0.0315321 0.0348825 0.038414 0.0421134 0.0459647 0.0499488 0.054044 0.0582256 0.0624669 0.0667388 0.0710103 0.0752492 0.0794223 0.0834956 0.0874351 0.0912071 0.0947787 0.098118 0.101195 0.103981 0.106451 0.108582 0.110354 0.11175 0.112756 0.113364 0.113567 0.113364 0.112756 0.11175 0.110354 0.108582 0.106451 0.103981 0.101195 0.098118 0.0947787 0.0912071 0.0874351 0.0834956 0.0794223 0.0752492 0.0710103 0.0667388 0.0624669 0.0582256 0.054044 0.0499488 0.0459647 0.0421134 0.038414 0.0348825 0.0315321 0.0283726 0.0254113 0.0226523 0.0200971 0.017745 0.0155926 0.013635 0.0118651 0.0102749 0.00885495 0.00759512 0.00648478 0.00551303 0.00466899 0.00394201 0.0033219 0.0027991 0.00236484 0.00201126 0.00173155 0.00152002 0.00137219 0.00128479 
0.00147995 0.00151375 0.00161591 0.00178868 0.00203579 0.00236238 0.00277497 0.00328137 0.00389054 0.00461249 0.0054581 0.00643897 0.00756716 0.00885495 0.0103146 0.0119581 0.0137967 0.0158408 0.0180993 0.0205797 0.0232873 0.0262253 0.0293943 0.0327919 0.0364128 0.0402483 0.0442866 0.0485123 0.0529067 0.0574479 0.0621108 0.0668673 0.0716867 0.0765361 0.0813805 0.0861836 0.0909078 0.0955152 0.0999678 0.104228 0.108259 0.112025 0.115493 0.118632 0.121413 0.123812 0.125805 0.127375 0.128507 0.12919 0.129419 0.12919 0.128507 0.127375 0.125805 0.123812 0.121413 0.118632 0.115493 0.112025 0.108259 0.104228 0.0999678 0.0955152 0.0909078 0.0861836 0.0813805 0.0765361 0.0716867 0.0668673 0.0621108 0.0574479 0.0529067 0.0485123 0.0442866 0.0402483 0.0364128 0.0327919 0.0293943 0.0262253 0.0232873 0.0205797 0.0180993 0.0158408 0.0137967 0.0119581 0.0103146 0.00885495 0.00756716 0.00643897 0.0054581 0.00461249 0.00389054 0.00328137 0.00277497 0.00236238 0.00203579 0.00178868 0.00161591 0.00151375 
0.00173563 0.00177496 0.00189381 0.00209475 0.00238205 0.00276156 0.00324073 0.00382843 0.00453486 0.00537138 0.00635033 0.0074848 0.00878839 0.0102749 0.0119581 0.0138513 0.0159669 0.0183165 0.0209097 0.0237545 0.0268565 0.0302187 0.0338412 0.0377206 0.0418503 0.04622 0.0508155 0.055619 0.0606089 0.0657599 0.0710432 0.076427 0.0818764 0.0873543 0.0928212 0.0982364 0.103558 0.108743 0.11375 0.118537 0.123063 0.127289 0.131179 0.134697 0.137813 0.140498 0.14273 0.144487 0.145753 0.146517 0.146773 0.146517 0.145753 0.144487 0.14273 0.140498 0.137813 0.134697 0.131179 0.127289 0.123063 0.118537 0.11375 0.108743 0.103558 0.0982364 0.0928212 0.0873543 0.0818764 0.076427 0.0710432 0.0657599 0.0606089 0.055619 0.0508155 0.04622 0.0418503 0.0377206 0.0338412 0.0302187 0.0268565 0.0237545 0.0209097 0.0183165 0.0159669 0.0138513 0.0119581 0.0102749 0.00878839 0.0074848 0.00635033 0.00537138 0.00453486 0.00382843 0.00324073 0.00276156 0.00238205 0.00209475 0.00189381 0.00177496 
0.00202553 0.00207107 0.00220867 0.00244126 0.00277365 0.00321253 0.00376632 0.00444507 0.00526033 0.00622492 0.00735275 0.00865853 0.0101575 0.0118651 0.0137967 0.0159669 0.0183896 0.0210772 0.0240403 0.0272872 0.0308238 0.0346527 0.0387732 0.0431811 0.0478681 0.0528218 0.0580257 0.063459 0.0690969 0.0749104 0.0808668 0.08693 0.0930608 0.0992172 0.105355 0.11143 0.117393 0.123199 0.128801 0.134152 0.139207 0.143925 0.148264 0.152186 0.155658 0.15865 0.161134 0.16309 0.164499 0.16535 0.165634 0.16535 0.164499 0.16309 0.161134 0.15865 0.155658 0.152186 0.148264 0.143925 0.139207 0.134152 0.128801 0.123199 0.117393 0.11143 0.105355 0.0992172 0.0930608 0.08693 0.0808668 0.0749104 0.0690969 0.063459 0.0580257 0.0528218 0.0478681 0.0431811 0.0387732 0.0346527 0.0308238 0.0272872 0.0240403 0.0210772 0.0183896 0.0159669 0.0137967 0.0118651 0.0101575 0.00865853 0.00735275 0.00622492 0.00526033 0.00444507 0.00376632 0.00321253 0.00277365 0.00244126 0.00220867 0.00207107 
0.00235224 0.00240471 0.00256324 0.00283112 0.00321382 0.00371887 0.00435578 0.00513587 0.00607214 0.00717899 0.008472 0.00996765 0.0116829 0.013635 0.0158408 0.0183165 0.0210772 0.0241365 0.0275056 0.0311933 0.0352055 0.0395444 0.0442085 0.0491921 0.0544852 0.0600731 0.0659365 0.0720515 0.0783896 0.0849178 0.0915992 0.098393 0.105255 0.112139 0.118995 0.125774 0.132422 0.138889 0.145123 0.151074 0.156691 0.161929 0.166744 0.171094 0.174942 0.178257 0.181008 0.183173 0.184733 0.185675 0.185989 0.185675 0.184733 0.183173 0.181008 0.178257 0.174942 0.171094 0.166744 0.161929 0.156691 0.151074 0.145123 0.138889 0.132422 0.125774 0.118995 0.112139 0.105255 0.098393 0.0915992 0.0849178 0.0783896 0.0720515 0.0659365 0.0600731 0.0544852 0.0491921 0.0442085 0.0395444 0.0352055 0.0311933 0.0275056 0.0241365 0.0210772 0.0183165 0.0158408 0.013635 0.0116829 0.00996765 0.008472 0.00717899 0.00607214 0.00513587 0.00435578 0.00371887 0.00321382 0.00283112 0.00256324 0.00240471 
0.00271818 0.00277835 0.00296009 0.00326712 0.00370558 0.00428394 0.00501286 0.00590505 0.00697503 0.00823892 0.00971409 0.0114188 0.013372 0.0155926 0.0180993 0.0209097 0.0240403 0.0275056 0.0313176 0.0354855 0.0400149 0.0449075 0.0501608 0.0557675 0.0617154 0.0679874 0.0745611 0.0814089 0.0884983 0.0957922 0.103249 0.110822 0.118464 0.126122 0.133741 0.141266 0.14864 0.155806 0.162707 0.169289 0.175498 0.181283 0.186597 0.191395 0.195638 0.19929 0.202321 0.204705 0.206423 0.207459 0.207806 0.207459 0.206423 0.204705 0.202321 0.19929 0.195638 0.191395 0.186597 0.181283 0.175498 0.169289 0.162707 0.155806 0.14864 0.141266 0.133741 0.126122 0.118464 0.110822 0.103249 0.0957922 0.0884983 0.0814089 0.0745611 0.0679874 0.0617154 0.0557675 0.0501608 0.0449075 0.0400149 0.0354855 0.0313176 0.0275056 0.0240403 0.0209097 0.0180993 0.0155926 0.013372 0.0114188 0.00971409 0.00823892 0.00697503 0.00590505 0.00501286 0.00428394 0.00370558 0.00326712 0.00296009 0.00277835 
0.00312561 0.00319426 0.00340159 0.00375178 0.00425167 0.00491075 0.00574091 0.00675633 0.00797319 0.00940938 0.0110842 0.0130179 0.0152312 0.017745 0.0205797 0.0237545 0.0272872 0.0311933 0.0354855 0.040173 0.0452613 0.0507513 0.0566392 0.0629158 0.0695667 0.0765716 0.0839049 0.0915351 0.0994254 0.107534 0.115814 0.124214 0.132681 0.141155 0.149579 0.15789 0.166026 0.173924 0.181525 0.188767 0.195593 0.201949 0.207783 0.213048 0.217701 0.221704 0.225024 0.227636 0.229516 0.230651 0.23103 0.230651 0.229516 0.227636 0.225024 0.221704 0.217701 0.213048 0.207783 0.201949 0.195593 0.188767 0.181525 0.173924 0.166026 0.15789 0.149579 0.141155 0.132681 0.124214 0.115814 0.107534 0.0994254 0.0915351 0.0839049 0.0765716 0.0695667 0.0629158 0.0566392 0.0507513 0.0452613 0.040173 0.0354855 0.0311933 0.0272872 0.0237545 0.0205797 0.017745 0.0152312 0.0130179 0.0110842 0.00940938 0.00797319 0.00675633 0.00574091 0.00491075 0.00425167 0.00375178 0.00340159 0.00319426 
0.00357649 0.00365444 0.00388982 0.00428729 0.00485447 0.00560188 0.00654277 0.00769285 0.00907005 0.0106942 0.0125864 0.0147691 0.0172651 0.0200971 0.0232873 0.0268565 0.0308238 0.0352055 0.0400149 0.0452613 0.0509497 0.0570801 0.063647 0.0706393 0.0780398 0.085825 0.0939655 0.102425 0.111163 0.120133 0.129281 0.138551 0.147884 0.157216 0.166482 0.175613 0.184544 0.193206 0.201532 0.20946 0.216926 0.223872 0.230243 0.235989 0.241064 0.245428 0.249047 0.251891 0.253939 0.255175 0.255588 0.255175 0.253939 0.251891 0.249047 0.245428 0.241064 0.235989 0.230243 0.223872 0.216926 0.20946 0.201532 0.193206 0.184544 0.175613 0.166482 0.157216 0.147884 0.138551 0.129281 0.120133 0.111163 0.102425 0.0939655 0.085825 0.0780398 0.0706393 0.063647 0.0570801 0.0509497 0.0452613 0.0400149 0.0352055 0.0308238 0.0268565 0.0232873 0.0200971 0.0172651 0.0147691 0.0125864 0.0106942 0.00907005 0.00769285 0.00654277 0.00560188 0.00485447 0.00428729 0.00388982 0.00365444 
0.00407246 0.00416054 0.00442649 0.00487545 0.00551586 0.00635938 0.00742064 0.00871698 0.0102682 0.012096 0.0142237 0.0166758 0.019477 0.0226523 0.0262253 0.0302187 0.0346527 0.0395444 0.0449075 0.0507513 0.0570801 0.0638927 0.0711817 0.0789337 0.0871284 0.0957388 0.104731 0.114065 0.123695 0.133567 0.143625 0.153805 0.164042 0.174266 0.184406 0.194389 0.204142 0.213592 0.222668 0.231301 0.239424 0.246976 0.253897 0.260135 0.265642 0.270374 0.274297 0.277379 0.279598 0.280936 0.281383 0.280936 0.279598 0.277379 0.274297 0.270374 0.265642 0.260135 0.253897 0.246976 0.239424 0.231301 0.222668 0.213592 0.204142 0.194389 0.184406 0.174266 0.164042 0.153805 0.143625 0.133567 0.123695 0.114065 0.104731 0.0957388 0.0871284 0.0789337 0.0711817 0.0638927 0.0570801 0.0507513 0.0449075 0.0395444 0.0346527 0.0302187 0.0262253 0.0226523 0.019477 0.0166758 0.0142237 0.012096 0.0102682 0.00871698 0.00742064 0.00635938 0.00551586 0.00487545 0.00442649 0.00416054 
0.00461475 0.0047138 0.00501285 0.00551754 0.0062372 0.00718464 0.00837596 0.00983022 0.0115691 0.0136163 0.0159975 0.0187391 0.0218681 0.0254113 0.0293943 0.0338412 0.0387732 0.0442085 0.0501608 0.0566392 0.063647 0.0711817 0.0792339 0.0877871 0.0968179 0.106295 0.116181 0.126431 0.136991 0.147805 0.158808 0.169933 0.181106 0.192253 0.203295 0.214155 0.224753 0.235011 0.244853 0.254206 0.262999 0.271167 0.278648 0.285385 0.291328 0.296434 0.300664 0.303987 0.306378 0.307819 0.308301 0.307819 0.306378 0.303987 0.300664 0.296434 0.291328 0.285385 0.278648 0.271167 0.262999 0.254206 0.244853 0.235011 0.224753 0.214155 0.203295 0.192253 0.181106 0.169933 0.158808 0.147805 0.136991 0.126431 0.116181 0.106295 0.0968179 0.0877871 0.0792339 0.0711817 0.063647 0.0566392 0.0501608 0.0442085 0.0387732 0.0338412 0.0293943 0.0254113 0.0218681 0.0187391 0.0159975 0.0136163 0.0115691 0.00983022 0.00837596 0.00718464 0.0062372 0.00551754 0.00501285 0.0047138 
0.0052041 0.00531496 0.00564962 0.00621428 0.00701916 0.00807831 0.00940933 0.011033 0.0129731 0.0152554 0.0179076 0.0209586 0.0244373 0.0283726 0.0327919 0.0377206 0.0431811 0.0491921 0.0557675 0.0629158 0.0706393 0.0789337 0.0877871 0.0971802 0.107086 0.117468 0.128285 0.139486 0.151013 0.162801 0.174782 0.18688 0.199016 0.21111 0.223076 0.234831 0.24629 0.25737 0.267991 0.278074 0.287544 0.296334 0.304378 0.311617 0.318 0.32348 0.328017 0.33158 0.334144 0.335689 0.336205 0.335689 0.334144 0.33158 0.328017 0.32348 0.318 0.311617 0.304378 0.296334 0.287544 0.278074 0.267991 0.25737 0.24629 0.234831 0.223076 0.21111 0.199016 0.18688 0.174782 0.162801 0.151013 0.139486 0.128285 0.117468 0.107086 0.0971802 0.0877871 0.0789337 0.0706393 0.0629158 0.0557675 0.0491921 0.0431811 0.0377206 0.0327919 0.0283726 0.0244373 0.0209586 0.0179076 0.0152554 0.0129731 0.011033 0.00940933 0.00807831 0.00701916 0.00621428 0.00564962 0.00531496 
0.00584066 0.00596416 0.00633693 0.00696573 0.00786172 0.0090402 0.0105204 0.0123248 0.0144793 0.0170118 0.0199523 0.0233318 0.0271815 0.0315321 0.0364128 0.0418503 0.0478681 0.0544852 0.0617154 0.0695667 0.0780398 0.0871284 0.0968179 0.107086 0.1179 0.129222 0.141003 0.153186 0.165708 0.1785 0.191483 0.204577 0.217698 0.230755 0.243661 0.256324 0.268655 0.280565 0.291969 0.302785 0.312935 0.322347 0.330954 0.338694 0.345513 0.351365 0.356208 0.36001 0.362744 0.364392 0.364942 0.364392 0.362744 0.36001 0.356208 0.351365 0.345513 0.338694 0.330954 0.322347 0.312935 0.302785 0.291969 0.280565 0.268655 0.256324 0.243661 0.230755 0.217698 0.204577 0.191483 0.1785 0.165708 0.153186 0.141003 0.129222 0.1179 0.107086 0.0968179 0.0871284 0.0780398 0.0695667 0.0617154 0.0544852 0.0478681 0.0418503 0.0364128 0.0315321 0.0271815 0.0233318 0.0199523 0.0170118 0.0144793 0.0123248 0.0105204 0.0090402 0.00786172 0.00696573 0.00633693 0.00596416 
0.00652402 0.00666095 0.00707423 0.00777122 0.008764 0.0100692 0.0117076 0.0137037 0.0160853 0.0188825 0.0221277 0.025854 0.0300947 0.0348825 0.0402483 0.04622 0.0528218 0.0600731 0.0679874 0.0765716 0.085825 0.0957388 0.106295 0.117468 0.129222 0.141512 0.154283 0.167475 0.181017 0.194832 0.208837 0.222945 0.237063 0.251096 0.26495 0.278527 0.291733 0.304474 0.316661 0.328208 0.339034 0.349063 0.358227 0.366462 0.373713 0.379931 0.385075 0.389111 0.392012 0.393761 0.394345 0.393761 0.392012 0.389111 0.385075 0.379931 0.373713 0.366462 0.358227 0.349063 0.339034 0.328208 0.316661 0.304474 0.291733 0.278527 0.26495 0.251096 0.237063 0.222945 0.208837 0.194832 0.181017 0.167475 0.154283 0.141512 0.129222 0.117468 0.106295 0.0957388 0.085825 0.0765716 0.0679874 0.0600731 0.0528218 0.04622 0.0402483 0.0348825 0.0300947 0.025854 0.0221277 0.0188825 0.0160853 0.0137037 0.0117076 0.0100692 0.008764 0.00777122 0.00707423 0.00666095 
0.00725303 0.00740417 0.00786027 0.00862928 0.00972429 0.0111632 0.0129685 0.0151666 0.0177872 0.0208629 0.0244281 0.0285182 0.0331687 0.038414 0.0442866 0.0508155 0.0580257 0.0659365 0.0745611 0.0839049 0.0939655 0.104731 0.116181 0.128285 0.141003 0.154283 0.168068 0.182288 0.196866 0.21172 0.22676 0.24189 0.257013 0.272026 0.286829 0.30132 0.315397 0.328965 0.341928 0.354197 0.365689 0.376326 0.386036 0.394756 0.402428 0.409003 0.41444 0.418704 0.421769 0.423615 0.424232 0.423615 0.421769 0.418704 0.41444 0.409003 0.402428 0.394756 0.386036 0.376326 0.365689 0.354197 0.341928 0.328965 0.315397 0.30132 0.286829 0.272026 0.257013 0.24189 0.22676 0.21172 0.196866 0.182288 0.168068 0.154283 0.141003 0.128285 0.116181 0.104731 0.0939655 0.0839049 0.0745611 0.0659365 0.0580257 0.0508155 0.0442866 0.038414 0.0331687 0.0285182 0.0244281 0.0208629 0.0177872 0.0151666 0.0129685 0.0111632 0.00972429 0.00862928 0.00786027 0.00740417 
0.00802586 0.00819192 0.00869299 0.00953762 0.0107399 0.0123191 0.0142993 0.0167088 0.0195796 0.0229463 0.0268456 0.0313151 0.0363923 0.0421134 0.0485123 0.055619 0.063459 0.0720515 0.0814089 0.0915351 0.102425 0.114065 0.126431 0.139486 0.153186 0.167475 0.182288 0.197549 0.213175 0.229076 0.245155 0.261311 0.277438 0.293429 0.309175 0.324571 0.339511 0.353892 0.367618 0.380596 0.392739 0.403967 0.414209 0.423399 0.431479 0.4384 0.44412 0.448603 0.451825 0.453765 0.454413 0.453765 0.451825 0.448603 0.44412 0.4384 0.431479 0.423399 0.414209 0.403967 0.392739 0.380596 0.367618 0.353892 0.339511 0.324571 0.309175 0.293429 0.277438 0.261311 0.245155 0.229076 0.213175 0.197549 0.182288 0.167475 0.153186 0.139486 0.126431 0.114065 0.102425 0.0915351 0.0814089 0.0720515 0.063459 0.055619 0.0485123 0.0421134 0.0363923 0.0313151 0.0268456 0.0229463 0.0195796 0.0167088 0.0142993 0.0123191 0.0107399 0.00953762 0.00869299 0.00819192 
0.00883989 0.00902153 0.00956953 0.0104931 0.0118072 0.0135326 0.015695 0.0183246 0.0214555 0.0251244 0.0293704 0.034233 0.0397518 0.0459647 0.0529067 0.0606089 0.0690969 0.0783896 0.0884983 0.0994254 0.111163 0.123695 0.136991 0.151013 0.165708 0.181017 0.196866 0.213175 0.229853 0.246802 0.263919 0.281095 0.298219 0.315177 0.331856 0.348142 0.363927 0.379104 0.393574 0.407239 0.420013 0.431814 0.442568 0.45221 0.460681 0.467932 0.473921 0.478614 0.481985 0.484014 0.484692 0.484014 0.481985 0.478614 0.473921 0.467932 0.460681 0.45221 0.442568 0.431814 0.420013 0.407239 0.393574 0.379104 0.363927 0.348142 0.331856 0.315177 0.298219 0.281095 0.263919 0.246802 0.229853 0.213175 0.196866 0.181017 0.165708 0.151013 0.136991 0.123695 0.111163 0.0994254 0.0884983 0.0783896 0.0690969 0.0606089 0.0529067 0.0459647 0.0397518 0.034233 0.0293704 0.0251244 0.0214555 0.0183246 0.015695 0.0135326 0.0118072 0.0104931 0.00956953 0.00902153 
0.00969175 0.00988954 0.0104862 0.0114916 0.0129216 0.0147985 0.0171494 0.0200066 0.0234062 0.0273871 0.0319904 0.0372579 0.0432309 0.0499488 0.0574479 0.0657599 0.0749104 0.0849178 0.0957922 0.107534 0.120133 0.133567 0.147805 0.162801 0.1785 0.194832 0.21172 0.229076 0.246802 0.264793 0.282939 0.301125 0.319231 0.337139 0.35473 0.371886 0.388493 0.404443 0.41963 0.433959 0.447339 0.459687 0.470929 0.481001 0.489843 0.497406 0.50365 0.50854 0.512051 0.514165 0.514871 0.514165 0.512051 0.50854 0.50365 0.497406 0.489843 0.481001 0.470929 0.459687 0.447339 0.433959 0.41963 0.404443 0.388493 0.371886 0.35473 0.337139 0.319231 0.301125 0.282939 0.264793 0.246802 0.229076 0.21172 0.194832 0.1785 0.162801 0.147805 0.133567 0.120133 0.107534 0.0957922 0.0849178 0.0749104 0.0657599 0.0574479 0.0499488 0.0432309 0.0372579 0.0319904 0.0273871 0.0234062 0.0200066 0.0171494 0.0147985 0.0129216 0.0114916 0.0104862 0.00988954 
0.0105772 0.0107917 0.0114385 0.0125281 0.0140775 0.0161102 0.018655 0.0217461 0.0254215 0.0297224 0.0346918 0.0403735 0.0468106 0.054044 0.0621108 0.0710432 0.0808668 0.0915992 0.103249 0.115814 0.129281 0.143625 0.158808 0.174782 0.191483 0.208837 0.22676 0.245155 0.263919 0.282939 0.302098 0.321274 0.340342 0.359177 0.377654 0.395652 0.413053 0.429745 0.445621 0.460582 0.474538 0.487405 0.499109 0.509585 0.518775 0.526631 0.533112 0.538186 0.541828 0.54402 0.544752 0.54402 0.541828 0.538186 0.533112 0.526631 0.518775 0.509585 0.499109 0.487405 0.474538 0.460582 0.445621 0.429745 0.413053 0.395652 0.377654 0.359177 0.340342 0.321274 0.302098 0.282939 0.263919 0.245155 0.22676 0.208837 0.191483 0.174782 0.158808 0.143625 0.129281 0.115814 0.103249 0.0915992 0.0808668 0.0710432 0.0621108 0.054044 0.0468106 0.0403735 0.0346918 0.0297224 0.0254215 0.0217461 0.018655 0.0161102 0.0140775 0.0125281 0.0114385 0.0107917 
0.0114914 0.0117229 0.012421 0.0135968 0.0152684 0.0174603 0.0202032 0.023533 0.0274897 0.0321165 0.0374586 0.0435614 0.0504697 0.0582256 0.0668673 0.076427 0.08693 0.098393 0.110822 0.124214 0.138551 0.153805 0.169933 0.18688 0.204577 0.222945 0.24189 0.261311 0.281095 0.301125 0.321274 0.341415 0.361416 0.381148 0.400481 0.419288 0.437449 0.454849 0.471378 0.486938 0.501436 0.51479 0.526925 0.537777 0.54729 0.555417 0.562117 0.56736 0.571122 0.573386 0.574142 0.573386 0.571122 0.56736 0.562117 0.555417 0.54729 0.537777 0.526925 0.51479 0.501436 0.486938 0.471378 0.454849 0.437449 0.419288 0.400481 0.381148 0.361416 0.341415 0.321274 0.301125 0.281095 0.261311 0.24189 0.222945 0.204577 0.18688 0.169933 0.153805 0.138551 0.124214 0.110822 0.098393 0.08693 0.076427 0.0668673 0.0582256 0.0504697 0.0435614 0.0374586 0.0321165 0.0274897 0.023533 0.0202032 0.0174603 0.0152684 0.0135968 0.012421 0.0117229 
0.0124286 0.0126774 0.0134277 0.0146911 0.0164866 0.0188403 0.0217842 0.025356 0.0295976 0.0345543 0.040273 0.0468011 0.0541846 0.0624669 0.0716867 0.0818764 0.0930608 0.105255 0.118464 0.132681 0.147884 0.164042 0.181106 0.199016 0.217698 0.237063 0.257013 0.277438 0.298219 0.319231 0.340342 0.361416 0.382318 0.402912 0.423063 0.442641 0.461524 0.479592 0.496737 0.512858 0.527862 0.541667 0.554201 0.5654 0.575209 0.583582 0.590482 0.595879 0.59975 0.602079 0.602856 0.602079 0.59975 0.595879 0.590482 0.583582 0.575209 0.5654 0.554201 0.541667 0.527862 0.512858 0.496737 0.479592 0.461524 0.442641 0.423063 0.402912 0.382318 0.361416 0.340342 0.319231 0.298219 0.277438 0.257013 0.237063 0.217698 0.199016 0.181106 0.164042 0.147884 0.132681 0.118464 0.105255 0.0930608 0.0818764 0.0716867 0.0624669 0.0541846 0.0468011 0.040273 0.0345543 0.0295976 0.025356 0.0217842 0.0188403 0.0164866 0.0146911 0.0134277 0.0126774 
0.0133823 0.0136486 0.0144515 0.0158033 0.017724 0.0202406 0.023387 0.0272025 0.0317308 0.037019 0.0431159 0.0500704 0.0579299 0.0667388 0.0765361 0.0873543 0.0992172 0.112139 0.126122 0.141155 0.157216 0.174266 0.192253 0.21111 0.230755 0.251096 0.272026 0.293429 0.315177 0.337139 0.359177 0.381148 0.402912 0.424327 0.445255 0.465563 0.485124 0.503819 0.521537 0.538178 0.553649 0.56787 0.580768 0.592282 0.602359 0.610955 0.618034 0.623569 0.627536 0.629923 0.630719 0.629923 0.627536 0.623569 0.618034 0.610955 0.602359 0.592282 0.580768 0.56787 0.553649 0.538178 0.521537 0.503819 0.485124 0.465563 0.445255 0.424327 0.402912 0.381148 0.359177 0.337139 0.315177 0.293429 0.272026 0.251096 0.230755 0.21111 0.192253 0.174266 0.157216 0.141155 0.126122 0.112139 0.0992172 0.0873543 0.0765361 0.0667388 0.0579299 0.0500704 0.0431159 0.037019 0.0317308 0.0272025 0.023387 0.0202406 0.017724 0.0158033 0.0144515 0.0136486 
0.0143455 0.0146293 0.015485 0.0169254 0.0189713 0.0216511 0.025 0.029059 0.0338736 0.0394926 0.0459664 0.0533455 0.0616784 0.0710103 0.0813805 0.0928212 0.105355 0.118995 0.133741 0.149579 0.166482 0.184406 0.203295 0.223076 0.243661 0.26495 0.286829 0.309175 0.331856 0.35473 0.377654 0.400481 0.423063 0.445255 0.466914 0.487906 0.508101 0.527378 0.545626 0.562744 0.578642 0.59324 0.606467 0.618264 0.62858 0.637374 0.644612 0.650267 0.65432 0.656757 0.657571 0.656757 0.65432 0.650267 0.644612 0.637374 0.62858 0.618264 0.606467 0.59324 0.578642 0.562744 0.545626 0.527378 0.508101 0.487906 0.466914 0.445255 0.423063 0.400481 0.377654 0.35473 0.331856 0.309175 0.286829 0.26495 0.243661 0.223076 0.203295 0.184406 0.166482 0.149579 0.133741 0.118995 0.105355 0.0928212 0.0813805 0.0710103 0.0616784 0.0533455 0.0459664 0.0394926 0.0338736 0.029059 0.025 0.0216511 0.0189713 0.0169254 0.015485 0.0146293 
0.0153105 0.0156118 0.0165199 0.0180484 0.0202187 0.0230606 0.0266105 0.0309111 0.0360095 0.041956 0.0488027 0.0566014 0.0654017 0.0752492 0.0861836 0.0982364 0.11143 0.125774 0.141266 0.15789 0.175613 0.194389 0.214155 0.234831 0.256324 0.278527 0.30132 0.324571 0.348142 0.371886 0.395652 0.419288 0.442641 0.465563 0.487906 0.509533 0.530314 0.550126 0.568859 0.586411 0.602695 0.61763 0.631151 0.643198 0.653725 0.662692 0.670068 0.675828 0.679955 0.682435 0.683263 0.682435 0.679955 0.675828 0.670068 0.662692 0.653725 0.643198 0.631151 0.61763 0.602695 0.586411 0.568859 0.550126 0.530314 0.509533 0.487906 0.465563 0.442641 0.419288 0.395652 0.371886 0.348142 0.324571 0.30132 0.278527 0.256324 0.234831 0.214155 0.194389 0.175613 0.15789 0.141266 0.125774 0.11143 0.0982364 0.0861836 0.0752492 0.0654017 0.0566014 0.0488027 0.041956 0.0360095 0.0309111 0.0266105 0.0230606 0.0202187 0.0180484 0.0165199 0.0156118 
0.0162693 0.0165877 0.0175477 0.0191629 0.0214559 0.0244575 0.0282054 0.0327437 0.038121 0.0443894 0.0516022 0.0598123 0.0690703 0.0794223 0.0909078 0.103558 0.117393 0.132422 0.14864 0.166026 0.184544 0.204142 0.224753 0.24629 0.268655 0.291733 0.315397 0.339511 0.363927 0.388493 0.413053 0.437449 0.461524 0.485124 0.508101 0.530314 0.551631 0.571931 0.591102 0.609045 0.625673 0.640908 0.654686 0.666953 0.677662 0.686778 0.694271 0.70012 0.704309 0.706827 0.707667 0.706827 0.704309 0.70012 0.694271 0.686778 0.677662 0.666953 0.654686 0.640908 0.625673 0.609045 0.591102 0.571931 0.551631 0.530314 0.508101 0.485124 0.461524 0.437449 0.413053 0.388493 0.363927 0.339511 0.315397 0.291733 0.268655 0.24629 0.224753 0.204142 0.184544 0.166026 0.14864 0.132422 0.117393 0.103558 0.0909078 0.0794223 0.0690703 0.0598123 0.0516022 0.0443894 0.038121 0.0327437 0.0282054 0.0244575 0.0214559 0.0191629 0.0175477 0.0165877 
0.0172134 0.0175486 0.0185591 0.0202592 0.0226722 0.0258297 0.0297709 0.0345411 0.0401905 0.0467723 0.0543414 0.0629516 0.0726542 0.0834956 0.0955152 0.108743 0.123199 0.138889 0.155806 0.173924 0.193206 0.213592 0.235011 0.25737 0.280565 0.304474 0.328965 0.353892 0.379104 0.404443 0.429745 0.454849 0.479592 0.503819 0.527378 0.550126 0.571931 0.592671 0.612235 0.630525 0.647456 0.662954 0.676956 0.68941 0.700274 0.709516 0.717108 0.723031 0.727271 0.729819 0.730669 0.729819 0.727271 0.723031 0.717108 0.709516 0.700274 0.68941 0.676956 0.662954 0.647456 0.630525 0.612235 0.592671 0.571931 0.550126 0.527378 0.503819 0.479592 0.454849 0.429745 0.404443 0.379104 0.353892 0.328965 0.304474 0.280565 0.25737 0.235011 0.213592 0.193206 0.173924 0.155806 0.138889 0.123199 0.108743 0.0955152 0.0834956 0.0726542 0.0629516 0.0543414 0.0467723 0.0401905 0.0345411 0.0297709 0.0258297 0.0226722 0.0202592 0.0185591 0.0175486 
0.018134 0.0184855 0.0195451 0.0213273 0.0238564 0.0271648 0.0312929 0.0362874 0.0421996 0.0490841 0.0569968 0.0659924 0.076123 0.0874351 0.0999678 0.11375 0.128801 0.145123 0.162707 0.181525 0.201532 0.222668 0.244853 0.267991 0.291969 0.316661 0.341928 0.367618 0.393574 0.41963 0.445621 0.471378 0.496737 0.521537 0.545626 0.568859 0.591102 0.612235 0.632147 0.650743 0.667938 0.683662 0.697854 0.710467 0.721462 0.730807 0.738479 0.744462 0.748744 0.751315 0.752173 0.751315 0.748744 0.744462 0.738479 0.730807 0.721462 0.710467 0.697854 0.683662 0.667938 0.650743 0.632147 0.612235 0.591102 0.568859 0.545626 0.521537 0.496737 0.471378 0.445621 0.41963 0.393574 0.367618 0.341928 0.316661 0.291969 0.267991 0.244853 0.222668 0.201532 0.181525 0.162707 0.145123 0.128801 0.11375 0.0999678 0.0874351 0.076123 0.0659924 0.0569968 0.0490841 0.0421996 0.0362874 0.0312929 0.0271648 0.0238564 0.0213273 0.0195451 0.0184855 
0.0190223 0.0193895 0.020496 0.0223571 0.0249973 0.0284504 0.0327576 0.0379666 0.0441302 0.051304 0.0595448 0.0689083 0.0794469 0.0912071 0.104228 0.118537 0.134152 0.151074 0.169289 0.188767 0.20946 0.231301 0.254206 0.278074 0.302785 0.328208 0.354197 0.380596 0.407239 0.433959 0.460582 0.486938 0.512858 0.538178 0.562744 0.586411 0.609045 0.630525 0.650743 0.669603 0.687026 0.702942 0.717295 0.730039 0.741139 0.750568 0.758304 0.764334 0.768648 0.771238 0.772102 0.771238 0.768648 0.764334 0.758304 0.750568 0.741139 0.730039 0.717295 0.702942 0.687026 0.669603 0.650743 0.630525 0.609045 0.586411 0.562744 0.538178 0.512858 0.486938 0.460582 0.433959 0.407239 0.380596 0.354197 0.328208 0.302785 0.278074 0.254206 0.231301 0.20946 0.188767 0.169289 0.151074 0.134152 0.118537 0.104228 0.0912071 0.0794469 0.0689083 0.0595448 0.051304 0.0441302 0.0379666 0.0327576 0.0284504 0.0249973 0.0223571 0.020496 0.0193895 
