0.000972285 0.000987391 0.0010329 0.00110941 0.00121788 0.00135963 0.00153635 0.00175 0.00200286 0.00229743 0.00263637 0.0030225 0.00345872 0.0039479 0.00449287 0.0050963 0.00576065 0.00648808 0.00728035 0.00813876 0.00906406 0.0100564 0.0111152 0.0122391 0.0134261 0.0146731 0.0159764 0.0173311 0.0187315 0.0201713 0.021643 0.0231383 0.0246484 0.0261637 0.0276739 0.0291685 0.0306363 0.0320663 0.033447 0.0347673 0.0360162 0.0371829 0.0382572 0.0392297 0.0400915 0.0408348 0.0414527 0.0419394 0.0422904 0.0425023 0.0425732 0.0425023 0.0422904 0.0419394 0.0414527 0.0408348 0.0400915 0.0392297 0.0382572 0.0371829 0.0360162 0.0347673 0.033447 0.0320663 0.0306363 0.0291685 0.0276739 0.0261637 0.0246484 0.0231383 0.021643 0.0201713 0.0187315 0.0173311 0.0159764 0.0146731 0.0134261 0.0122391 0.0111152 0.0100564 0.00906406 0.00813876 0.00728035 0.00648808 0.00576065 0.0050963 0.00449287 0.0039479 0.00345872 0.0030225 0.00263637 0.00229743 0.00200286 0.00175 0.00153635 0.00135963 0.00121788 0.00110941 0.0010329 0.000987391 
0.000987391 0.00100271 0.00104888 0.00112647 0.00123648 0.00138025 0.00155946 0.00177612 0.00203251 0.00233117 0.00267479 0.00306622 0.00350837 0.00400415 0.00455643 0.00516788 0.00584099 0.00657793 0.00738048 0.00824992 0.00918702 0.0101919 0.011264 0.0124019 0.0136035 0.0148657 0.0161848 0.0175558 0.018973 0.0204298 0.0219187 0.0234315 0.0249591 0.0264917 0.0280192 0.0295307 0.031015 0.032461 0.0338571 0.0351921 0.0364547 0.0376342 0.0387203 0.0397033 0.0405745 0.0413258 0.0419503 0.0424423 0.042797 0.0430112 0.0430829 0.0430112 0.042797 0.0424423 0.0419503 0.0413258 0.0405745 0.0397033 0.0387203 0.0376342 0.0364547 0.0351921 0.0338571 0.032461 0.031015 0.0295307 0.0280192 0.0264917 0.0249591 0.0234315 0.0219187 0.0204298 0.018973 0.0175558 0.0161848 0.0148657 0.0136035 0.0124019 0.011264 0.0101919 0.00918702 0.00824992 0.00738048 0.00657793 0.00584099 0.00516788 0.00455643 0.00400415 0.00350837 0.00306622 0.00267479 0.00233117 0.00203251 0.00177612 0.00155946 0.00138025 0.00123648 0.00112647 0.00104888 0.00100271 
0.0010329 0.00104888 0.001097 0.00117788 0.00129254 0.00144236 0.00162908 0.00185477 0.00212181 0.00243277 0.00279047 0.00319782 0.00365783 0.0041735 0.00474774 0.00538332 0.00608278 0.00684833 0.00768176 0.0085844 0.00955697 0.0105996 0.0117115 0.0128914 0.014137 0.0154451 0.0168116 0.0182315 0.0196989 0.0212069 0.0227478 0.0243129 0.0258929 0.0274779 0.0290571 0.0306194 0.0321534 0.0336475 0.0350897 0.0364686 0.0377725 0.0389904 0.0401117 0.0411265 0.0420257 0.0428012 0.0434457 0.0439534 0.0443195 0.0445405 0.0446144 0.0445405 0.0443195 0.0439534 0.0434457 0.0428012 0.0420257 0.0411265 0.0401117 0.0389904 0.0377725 0.0364686 0.0350897 0.0336475 0.0321534 0.0306194 0.0290571 0.0274779 0.0258929 0.0243129 0.0227478 0.0212069 0.0196989 0.0182315 0.0168116 0.0154451 0.014137 0.0128914 0.0117115 0.0105996 0.00955697 0.0085844 0.00768176 0.00684833 0.00608278 0.00538332 0.00474774 0.0041735 0.00365783 0.00319782 0.00279047 0.00243277 0.00212181 0.00185477 0.00162908 0.00144236 0.00129254 0.00117788 0.001097 0.00104888 
0.00110941 0.00112647 0.00117788 0.00126428 0.00138673 0.0015467 0.00174602 0.00198688 0.00227175 0.00260337 0.00298467 0.00341872 0.00390867 0.00445764 0.00506869 0.0057447 0.00648829 0.00730175 0.00818692 0.00914512 0.0101771 0.0112828 0.0124615 0.0137117 0.0150308 0.0164155 0.0178614 0.0193631 0.0209144 0.022508 0.0241356 0.0257882 0.0274559 0.0291281 0.0307937 0.032441 0.0340579 0.0356322 0.0371515 0.0386035 0.0399764 0.0412584 0.0424385 0.0435063 0.0444523 0.045268 0.0459459 0.0464798 0.0468648 0.0470972 0.0471749 0.0470972 0.0468648 0.0464798 0.0459459 0.045268 0.0444523 0.0435063 0.0424385 0.0412584 0.0399764 0.0386035 0.0371515 0.0356322 0.0340579 0.032441 0.0307937 0.0291281 0.0274559 0.0257882 0.0241356 0.022508 0.0209144 0.0193631 0.0178614 0.0164155 0.0150308 0.0137117 0.0124615 0.0112828 0.0101771 0.00914512 0.00818692 0.00730175 0.00648829 0.0057447 0.00506869 0.00445764 0.00390867 0.00341872 0.00298467 0.00260337 0.00227175 0.00198688 0.00174602 0.0015467 0.00138673 0.00126428 0.00117788 0.00112647 
0.00121788 0.00123648 0.00129254 0.00138673 0.0015202 0.00169452 0.00191166 0.00217393 0.00248401 0.0028448 0.00325944 0.0037312 0.0042634 0.00485939 0.00552239 0.00625543 0.00706127 0.00794229 0.00890039 0.00993691 0.0110525 0.0122471 0.0135199 0.0148689 0.0162916 0.0177841 0.0193416 0.0209585 0.0226277 0.0243415 0.026091 0.0278665 0.0296574 0.0314522 0.0332392 0.0350057 0.0367389 0.0384257 0.0400531 0.0416079 0.0430774 0.0444493 0.0457118 0.0468539 0.0478655 0.0487376 0.0494623 0.0500329 0.0504444 0.0506928 0.0507758 0.0506928 0.0504444 0.0500329 0.0494623 0.0487376 0.0478655 0.0468539 0.0457118 0.0444493 0.0430774 0.0416079 0.0400531 0.0384257 0.0367389 0.0350057 0.0332392 0.0314522 0.0296574 0.0278665 0.026091 0.0243415 0.0226277 0.0209585 0.0193416 0.0177841 0.0162916 0.0148689 0.0135199 0.0122471 0.0110525 0.00993691 0.00890039 0.00794229 0.00706127 0.00625543 0.00552239 0.00485939 0.0042634 0.0037312 0.00325944 0.0028448 0.00248401 0.00217393 0.00191166 0.00169452 0.0015202 0.00138673 0.00129254 0.00123648 
0.00135963 0.00138025 0.00144236 0.0015467 0.00169452 0.00188753 0.00212784 0.002418 0.00276087 0.00315962 0.00361761 0.00413839 0.00472553 0.00538261 0.00611309 0.00692019 0.00780683 0.00877552 0.00982823 0.0109663 0.0121904 0.0135002 0.0148947 0.0163719 0.0179285 0.0195605 0.0212626 0.0230282 0.02485 0.0267192 0.0286262 0.0305604 0.0325102 0.0344634 0.0364068 0.0383271 0.0402104 0.0420424 0.043809 0.0454963 0.0470903 0.048578 0.0499466 0.0511843 0.0522804 0.0532251 0.05401 0.054628 0.0550735 0.0553424 0.0554324 0.0553424 0.0550735 0.054628 0.05401 0.0532251 0.0522804 0.0511843 0.0499466 0.048578 0.0470903 0.0454963 0.043809 0.0420424 0.0402104 0.0383271 0.0364068 0.0344634 0.0325102 0.0305604 0.0286262 0.0267192 0.02485 0.0230282 0.0212626 0.0195605 0.0179285 0.0163719 0.0148947 0.0135002 0.0121904 0.0109663 0.00982823 0.00877552 0.00780683 0.00692019 0.00611309 0.00538261 0.00472553 0.00413839 0.00361761 0.00315962 0.00276087 0.002418 0.00212784 0.00188753 0.00169452 0.0015467 0.00144236 0.00138025 
0.00153635 0.00155946 0.00162908 0.00174602 0.00191166 0.00212784 0.00239692 0.00272166 0.0031052 0.00355099 0.00406272 0.00464421 0.00529939 0.0060321 0.00684606 0.00774477 0.00873133 0.00980837 0.010978 0.0122414 0.0135994 0.0150514 0.0165961 0.0182311 0.0199529 0.0217568 0.0236367 0.0255855 0.0275948 0.0296551 0.0317558 0.0338849 0.03603 0.0381775 0.0403131 0.0424221 0.0444893 0.0464993 0.0484367 0.0502862 0.0520329 0.0536623 0.0551608 0.0565157 0.0577152 0.0587487 0.0596073 0.0602832 0.0607704 0.0610645 0.0611628 0.0610645 0.0607704 0.0602832 0.0596073 0.0587487 0.0577152 0.0565157 0.0551608 0.0536623 0.0520329 0.0502862 0.0484367 0.0464993 0.0444893 0.0424221 0.0403131 0.0381775 0.03603 0.0338849 0.0317558 0.0296551 0.0275948 0.0255855 0.0236367 0.0217568 0.0199529 0.0182311 0.0165961 0.0150514 0.0135994 0.0122414 0.010978 0.00980837 0.00873133 0.00774477 0.00684606 0.0060321 0.00529939 0.00464421 0.00406272 0.00355099 0.0031052 0.00272166 0.00239692 0.00212784 0.00191166 0.00174602 0.00162908 0.00155946 
0.00175 0.00177612 0.00185477 0.00198688 0.00217393 0.002418 0.00272166 0.00308796 0.00352037 0.00402267 0.00459891 0.00525329 0.00599008 0.00681348 0.00772753 0.00873599 0.00984219 0.0110489 0.0123584 0.0137718 0.0152897 0.0169115 0.0186356 0.0204591 0.0223779 0.0243865 0.0264784 0.0286453 0.030878 0.0331657 0.0354965 0.0378575 0.0402346 0.0426129 0.0449766 0.0473095 0.049595 0.051816 0.0539558 0.0559976 0.057925 0.0597223 0.0613747 0.0628682 0.06419 0.0653288 0.0662745 0.0670189 0.0675553 0.0678792 0.0679874 0.0678792 0.0675553 0.0670189 0.0662745 0.0653288 0.06419 0.0628682 0.0613747 0.0597223 0.057925 0.0559976 0.0539558 0.051816 0.049595 0.0473095 0.0449766 0.0426129 0.0402346 0.0378575 0.0354965 0.0331657 0.030878 0.0286453 0.0264784 0.0243865 0.0223779 0.0204591 0.0186356 0.0169115 0.0152897 0.0137718 0.0123584 0.0110489 0.00984219 0.00873599 0.00772753 0.00681348 0.00599008 0.00525329 0.00459891 0.00402267 0.00352037 0.00308796 0.00272166 0.002418 0.00217393 0.00198688 0.00185477 0.00177612 
0.00200286 0.00203251 0.00212181 0.00227175 0.00248401 0.00276087 0.0031052 0.00352037 0.0040102 0.00457889 0.00523089 0.00597082 0.00680336 0.00773311 0.00876446 0.00990149 0.0111478 0.0125063 0.0139792 0.0155679 0.0172727 0.0190928 0.0210262 0.0230694 0.0252177 0.027465 0.0298036 0.0322243 0.0347166 0.0372686 0.0398669 0.042497 0.0451434 0.0477893 0.0504174 0.0530098 0.055548 0.0580133 0.0603873 0.0626514 0.0647879 0.0667794 0.0686095 0.0702631 0.0717263 0.0729864 0.0740327 0.0748562 0.0754496 0.0758077 0.0759274 0.0758077 0.0754496 0.0748562 0.0740327 0.0729864 0.0717263 0.0702631 0.0686095 0.0667794 0.0647879 0.0626514 0.0603873 0.0580133 0.055548 0.0530098 0.0504174 0.0477893 0.0451434 0.042497 0.0398669 0.0372686 0.0347166 0.0322243 0.0298036 0.027465 0.0252177 0.0230694 0.0210262 0.0190928 0.0172727 0.0155679 0.0139792 0.0125063 0.0111478 0.00990149 0.00876446 0.00773311 0.00680336 0.00597082 0.00523089 0.00457889 0.0040102 0.00352037 0.0031052 0.00276087 0.00248401 0.00227175 0.00212181 0.00203251 
0.00229743 0.00233117 0.00243277 0.00260337 0.0028448 0.00315962 0.00355099 0.00402267 0.00457889 0.00522428 0.00596378 0.00680247 0.00774548 0.00879787 0.00996441 0.0112495 0.012657 0.0141901 0.0158511 0.0176412 0.0195606 0.0216082 0.0237815 0.0260766 0.0284878 0.0310082 0.033629 0.0363399 0.0391289 0.0419826 0.044886 0.0478231 0.0507762 0.053727 0.0566562 0.0595437 0.0623694 0.0651124 0.0677525 0.0702692 0.0726429 0.0748546 0.0768864 0.0787217 0.080345 0.0817428 0.0829031 0.0838161 0.084474 0.084871 0.0850037 0.084871 0.084474 0.0838161 0.0829031 0.0817428 0.080345 0.0787217 0.0768864 0.0748546 0.0726429 0.0702692 0.0677525 0.0651124 0.0623694 0.0595437 0.0566562 0.053727 0.0507762 0.0478231 0.044886 0.0419826 0.0391289 0.0363399 0.033629 0.0310082 0.0284878 0.0260766 0.0237815 0.0216082 0.0195606 0.0176412 0.0158511 0.0141901 0.012657 0.0112495 0.00996441 0.00879787 0.00774548 0.00680247 0.00596378 0.00522428 0.00457889 0.00402267 0.00355099 0.00315962 0.0028448 0.00260337 0.00243277 0.00233117 
0.00263637 0.00267479 0.00279047 0.00298467 0.00325944 0.00361761 0.00406272 0.00459891 0.00523089 0.00596378 0.00680303 0.00775424 0.00882307 0.010015 0.0113353 0.0127888 0.0143795 0.0161108 0.017985 0.0200034 0.0221659 0.0244711 0.0269159 0.0294956 0.0322039 0.0350326 0.0379718 0.0410097 0.0441329 0.0473263 0.0505731 0.0538551 0.057153 0.0604461 0.0637131 0.0669318 0.0700796 0.0731338 0.0760717 0.0788711 0.0815102 0.0839682 0.0862255 0.0882636 0.0900659 0.0916173 0.092905 0.093918 0.0946478 0.0950882 0.0952354 0.0950882 0.0946478 0.093918 0.092905 0.0916173 0.0900659 0.0882636 0.0862255 0.0839682 0.0815102 0.0788711 0.0760717 0.0731338 0.0700796 0.0669318 0.0637131 0.0604461 0.057153 0.0538551 0.0505731 0.0473263 0.0441329 0.0410097 0.0379718 0.0350326 0.0322039 0.0294956 0.0269159 0.0244711 0.0221659 0.0200034 0.017985 0.0161108 0.0143795 0.0127888 0.0113353 0.010015 0.00882307 0.00775424 0.00680303 0.00596378 0.00523089 0.00459891 0.00406272 0.00361761 0.00325944 0.00298467 0.00279047 0.00267479 
0.0030225 0.00306622 0.00319782 0.00341872 0.0037312 0.00413839 0.00464421 0.00525329 0.00597082 0.00680247 0.00775424 0.00883232 0.0100429 0.011392 0.0128854 0.0145281 0.0163246 0.0182785 0.020392 0.0226664 0.0251014 0.0276949 0.0304434 0.0333414 0.0363815 0.0395543 0.0428486 0.046251 0.0497464 0.0533178 0.0569463 0.0606118 0.0642925 0.0679655 0.0716071 0.0751927 0.0786973 0.0820959 0.0853634 0.0884753 0.0914077 0.0941378 0.096644 0.098906 0.100906 0.102627 0.104055 0.105178 0.105987 0.106475 0.106639 0.106475 0.105987 0.105178 0.104055 0.102627 0.100906 0.098906 0.096644 0.0941378 0.0914077 0.0884753 0.0853634 0.0820959 0.0786973 0.0751927 0.0716071 0.0679655 0.0642925 0.0606118 0.0569463 0.0533178 0.0497464 0.046251 0.0428486 0.0395543 0.0363815 0.0333414 0.0304434 0.0276949 0.0251014 0.0226664 0.020392 0.0182785 0.0163246 0.0145281 0.0128854 0.011392 0.0100429 0.00883232 0.00775424 0.00680247 0.00597082 0.00525329 0.00464421 0.00413839 0.0037312 0.00341872 0.00319782 0.00306622 
0.00345872 0.00350837 0.00365783 0.00390867 0.0042634 0.00472553 0.00529939 0.00599008 0.00680336 0.00774548 0.00882307 0.0100429 0.0114118 0.0129363 0.0146226 0.0164762 0.0185019 0.0207034 0.023083 0.0256418 0.0283791 0.0312925 0.0343776 0.037628 0.0410351 0.0445884 0.048275 0.0520797 0.0559856 0.0599735 0.0640224 0.0681098 0.0722113 0.0763017 0.0803545 0.0843426 0.0882384 0.0920143 0.0956427 0.0990966 0.10235 0.105377 0.108155 0.110662 0.112877 0.114783 0.116365 0.117608 0.118504 0.119044 0.119225 0.119044 0.118504 0.117608 0.116365 0.114783 0.112877 0.110662 0.108155 0.105377 0.10235 0.0990966 0.0956427 0.0920143 0.0882384 0.0843426 0.0803545 0.0763017 0.0722113 0.0681098 0.0640224 0.0599735 0.0559856 0.0520797 0.048275 0.0445884 0.0410351 0.037628 0.0343776 0.0312925 0.0283791 0.0256418 0.023083 0.0207034 0.0185019 0.0164762 0.0146226 0.0129363 0.0114118 0.0100429 0.00882307 0.00774548 0.00680336 0.00599008 0.00529939 0.00472553 0.0042634 0.00390867 0.00365783 0.00350837 
0.0039479 0.00400415 0.0041735 0.00445764 0.00485939 0.00538261 0.0060321 0.00681348 0.00773311 0.00879787 0.010015 0.011392 0.0129363 0.0146549 0.0165547 0.0186415 0.0209204 0.0233952 0.0260683 0.0289404 0.0320106 0.0352759 0.0387309 0.0423683 0.0461783 0.0501486 0.0542648 0.0585099 0.0628646 0.0673076 0.0718154 0.0763628 0.080923 0.0854679 0.0899682 0.0943939 0.0987148 0.1029 0.10692 0.110745 0.114346 0.117695 0.120768 0.123539 0.125988 0.128094 0.129841 0.131214 0.132203 0.1328 0.132999 0.1328 0.132203 0.131214 0.129841 0.128094 0.125988 0.123539 0.120768 0.117695 0.114346 0.110745 0.10692 0.1029 0.0987148 0.0943939 0.0899682 0.0854679 0.080923 0.0763628 0.0718154 0.0673076 0.0628646 0.0585099 0.0542648 0.0501486 0.0461783 0.0423683 0.0387309 0.0352759 0.0320106 0.0289404 0.0260683 0.0233952 0.0209204 0.0186415 0.0165547 0.0146549 0.0129363 0.011392 0.010015 0.00879787 0.00773311 0.00681348 0.0060321 0.00538261 0.00485939 0.00445764 0.0041735 0.00400415 
0.00449287 0.00455643 0.00474774 0.00506869 0.00552239 0.00611309 0.00684606 0.00772753 0.00876446 0.00996441 0.0113353 0.0128854 0.0146226 0.0165547 0.0186889 0.0210317 0.0235883 0.0263626 0.029357 0.032572 0.036006 0.0396555 0.0435141 0.0475734 0.0518221 0.0562462 0.0608295 0.0655528 0.0703945 0.0753308 0.0803357 0.0853811 0.0904373 0.0954731 0.100456 0.105354 0.110133 0.11476 0.119201 0.123425 0.127399 0.131095 0.134483 0.137539 0.140237 0.142558 0.144482 0.145995 0.147084 0.147741 0.147961 0.147741 0.147084 0.145995 0.144482 0.142558 0.140237 0.137539 0.134483 0.131095 0.127399 0.123425 0.119201 0.11476 0.110133 0.105354 0.100456 0.0954731 0.0904373 0.0853811 0.0803357 0.0753308 0.0703945 0.0655528 0.0608295 0.0562462 0.0518221 0.0475734 0.0435141 0.0396555 0.036006 0.032572 0.029357 0.0263626 0.0235883 0.0210317 0.0186889 0.0165547 0.0146226 0.0128854 0.0113353 0.00996441 0.00876446 0.00772753 0.00684606 0.00611309 0.00552239 0.00506869 0.00474774 0.00455643 
0.0050963 0.00516788 0.00538332 0.0057447 0.00625543 0.00692019 0.00774477 0.00873599 0.00990149 0.0112495 0.0127888 0.0145281 0.0164762 0.0186415 0.0210317 0.0236536 0.0265127 0.0296131 0.032957 0.0365446 0.0403737 0.0444399 0.048736 0.053252 0.0579752 0.0628897 0.0679772 0.0732163 0.0785828 0.0840502 0.0895896 0.09517 0.100759 0.106321 0.111822 0.117225 0.122494 0.127592 0.132484 0.137133 0.141506 0.145571 0.149296 0.152654 0.155618 0.158167 0.16028 0.161941 0.163137 0.163858 0.164099 0.163858 0.163137 0.161941 0.16028 0.158167 0.155618 0.152654 0.149296 0.145571 0.141506 0.137133 0.132484 0.127592 0.122494 0.117225 0.111822 0.106321 0.100759 0.09517 0.0895896 0.0840502 0.0785828 0.0732163 0.0679772 0.0628897 0.0579752 0.053252 0.048736 0.0444399 0.0403737 0.0365446 0.032957 0.0296131 0.0265127 0.0236536 0.0210317 0.0186415 0.0164762 0.0145281 0.0127888 0.0112495 0.00990149 0.00873599 0.00774477 0.00692019 0.00625543 0.0057447 0.00538332 0.00516788 
0.00576065 0.00584099 0.00608278 0.00648829 0.00706127 0.00780683 0.00873133 0.00984219 0.0111478 0.012657 0.0143795 0.0163246 0.0185019 0.0209204 0.0235883 0.0265127 0.0296995 0.0331528 0.0368744 0.0408644 0.0451198 0.0496353 0.0544025 0.0594099 0.064643 0.0700841 0.0757124 0.0815041 0.0874324 0.0934678 0.0995783 0.10573 0.111886 0.118009 0.124061 0.130002 0.135791 0.14139 0.146759 0.151859 0.156655 0.161109 0.165191 0.168868 0.172114 0.174904 0.177216 0.179033 0.180341 0.18113 0.181394 0.18113 0.180341 0.179033 0.177216 0.174904 0.172114 0.168868 0.165191 0.161109 0.156655 0.151859 0.146759 0.14139 0.135791 0.130002 0.124061 0.118009 0.111886 0.10573 0.0995783 0.0934678 0.0874324 0.0815041 0.0757124 0.0700841 0.064643 0.0594099 0.0544025 0.0496353 0.0451198 0.0408644 0.0368744 0.0331528 0.0296995 0.0265127 0.0235883 0.0209204 0.0185019 0.0163246 0.0143795 0.012657 0.0111478 0.00984219 0.00873133 0.00780683 0.00706127 0.00648829 0.00608278 0.00584099 
0.00648808 0.00657793 0.00684833 0.00730175 0.00794229 0.00877552 0.00980837 0.0110489 0.0125063 0.0141901 0.0161108 0.0182785 0.0207034 0.0233952 0.0263626 0.0296131 0.0331528 0.0369855 0.0411133 0.0455353 0.050248 0.0552449 0.0605163 0.0660492 0.0718271 0.0778301 0.084035 0.0904153 0.0969412 0.10358 0.110297 0.117054 0.123812 0.130529 0.137163 0.143671 0.15001 0.156137 0.162008 0.167584 0.172823 0.177688 0.182144 0.186157 0.189698 0.19274 0.195261 0.197242 0.198668 0.199528 0.199815 0.199528 0.198668 0.197242 0.195261 0.19274 0.189698 0.186157 0.182144 0.177688 0.172823 0.167584 0.162008 0.156137 0.15001 0.143671 0.137163 0.130529 0.123812 0.117054 0.110297 0.10358 0.0969412 0.0904153 0.084035 0.0778301 0.0718271 0.0660492 0.0605163 0.0552449 0.050248 0.0455353 0.0411133 0.0369855 0.0331528 0.0296131 0.0263626 0.0233952 0.0207034 0.0182785 0.0161108 0.0141901 0.0125063 0.0110489 0.00980837 0.00877552 0.00794229 0.00730175 0.00684833 0.00657793 
0.00728035 0.00738048 0.00768176 0.00818692 0.00890039 0.00982823 0.010978 0.0123584 0.0139792 0.0158511 0.017985 0.020392 0.023083 0.0260683 0.029357 0.032957 0.0368744 0.0411133 0.045675 0.0505582 0.0557587 0.0612685 0.0670767 0.0731683 0.0795249 0.0861241 0.09294 0.0999434 0.107101 0.114378 0.121734 0.12913 0.13652 0.143862 0.151108 0.158213 0.165128 0.171807 0.178205 0.184277 0.189981 0.195274 0.20012 0.204483 0.208332 0.211638 0.214376 0.216528 0.218076 0.219009 0.219321 0.219009 0.218076 0.216528 0.214376 0.211638 0.208332 0.204483 0.20012 0.195274 0.189981 0.184277 0.178205 0.171807 0.165128 0.158213 0.151108 0.143862 0.13652 0.12913 0.121734 0.114378 0.107101 0.0999434 0.09294 0.0861241 0.0795249 0.0731683 0.0670767 0.0612685 0.0557587 0.0505582 0.045675 0.0411133 0.0368744 0.032957 0.029357 0.0260683 0.023083 0.020392 0.017985 0.0158511 0.0139792 0.0123584 0.010978 0.00982823 0.00890039 0.00818692 0.00768176 0.00738048 
0.00813876 0.00824992 0.0085844 0.00914512 0.00993691 0.0109663 0.0122414 0.0137718 0.0155679 0.0176412 0.0200034 0.0226664 0.0256418 0.0289404 0.032572 0.0365446 0.0408644 0.0455353 0.0505582 0.0559313 0.0616491 0.0677025 0.0740788 0.0807612 0.0877289 0.094957 0.102417 0.110076 0.117899 0.125845 0.133872 0.141936 0.14999 0.157985 0.16587 0.173596 0.181112 0.188367 0.195313 0.201901 0.208086 0.213824 0.219075 0.223801 0.227968 0.231546 0.23451 0.236837 0.238512 0.239522 0.239859 0.239522 0.238512 0.236837 0.23451 0.231546 0.227968 0.223801 0.219075 0.213824 0.208086 0.201901 0.195313 0.188367 0.181112 0.173596 0.16587 0.157985 0.14999 0.141936 0.133872 0.125845 0.117899 0.110076 0.102417 0.094957 0.0877289 0.0807612 0.0740788 0.0677025 0.0616491 0.0559313 0.0505582 0.0455353 0.0408644 0.0365446 0.032572 0.0289404 0.0256418 0.0226664 0.0200034 0.0176412 0.0155679 0.0137718 0.0122414 0.0109663 0.00993691 0.00914512 0.0085844 0.00824992 
0.00906406 0.00918702 0.00955697 0.0101771 0.0110525 0.0121904 0.0135994 0.0152897 0.0172727 0.0195606 0.0221659 0.0251014 0.0283791 0.0320106 0.036006 0.0403737 0.0451198 0.050248 0.0557587 0.0616491 0.0679127 0.074539 0.0815134 0.0888171 0.0964267 0.104315 0.112449 0.120795 0.129312 0.137958 0.146685 0.155446 0.16419 0.172863 0.181412 0.189783 0.197921 0.205772 0.213284 0.220405 0.227087 0.233284 0.238951 0.24405 0.248545 0.252404 0.255598 0.258107 0.259912 0.261 0.261364 0.261 0.259912 0.258107 0.255598 0.252404 0.248545 0.24405 0.238951 0.233284 0.227087 0.220405 0.213284 0.205772 0.197921 0.189783 0.181412 0.172863 0.16419 0.155446 0.146685 0.137958 0.129312 0.120795 0.112449 0.104315 0.0964267 0.0888171 0.0815134 0.074539 0.0679127 0.0616491 0.0557587 0.050248 0.0451198 0.0403737 0.036006 0.0320106 0.0283791 0.0251014 0.0221659 0.0195606 0.0172727 0.0152897 0.0135994 0.0121904 0.0110525 0.0101771 0.00955697 0.00918702 
0.0100564 0.0101919 0.0105996 0.0112828 0.0122471 0.0135002 0.0150514 0.0169115 0.0190928 0.0216082 0.0244711 0.0276949 0.0312925 0.0352759 0.0396555 0.0444399 0.0496353 0.0552449 0.0612685 0.0677025 0.074539 0.0817659 0.0893667 0.0973201 0.1056 0.114177 0.123015 0.132076 0.141315 0.150687 0.16014 0.169623 0.17908 0.188455 0.197689 0.206725 0.215503 0.223967 0.232061 0.23973 0.246922 0.253588 0.259682 0.265163 0.269993 0.274138 0.277569 0.280263 0.2822 0.283368 0.283758 0.283368 0.2822 0.280263 0.277569 0.274138 0.269993 0.265163 0.259682 0.253588 0.246922 0.23973 0.232061 0.223967 0.215503 0.206725 0.197689 0.188455 0.17908 0.169623 0.16014 0.150687 0.141315 0.132076 0.123015 0.114177 0.1056 0.0973201 0.0893667 0.0817659 0.074539 0.0677025 0.0612685 0.0552449 0.0496353 0.0444399 0.0396555 0.0352759 0.0312925 0.0276949 0.0244711 0.0216082 0.0190928 0.0169115 0.0150514 0.0135002 0.0122471 0.0112828 0.0105996 0.0101919 
0.0111152 0.011264 0.0117115 0.0124615 0.0135199 0.0148947 0.0165961 0.0186356 0.0210262 0.0237815 0.0269159 0.0304434 0.0343776 0.0387309 0.0435141 0.048736 0.0544025 0.0605163 0.0670767 0.0740788 0.0815134 0.0893667 0.0976199 0.106249 0.115227 0.124518 0.134085 0.143886 0.153872 0.163994 0.174196 0.184423 0.194614 0.20471 0.214647 0.224364 0.233798 0.242889 0.251577 0.259805 0.267516 0.274661 0.28119 0.287059 0.292229 0.296664 0.300335 0.303216 0.305288 0.306537 0.306955 0.306537 0.305288 0.303216 0.300335 0.296664 0.292229 0.287059 0.28119 0.274661 0.267516 0.259805 0.251577 0.242889 0.233798 0.224364 0.214647 0.20471 0.194614 0.184423 0.174196 0.163994 0.153872 0.143886 0.134085 0.124518 0.115227 0.106249 0.0976199 0.0893667 0.0815134 0.0740788 0.0670767 0.0605163 0.0544025 0.048736 0.0435141 0.0387309 0.0343776 0.0304434 0.0269159 0.0237815 0.0210262 0.0186356 0.0165961 0.0148947 0.0135199 0.0124615 0.0117115 0.011264 
0.0122391 0.0124019 0.0128914 0.0137117 0.0148689 0.0163719 0.0182311 0.0204591 0.0230694 0.0260766 0.0294956 0.0333414 0.037628 0.0423683 0.0475734 0.053252 0.0594099 0.0660492 0.0731683 0.0807612 0.0888171 0.0973201 0.106249 0.115579 0.125276 0.135306 0.145625 0.156187 0.166942 0.177834 0.188805 0.199793 0.210736 0.221567 0.232222 0.242634 0.252736 0.262464 0.271756 0.280549 0.288788 0.296416 0.303385 0.309646 0.31516 0.319888 0.323801 0.326871 0.329079 0.330409 0.330854 0.330409 0.329079 0.326871 0.323801 0.319888 0.31516 0.309646 0.303385 0.296416 0.288788 0.280549 0.271756 0.262464 0.252736 0.242634 0.232222 0.221567 0.210736 0.199793 0.188805 0.177834 0.166942 0.156187 0.145625 0.135306 0.125276 0.115579 0.106249 0.0973201 0.0888171 0.0807612 0.0731683 0.0660492 0.0594099 0.053252 0.0475734 0.0423683 0.037628 0.0333414 0.0294956 0.0260766 0.0230694 0.0204591 0.0182311 0.0163719 0.0148689 0.0137117 0.0128914 0.0124019 
0.0134261 0.0136035 0.014137 0.0150308 0.0162916 0.0179285 0.0199529 0.0223779 0.0252177 0.0284878 0.0322039 0.0363815 0.0410351 0.0461783 0.0518221 0.0579752 0.064643 0.0718271 0.0795249 0.0877289 0.0964267 0.1056 0.115227 0.125276 0.135715 0.146502 0.157593 0.168935 0.180476 0.192155 0.203909 0.215674 0.227381 0.238961 0.250344 0.261459 0.272237 0.282609 0.29251 0.301875 0.310644 0.318759 0.326169 0.332825 0.338683 0.343706 0.34786 0.35112 0.353463 0.354875 0.355347 0.354875 0.353463 0.35112 0.34786 0.343706 0.338683 0.332825 0.326169 0.318759 0.310644 0.301875 0.29251 0.282609 0.272237 0.261459 0.250344 0.238961 0.227381 0.215674 0.203909 0.192155 0.180476 0.168935 0.157593 0.146502 0.135715 0.125276 0.115227 0.1056 0.0964267 0.0877289 0.0795249 0.0718271 0.064643 0.0579752 0.0518221 0.0461783 0.0410351 0.0363815 0.0322039 0.0284878 0.0252177 0.0223779 0.0199529 0.0179285 0.0162916 0.0150308 0.014137 0.0136035 
0.0146731 0.0148657 0.0154451 0.0164155 0.0177841 0.0195605 0.0217568 0.0243865 0.027465 0.0310082 0.0350326 0.0395543 0.0445884 0.0501486 0.0562462 0.0628897 0.0700841 0.0778301 0.0861241 0.094957 0.104315 0.114177 0.124518 0.135306 0.146502 0.158064 0.169941 0.182079 0.194419 0.206897 0.219447 0.231998 0.244479 0.256815 0.268932 0.280756 0.292214 0.303234 0.313746 0.323683 0.332983 0.341586 0.349436 0.356485 0.362687 0.368003 0.372398 0.375846 0.378325 0.379818 0.380317 0.379818 0.378325 0.375846 0.372398 0.368003 0.362687 0.356485 0.349436 0.341586 0.332983 0.323683 0.313746 0.303234 0.292214 0.280756 0.268932 0.256815 0.244479 0.231998 0.219447 0.206897 0.194419 0.182079 0.169941 0.158064 0.146502 0.135306 0.124518 0.114177 0.104315 0.094957 0.0861241 0.0778301 0.0700841 0.0628897 0.0562462 0.0501486 0.0445884 0.0395543 0.0350326 0.0310082 0.027465 0.0243865 0.0217568 0.0195605 0.0177841 0.0164155 0.0154451 0.0148657 
0.0159764 0.0161848 0.0168116 0.0178614 0.0193416 0.0212626 0.0236367 0.0264784 0.0298036 0.033629 0.0379718 0.0428486 0.048275 0.0542648 0.0608295 0.0679772 0.0757124 0.084035 0.09294 0.102417 0.112449 0.123015 0.134085 0.145625 0.157593 0.169941 0.182616 0.19556 0.20871 0.221996 0.235348 0.248692 0.26195 0.275046 0.2879 0.300434 0.312572 0.324239 0.335361 0.345869 0.355697 0.364783 0.373072 0.380511 0.387053 0.392659 0.397293 0.400927 0.403539 0.405113 0.405639 0.405113 0.403539 0.400927 0.397293 0.392659 0.387053 0.380511 0.373072 0.364783 0.355697 0.345869 0.335361 0.324239 0.312572 0.300434 0.2879 0.275046 0.26195 0.248692 0.235348 0.221996 0.20871 0.19556 0.182616 0.169941 0.157593 0.145625 0.134085 0.123015 0.112449 0.102417 0.09294 0.084035 0.0757124 0.0679772 0.0608295 0.0542648 0.048275 0.0428486 0.0379718 0.033629 0.0298036 0.0264784 0.0236367 0.0212626 0.0193416 0.0178614 0.0168116 0.0161848 
0.0173311 0.0175558 0.0182315 0.0193631 0.0209585 0.0230282 0.0255855 0.0286453 0.0322243 0.0363399 0.0410097 0.046251 0.0520797 0.0585099 0.0655528 0.0732163 0.0815041 0.0904153 0.0999434 0.110076 0.120795 0.132076 0.143886 0.156187 0.168935 0.182079 0.19556 0.209317 0.223281 0.237379 0.251537 0.265675 0.279712 0.293566 0.307155 0.320397 0.333211 0.34552 0.357247 0.368319 0.37867 0.388235 0.396956 0.404779 0.411656 0.417547 0.422416 0.426233 0.428976 0.430629 0.431181 0.430629 0.428976 0.426233 0.422416 0.417547 0.411656 0.404779 0.396956 0.388235 0.37867 0.368319 0.357247 0.34552 0.333211 0.320397 0.307155 0.293566 0.279712 0.265675 0.251537 0.237379 0.223281 0.209317 0.19556 0.182079 0.168935 0.156187 0.143886 0.132076 0.120795 0.110076 0.0999434 0.0904153 0.0815041 0.0732163 0.0655528 0.0585099 0.0520797 0.046251 0.0410097 0.0363399 0.0322243 0.0286453 0.0255855 0.0230282 0.0209585 0.0193631 0.0182315 0.0175558 
0.0187315 0.018973 0.0196989 0.0209144 0.0226277 0.02485 0.0275948 0.030878 0.0347166 0.0391289 0.0441329 0.0497464 0.0559856 0.0628646 0.0703945 0.0785828 0.0874324 0.0969412 0.107101 0.117899 0.129312 0.141315 0.153872 0.166942 0.180476 0.194419 0.20871 0.223281 0.23806 0.25297 0.267932 0.282861 0.297672 0.31228 0.326599 0.340541 0.354025 0.366967 0.37929 0.390919 0.401783 0.411818 0.420962 0.429161 0.436367 0.442537 0.447634 0.45163 0.454501 0.45623 0.456808 0.45623 0.454501 0.45163 0.447634 0.442537 0.436367 0.429161 0.420962 0.411818 0.401783 0.390919 0.37929 0.366967 0.354025 0.340541 0.326599 0.31228 0.297672 0.282861 0.267932 0.25297 0.23806 0.223281 0.20871 0.194419 0.180476 0.166942 0.153872 0.141315 0.129312 0.117899 0.107101 0.0969412 0.0874324 0.0785828 0.0703945 0.0628646 0.0559856 0.0497464 0.0441329 0.0391289 0.0347166 0.030878 0.0275948 0.02485 0.0226277 0.0209144 0.0196989 0.018973 
0.0201713 0.0204298 0.0212069 0.022508 0.0243415 0.0267192 0.0296551 0.0331657 0.0372686 0.0419826 0.0473263 0.0533178 0.0599735 0.0673076 0.0753308 0.0840502 0.0934678 0.10358 0.114378 0.125845 0.137958 0.150687 0.163994 0.177834 0.192155 0.206897 0.221996 0.237379 0.25297 0.268688 0.284447 0.30016 0.315738 0.331091 0.346128 0.360761 0.374902 0.388466 0.401374 0.413546 0.424913 0.435405 0.444962 0.453527 0.461052 0.467492 0.472812 0.476981 0.479976 0.48178 0.482382 0.48178 0.479976 0.476981 0.472812 0.467492 0.461052 0.453527 0.444962 0.435405 0.424913 0.413546 0.401374 0.388466 0.374902 0.360761 0.346128 0.331091 0.315738 0.30016 0.284447 0.268688 0.25297 0.237379 0.221996 0.206897 0.192155 0.177834 0.163994 0.150687 0.137958 0.125845 0.114378 0.10358 0.0934678 0.0840502 0.0753308 0.0673076 0.0599735 0.0533178 0.0473263 0.0419826 0.0372686 0.0331657 0.0296551 0.0267192 0.0243415 0.022508 0.0212069 0.0204298 
0.021643 0.0219187 0.0227478 0.0241356 0.026091 0.0286262 0.0317558 0.0354965 0.0398669 0.044886 0.0505731 0.0569463 0.0640224 0.0718154 0.0803357 0.0895896 0.0995783 0.110297 0.121734 0.133872 0.146685 0.16014 0.174196 0.188805 0.203909 0.219447 0.235348 0.251537 0.267932 0.284447 0.300994 0.31748 0.333812 0.349896 0.365638 0.380946 0.395729 0.409901 0.423377 0.436079 0.447932 0.458869 0.468825 0.477744 0.485577 0.492279 0.497813 0.502149 0.505263 0.507138 0.507764 0.507138 0.505263 0.502149 0.497813 0.492279 0.485577 0.477744 0.468825 0.458869 0.447932 0.436079 0.423377 0.409901 0.395729 0.380946 0.365638 0.349896 0.333812 0.31748 0.300994 0.284447 0.267932 0.251537 0.235348 0.219447 0.203909 0.188805 0.174196 0.16014 0.146685 0.133872 0.121734 0.110297 0.0995783 0.0895896 0.0803357 0.0718154 0.0640224 0.0569463 0.0505731 0.044886 0.0398669 0.0354965 0.0317558 0.0286262 0.026091 0.0241356 0.0227478 0.0219187 
0.0231383 0.0234315 0.0243129 0.0257882 0.0278665 0.0305604 0.0338849 0.0378575 0.042497 0.0478231 0.0538551 0.0606118 0.0681098 0.0763628 0.0853811 0.09517 0.10573 0.117054 0.12913 0.141936 0.155446 0.169623 0.184423 0.199793 0.215674 0.231998 0.248692 0.265675 0.282861 0.30016 0.31748 0.334723 0.351793 0.368591 0.38502 0.400985 0.416393 0.431153 0.44518 0.458393 0.470716 0.48208 0.49242 0.50168 0.509808 0.51676 0.522499 0.526995 0.530223 0.532166 0.532815 0.532166 0.530223 0.526995 0.522499 0.51676 0.509808 0.50168 0.49242 0.48208 0.470716 0.458393 0.44518 0.431153 0.416393 0.400985 0.38502 0.368591 0.351793 0.334723 0.31748 0.30016 0.282861 0.265675 0.248692 0.231998 0.215674 0.199793 0.184423 0.169623 0.155446 0.141936 0.12913 0.117054 0.10573 0.09517 0.0853811 0.0763628 0.0681098 0.0606118 0.0538551 0.0478231 0.042497 0.0378575 0.0338849 0.0305604 0.0278665 0.0257882 0.0243129 0.0234315 
0.0246484 0.0249591 0.0258929 0.0274559 0.0296574 0.0325102 0.03603 0.0402346 0.0451434 0.0507762 0.057153 0.0642925 0.0722113 0.080923 0.0904373 0.100759 0.111886 0.123812 0.13652 0.14999 0.16419 0.17908 0.194614 0.210736 0.227381 0.244479 0.26195 0.279712 0.297672 0.315738 0.333812 0.351793 0.369579 0.387071 0.404166 0.420767 0.436777 0.452104 0.466661 0.480365 0.493139 0.504912 0.515619 0.525204 0.533613 0.540804 0.546738 0.551385 0.554721 0.556729 0.5574 0.556729 0.554721 0.551385 0.546738 0.540804 0.533613 0.525204 0.515619 0.504912 0.493139 0.480365 0.466661 0.452104 0.436777 0.420767 0.404166 0.387071 0.369579 0.351793 0.333812 0.315738 0.297672 0.279712 0.26195 0.244479 0.227381 0.210736 0.194614 0.17908 0.16419 0.14999 0.13652 0.123812 0.111886 0.100759 0.0904373 0.080923 0.0722113 0.0642925 0.057153 0.0507762 0.0451434 0.0402346 0.03603 0.0325102 0.0296574 0.0274559 0.0258929 0.0249591 
0.0261637 0.0264917 0.0274779 0.0291281 0.0314522 0.0344634 0.0381775 0.0426129 0.0477893 0.053727 0.0604461 0.0679655 0.0763017 0.0854679 0.0954731 0.106321 0.118009 0.130529 0.143862 0.157985 0.172863 0.188455 0.20471 0.221567 0.238961 0.256815 0.275046 0.293566 0.31228 0.331091 0.349896 0.368591 0.387071 0.405231 0.422967 0.440179 0.456767 0.472638 0.487701 0.501873 0.515077 0.527239 0.538295 0.548187 0.556863 0.564278 0.570397 0.575187 0.578625 0.580694 0.581385 0.580694 0.578625 0.575187 0.570397 0.564278 0.556863 0.548187 0.538295 0.527239 0.515077 0.501873 0.487701 0.472638 0.456767 0.440179 0.422967 0.405231 0.387071 0.368591 0.349896 0.331091 0.31228 0.293566 0.275046 0.256815 0.238961 0.221567 0.20471 0.188455 0.172863 0.157985 0.143862 0.130529 0.118009 0.106321 0.0954731 0.0854679 0.0763017 0.0679655 0.0604461 0.053727 0.0477893 0.0426129 0.0381775 0.0344634 0.0314522 0.0291281 0.0274779 0.0264917 
0.0276739 0.0280192 0.0290571 0.0307937 0.0332392 0.0364068 0.0403131 0.0449766 0.0504174 0.0566562 0.0637131 0.0716071 0.0803545 0.0899682 0.100456 0.111822 0.124061 0.137163 0.151108 0.16587 0.181412 0.197689 0.214647 0.232222 0.250344 0.268932 0.2879 0.307155 0.326599 0.346128 0.365638 0.38502 0.404166 0.422967 0.441318 0.459113 0.476252 0.492639 0.508184 0.5228 0.53641 0.548939 0.560324 0.570506 0.579432 0.587059 0.59335 0.598274 0.601808 0.603935 0.604645 0.603935 0.601808 0.598274 0.59335 0.587059 0.579432 0.570506 0.560324 0.548939 0.53641 0.5228 0.508184 0.492639 0.476252 0.459113 0.441318 0.422967 0.404166 0.38502 0.365638 0.346128 0.326599 0.307155 0.2879 0.268932 0.250344 0.232222 0.214647 0.197689 0.181412 0.16587 0.151108 0.137163 0.124061 0.111822 0.100456 0.0899682 0.0803545 0.0716071 0.0637131 0.0566562 0.0504174 0.0449766 0.0403131 0.0364068 0.0332392 0.0307937 0.0290571 0.0280192 
0.0291685 0.0295307 0.0306194 0.032441 0.0350057 0.0383271 0.0424221 0.0473095 0.0530098 0.0595437 0.0669318 0.0751927 0.0843426 0.0943939 0.105354 0.117225 0.130002 0.143671 0.158213 0.173596 0.189783 0.206725 0.224364 0.242634 0.261459 0.280756 0.300434 0.320397 0.340541 0.360761 0.380946 0.400985 0.420767 0.440179 0.459113 0.477462 0.495123 0.511999 0.527997 0.543032 0.557023 0.569897 0.58159 0.592042 0.601202 0.609026 0.615478 0.620526 0.624149 0.626329 0.627057 0.626329 0.624149 0.620526 0.615478 0.609026 0.601202 0.592042 0.58159 0.569897 0.557023 0.543032 0.527997 0.511999 0.495123 0.477462 0.459113 0.440179 0.420767 0.400985 0.380946 0.360761 0.340541 0.320397 0.300434 0.280756 0.261459 0.242634 0.224364 0.206725 0.189783 0.173596 0.158213 0.143671 0.130002 0.117225 0.105354 0.0943939 0.0843426 0.0751927 0.0669318 0.0595437 0.0530098 0.0473095 0.0424221 0.0383271 0.0350057 0.032441 0.0306194 0.0295307 
0.0306363 0.031015 0.0321534 0.0340579 0.0367389 0.0402104 0.0444893 0.049595 0.055548 0.0623694 0.0700796 0.0786973 0.0882384 0.0987148 0.110133 0.122494 0.135791 0.15001 0.165128 0.181112 0.197921 0.215503 0.233798 0.252736 0.272237 0.292214 0.312572 0.333211 0.354025 0.374902 0.395729 0.416393 0.436777 0.456767 0.476252 0.495123 0.513276 0.53061 0.547034 0.562459 0.576807 0.590002 0.601981 0.612684 0.622061 0.630067 0.636667 0.64183 0.645535 0.647764 0.648508 0.647764 0.645535 0.64183 0.636667 0.630067 0.622061 0.612684 0.601981 0.590002 0.576807 0.562459 0.547034 0.53061 0.513276 0.495123 0.476252 0.456767 0.436777 0.416393 0.395729 0.374902 0.354025 0.333211 0.312572 0.292214 0.272237 0.252736 0.233798 0.215503 0.197921 0.181112 0.165128 0.15001 0.135791 0.122494 0.110133 0.0987148 0.0882384 0.0786973 0.0700796 0.0623694 0.055548 0.049595 0.0444893 0.0402104 0.0367389 0.0340579 0.0321534 0.031015 
0.0320663 0.032461 0.0336475 0.0356322 0.0384257 0.0420424 0.0464993 0.051816 0.0580133 0.0651124 0.0731338 0.0820959 0.0920143 0.1029 0.11476 0.127592 0.14139 0.156137 0.171807 0.188367 0.205772 0.223967 0.242889 0.262464 0.282609 0.303234 0.324239 0.34552 0.366967 0.388466 0.409901 0.431153 0.452104 0.472638 0.492639 0.511999 0.53061 0.548373 0.565192 0.58098 0.595657 0.60915 0.621392 0.632327 0.641903 0.650076 0.656812 0.662081 0.665861 0.668134 0.668893 0.668134 0.665861 0.662081 0.656812 0.650076 0.641903 0.632327 0.621392 0.60915 0.595657 0.58098 0.565192 0.548373 0.53061 0.511999 0.492639 0.472638 0.452104 0.431153 0.409901 0.388466 0.366967 0.34552 0.324239 0.303234 0.282609 0.262464 0.242889 0.223967 0.205772 0.188367 0.171807 0.156137 0.14139 0.127592 0.11476 0.1029 0.0920143 0.0820959 0.0731338 0.0651124 0.0580133 0.051816 0.0464993 0.0420424 0.0384257 0.0356322 0.0336475 0.032461 
0.033447 0.0338571 0.0350897 0.0371515 0.0400531 0.043809 0.0484367 0.0539558 0.0603873 0.0677525 0.0760717 0.0853634 0.0956427 0.10692 0.119201 0.132484 0.146759 0.162008 0.178205 0.195313 0.213284 0.232061 0.251577 0.271756 0.29251 0.313746 0.335361 0.357247 0.37929 0.401374 0.423377 0.44518 0.466661 0.487701 0.508184 0.527997 0.547034 0.565192 0.582376 0.598499 0.613479 0.627244 0.639728 0.650874 0.660631 0.668958 0.675817 0.681182 0.685029 0.687344 0.688116 0.687344 0.685029 0.681182 0.675817 0.668958 0.660631 0.650874 0.639728 0.627244 0.613479 0.598499 0.582376 0.565192 0.547034 0.527997 0.508184 0.487701 0.466661 0.44518 0.423377 0.401374 0.37929 0.357247 0.335361 0.313746 0.29251 0.271756 0.251577 0.232061 0.213284 0.195313 0.178205 0.162008 0.146759 0.132484 0.119201 0.10692 0.0956427 0.0853634 0.0760717 0.0677525 0.0603873 0.0539558 0.0484367 0.043809 0.0400531 0.0371515 0.0350897 0.0338571 
0.0347673 0.0351921 0.0364686 0.0386035 0.0416079 0.0454963 0.0502862 0.0559976 0.0626514 0.0702692 0.0788711 0.0884753 0.0990966 0.110745 0.123425 0.137133 0.151859 0.167584 0.184277 0.201901 0.220405 0.23973 0.259805 0.280549 0.301875 0.323683 0.345869 0.368319 0.390919 0.413546 0.436079 0.458393 0.480365 0.501873 0.5228 0.543032 0.562459 0.58098 0.598499 0.614927 0.630184 0.644196 0.6569 0.668237 0.678159 0.686623 0.693594 0.699045 0.702953 0.705304 0.706089 0.705304 0.702953 0.699045 0.693594 0.686623 0.678159 0.668237 0.6569 0.644196 0.630184 0.614927 0.598499 0.58098 0.562459 0.543032 0.5228 0.501873 0.480365 0.458393 0.436079 0.413546 0.390919 0.368319 0.345869 0.323683 0.301875 0.280549 0.259805 0.23973 0.220405 0.201901 0.184277 0.167584 0.151859 0.137133 0.123425 0.110745 0.0990966 0.0884753 0.0788711 0.0702692 0.0626514 0.0559976 0.0502862 0.0454963 0.0416079 0.0386035 0.0364686 0.0351921 
0.0360162 0.0364547 0.0377725 0.0399764 0.0430774 0.0470903 0.0520329 0.057925 0.0647879 0.0726429 0.0815102 0.0914077 0.10235 0.114346 0.127399 0.141506 0.156655 0.172823 0.189981 0.208086 0.227087 0.246922 0.267516 0.288788 0.310644 0.332983 0.355697 0.37867 0.401783 0.424913 0.447932 0.470716 0.493139 0.515077 0.53641 0.557023 0.576807 0.595657 0.613479 0.630184 0.64569 0.659926 0.672827 0.684336 0.694405 0.702992 0.710063 0.715591 0.719553 0.721937 0.722733 0.721937 0.719553 0.715591 0.710063 0.702992 0.694405 0.684336 0.672827 0.659926 0.64569 0.630184 0.613479 0.595657 0.576807 0.557023 0.53641 0.515077 0.493139 0.470716 0.447932 0.424913 0.401783 0.37867 0.355697 0.332983 0.310644 0.288788 0.267516 0.246922 0.227087 0.208086 0.189981 0.172823 0.156655 0.141506 0.127399 0.114346 0.10235 0.0914077 0.0815102 0.0726429 0.0647879 0.057925 0.0520329 0.0470903 0.0430774 0.0399764 0.0377725 0.0364547 
