0.000160637 0.000164844 0.000177588 0.000199235 0.000230395 0.000271918 0.000324894 0.000390646 0.000470722 0.000566888 0.000681111 0.000815543 0.000972494 0.00115441 0.00136381 0.00160331 0.00187547 0.00218286 0.00252789 0.00291282 0.00333965 0.00381007 0.00432535 0.00488631 0.00549325 0.00614585 0.00684311 0.00758336 0.00836417 0.00918233 0.0100339 0.010914 0.0118173 0.0127375 0.0136677 0.0146006 0.0155283 0.0164424 0.0173344 0.0181957 0.0190177 0.0197917 0.0205096 0.0211635 0.0217463 0.0222512 0.0226726 0.0230056 0.0232463 0.0233919 0.0234406 0.0233919 0.0232463 0.0230056 0.0226726 0.0222512 0.0217463 0.0211635 0.0205096 0.0197917 0.0190177 0.0181957 0.0173344 0.0164424 0.0155283 0.0146006 0.0136677 0.0127375 0.0118173 0.010914 0.0100339 0.00918233 0.00836417 0.00758336 0.00684311 0.00614585 0.00549325 0.00488631 0.00432535 0.00381007 0.00333965 0.00291282 0.00252789 0.00218286 0.00187547 0.00160331 0.00136381 0.00115441 0.000972494 0.000815543 0.000681111 0.000566888 0.000470722 0.000390646 0.000324894 0.000271918 0.000230395 0.000199235 0.000177588 0.000164844 
0.000164844 0.000169154 0.000182209 0.000204384 0.0002363 0.000278826 0.000333075 0.000400396 0.00048237 0.000580799 0.000697688 0.00083523 0.000995781 0.00118183 0.00139595 0.00164079 0.00191898 0.0022331 0.00258561 0.00297882 0.00341473 0.00389506 0.00442109 0.00499366 0.00561303 0.00627887 0.00699015 0.00774514 0.00854136 0.00937552 0.0102436 0.0111406 0.0120611 0.0129987 0.0139464 0.0148967 0.0158415 0.0167724 0.0176807 0.0185576 0.0193944 0.0201823 0.020913 0.0215785 0.0221716 0.0226855 0.0231143 0.0234531 0.023698 0.0238461 0.0238957 0.0238461 0.023698 0.0234531 0.0231143 0.0226855 0.0221716 0.0215785 0.020913 0.0201823 0.0193944 0.0185576 0.0176807 0.0167724 0.0158415 0.0148967 0.0139464 0.0129987 0.0120611 0.0111406 0.0102436 0.00937552 0.00854136 0.00774514 0.00699015 0.00627887 0.00561303 0.00499366 0.00442109 0.00389506 0.00341473 0.00297882 0.00258561 0.0022331 0.00191898 0.00164079 0.00139595 0.00118183 0.000995781 0.00083523 0.000697688 0.000580799 0.00048237 0.000400396 0.000333075 0.000278826 0.0002363 0.000204384 0.000182209 0.000169154 
0.000177588 0.000182209 0.000196206 0.000219976 0.00025418 0.00029974 0.000357838 0.000429905 0.000517619 0.000622886 0.000747832 0.000894775 0.00106621 0.00126475 0.00149312 0.00175411 0.00205047 0.00238491 0.00276003 0.00317819 0.00364152 0.00415177 0.00471026 0.00531782 0.00597468 0.00668045 0.00743399 0.00823343 0.00907609 0.00995848 0.0108763 0.0118243 0.0127967 0.0137866 0.0147869 0.0157895 0.0167859 0.0177673 0.0187246 0.0196485 0.0205299 0.0213595 0.0221288 0.0228293 0.0234534 0.023994 0.0244452 0.0248016 0.0250592 0.0252149 0.0252671 0.0252149 0.0250592 0.0248016 0.0244452 0.023994 0.0234534 0.0228293 0.0221288 0.0213595 0.0205299 0.0196485 0.0187246 0.0177673 0.0167859 0.0157895 0.0147869 0.0137866 0.0127967 0.0118243 0.0108763 0.00995848 0.00907609 0.00823343 0.00743399 0.00668045 0.00597468 0.00531782 0.00471026 0.00415177 0.00364152 0.00317819 0.00276003 0.00238491 0.00205047 0.00175411 0.00149312 0.00126475 0.00106621 0.000894775 0.000747832 0.000622886 0.000517619 0.000429905 0.000357838 0.00029974 0.00025418 0.000219976 0.000196206 0.000182209 
0.000199235 0.000204384 0.000219976 0.000246448 0.000284527 0.000335227 0.000399842 0.000479945 0.000577372 0.000694212 0.000832787 0.00099563 0.00118545 0.00140511 0.00165757 0.00194582 0.00227287 0.00264163 0.00305487 0.00351516 0.00402471 0.0045854 0.00519859 0.00586509 0.00658511 0.0073581 0.00818277 0.00905699 0.00997778 0.0109413 0.0119427 0.0129764 0.0140359 0.0151139 0.0162024 0.0172928 0.0183759 0.0194421 0.0204815 0.0214842 0.0224403 0.02334 0.0241739 0.024933 0.025609 0.0261946 0.0266831 0.027069 0.0273478 0.0275164 0.0275728 0.0275164 0.0273478 0.027069 0.0266831 0.0261946 0.025609 0.024933 0.0241739 0.02334 0.0224403 0.0214842 0.0204815 0.0194421 0.0183759 0.0172928 0.0162024 0.0151139 0.0140359 0.0129764 0.0119427 0.0109413 0.00997778 0.00905699 0.00818277 0.0073581 0.00658511 0.00586509 0.00519859 0.0045854 0.00402471 0.00351516 0.00305487 0.00264163 0.00227287 0.00194582 0.00165757 0.00140511 0.00118545 0.00099563 0.000832787 0.000694212 0.000577372 0.000479945 0.000399842 0.000335227 0.000284527 0.000246448 0.000219976 0.000204384 
0.000230395 0.0002363 0.00025418 0.000284527 0.000328162 0.000386228 0.000460183 0.000551797 0.000663134 0.000796539 0.000954616 0.0011402 0.00135632 0.00160616 0.001893 0.00222019 0.00259103 0.00300873 0.00347634 0.00399663 0.00457203 0.00520452 0.00589554 0.00664589 0.00745567 0.00832418 0.00924987 0.0102303 0.0112619 0.0123404 0.0134604 0.0146155 0.0157984 0.0170011 0.0182145 0.0194291 0.0206347 0.0218208 0.0229763 0.0240904 0.0251521 0.0261507 0.0270757 0.0279175 0.028667 0.0293159 0.0298571 0.0302845 0.0305933 0.03078 0.0308425 0.03078 0.0305933 0.0302845 0.0298571 0.0293159 0.028667 0.0279175 0.0270757 0.0261507 0.0251521 0.0240904 0.0229763 0.0218208 0.0206347 0.0194291 0.0182145 0.0170011 0.0157984 0.0146155 0.0134604 0.0123404 0.0112619 0.0102303 0.00924987 0.00832418 0.00745567 0.00664589 0.00589554 0.00520452 0.00457203 0.00399663 0.00347634 0.00300873 0.00259103 0.00222019 0.001893 0.00160616 0.00135632 0.0011402 0.000954616 0.000796539 0.000663134 0.000551797 0.000460183 0.000386228 0.000328162 0.000284527 0.00025418 0.0002363 
0.000271918 0.000278826 0.00029974 0.000335227 0.000386228 0.000454055 0.000540385 0.000647242 0.000776992 0.000932315 0.00111618 0.00133182 0.00158267 0.00187235 0.00220457 0.00258309 0.00301163 0.00349379 0.00403295 0.00463218 0.00529413 0.00602095 0.00681414 0.0076745 0.00860199 0.00959568 0.0106537 0.011773 0.0129496 0.0141785 0.0154534 0.016767 0.0181111 0.0194763 0.0208526 0.0222291 0.0235943 0.0249364 0.026243 0.027502 0.028701 0.0298281 0.0308717 0.0318209 0.0326656 0.0333968 0.0340064 0.0344878 0.0348355 0.0350457 0.035116 0.0350457 0.0348355 0.0344878 0.0340064 0.0333968 0.0326656 0.0318209 0.0308717 0.0298281 0.028701 0.027502 0.026243 0.0249364 0.0235943 0.0222291 0.0208526 0.0194763 0.0181111 0.016767 0.0154534 0.0141785 0.0129496 0.011773 0.0106537 0.00959568 0.00860199 0.0076745 0.00681414 0.00602095 0.00529413 0.00463218 0.00403295 0.00349379 0.00301163 0.00258309 0.00220457 0.00187235 0.00158267 0.00133182 0.00111618 0.000932315 0.000776992 0.000647242 0.000540385 0.000454055 0.000386228 0.000335227 0.00029974 0.000278826 
0.000324894 0.000333075 0.000357838 0.000399842 0.000460183 0.000540385 0.000642391 0.000768553 0.000921607 0.00110465 0.00132112 0.00157473 0.00186943 0.00220937 0.00259879 0.00304198 0.00354316 0.00410639 0.00473548 0.00543385 0.00620443 0.00704954 0.00797077 0.00896887 0.0100436 0.0111938 0.0124171 0.0137099 0.0150675 0.0164838 0.0179517 0.0194626 0.0210071 0.0225745 0.0241531 0.0257306 0.0272939 0.0288295 0.0303235 0.031762 0.033131 0.0344172 0.0356075 0.0366896 0.0376522 0.038485 0.0391792 0.0397272 0.040123 0.0403622 0.0404423 0.0403622 0.040123 0.0397272 0.0391792 0.038485 0.0376522 0.0366896 0.0356075 0.0344172 0.033131 0.031762 0.0303235 0.0288295 0.0272939 0.0257306 0.0241531 0.0225745 0.0210071 0.0194626 0.0179517 0.0164838 0.0150675 0.0137099 0.0124171 0.0111938 0.0100436 0.00896887 0.00797077 0.00704954 0.00620443 0.00543385 0.00473548 0.00410639 0.00354316 0.00304198 0.00259879 0.00220937 0.00186943 0.00157473 0.00132112 0.00110465 0.000921607 0.000768553 0.000642391 0.000540385 0.000460183 0.000399842 0.000357838 0.000333075 
0.000390646 0.000400396 0.000429905 0.000479945 0.000551797 0.000647242 0.000768553 0.000918471 0.00110019 0.00131731 0.00157381 0.00187401 0.00222248 0.002624 0.00308346 0.00360575 0.00419571 0.00485795 0.00559676 0.00641599 0.00731887 0.00830794 0.00938485 0.0105503 0.0118038 0.0131438 0.0145673 0.0160701 0.0176465 0.0192894 0.0209903 0.0227394 0.0245255 0.0263364 0.0281586 0.0299779 0.0317794 0.0335474 0.0352663 0.0369202 0.0384932 0.0399701 0.0413361 0.0425773 0.043681 0.0446355 0.0454309 0.0460586 0.0465119 0.0467858 0.0468775 0.0467858 0.0465119 0.0460586 0.0454309 0.0446355 0.043681 0.0425773 0.0413361 0.0399701 0.0384932 0.0369202 0.0352663 0.0335474 0.0317794 0.0299779 0.0281586 0.0263364 0.0245255 0.0227394 0.0209903 0.0192894 0.0176465 0.0160701 0.0145673 0.0131438 0.0118038 0.0105503 0.00938485 0.00830794 0.00731887 0.00641599 0.00559676 0.00485795 0.00419571 0.00360575 0.00308346 0.002624 0.00222248 0.00187401 0.00157381 0.00131731 0.00110019 0.000918471 0.000768553 0.000647242 0.000551797 0.000479945 0.000429905 0.000400396 
0.000470722 0.00048237 0.000517619 0.000577372 0.000663134 0.000776992 0.000921607 0.00110019 0.00131646 0.00157462 0.00187932 0.00223557 0.00264866 0.00312411 0.00366757 0.00428467 0.00498091 0.00576157 0.0066315 0.007595 0.00865568 0.00981625 0.0110785 0.0124429 0.0139087 0.015474 0.0171349 0.0188865 0.0207218 0.0226325 0.0246087 0.0266387 0.0287098 0.0308075 0.0329164 0.0350201 0.0371014 0.0391424 0.0411252 0.0430316 0.0448436 0.0465438 0.0481155 0.0495429 0.0508116 0.0519085 0.0528221 0.0535429 0.0540633 0.0543778 0.054483 0.0543778 0.0540633 0.0535429 0.0528221 0.0519085 0.0508116 0.0495429 0.0481155 0.0465438 0.0448436 0.0430316 0.0411252 0.0391424 0.0371014 0.0350201 0.0329164 0.0308075 0.0287098 0.0266387 0.0246087 0.0226325 0.0207218 0.0188865 0.0171349 0.015474 0.0139087 0.0124429 0.0110785 0.00981625 0.00865568 0.007595 0.0066315 0.00576157 0.00498091 0.00428467 0.00366757 0.00312411 0.00264866 0.00223557 0.00187932 0.00157462 0.00131646 0.00110019 0.000921607 0.000776992 0.000663134 0.000577372 0.000517619 0.00048237 
0.000566888 0.000580799 0.000622886 0.000694212 0.000796539 0.000932315 0.00110465 0.00131731 0.00157462 0.00188151 0.00224337 0.00266601 0.00315559 0.00371848 0.00436118 0.00509016 0.00591172 0.00683185 0.00785603 0.00898909 0.010235 0.0115967 0.013076 0.0146732 0.0163873 0.0182155 0.0201534 0.0221948 0.0243315 0.0265536 0.0288494 0.0312055 0.0336068 0.0360366 0.0384773 0.0409097 0.0433141 0.0456702 0.0479572 0.0501546 0.0522417 0.0541989 0.0560071 0.0576485 0.0591067 0.0603669 0.0614163 0.062244 0.0628414 0.0632024 0.0633232 0.0632024 0.0628414 0.062244 0.0614163 0.0603669 0.0591067 0.0576485 0.0560071 0.0541989 0.0522417 0.0501546 0.0479572 0.0456702 0.0433141 0.0409097 0.0384773 0.0360366 0.0336068 0.0312055 0.0288494 0.0265536 0.0243315 0.0221948 0.0201534 0.0182155 0.0163873 0.0146732 0.013076 0.0115967 0.010235 0.00898909 0.00785603 0.00683185 0.00591172 0.00509016 0.00436118 0.00371848 0.00315559 0.00266601 0.00224337 0.00188151 0.00157462 0.00131731 0.00110465 0.000932315 0.000796539 0.000694212 0.000622886 0.000580799 
0.000681111 0.000697688 0.000747832 0.000832787 0.000954616 0.00111618 0.00132112 0.00157381 0.00187932 0.00224337 0.00267222 0.00317261 0.00375165 0.00441671 0.00517525 0.00603467 0.00700219 0.00808457 0.009288 0.0106179 0.0120785 0.0136731 0.0154035 0.0172697 0.0192702 0.0214015 0.0236583 0.0260329 0.0285157 0.0310951 0.0337573 0.0364866 0.0392655 0.0420747 0.0448938 0.047701 0.0504734 0.0531879 0.0558208 0.0583486 0.0607481 0.0629967 0.0650729 0.0669567 0.0686295 0.0700745 0.0712774 0.072226 0.0729105 0.0733241 0.0734624 0.0733241 0.0729105 0.072226 0.0712774 0.0700745 0.0686295 0.0669567 0.0650729 0.0629967 0.0607481 0.0583486 0.0558208 0.0531879 0.0504734 0.047701 0.0448938 0.0420747 0.0392655 0.0364866 0.0337573 0.0310951 0.0285157 0.0260329 0.0236583 0.0214015 0.0192702 0.0172697 0.0154035 0.0136731 0.0120785 0.0106179 0.009288 0.00808457 0.00700219 0.00603467 0.00517525 0.00441671 0.00375165 0.00317261 0.00267222 0.00224337 0.00187932 0.00157381 0.00132112 0.00111618 0.000954616 0.000832787 0.000747832 0.000697688 
0.000815543 0.00083523 0.000894775 0.00099563 0.0011402 0.00133182 0.00157473 0.00187401 0.00223557 0.00266601 0.00317261 0.00376314 0.0044458 0.00522906 0.00612146 0.00713146 0.00826724 0.00953647 0.0109461 0.012502 0.0142091 0.0160706 0.0180882 0.0202619 0.0225894 0.0250663 0.0276861 0.0304397 0.0333158 0.0363005 0.0393778 0.0425295 0.0457352 0.0489729 0.0522189 0.0554482 0.0586348 0.0617523 0.0647738 0.0676724 0.070422 0.0729971 0.0753735 0.0775285 0.0794411 0.0810928 0.0824672 0.0835507 0.0843325 0.0848047 0.0849627 0.0848047 0.0843325 0.0835507 0.0824672 0.0810928 0.0794411 0.0775285 0.0753735 0.0729971 0.070422 0.0676724 0.0647738 0.0617523 0.0586348 0.0554482 0.0522189 0.0489729 0.0457352 0.0425295 0.0393778 0.0363005 0.0333158 0.0304397 0.0276861 0.0250663 0.0225894 0.0202619 0.0180882 0.0160706 0.0142091 0.012502 0.0109461 0.00953647 0.00826724 0.00713146 0.00612146 0.00522906 0.0044458 0.00376314 0.00317261 0.00266601 0.00223557 0.00187401 0.00157473 0.00133182 0.0011402 0.00099563 0.000894775 0.00083523 
0.000972494 0.000995781 0.00106621 0.00118545 0.00135632 0.00158267 0.00186943 0.00222248 0.00264866 0.00315559 0.00375165 0.0044458 0.00524745 0.00616628 0.00721203 0.00839432 0.0097224 0.0112049 0.0128495 0.0146628 0.01665 0.0188146 0.0211581 0.0236799 0.0263772 0.0292445 0.0322738 0.0354543 0.0387727 0.0422128 0.0457559 0.0493809 0.0530644 0.056781 0.0605035 0.0642036 0.0678516 0.0714175 0.0748707 0.0781812 0.0813193 0.0842563 0.0869651 0.0894202 0.0915982 0.0934783 0.0950422 0.0962748 0.0971639 0.0977009 0.0978805 0.0977009 0.0971639 0.0962748 0.0950422 0.0934783 0.0915982 0.0894202 0.0869651 0.0842563 0.0813193 0.0781812 0.0748707 0.0714175 0.0678516 0.0642036 0.0605035 0.056781 0.0530644 0.0493809 0.0457559 0.0422128 0.0387727 0.0354543 0.0322738 0.0292445 0.0263772 0.0236799 0.0211581 0.0188146 0.01665 0.0146628 0.0128495 0.0112049 0.0097224 0.00839432 0.00721203 0.00616628 0.00524745 0.0044458 0.00375165 0.00315559 0.00264866 0.00222248 0.00186943 0.00158267 0.00135632 0.00118545 0.00106621 0.000995781 
0.00115441 0.00118183 0.00126475 0.00140511 0.00160616 0.00187235 0.00220937 0.002624 0.00312411 0.00371848 0.00441671 0.00522906 0.00616628 0.00723938 0.00845943 0.00983731 0.0113834 0.0131073 0.0150177 0.0171216 0.0194248 0.0219306 0.0246405 0.0275534 0.0306654 0.0339699 0.0374571 0.0411145 0.0449261 0.0488733 0.0529344 0.0570851 0.0612984 0.0655454 0.0697952 0.0740154 0.0781725 0.0822325 0.0861612 0.0899246 0.0934895 0.0968238 0.0998972 0.102681 0.10515 0.10728 0.109051 0.110447 0.111453 0.112061 0.112264 0.112061 0.111453 0.110447 0.109051 0.10728 0.10515 0.102681 0.0998972 0.0968238 0.0934895 0.0899246 0.0861612 0.0822325 0.0781725 0.0740154 0.0697952 0.0655454 0.0612984 0.0570851 0.0529344 0.0488733 0.0449261 0.0411145 0.0374571 0.0339699 0.0306654 0.0275534 0.0246405 0.0219306 0.0194248 0.0171216 0.0150177 0.0131073 0.0113834 0.00983731 0.00845943 0.00723938 0.00616628 0.00522906 0.00441671 0.00371848 0.00312411 0.002624 0.00220937 0.00187235 0.00160616 0.00140511 0.00126475 0.00118183 
0.00136381 0.00139595 0.00149312 0.00165757 0.001893 0.00220457 0.00259879 0.00308346 0.00366757 0.00436118 0.00517525 0.00612146 0.00721203 0.00845943 0.00987617 0.0114744 0.0132659 0.0152612 0.0174698 0.0198995 0.0225562 0.0254435 0.0285624 0.031911 0.0354845 0.0392747 0.04327 0.0474555 0.0518128 0.0563202 0.0609526 0.0656822 0.0704783 0.0753079 0.0801358 0.0849257 0.0896397 0.0942397 0.0986872 0.102944 0.106974 0.11074 0.11421 0.117351 0.120135 0.122536 0.124532 0.126104 0.127237 0.127922 0.128151 0.127922 0.127237 0.126104 0.124532 0.122536 0.120135 0.117351 0.11421 0.11074 0.106974 0.102944 0.0986872 0.0942397 0.0896397 0.0849257 0.0801358 0.0753079 0.0704783 0.0656822 0.0609526 0.0563202 0.0518128 0.0474555 0.04327 0.0392747 0.0354845 0.031911 0.0285624 0.0254435 0.0225562 0.0198995 0.0174698 0.0152612 0.0132659 0.0114744 0.00987617 0.00845943 0.00721203 0.00612146 0.00517525 0.00436118 0.00366757 0.00308346 0.00259879 0.00220457 0.001893 0.00165757 0.00149312 0.00139595 
0.00160331 0.00164079 0.00175411 0.00194582 0.00222019 0.00258309 0.00304198 0.00360575 0.00428467 0.00509016 0.00603467 0.00713146 0.00839432 0.00983731 0.0114744 0.0133194 0.0153851 0.0176832 0.0202242 0.0230165 0.0260661 0.0293766 0.0329485 0.0367792 0.0408624 0.0451883 0.0497431 0.0545094 0.0594657 0.064587 0.0698447 0.0752069 0.0806388 0.086103 0.09156 0.0969687 0.102287 0.107472 0.11248 0.117271 0.121802 0.126035 0.129931 0.133456 0.136579 0.139272 0.141509 0.14327 0.14454 0.145307 0.145564 0.145307 0.14454 0.14327 0.141509 0.139272 0.136579 0.133456 0.129931 0.126035 0.121802 0.117271 0.11248 0.107472 0.102287 0.0969687 0.09156 0.086103 0.0806388 0.0752069 0.0698447 0.064587 0.0594657 0.0545094 0.0497431 0.0451883 0.0408624 0.0367792 0.0329485 0.0293766 0.0260661 0.0230165 0.0202242 0.0176832 0.0153851 0.0133194 0.0114744 0.00983731 0.00839432 0.00713146 0.00603467 0.00509016 0.00428467 0.00360575 0.00304198 0.00258309 0.00222019 0.00194582 0.00175411 0.00164079 
0.00187547 0.00191898 0.00205047 0.00227287 0.00259103 0.00301163 0.00354316 0.00419571 0.00498091 0.00591172 0.00700219 0.00826724 0.0097224 0.0113834 0.0132659 0.0153851 0.0177551 0.0203891 0.023298 0.026491 0.0299742 0.0337511 0.0378215 0.0421817 0.046824 0.0517364 0.0569029 0.062303 0.067912 0.0737013 0.0796381 0.0856864 0.0918067 0.0979569 0.104093 0.110168 0.116137 0.12195 0.127561 0.132924 0.137992 0.142722 0.147074 0.15101 0.154494 0.157497 0.159991 0.161954 0.163369 0.164224 0.164509 0.164224 0.163369 0.161954 0.159991 0.157497 0.154494 0.15101 0.147074 0.142722 0.137992 0.132924 0.127561 0.12195 0.116137 0.110168 0.104093 0.0979569 0.0918067 0.0856864 0.0796381 0.0737013 0.067912 0.062303 0.0569029 0.0517364 0.046824 0.0421817 0.0378215 0.0337511 0.0299742 0.026491 0.023298 0.0203891 0.0177551 0.0153851 0.0132659 0.0113834 0.0097224 0.00826724 0.00700219 0.00591172 0.00498091 0.00419571 0.00354316 0.00301163 0.00259103 0.00227287 0.00205047 0.00191898 
0.00218286 0.0022331 0.00238491 0.00264163 0.00300873 0.00349379 0.00410639 0.00485795 0.00576157 0.00683185 0.00808457 0.00953647 0.0112049 0.0131073 0.0152612 0.0176832 0.0203891 0.0233928 0.0267063 0.0303392 0.0342978 0.0385852 0.0432003 0.0481383 0.0533895 0.0589398 0.0647702 0.0708573 0.0771726 0.0836832 0.0903524 0.0971391 0.103999 0.110885 0.117749 0.124537 0.1312 0.137683 0.143936 0.149906 0.155544 0.160803 0.165638 0.170007 0.173874 0.177204 0.179969 0.182145 0.183713 0.18466 0.184976 0.18466 0.183713 0.182145 0.179969 0.177204 0.173874 0.170007 0.165638 0.160803 0.155544 0.149906 0.143936 0.137683 0.1312 0.124537 0.117749 0.110885 0.103999 0.0971391 0.0903524 0.0836832 0.0771726 0.0708573 0.0647702 0.0589398 0.0533895 0.0481383 0.0432003 0.0385852 0.0342978 0.0303392 0.0267063 0.0233928 0.0203891 0.0176832 0.0152612 0.0131073 0.0112049 0.00953647 0.00808457 0.00683185 0.00576157 0.00485795 0.00410639 0.00349379 0.00300873 0.00264163 0.00238491 0.0022331 
0.00252789 0.00258561 0.00276003 0.00305487 0.00347634 0.00403295 0.00473548 0.00559676 0.0066315 0.00785603 0.009288 0.0109461 0.0128495 0.0150177 0.0174698 0.0202242 0.023298 0.0267063 0.030462 0.0345748 0.0390511 0.0438935 0.0491 0.0546641 0.0605741 0.0668132 0.0733596 0.080186 0.08726 0.0945444 0.101997 0.109573 0.117223 0.124893 0.132529 0.140075 0.147473 0.154665 0.161595 0.168206 0.174444 0.180259 0.185601 0.190425 0.194693 0.198366 0.201415 0.203814 0.205542 0.206584 0.206933 0.206584 0.205542 0.203814 0.201415 0.198366 0.194693 0.190425 0.185601 0.180259 0.174444 0.168206 0.161595 0.154665 0.147473 0.140075 0.132529 0.124893 0.117223 0.109573 0.101997 0.0945444 0.08726 0.080186 0.0733596 0.0668132 0.0605741 0.0546641 0.0491 0.0438935 0.0390511 0.0345748 0.030462 0.0267063 0.023298 0.0202242 0.0174698 0.0150177 0.0128495 0.0109461 0.009288 0.00785603 0.0066315 0.00559676 0.00473548 0.00403295 0.00347634 0.00305487 0.00276003 0.00258561 
0.00291282 0.00297882 0.00317819 0.00351516 0.00399663 0.00463218 0.00543385 0.00641599 0.007595 0.00898909 0.0106179 0.012502 0.0146628 0.0171216 0.0198995 0.0230165 0.026491 0.0303392 0.0345748 0.0392078 0.0442444 0.0496864 0.0555307 0.0617688 0.0683868 0.075365 0.082678 0.0902947 0.0981782 0.106287 0.114573 0.122986 0.131471 0.13997 0.148422 0.156765 0.164936 0.172872 0.180512 0.187794 0.194659 0.201053 0.206923 0.212222 0.216905 0.220935 0.224279 0.226908 0.228802 0.229944 0.230326 0.229944 0.228802 0.226908 0.224279 0.220935 0.216905 0.212222 0.206923 0.201053 0.194659 0.187794 0.180512 0.172872 0.164936 0.156765 0.148422 0.13997 0.131471 0.122986 0.114573 0.106287 0.0981782 0.0902947 0.082678 0.075365 0.0683868 0.0617688 0.0555307 0.0496864 0.0442444 0.0392078 0.0345748 0.0303392 0.026491 0.0230165 0.0198995 0.0171216 0.0146628 0.012502 0.0106179 0.00898909 0.007595 0.00641599 0.00543385 0.00463218 0.00399663 0.00351516 0.00317819 0.00297882 
0.00333965 0.00341473 0.00364152 0.00402471 0.00457203 0.00529413 0.00620443 0.00731887 0.00865568 0.010235 0.0120785 0.0142091 0.01665 0.0194248 0.0225562 0.0260661 0.0299742 0.0342978 0.0390511 0.0442444 0.0498834 0.0559691 0.0624967 0.0694558 0.0768297 0.0845956 0.092724 0.10118 0.109921 0.118901 0.128067 0.137362 0.146726 0.156094 0.1654 0.174577 0.183555 0.192266 0.200643 0.208621 0.216137 0.22313 0.229546 0.235334 0.240446 0.244843 0.248489 0.251356 0.25342 0.254665 0.255081 0.254665 0.25342 0.251356 0.248489 0.244843 0.240446 0.235334 0.229546 0.22313 0.216137 0.208621 0.200643 0.192266 0.183555 0.174577 0.1654 0.156094 0.146726 0.137362 0.128067 0.118901 0.109921 0.10118 0.092724 0.0845956 0.0768297 0.0694558 0.0624967 0.0559691 0.0498834 0.0442444 0.0390511 0.0342978 0.0299742 0.0260661 0.0225562 0.0194248 0.01665 0.0142091 0.0120785 0.010235 0.00865568 0.00731887 0.00620443 0.00529413 0.00457203 0.00402471 0.00364152 0.00341473 
0.00381007 0.00389506 0.00415177 0.0045854 0.00520452 0.00602095 0.00704954 0.00830794 0.00981625 0.0115967 0.0136731 0.0160706 0.0188146 0.0219306 0.0254435 0.0293766 0.0337511 0.0385852 0.0438935 0.0496864 0.0559691 0.0627412 0.0699964 0.0777216 0.0858974 0.094497 0.103487 0.112828 0.122472 0.132367 0.142455 0.152673 0.162954 0.173228 0.183423 0.193464 0.203277 0.212789 0.221928 0.230622 0.238806 0.246415 0.25339 0.259677 0.265228 0.27 0.273955 0.277063 0.2793 0.280649 0.2811 0.280649 0.2793 0.277063 0.273955 0.27 0.265228 0.259677 0.25339 0.246415 0.238806 0.230622 0.221928 0.212789 0.203277 0.193464 0.183423 0.173228 0.162954 0.152673 0.142455 0.132367 0.122472 0.112828 0.103487 0.094497 0.0858974 0.0777216 0.0699964 0.0627412 0.0559691 0.0496864 0.0438935 0.0385852 0.0337511 0.0293766 0.0254435 0.0219306 0.0188146 0.0160706 0.0136731 0.0115967 0.00981625 0.00830794 0.00704954 0.00602095 0.00520452 0.0045854 0.00415177 0.00389506 
0.00432535 0.00442109 0.00471026 0.00519859 0.00589554 0.00681414 0.00797077 0.00938485 0.0110785 0.013076 0.0154035 0.0180882 0.0211581 0.0246405 0.0285624 0.0329485 0.0378215 0.0432003 0.0491 0.0555307 0.0624967 0.0699964 0.0780211 0.0865554 0.0955761 0.105053 0.114947 0.125215 0.135803 0.146652 0.1577 0.168877 0.180109 0.191319 0.20243 0.213362 0.224034 0.234367 0.244285 0.253711 0.262575 0.27081 0.278354 0.285149 0.291144 0.296294 0.300561 0.303913 0.306325 0.30778 0.308266 0.30778 0.306325 0.303913 0.300561 0.296294 0.291144 0.285149 0.278354 0.27081 0.262575 0.253711 0.244285 0.234367 0.224034 0.213362 0.20243 0.191319 0.180109 0.168877 0.1577 0.146652 0.135803 0.125215 0.114947 0.105053 0.0955761 0.0865554 0.0780211 0.0699964 0.0624967 0.0555307 0.0491 0.0432003 0.0378215 0.0329485 0.0285624 0.0246405 0.0211581 0.0180882 0.0154035 0.013076 0.0110785 0.00938485 0.00797077 0.00681414 0.00589554 0.00519859 0.00471026 0.00442109 
0.00488631 0.00499366 0.00531782 0.00586509 0.00664589 0.0076745 0.00896887 0.0105503 0.0124429 0.0146732 0.0172697 0.0202619 0.0236799 0.0275534 0.031911 0.0367792 0.0421817 0.0481383 0.0546641 0.0617688 0.0694558 0.0777216 0.0865554 0.0959384 0.105844 0.116237 0.127075 0.138306 0.149874 0.161713 0.173753 0.185918 0.198128 0.210301 0.222351 0.234192 0.24574 0.256909 0.267617 0.277785 0.287337 0.296204 0.30432 0.311625 0.318065 0.323596 0.328175 0.331771 0.334358 0.335918 0.336439 0.335918 0.334358 0.331771 0.328175 0.323596 0.318065 0.311625 0.30432 0.296204 0.287337 0.277785 0.267617 0.256909 0.24574 0.234192 0.222351 0.210301 0.198128 0.185918 0.173753 0.161713 0.149874 0.138306 0.127075 0.116237 0.105844 0.0959384 0.0865554 0.0777216 0.0694558 0.0617688 0.0546641 0.0481383 0.0421817 0.0367792 0.031911 0.0275534 0.0236799 0.0202619 0.0172697 0.0146732 0.0124429 0.0105503 0.00896887 0.0076745 0.00664589 0.00586509 0.00531782 0.00499366 
0.00549325 0.00561303 0.00597468 0.00658511 0.00745567 0.00860199 0.0100436 0.0118038 0.0139087 0.0163873 0.0192702 0.0225894 0.0263772 0.0306654 0.0354845 0.0408624 0.046824 0.0533895 0.0605741 0.0683868 0.0768297 0.0858974 0.0955761 0.105844 0.11667 0.128014 0.139829 0.152057 0.164636 0.177493 0.190551 0.203728 0.216938 0.230091 0.243095 0.25586 0.268293 0.280305 0.29181 0.302723 0.312965 0.322464 0.331151 0.338964 0.345849 0.351756 0.356646 0.360484 0.363244 0.364908 0.365464 0.364908 0.363244 0.360484 0.356646 0.351756 0.345849 0.338964 0.331151 0.322464 0.312965 0.302723 0.29181 0.280305 0.268293 0.25586 0.243095 0.230091 0.216938 0.203728 0.190551 0.177493 0.164636 0.152057 0.139829 0.128014 0.11667 0.105844 0.0955761 0.0858974 0.0768297 0.0683868 0.0605741 0.0533895 0.046824 0.0408624 0.0354845 0.0306654 0.0263772 0.0225894 0.0192702 0.0163873 0.0139087 0.0118038 0.0100436 0.00860199 0.00745567 0.00658511 0.00597468 0.00561303 
0.00614585 0.00627887 0.00668045 0.0073581 0.00832418 0.00959568 0.0111938 0.0131438 0.015474 0.0182155 0.0214015 0.0250663 0.0292445 0.0339699 0.0392747 0.0451883 0.0517364 0.0589398 0.0668132 0.075365 0.0845956 0.094497 0.105053 0.116237 0.128014 0.14034 0.15316 0.166412 0.180025 0.193922 0.208019 0.222226 0.236449 0.250594 0.264562 0.278256 0.291578 0.304435 0.316734 0.328389 0.339318 0.349444 0.358696 0.367011 0.374333 0.380611 0.385806 0.389881 0.392812 0.394577 0.395167 0.394577 0.392812 0.389881 0.385806 0.380611 0.374333 0.367011 0.358696 0.349444 0.339318 0.328389 0.316734 0.304435 0.291578 0.278256 0.264562 0.250594 0.236449 0.222226 0.208019 0.193922 0.180025 0.166412 0.15316 0.14034 0.128014 0.116237 0.105053 0.094497 0.0845956 0.075365 0.0668132 0.0589398 0.0517364 0.0451883 0.0392747 0.0339699 0.0292445 0.0250663 0.0214015 0.0182155 0.015474 0.0131438 0.0111938 0.00959568 0.00832418 0.0073581 0.00668045 0.00627887 
0.00684311 0.00699015 0.00743399 0.00818277 0.00924987 0.0106537 0.0124171 0.0145673 0.0171349 0.0201534 0.0236583 0.0276861 0.0322738 0.0374571 0.04327 0.0497431 0.0569029 0.0647702 0.0733596 0.082678 0.092724 0.103487 0.114947 0.127075 0.139829 0.15316 0.167008 0.181304 0.19597 0.210923 0.226071 0.241317 0.256562 0.271702 0.286635 0.301257 0.315465 0.32916 0.342248 0.354636 0.366241 0.376982 0.386789 0.395595 0.403343 0.409984 0.415475 0.419781 0.422876 0.424741 0.425364 0.424741 0.422876 0.419781 0.415475 0.409984 0.403343 0.395595 0.386789 0.376982 0.366241 0.354636 0.342248 0.32916 0.315465 0.301257 0.286635 0.271702 0.256562 0.241317 0.226071 0.210923 0.19597 0.181304 0.167008 0.15316 0.139829 0.127075 0.114947 0.103487 0.092724 0.082678 0.0733596 0.0647702 0.0569029 0.0497431 0.04327 0.0374571 0.0322738 0.0276861 0.0236583 0.0201534 0.0171349 0.0145673 0.0124171 0.0106537 0.00924987 0.00818277 0.00743399 0.00699015 
0.00758336 0.00774514 0.00823343 0.00905699 0.0102303 0.011773 0.0137099 0.0160701 0.0188865 0.0221948 0.0260329 0.0304397 0.0354543 0.0411145 0.0474555 0.0545094 0.062303 0.0708573 0.080186 0.0902947 0.10118 0.112828 0.125215 0.138306 0.152057 0.166412 0.181304 0.196657 0.212388 0.228405 0.24461 0.260898 0.277164 0.293297 0.309189 0.32473 0.339813 0.354335 0.368196 0.381303 0.393568 0.404909 0.415254 0.424536 0.432697 0.439687 0.445463 0.449991 0.453245 0.455204 0.455859 0.455204 0.453245 0.449991 0.445463 0.439687 0.432697 0.424536 0.415254 0.404909 0.393568 0.381303 0.368196 0.354335 0.339813 0.32473 0.309189 0.293297 0.277164 0.260898 0.24461 0.228405 0.212388 0.196657 0.181304 0.166412 0.152057 0.138306 0.125215 0.112828 0.10118 0.0902947 0.080186 0.0708573 0.062303 0.0545094 0.0474555 0.0411145 0.0354543 0.0304397 0.0260329 0.0221948 0.0188865 0.0160701 0.0137099 0.011773 0.0102303 0.00905699 0.00823343 0.00774514 
0.00836417 0.00854136 0.00907609 0.00997778 0.0112619 0.0129496 0.0150675 0.0176465 0.0207218 0.0243315 0.0285157 0.0333158 0.0387727 0.0449261 0.0518128 0.0594657 0.067912 0.0771726 0.08726 0.0981782 0.109921 0.122472 0.135803 0.149874 0.164636 0.180025 0.19597 0.212388 0.229188 0.24627 0.26353 0.280855 0.298134 0.31525 0.332088 0.348533 0.364475 0.379804 0.394418 0.408222 0.421125 0.433045 0.443908 0.453646 0.462202 0.469525 0.475574 0.480313 0.483717 0.485767 0.486451 0.485767 0.483717 0.480313 0.475574 0.469525 0.462202 0.453646 0.443908 0.433045 0.421125 0.408222 0.394418 0.379804 0.364475 0.348533 0.332088 0.31525 0.298134 0.280855 0.26353 0.24627 0.229188 0.212388 0.19597 0.180025 0.164636 0.149874 0.135803 0.122472 0.109921 0.0981782 0.08726 0.0771726 0.067912 0.0594657 0.0518128 0.0449261 0.0387727 0.0333158 0.0285157 0.0243315 0.0207218 0.0176465 0.0150675 0.0129496 0.0112619 0.00997778 0.00907609 0.00854136 
0.00918233 0.00937552 0.00995848 0.0109413 0.0123404 0.0141785 0.0164838 0.0192894 0.0226325 0.0265536 0.0310951 0.0363005 0.0422128 0.0488733 0.0563202 0.064587 0.0737013 0.0836832 0.0945444 0.106287 0.118901 0.132367 0.146652 0.161713 0.177493 0.193922 0.210923 0.228405 0.24627 0.264412 0.282717 0.301068 0.319345 0.337426 0.35519 0.372517 0.389292 0.405403 0.420746 0.43522 0.448735 0.461208 0.472564 0.482735 0.491665 0.499303 0.505607 0.510545 0.51409 0.516224 0.516937 0.516224 0.51409 0.510545 0.505607 0.499303 0.491665 0.482735 0.472564 0.461208 0.448735 0.43522 0.420746 0.405403 0.389292 0.372517 0.35519 0.337426 0.319345 0.301068 0.282717 0.264412 0.24627 0.228405 0.210923 0.193922 0.177493 0.161713 0.146652 0.132367 0.118901 0.106287 0.0945444 0.0836832 0.0737013 0.064587 0.0563202 0.0488733 0.0422128 0.0363005 0.0310951 0.0265536 0.0226325 0.0192894 0.0164838 0.0141785 0.0123404 0.0109413 0.00995848 0.00937552 
0.0100339 0.0102436 0.0108763 0.0119427 0.0134604 0.0154534 0.0179517 0.0209903 0.0246087 0.0288494 0.0337573 0.0393778 0.0457559 0.0529344 0.0609526 0.0698447 0.0796381 0.0903524 0.101997 0.114573 0.128067 0.142455 0.1577 0.173753 0.190551 0.208019 0.226071 0.24461 0.26353 0.282717 0.302051 0.321408 0.340661 0.359683 0.378346 0.396527 0.414106 0.430969 0.447007 0.46212 0.476217 0.489213 0.501033 0.511611 0.52089 0.528822 0.535365 0.540487 0.544163 0.546376 0.547115 0.546376 0.544163 0.540487 0.535365 0.528822 0.52089 0.511611 0.501033 0.489213 0.476217 0.46212 0.447007 0.430969 0.414106 0.396527 0.378346 0.359683 0.340661 0.321408 0.302051 0.282717 0.26353 0.24461 0.226071 0.208019 0.190551 0.173753 0.1577 0.142455 0.128067 0.114573 0.101997 0.0903524 0.0796381 0.0698447 0.0609526 0.0529344 0.0457559 0.0393778 0.0337573 0.0288494 0.0246087 0.0209903 0.0179517 0.0154534 0.0134604 0.0119427 0.0108763 0.0102436 
0.010914 0.0111406 0.0118243 0.0129764 0.0146155 0.016767 0.0194626 0.0227394 0.0266387 0.0312055 0.0364866 0.0425295 0.0493809 0.0570851 0.0656822 0.0752069 0.0856864 0.0971391 0.109573 0.122986 0.137362 0.152673 0.168877 0.185918 0.203728 0.222226 0.241317 0.260898 0.280855 0.301068 0.321408 0.341745 0.361946 0.381878 0.401408 0.420408 0.438756 0.456333 0.473031 0.488748 0.503391 0.516876 0.529129 0.540085 0.549688 0.55789 0.564653 0.569944 0.57374 0.576024 0.576786 0.576024 0.57374 0.569944 0.564653 0.55789 0.549688 0.540085 0.529129 0.516876 0.503391 0.488748 0.473031 0.456333 0.438756 0.420408 0.401408 0.381878 0.361946 0.341745 0.321408 0.301068 0.280855 0.260898 0.241317 0.222226 0.203728 0.185918 0.168877 0.152673 0.137362 0.122986 0.109573 0.0971391 0.0856864 0.0752069 0.0656822 0.0570851 0.0493809 0.0425295 0.0364866 0.0312055 0.0266387 0.0227394 0.0194626 0.016767 0.0146155 0.0129764 0.0118243 0.0111406 
0.0118173 0.0120611 0.0127967 0.0140359 0.0157984 0.0181111 0.0210071 0.0245255 0.0287098 0.0336068 0.0392655 0.0457352 0.0530644 0.0612984 0.0704783 0.0806388 0.0918067 0.103999 0.117223 0.131471 0.146726 0.162954 0.180109 0.198128 0.216938 0.236449 0.256562 0.277164 0.298134 0.319345 0.340661 0.361946 0.38306 0.403865 0.424223 0.444004 0.46308 0.481333 0.49865 0.514931 0.530082 0.544021 0.556673 0.567975 0.577874 0.586322 0.593283 0.598727 0.602631 0.604979 0.605763 0.604979 0.602631 0.598727 0.593283 0.586322 0.577874 0.567975 0.556673 0.544021 0.530082 0.514931 0.49865 0.481333 0.46308 0.444004 0.424223 0.403865 0.38306 0.361946 0.340661 0.319345 0.298134 0.277164 0.256562 0.236449 0.216938 0.198128 0.180109 0.162954 0.146726 0.131471 0.117223 0.103999 0.0918067 0.0806388 0.0704783 0.0612984 0.0530644 0.0457352 0.0392655 0.0336068 0.0287098 0.0245255 0.0210071 0.0181111 0.0157984 0.0140359 0.0127967 0.0120611 
0.0127375 0.0129987 0.0137866 0.0151139 0.0170011 0.0194763 0.0225745 0.0263364 0.0308075 0.0360366 0.0420747 0.0489729 0.056781 0.0655454 0.0753079 0.086103 0.0979569 0.110885 0.124893 0.13997 0.156094 0.173228 0.191319 0.210301 0.230091 0.250594 0.271702 0.293297 0.31525 0.337426 0.359683 0.381878 0.403865 0.425501 0.446645 0.467162 0.486923 0.505806 0.523701 0.540503 0.556122 0.570475 0.583491 0.595107 0.605272 0.613941 0.62108 0.626659 0.630659 0.633065 0.633868 0.633065 0.630659 0.626659 0.62108 0.613941 0.605272 0.595107 0.583491 0.570475 0.556122 0.540503 0.523701 0.505806 0.486923 0.467162 0.446645 0.425501 0.403865 0.381878 0.359683 0.337426 0.31525 0.293297 0.271702 0.250594 0.230091 0.210301 0.191319 0.173228 0.156094 0.13997 0.124893 0.110885 0.0979569 0.086103 0.0753079 0.0655454 0.056781 0.0489729 0.0420747 0.0360366 0.0308075 0.0263364 0.0225745 0.0194763 0.0170011 0.0151139 0.0137866 0.0129987 
0.0136677 0.0139464 0.0147869 0.0162024 0.0182145 0.0208526 0.0241531 0.0281586 0.0329164 0.0384773 0.0448938 0.0522189 0.0605035 0.0697952 0.0801358 0.09156 0.104093 0.117749 0.132529 0.148422 0.1654 0.183423 0.20243 0.222351 0.243095 0.264562 0.286635 0.309189 0.332088 0.35519 0.378346 0.401408 0.424223 0.446645 0.468528 0.489735 0.510133 0.529601 0.548026 0.565307 0.581352 0.59608 0.609422 0.621319 0.63172 0.640585 0.647879 0.653577 0.657661 0.660116 0.660936 0.660116 0.657661 0.653577 0.647879 0.640585 0.63172 0.621319 0.609422 0.59608 0.581352 0.565307 0.548026 0.529601 0.510133 0.489735 0.468528 0.446645 0.424223 0.401408 0.378346 0.35519 0.332088 0.309189 0.286635 0.264562 0.243095 0.222351 0.20243 0.183423 0.1654 0.148422 0.132529 0.117749 0.104093 0.09156 0.0801358 0.0697952 0.0605035 0.0522189 0.0448938 0.0384773 0.0329164 0.0281586 0.0241531 0.0208526 0.0182145 0.0162024 0.0147869 0.0139464 
0.0146006 0.0148967 0.0157895 0.0172928 0.0194291 0.0222291 0.0257306 0.0299779 0.0350201 0.0409097 0.047701 0.0554482 0.0642036 0.0740154 0.0849257 0.0969687 0.110168 0.124537 0.140075 0.156765 0.174577 0.193464 0.213362 0.234192 0.25586 0.278256 0.301257 0.32473 0.348533 0.372517 0.396527 0.420408 0.444004 0.467162 0.489735 0.511581 0.532567 0.552572 0.571481 0.589195 0.605623 0.620686 0.634318 0.646462 0.65707 0.666103 0.673532 0.679333 0.683488 0.685986 0.686819 0.685986 0.683488 0.679333 0.673532 0.666103 0.65707 0.646462 0.634318 0.620686 0.605623 0.589195 0.571481 0.552572 0.532567 0.511581 0.489735 0.467162 0.444004 0.420408 0.396527 0.372517 0.348533 0.32473 0.301257 0.278256 0.25586 0.234192 0.213362 0.193464 0.174577 0.156765 0.140075 0.124537 0.110168 0.0969687 0.0849257 0.0740154 0.0642036 0.0554482 0.047701 0.0409097 0.0350201 0.0299779 0.0257306 0.0222291 0.0194291 0.0172928 0.0157895 0.0148967 
0.0155283 0.0158415 0.0167859 0.0183759 0.0206347 0.0235943 0.0272939 0.0317794 0.0371014 0.0433141 0.0504734 0.0586348 0.0678516 0.0781725 0.0896397 0.102287 0.116137 0.1312 0.147473 0.164936 0.183555 0.203277 0.224034 0.24574 0.268293 0.291578 0.315465 0.339813 0.364475 0.389292 0.414106 0.438756 0.46308 0.486923 0.510133 0.532567 0.554092 0.574584 0.59393 0.612031 0.6288 0.644159 0.658044 0.670401 0.681187 0.690365 0.697908 0.703794 0.708009 0.710542 0.711386 0.710542 0.708009 0.703794 0.697908 0.690365 0.681187 0.670401 0.658044 0.644159 0.6288 0.612031 0.59393 0.574584 0.554092 0.532567 0.510133 0.486923 0.46308 0.438756 0.414106 0.389292 0.364475 0.339813 0.315465 0.291578 0.268293 0.24574 0.224034 0.203277 0.183555 0.164936 0.147473 0.1312 0.116137 0.102287 0.0896397 0.0781725 0.0678516 0.0586348 0.0504734 0.0433141 0.0371014 0.0317794 0.0272939 0.0235943 0.0206347 0.0183759 0.0167859 0.0158415 
0.0164424 0.0167724 0.0177673 0.0194421 0.0218208 0.0249364 0.0288295 0.0335474 0.0391424 0.0456702 0.0531879 0.0617523 0.0714175 0.0822325 0.0942397 0.107472 0.12195 0.137683 0.154665 0.172872 0.192266 0.212789 0.234367 0.256909 0.280305 0.304435 0.32916 0.354335 0.379804 0.405403 0.430969 0.456333 0.481333 0.505806 0.529601 0.552572 0.574584 0.595513 0.61525 0.633694 0.650761 0.666377 0.68048 0.69302 0.703955 0.713253 0.72089 0.726847 0.73111 0.733671 0.734526 0.733671 0.73111 0.726847 0.72089 0.713253 0.703955 0.69302 0.68048 0.666377 0.650761 0.633694 0.61525 0.595513 0.574584 0.552572 0.529601 0.505806 0.481333 0.456333 0.430969 0.405403 0.379804 0.354335 0.32916 0.304435 0.280305 0.256909 0.234367 0.212789 0.192266 0.172872 0.154665 0.137683 0.12195 0.107472 0.0942397 0.0822325 0.0714175 0.0617523 0.0531879 0.0456702 0.0391424 0.0335474 0.0288295 0.0249364 0.0218208 0.0194421 0.0177673 0.0167724 
0.0173344 0.0176807 0.0187246 0.0204815 0.0229763 0.026243 0.0303235 0.0352663 0.0411252 0.0479572 0.0558208 0.0647738 0.0748707 0.0861612 0.0986872 0.11248 0.127561 0.143936 0.161595 0.180512 0.200643 0.221928 0.244285 0.267617 0.29181 0.316734 0.342248 0.368196 0.394418 0.420746 0.447007 0.473031 0.49865 0.523701 0.548026 0.571481 0.59393 0.61525 0.63533 0.654075 0.6714 0.687236 0.701523 0.714215 0.725274 0.73467 0.742382 0.748395 0.752696 0.75528 0.756142 0.75528 0.752696 0.748395 0.742382 0.73467 0.725274 0.714215 0.701523 0.687236 0.6714 0.654075 0.63533 0.61525 0.59393 0.571481 0.548026 0.523701 0.49865 0.473031 0.447007 0.420746 0.394418 0.368196 0.342248 0.316734 0.29181 0.267617 0.244285 0.221928 0.200643 0.180512 0.161595 0.143936 0.127561 0.11248 0.0986872 0.0861612 0.0748707 0.0647738 0.0558208 0.0479572 0.0411252 0.0352663 0.0303235 0.026243 0.0229763 0.0204815 0.0187246 0.0176807 
0.0181957 0.0185576 0.0196485 0.0214842 0.0240904 0.027502 0.031762 0.0369202 0.0430316 0.0501546 0.0583486 0.0676724 0.0781812 0.0899246 0.102944 0.117271 0.132924 0.149906 0.168206 0.187794 0.208621 0.230622 0.253711 0.277785 0.302723 0.328389 0.354636 0.381303 0.408222 0.43522 0.46212 0.488748 0.514931 0.540503 0.565307 0.589195 0.612031 0.633694 0.654075 0.673078 0.690624 0.706645 0.721086 0.733902 0.74506 0.754534 0.762305 0.76836 0.77269 0.775291 0.776158 0.775291 0.77269 0.76836 0.762305 0.754534 0.74506 0.733902 0.721086 0.706645 0.690624 0.673078 0.654075 0.633694 0.612031 0.589195 0.565307 0.540503 0.514931 0.488748 0.46212 0.43522 0.408222 0.381303 0.354636 0.328389 0.302723 0.277785 0.253711 0.230622 0.208621 0.187794 0.168206 0.149906 0.132924 0.117271 0.102944 0.0899246 0.0781812 0.0676724 0.0583486 0.0501546 0.0430316 0.0369202 0.031762 0.027502 0.0240904 0.0214842 0.0196485 0.0185576 
