0.000214788 0.000220003 0.000235785 0.00026254 0.000300946 0.000351944 0.000416738 0.000496782 0.000593772 0.000709632 0.000846493 0.00100667 0.00119263 0.00140697 0.00165236 0.00193149 0.00224704 0.0026016 0.00299761 0.0034373 0.0039226 0.00445508 0.00503584 0.00566551 0.0063441 0.007071 0.00784486 0.00866363 0.00952444 0.0104236 0.0113568 0.0123186 0.0133032 0.0143037 0.0153128 0.0163227 0.0173248 0.0183106 0.0192708 0.0201966 0.0210787 0.0219084 0.022677 0.0233764 0.0239992 0.0245383 0.024988 0.0253432 0.0255998 0.025755 0.0258069 0.025755 0.0255998 0.0253432 0.024988 0.0245383 0.0239992 0.0233764 0.022677 0.0219084 0.0210787 0.0201966 0.0192708 0.0183106 0.0173248 0.0163227 0.0153128 0.0143037 0.0133032 0.0123186 0.0113568 0.0104236 0.00952444 0.00866363 0.00784486 0.007071 0.0063441 0.00566551 0.00503584 0.00445508 0.0039226 0.0034373 0.00299761 0.0026016 0.00224704 0.00193149 0.00165236 0.00140697 0.00119263 0.00100667 0.000846493 0.000709632 0.000593772 0.000496782 0.000416738 0.000351944 0.000300946 0.00026254 0.000235785 0.000220003 
0.000220003 0.000225336 0.000241475 0.000268833 0.000308101 0.00036024 0.000426475 0.000508289 0.000607409 0.000725794 0.000865614 0.00102923 0.00121914 0.001438 0.00168851 0.00197342 0.00229544 0.00265721 0.00306119 0.00350965 0.00400453 0.00454742 0.00513945 0.0057812 0.0064727 0.00721329 0.00800161 0.00883552 0.00971212 0.0106277 0.0115776 0.0125567 0.0135586 0.0145768 0.0156035 0.0166308 0.0176502 0.0186528 0.0196293 0.0205707 0.0214676 0.0223111 0.0230925 0.0238035 0.0244365 0.0249845 0.0254416 0.0258026 0.0260634 0.026221 0.0262738 0.026221 0.0260634 0.0258026 0.0254416 0.0249845 0.0244365 0.0238035 0.0230925 0.0223111 0.0214676 0.0205707 0.0196293 0.0186528 0.0176502 0.0166308 0.0156035 0.0145768 0.0135586 0.0125567 0.0115776 0.0106277 0.00971212 0.00883552 0.00800161 0.00721329 0.0064727 0.0057812 0.00513945 0.00454742 0.00400453 0.00350965 0.00306119 0.00265721 0.00229544 0.00197342 0.00168851 0.001438 0.00121914 0.00102923 0.000865614 0.000725794 0.000607409 0.000508289 0.000426475 0.00036024 0.000308101 0.000268833 0.000241475 0.000225336 
0.000235785 0.000241475 0.000258691 0.000287872 0.000329747 0.000385333 0.000455922 0.000543082 0.000648635 0.000774647 0.000923406 0.00109739 0.00129925 0.00153175 0.00179773 0.00210007 0.00244162 0.00282512 0.00325316 0.00372806 0.00425185 0.00482615 0.00545211 0.00613031 0.00686071 0.00764258 0.00847443 0.00935398 0.0102781 0.0112429 0.0122435 0.0132743 0.0143288 0.0153998 0.0164796 0.0175595 0.0186308 0.0196839 0.0207095 0.0216978 0.0226393 0.0235244 0.0243442 0.0250899 0.0257538 0.0263284 0.0268076 0.027186 0.0274594 0.0276247 0.02768 0.0276247 0.0274594 0.027186 0.0268076 0.0263284 0.0257538 0.0250899 0.0243442 0.0235244 0.0226393 0.0216978 0.0207095 0.0196839 0.0186308 0.0175595 0.0164796 0.0153998 0.0143288 0.0132743 0.0122435 0.0112429 0.0102781 0.00935398 0.00847443 0.00764258 0.00686071 0.00613031 0.00545211 0.00482615 0.00425185 0.00372806 0.00325316 0.00282512 0.00244162 0.00210007 0.00179773 0.00153175 0.00129925 0.00109739 0.000923406 0.000774647 0.000648635 0.000543082 0.000455922 0.000385333 0.000329747 0.000287872 0.000258691 0.000241475 
0.00026254 0.000268833 0.000287872 0.000320136 0.00036642 0.000427832 0.000505783 0.000601978 0.000718401 0.000857298 0.00102115 0.00121265 0.00143466 0.00169018 0.00198226 0.00231402 0.00268849 0.00310863 0.00357718 0.00409663 0.0046691 0.00529629 0.00597936 0.00671888 0.00751471 0.00836599 0.00927103 0.0102273 0.0112313 0.0122788 0.0133644 0.014482 0.0156247 0.0167846 0.0179532 0.0191214 0.0202795 0.0214176 0.0225254 0.0235924 0.0246084 0.0255632 0.0264473 0.0272513 0.0279667 0.028586 0.0291022 0.0295098 0.0298043 0.0299823 0.0300418 0.0299823 0.0298043 0.0295098 0.0291022 0.028586 0.0279667 0.0272513 0.0264473 0.0255632 0.0246084 0.0235924 0.0225254 0.0214176 0.0202795 0.0191214 0.0179532 0.0167846 0.0156247 0.014482 0.0133644 0.0122788 0.0112313 0.0102273 0.00927103 0.00836599 0.00751471 0.00671888 0.00597936 0.00529629 0.0046691 0.00409663 0.00357718 0.00310863 0.00268849 0.00231402 0.00198226 0.00169018 0.00143466 0.00121265 0.00102115 0.000857298 0.000718401 0.000601978 0.000505783 0.000427832 0.00036642 0.000320136 0.000287872 0.000268833 
0.000300946 0.000308101 0.000329747 0.00036642 0.000419009 0.000488752 0.000577225 0.00068633 0.000818281 0.000975577 0.00116098 0.00137747 0.00162823 0.00191655 0.00224584 0.00261949 0.00304085 0.00351313 0.00403933 0.00462212 0.00526379 0.00596612 0.0067303 0.00755685 0.00844553 0.00939526 0.010404 0.011469 0.0125862 0.0137507 0.0149566 0.0161972 0.0174645 0.01875 0.0200442 0.0213371 0.022618 0.0238759 0.0250996 0.0262776 0.0273988 0.028452 0.0294267 0.0303127 0.031101 0.031783 0.0323515 0.0328002 0.0331244 0.0333203 0.0333858 0.0333203 0.0331244 0.0328002 0.0323515 0.031783 0.031101 0.0303127 0.0294267 0.028452 0.0273988 0.0262776 0.0250996 0.0238759 0.022618 0.0213371 0.0200442 0.01875 0.0174645 0.0161972 0.0149566 0.0137507 0.0125862 0.011469 0.010404 0.00939526 0.00844553 0.00755685 0.0067303 0.00596612 0.00526379 0.00462212 0.00403933 0.00351313 0.00304085 0.00261949 0.00224584 0.00191655 0.00162823 0.00137747 0.00116098 0.000975577 0.000818281 0.00068633 0.000577225 0.000488752 0.000419009 0.00036642 0.000329747 0.000308101 
0.000351944 0.00036024 0.000385333 0.000427832 0.000488752 0.000569499 0.000671867 0.000798016 0.000950456 0.00113202 0.00134583 0.00159525 0.00188386 0.00221539 0.00259361 0.00302235 0.00350532 0.00404609 0.00464795 0.00531385 0.00604624 0.00684703 0.00771743 0.0086579 0.00966803 0.0107465 0.0118908 0.0130977 0.0143626 0.0156798 0.0170426 0.0184433 0.019873 0.021322 0.0227796 0.0242346 0.0256751 0.0270888 0.0284631 0.0297853 0.0310429 0.0322238 0.033316 0.0343085 0.0351911 0.0359546 0.0365907 0.0370928 0.0374554 0.0376745 0.0377478 0.0376745 0.0374554 0.0370928 0.0365907 0.0359546 0.0351911 0.0343085 0.033316 0.0322238 0.0310429 0.0297853 0.0284631 0.0270888 0.0256751 0.0242346 0.0227796 0.021322 0.019873 0.0184433 0.0170426 0.0156798 0.0143626 0.0130977 0.0118908 0.0107465 0.00966803 0.0086579 0.00771743 0.00684703 0.00604624 0.00531385 0.00464795 0.00404609 0.00350532 0.00302235 0.00259361 0.00221539 0.00188386 0.00159525 0.00134583 0.00113202 0.000950456 0.000798016 0.000671867 0.000569499 0.000488752 0.000427832 0.000385333 0.00036024 
0.000416738 0.000426475 0.000455922 0.000505783 0.000577225 0.000671867 0.000791772 0.000939423 0.0011177 0.00132984 0.00157943 0.00187031 0.00220655 0.00259237 0.00303208 0.00352998 0.00409026 0.00471689 0.00541356 0.0061835 0.00702941 0.0079533 0.00895642 0.0100391 0.0112008 0.0124397 0.013753 0.0151366 0.0165852 0.0180923 0.0196501 0.0212497 0.0228809 0.0245326 0.0261929 0.0278488 0.0294869 0.0310933 0.0326539 0.0341544 0.0355807 0.0369192 0.0381566 0.0392806 0.0402796 0.0411435 0.0418631 0.042431 0.042841 0.0430887 0.0431716 0.0430887 0.042841 0.042431 0.0418631 0.0411435 0.0402796 0.0392806 0.0381566 0.0369192 0.0355807 0.0341544 0.0326539 0.0310933 0.0294869 0.0278488 0.0261929 0.0245326 0.0228809 0.0212497 0.0196501 0.0180923 0.0165852 0.0151366 0.013753 0.0124397 0.0112008 0.0100391 0.00895642 0.0079533 0.00702941 0.0061835 0.00541356 0.00471689 0.00409026 0.00352998 0.00303208 0.00259237 0.00220655 0.00187031 0.00157943 0.00132984 0.0011177 0.000939423 0.000791772 0.000671867 0.000577225 0.000505783 0.000455922 0.000426475 
0.000496782 0.000508289 0.000543082 0.000601978 0.00068633 0.000798016 0.000939423 0.00111342 0.00132334 0.00157292 0.00186627 0.00220781 0.00260222 0.00305432 0.00356902 0.0041512 0.00480561 0.00553672 0.00634865 0.00724498 0.00822866 0.00930185 0.0104658 0.0117207 0.0130657 0.0144986 0.0160159 0.0176128 0.019283 0.021019 0.0228115 0.0246504 0.0265239 0.0284193 0.0303228 0.0322197 0.0340948 0.0359322 0.0377159 0.0394298 0.041058 0.042585 0.0439959 0.045277 0.0464152 0.047399 0.0482183 0.0488646 0.0493312 0.0496131 0.0497074 0.0496131 0.0493312 0.0488646 0.0482183 0.047399 0.0464152 0.045277 0.0439959 0.042585 0.041058 0.0394298 0.0377159 0.0359322 0.0340948 0.0322197 0.0303228 0.0284193 0.0265239 0.0246504 0.0228115 0.021019 0.019283 0.0176128 0.0160159 0.0144986 0.0130657 0.0117207 0.0104658 0.00930185 0.00822866 0.00724498 0.00634865 0.00553672 0.00480561 0.0041512 0.00356902 0.00305432 0.00260222 0.00220781 0.00186627 0.00157292 0.00132334 0.00111342 0.000939423 0.000798016 0.00068633 0.000601978 0.000543082 0.000508289 
0.000593772 0.000607409 0.000648635 0.000718401 0.000818281 0.000950456 0.0011177 0.00132334 0.00157123 0.0018657 0.0022115 0.00261372 0.00307773 0.00360907 0.00421335 0.00489612 0.00566277 0.00651835 0.00746747 0.00851411 0.00966149 0.0109119 0.0122666 0.0137256 0.0152876 0.0169499 0.0187083 0.020557 0.0224887 0.0244943 0.0265633 0.0286836 0.030842 0.0330236 0.0352125 0.0373921 0.0395449 0.0416528 0.0436976 0.0456611 0.0475252 0.0492724 0.0508861 0.0523504 0.0536509 0.0547746 0.0557101 0.0564479 0.0569804 0.0573021 0.0574097 0.0573021 0.0569804 0.0564479 0.0557101 0.0547746 0.0536509 0.0523504 0.0508861 0.0492724 0.0475252 0.0456611 0.0436976 0.0416528 0.0395449 0.0373921 0.0352125 0.0330236 0.030842 0.0286836 0.0265633 0.0244943 0.0224887 0.020557 0.0187083 0.0169499 0.0152876 0.0137256 0.0122666 0.0109119 0.00966149 0.00851411 0.00746747 0.00651835 0.00566277 0.00489612 0.00421335 0.00360907 0.00307773 0.00261372 0.0022115 0.0018657 0.00157123 0.00132334 0.0011177 0.000950456 0.000818281 0.000718401 0.000648635 0.000607409 
0.000709632 0.000725794 0.000774647 0.000857298 0.000975577 0.00113202 0.00132984 0.00157292 0.0018657 0.00221321 0.00262091 0.00309469 0.00364072 0.00426534 0.00497498 0.00577595 0.00667437 0.00767593 0.00878579 0.0100084 0.0113472 0.0128046 0.0143819 0.0160787 0.0178935 0.0198227 0.0218613 0.0240024 0.0262373 0.0285553 0.0309444 0.0333904 0.0358778 0.0383898 0.0409081 0.0434135 0.045886 0.0483052 0.0506503 0.0529005 0.0550355 0.0570354 0.0588815 0.0605559 0.0620424 0.0633263 0.0643949 0.0652374 0.0658454 0.0662127 0.0663355 0.0662127 0.0658454 0.0652374 0.0643949 0.0633263 0.0620424 0.0605559 0.0588815 0.0570354 0.0550355 0.0529005 0.0506503 0.0483052 0.045886 0.0434135 0.0409081 0.0383898 0.0358778 0.0333904 0.0309444 0.0285553 0.0262373 0.0240024 0.0218613 0.0198227 0.0178935 0.0160787 0.0143819 0.0128046 0.0113472 0.0100084 0.00878579 0.00767593 0.00667437 0.00577595 0.00497498 0.00426534 0.00364072 0.00309469 0.00262091 0.00221321 0.0018657 0.00157292 0.00132984 0.00113202 0.000975577 0.000857298 0.000774647 0.000725794 
0.000846493 0.000865614 0.000923406 0.00102115 0.00116098 0.00134583 0.00157943 0.00186627 0.0022115 0.00262091 0.00310082 0.00365799 0.00429951 0.00503263 0.00586468 0.00680286 0.00785406 0.00902472 0.0103206 0.0117465 0.0133063 0.0150025 0.0168362 0.0188068 0.0209121 0.0231478 0.0255079 0.027984 0.0305658 0.0332412 0.0359957 0.0388133 0.0416759 0.044564 0.0474569 0.0503326 0.0531682 0.0559405 0.0586259 0.061201 0.0636426 0.0659284 0.0680372 0.069949 0.0716455 0.0731103 0.074329 0.0752897 0.0759828 0.0764014 0.0765414 0.0764014 0.0759828 0.0752897 0.074329 0.0731103 0.0716455 0.069949 0.0680372 0.0659284 0.0636426 0.061201 0.0586259 0.0559405 0.0531682 0.0503326 0.0474569 0.044564 0.0416759 0.0388133 0.0359957 0.0332412 0.0305658 0.027984 0.0255079 0.0231478 0.0209121 0.0188068 0.0168362 0.0150025 0.0133063 0.0117465 0.0103206 0.00902472 0.00785406 0.00680286 0.00586468 0.00503263 0.00429951 0.00365799 0.00310082 0.00262091 0.0022115 0.00186627 0.00157943 0.00134583 0.00116098 0.00102115 0.000923406 0.000865614 
0.00100667 0.00102923 0.00109739 0.00121265 0.00137747 0.00159525 0.00187031 0.00220781 0.00261372 0.00309469 0.00365799 0.00431138 0.00506295 0.005921 0.00689386 0.00798969 0.00921626 0.0105808 0.0120896 0.0137481 0.0155604 0.0175291 0.0196551 0.0219374 0.0243731 0.026957 0.0296817 0.0325374 0.0355121 0.0385914 0.0417587 0.0449953 0.0482806 0.0515922 0.0549063 0.0581978 0.0614409 0.0646091 0.0676757 0.0706143 0.0733988 0.0760041 0.0784063 0.080583 0.0825138 0.0841802 0.0855662 0.0866585 0.0874464 0.0879222 0.0880814 0.0879222 0.0874464 0.0866585 0.0855662 0.0841802 0.0825138 0.080583 0.0784063 0.0760041 0.0733988 0.0706143 0.0676757 0.0646091 0.0614409 0.0581978 0.0549063 0.0515922 0.0482806 0.0449953 0.0417587 0.0385914 0.0355121 0.0325374 0.0296817 0.026957 0.0243731 0.0219374 0.0196551 0.0175291 0.0155604 0.0137481 0.0120896 0.0105808 0.00921626 0.00798969 0.00689386 0.005921 0.00506295 0.00431138 0.00365799 0.00309469 0.00261372 0.00220781 0.00187031 0.00159525 0.00137747 0.00121265 0.00109739 0.00102923 
0.00119263 0.00121914 0.00129925 0.00143466 0.00162823 0.00188386 0.00220655 0.00260222 0.00307773 0.00364072 0.00429951 0.00506295 0.00594028 0.00694095 0.00807437 0.00934974 0.0107758 0.0123606 0.0141112 0.0160334 0.0181316 0.0204084 0.0228645 0.0254984 0.0283063 0.0312819 0.0344163 0.0376981 0.0411132 0.0446447 0.0482736 0.0519783 0.0557351 0.0595186 0.0633015 0.0670554 0.0707511 0.0743585 0.0778477 0.0811889 0.0843528 0.0873113 0.0900376 0.0925068 0.0946961 0.0965848 0.0981553 0.0993926 0.100285 0.100824 0.101004 0.100824 0.100285 0.0993926 0.0981553 0.0965848 0.0946961 0.0925068 0.0900376 0.0873113 0.0843528 0.0811889 0.0778477 0.0743585 0.0707511 0.0670554 0.0633015 0.0595186 0.0557351 0.0519783 0.0482736 0.0446447 0.0411132 0.0376981 0.0344163 0.0312819 0.0283063 0.0254984 0.0228645 0.0204084 0.0181316 0.0160334 0.0141112 0.0123606 0.0107758 0.00934974 0.00807437 0.00694095 0.00594028 0.00506295 0.00429951 0.00364072 0.00307773 0.00260222 0.00220655 0.00188386 0.00162823 0.00143466 0.00129925 0.00121914 
0.00140697 0.001438 0.00153175 0.00169018 0.00191655 0.00221539 0.00259237 0.00305432 0.00360907 0.00426534 0.00503263 0.005921 0.00694095 0.00810314 0.00941821 0.0108965 0.0125477 0.0143808 0.0164036 0.0186223 0.0210415 0.0236639 0.0264898 0.029517 0.0327407 0.0361534 0.0397444 0.0435004 0.0474047 0.0514382 0.0555787 0.0598016 0.0640798 0.0683842 0.0726842 0.0769476 0.0811412 0.0852315 0.0891847 0.0929674 0.0965471 0.0998923 0.102973 0.105762 0.108234 0.110366 0.112137 0.113533 0.114539 0.115147 0.11535 0.115147 0.114539 0.113533 0.112137 0.110366 0.108234 0.105762 0.102973 0.0998923 0.0965471 0.0929674 0.0891847 0.0852315 0.0811412 0.0769476 0.0726842 0.0683842 0.0640798 0.0598016 0.0555787 0.0514382 0.0474047 0.0435004 0.0397444 0.0361534 0.0327407 0.029517 0.0264898 0.0236639 0.0210415 0.0186223 0.0164036 0.0143808 0.0125477 0.0108965 0.00941821 0.00810314 0.00694095 0.005921 0.00503263 0.00426534 0.00360907 0.00305432 0.00259237 0.00221539 0.00191655 0.00169018 0.00153175 0.001438 
0.00165236 0.00168851 0.00179773 0.00198226 0.00224584 0.00259361 0.00303208 0.00356902 0.00421335 0.00497498 0.00586468 0.00689386 0.00807437 0.00941821 0.0109373 0.0126432 0.0145468 0.0166578 0.0189847 0.0215343 0.0243114 0.0273185 0.0305554 0.0340192 0.037704 0.0416005 0.0456963 0.0499756 0.0544195 0.0590056 0.0637086 0.0685003 0.0733502 0.0782252 0.0830907 0.0879105 0.0926473 0.0972637 0.101722 0.105985 0.110016 0.113781 0.117247 0.120382 0.123159 0.125554 0.127543 0.12911 0.130239 0.130921 0.131149 0.130921 0.130239 0.12911 0.127543 0.125554 0.123159 0.120382 0.117247 0.113781 0.110016 0.105985 0.101722 0.0972637 0.0926473 0.0879105 0.0830907 0.0782252 0.0733502 0.0685003 0.0637086 0.0590056 0.0544195 0.0499756 0.0456963 0.0416005 0.037704 0.0340192 0.0305554 0.0273185 0.0243114 0.0215343 0.0189847 0.0166578 0.0145468 0.0126432 0.0109373 0.00941821 0.00807437 0.00689386 0.00586468 0.00497498 0.00421335 0.00356902 0.00303208 0.00259361 0.00224584 0.00198226 0.00179773 0.00168851 
0.00193149 0.00197342 0.00210007 0.00231402 0.00261949 0.00302235 0.00352998 0.0041512 0.00489612 0.00577595 0.00680286 0.00798969 0.00934974 0.0108965 0.0126432 0.0146028 0.0167871 0.0192069 0.0218714 0.0247878 0.027961 0.0313933 0.0350839 0.0390289 0.043221 0.0476492 0.052299 0.0571519 0.0621861 0.0673759 0.0726926 0.0781042 0.083576 0.0890709 0.0945499 0.0999724 0.105297 0.110482 0.115486 0.120266 0.124784 0.129 0.132879 0.136387 0.139492 0.142169 0.144391 0.146141 0.147403 0.148164 0.148418 0.148164 0.147403 0.146141 0.144391 0.142169 0.139492 0.136387 0.132879 0.129 0.124784 0.120266 0.115486 0.110482 0.105297 0.0999724 0.0945499 0.0890709 0.083576 0.0781042 0.0726926 0.0673759 0.0621861 0.0571519 0.052299 0.0476492 0.043221 0.0390289 0.0350839 0.0313933 0.027961 0.0247878 0.0218714 0.0192069 0.0167871 0.0146028 0.0126432 0.0108965 0.00934974 0.00798969 0.00680286 0.00577595 0.00489612 0.0041512 0.00352998 0.00302235 0.00261949 0.00231402 0.00210007 0.00197342 
0.00224704 0.00229544 0.00244162 0.00268849 0.00304085 0.00350532 0.00409026 0.00480561 0.00566277 0.00667437 0.00785406 0.00921626 0.0107758 0.0125477 0.0145468 0.0167871 0.0192817 0.0220425 0.0250792 0.0283995 0.0320081 0.0359072 0.0400951 0.0445668 0.0493135 0.054322 0.0595753 0.0650523 0.0707277 0.0765724 0.0825538 0.0886356 0.094779 0.100942 0.107082 0.113152 0.119108 0.124903 0.13049 0.135825 0.140862 0.14556 0.14988 0.153784 0.157239 0.160215 0.162686 0.16463 0.166031 0.166877 0.16716 0.166877 0.166031 0.16463 0.162686 0.160215 0.157239 0.153784 0.14988 0.14556 0.140862 0.135825 0.13049 0.124903 0.119108 0.113152 0.107082 0.100942 0.094779 0.0886356 0.0825538 0.0765724 0.0707277 0.0650523 0.0595753 0.054322 0.0493135 0.0445668 0.0400951 0.0359072 0.0320081 0.0283995 0.0250792 0.0220425 0.0192817 0.0167871 0.0145468 0.0125477 0.0107758 0.00921626 0.00785406 0.00667437 0.00566277 0.00480561 0.00409026 0.00350532 0.00304085 0.00268849 0.00244162 0.00229544 
0.0026016 0.00265721 0.00282512 0.00310863 0.00351313 0.00404609 0.00471689 0.00553672 0.00651835 0.00767593 0.00902472 0.0105808 0.0123606 0.0143808 0.0166578 0.0192069 0.0220425 0.0251773 0.0286217 0.0323837 0.036468 0.0408761 0.0456056 0.05065 0.0559986 0.0616361 0.0675426 0.0736939 0.0800611 0.0866112 0.0933073 0.100109 0.106972 0.11385 0.120696 0.127458 0.134087 0.14053 0.146737 0.152659 0.158248 0.163456 0.168242 0.172565 0.176388 0.17968 0.182413 0.184562 0.186111 0.187046 0.187358 0.187046 0.186111 0.184562 0.182413 0.17968 0.176388 0.172565 0.168242 0.163456 0.158248 0.152659 0.146737 0.14053 0.134087 0.127458 0.120696 0.11385 0.106972 0.100109 0.0933073 0.0866112 0.0800611 0.0736939 0.0675426 0.0616361 0.0559986 0.05065 0.0456056 0.0408761 0.036468 0.0323837 0.0286217 0.0251773 0.0220425 0.0192069 0.0166578 0.0143808 0.0123606 0.0105808 0.00902472 0.00767593 0.00651835 0.00553672 0.00471689 0.00404609 0.00351313 0.00310863 0.00282512 0.00265721 
0.00299761 0.00306119 0.00325316 0.00357718 0.00403933 0.00464795 0.00541356 0.00634865 0.00746747 0.00878579 0.0103206 0.0120896 0.0141112 0.0164036 0.0189847 0.0218714 0.0250792 0.0286217 0.0325099 0.036752 0.0413525 0.0463122 0.0516277 0.0572908 0.0632886 0.0696033 0.0762121 0.083087 0.0901953 0.0974999 0.104959 0.112528 0.120157 0.127796 0.13539 0.142885 0.150225 0.157353 0.164215 0.170755 0.176923 0.182667 0.187942 0.192704 0.196913 0.200536 0.203542 0.205906 0.207609 0.208636 0.20898 0.208636 0.207609 0.205906 0.203542 0.200536 0.196913 0.192704 0.187942 0.182667 0.176923 0.170755 0.164215 0.157353 0.150225 0.142885 0.13539 0.127796 0.120157 0.112528 0.104959 0.0974999 0.0901953 0.083087 0.0762121 0.0696033 0.0632886 0.0572908 0.0516277 0.0463122 0.0413525 0.036752 0.0325099 0.0286217 0.0250792 0.0218714 0.0189847 0.0164036 0.0141112 0.0120896 0.0103206 0.00878579 0.00746747 0.00634865 0.00541356 0.00464795 0.00403933 0.00357718 0.00325316 0.00306119 
0.0034373 0.00350965 0.00372806 0.00409663 0.00462212 0.00531385 0.0061835 0.00724498 0.00851411 0.0100084 0.0117465 0.0137481 0.0160334 0.0186223 0.0215343 0.0247878 0.0283995 0.0323837 0.036752 0.0415126 0.0466699 0.0522236 0.058169 0.0644961 0.0711896 0.0782288 0.0855875 0.0932338 0.101131 0.109237 0.117506 0.125887 0.134326 0.142767 0.15115 0.159415 0.167501 0.175347 0.182893 0.190081 0.196853 0.203155 0.208939 0.214157 0.218767 0.222733 0.226023 0.228609 0.230471 0.231595 0.23197 0.231595 0.230471 0.228609 0.226023 0.222733 0.218767 0.214157 0.208939 0.203155 0.196853 0.190081 0.182893 0.175347 0.167501 0.159415 0.15115 0.142767 0.134326 0.125887 0.117506 0.109237 0.101131 0.0932338 0.0855875 0.0782288 0.0711896 0.0644961 0.058169 0.0522236 0.0466699 0.0415126 0.036752 0.0323837 0.0283995 0.0247878 0.0215343 0.0186223 0.0160334 0.0137481 0.0117465 0.0100084 0.00851411 0.00724498 0.0061835 0.00531385 0.00462212 0.00409663 0.00372806 0.00350965 
0.0039226 0.00400453 0.00425185 0.0046691 0.00526379 0.00604624 0.00702941 0.00822866 0.00966149 0.0113472 0.0133063 0.0155604 0.0181316 0.0210415 0.0243114 0.027961 0.0320081 0.036468 0.0413525 0.0466699 0.0524238 0.0586132 0.0652316 0.0722669 0.0797011 0.0875104 0.0956646 0.104128 0.112859 0.121811 0.130933 0.140168 0.149457 0.158737 0.167945 0.177015 0.185879 0.194472 0.202729 0.210587 0.217984 0.224865 0.231174 0.236862 0.241886 0.246205 0.249786 0.2526 0.254627 0.255849 0.256257 0.255849 0.254627 0.2526 0.249786 0.246205 0.241886 0.236862 0.231174 0.224865 0.217984 0.210587 0.202729 0.194472 0.185879 0.177015 0.167945 0.158737 0.149457 0.140168 0.130933 0.121811 0.112859 0.104128 0.0956646 0.0875104 0.0797011 0.0722669 0.0652316 0.0586132 0.0524238 0.0466699 0.0413525 0.036468 0.0320081 0.027961 0.0243114 0.0210415 0.0181316 0.0155604 0.0133063 0.0113472 0.00966149 0.00822866 0.00702941 0.00604624 0.00526379 0.0046691 0.00425185 0.00400453 
0.00445508 0.00454742 0.00482615 0.00529629 0.00596612 0.00684703 0.0079533 0.00930185 0.0109119 0.0128046 0.0150025 0.0175291 0.0204084 0.0236639 0.0273185 0.0313933 0.0359072 0.0408761 0.0463122 0.0522236 0.0586132 0.0654786 0.0728115 0.0805974 0.0888153 0.0974378 0.106431 0.115754 0.125361 0.1352 0.145213 0.15534 0.165515 0.17567 0.185734 0.195637 0.205306 0.21467 0.22366 0.232208 0.240248 0.247721 0.254568 0.260738 0.266184 0.270863 0.274741 0.277789 0.279982 0.281305 0.281747 0.281305 0.279982 0.277789 0.274741 0.270863 0.266184 0.260738 0.254568 0.247721 0.240248 0.232208 0.22366 0.21467 0.205306 0.195637 0.185734 0.17567 0.165515 0.15534 0.145213 0.1352 0.125361 0.115754 0.106431 0.0974378 0.0888153 0.0805974 0.0728115 0.0654786 0.0586132 0.0522236 0.0463122 0.0408761 0.0359072 0.0313933 0.0273185 0.0236639 0.0204084 0.0175291 0.0150025 0.0128046 0.0109119 0.00930185 0.0079533 0.00684703 0.00596612 0.00529629 0.00482615 0.00454742 
0.00503584 0.00513945 0.00545211 0.00597936 0.0067303 0.00771743 0.00895642 0.0104658 0.0122666 0.0143819 0.0168362 0.0196551 0.0228645 0.0264898 0.0305554 0.0350839 0.0400951 0.0456056 0.0516277 0.058169 0.0652316 0.0728115 0.0808983 0.0894748 0.0985166 0.107993 0.117864 0.128086 0.138607 0.149369 0.16031 0.171362 0.182454 0.193511 0.204459 0.215219 0.225714 0.235869 0.245608 0.25486 0.263556 0.271631 0.279026 0.285684 0.291557 0.296602 0.300781 0.304063 0.306425 0.307849 0.308325 0.307849 0.306425 0.304063 0.300781 0.296602 0.291557 0.285684 0.279026 0.271631 0.263556 0.25486 0.245608 0.235869 0.225714 0.215219 0.204459 0.193511 0.182454 0.171362 0.16031 0.149369 0.138607 0.128086 0.117864 0.107993 0.0985166 0.0894748 0.0808983 0.0728115 0.0652316 0.058169 0.0516277 0.0456056 0.0400951 0.0350839 0.0305554 0.0264898 0.0228645 0.0196551 0.0168362 0.0143819 0.0122666 0.0104658 0.00895642 0.00771743 0.0067303 0.00597936 0.00545211 0.00513945 
0.00566551 0.0057812 0.00613031 0.00671888 0.00755685 0.0086579 0.0100391 0.0117207 0.0137256 0.0160787 0.0188068 0.0219374 0.0254984 0.029517 0.0340192 0.0390289 0.0445668 0.05065 0.0572908 0.0644961 0.0722669 0.0805974 0.0894748 0.0988787 0.108781 0.119147 0.129933 0.141089 0.152557 0.164275 0.176173 0.188177 0.200212 0.212195 0.224047 0.235682 0.24702 0.257979 0.268479 0.278445 0.287804 0.296487 0.304433 0.311583 0.317886 0.323297 0.327777 0.331295 0.333826 0.335352 0.335861 0.335352 0.333826 0.331295 0.327777 0.323297 0.317886 0.311583 0.304433 0.296487 0.287804 0.278445 0.268479 0.257979 0.24702 0.235682 0.224047 0.212195 0.200212 0.188177 0.176173 0.164275 0.152557 0.141089 0.129933 0.119147 0.108781 0.0988787 0.0894748 0.0805974 0.0722669 0.0644961 0.0572908 0.05065 0.0445668 0.0390289 0.0340192 0.029517 0.0254984 0.0219374 0.0188068 0.0160787 0.0137256 0.0117207 0.0100391 0.0086579 0.00755685 0.00671888 0.00613031 0.0057812 
0.0063441 0.0064727 0.00686071 0.00751471 0.00844553 0.00966803 0.0112008 0.0130657 0.0152876 0.0178935 0.0209121 0.0243731 0.0283063 0.0327407 0.037704 0.043221 0.0493135 0.0559986 0.0632886 0.0711896 0.0797011 0.0888153 0.0985166 0.108781 0.119578 0.130866 0.142597 0.154717 0.16716 0.17986 0.192739 0.205719 0.218716 0.231643 0.244412 0.256936 0.269127 0.280897 0.292164 0.302847 0.312871 0.322164 0.33066 0.338301 0.345032 0.350807 0.355587 0.359339 0.362037 0.363663 0.364207 0.363663 0.362037 0.359339 0.355587 0.350807 0.345032 0.338301 0.33066 0.322164 0.312871 0.302847 0.292164 0.280897 0.269127 0.256936 0.244412 0.231643 0.218716 0.205719 0.192739 0.17986 0.16716 0.154717 0.142597 0.130866 0.119578 0.108781 0.0985166 0.0888153 0.0797011 0.0711896 0.0632886 0.0559986 0.0493135 0.043221 0.037704 0.0327407 0.0283063 0.0243731 0.0209121 0.0178935 0.0152876 0.0130657 0.0112008 0.00966803 0.00844553 0.00751471 0.00686071 0.0064727 
0.007071 0.00721329 0.00764258 0.00836599 0.00939526 0.0107465 0.0124397 0.0144986 0.0169499 0.0198227 0.0231478 0.026957 0.0312819 0.0361534 0.0416005 0.0476492 0.054322 0.0616361 0.0696033 0.0782288 0.0875104 0.0974378 0.107993 0.119147 0.130866 0.143104 0.155807 0.168914 0.182356 0.196057 0.209937 0.223907 0.23788 0.251761 0.265458 0.278875 0.291922 0.304505 0.316539 0.327938 0.338623 0.348521 0.357563 0.365689 0.372843 0.378978 0.384053 0.388035 0.390898 0.392623 0.393199 0.392623 0.390898 0.388035 0.384053 0.378978 0.372843 0.365689 0.357563 0.348521 0.338623 0.327938 0.316539 0.304505 0.291922 0.278875 0.265458 0.251761 0.23788 0.223907 0.209937 0.196057 0.182356 0.168914 0.155807 0.143104 0.130866 0.119147 0.107993 0.0974378 0.0875104 0.0782288 0.0696033 0.0616361 0.054322 0.0476492 0.0416005 0.0361534 0.0312819 0.026957 0.0231478 0.0198227 0.0169499 0.0144986 0.0124397 0.0107465 0.00939526 0.00836599 0.00764258 0.00721329 
0.00784486 0.00800161 0.00847443 0.00927103 0.010404 0.0118908 0.013753 0.0160159 0.0187083 0.0218613 0.0255079 0.0296817 0.0344163 0.0397444 0.0456963 0.052299 0.0595753 0.0675426 0.0762121 0.0855875 0.0956646 0.106431 0.117864 0.129933 0.142597 0.155807 0.169502 0.183616 0.198073 0.212791 0.227681 0.242652 0.257607 0.272446 0.287072 0.301383 0.315282 0.328675 0.341468 0.353575 0.364913 0.375406 0.384986 0.393587 0.401155 0.407641 0.413004 0.417211 0.420234 0.422055 0.422663 0.422055 0.420234 0.417211 0.413004 0.407641 0.401155 0.393587 0.384986 0.375406 0.364913 0.353575 0.341468 0.328675 0.315282 0.301383 0.287072 0.272446 0.257607 0.242652 0.227681 0.212791 0.198073 0.183616 0.169502 0.155807 0.142597 0.129933 0.117864 0.106431 0.0956646 0.0855875 0.0762121 0.0675426 0.0595753 0.052299 0.0456963 0.0397444 0.0344163 0.0296817 0.0255079 0.0218613 0.0187083 0.0160159 0.013753 0.0118908 0.010404 0.00927103 0.00847443 0.00800161 
0.00866363 0.00883552 0.00935398 0.0102273 0.011469 0.0130977 0.0151366 0.0176128 0.020557 0.0240024 0.027984 0.0325374 0.0376981 0.0435004 0.0499756 0.0571519 0.0650523 0.0736939 0.083087 0.0932338 0.104128 0.115754 0.128086 0.141089 0.154717 0.168914 0.183616 0.198749 0.21423 0.229972 0.24588 0.261853 0.27779 0.293585 0.309134 0.324331 0.339075 0.353264 0.366805 0.379607 0.391584 0.40266 0.412761 0.421825 0.429795 0.436621 0.442262 0.446685 0.449863 0.451777 0.452416 0.451777 0.449863 0.446685 0.442262 0.436621 0.429795 0.421825 0.412761 0.40266 0.391584 0.379607 0.366805 0.353264 0.339075 0.324331 0.309134 0.293585 0.27779 0.261853 0.24588 0.229972 0.21423 0.198749 0.183616 0.168914 0.154717 0.141089 0.128086 0.115754 0.104128 0.0932338 0.083087 0.0736939 0.0650523 0.0571519 0.0499756 0.0435004 0.0376981 0.0325374 0.027984 0.0240024 0.020557 0.0176128 0.0151366 0.0130977 0.011469 0.0102273 0.00935398 0.00883552 
0.00952444 0.00971212 0.0102781 0.0112313 0.0125862 0.0143626 0.0165852 0.019283 0.0224887 0.0262373 0.0305658 0.0355121 0.0411132 0.0474047 0.0544195 0.0621861 0.0707277 0.0800611 0.0901953 0.101131 0.112859 0.125361 0.138607 0.152557 0.16716 0.182356 0.198073 0.21423 0.23074 0.247507 0.264429 0.281401 0.298313 0.315054 0.331515 0.347585 0.363157 0.378127 0.392398 0.405875 0.418473 0.430111 0.440717 0.450226 0.458582 0.465734 0.471642 0.476271 0.479596 0.481599 0.482268 0.481599 0.479596 0.476271 0.471642 0.465734 0.458582 0.450226 0.440717 0.430111 0.418473 0.405875 0.392398 0.378127 0.363157 0.347585 0.331515 0.315054 0.298313 0.281401 0.264429 0.247507 0.23074 0.21423 0.198073 0.182356 0.16716 0.152557 0.138607 0.125361 0.112859 0.101131 0.0901953 0.0800611 0.0707277 0.0621861 0.0544195 0.0474047 0.0411132 0.0355121 0.0305658 0.0262373 0.0224887 0.019283 0.0165852 0.0143626 0.0125862 0.0112313 0.0102781 0.00971212 
0.0104236 0.0106277 0.0112429 0.0122788 0.0137507 0.0156798 0.0180923 0.021019 0.0244943 0.0285553 0.0332412 0.0385914 0.0446447 0.0514382 0.0590056 0.0673759 0.0765724 0.0866112 0.0974999 0.109237 0.121811 0.1352 0.149369 0.164275 0.17986 0.196057 0.212791 0.229972 0.247507 0.265293 0.283221 0.30118 0.319053 0.336725 0.354079 0.371002 0.38738 0.403109 0.418086 0.432216 0.44541 0.457588 0.468676 0.47861 0.487332 0.494794 0.500954 0.505779 0.509244 0.51133 0.512026 0.51133 0.509244 0.505779 0.500954 0.494794 0.487332 0.47861 0.468676 0.457588 0.44541 0.432216 0.418086 0.403109 0.38738 0.371002 0.354079 0.336725 0.319053 0.30118 0.283221 0.265293 0.247507 0.229972 0.212791 0.196057 0.17986 0.164275 0.149369 0.1352 0.121811 0.109237 0.0974999 0.0866112 0.0765724 0.0673759 0.0590056 0.0514382 0.0446447 0.0385914 0.0332412 0.0285553 0.0244943 0.021019 0.0180923 0.0156798 0.0137507 0.0122788 0.0112429 0.0106277 
0.0113568 0.0115776 0.0122435 0.0133644 0.0149566 0.0170426 0.0196501 0.0228115 0.0265633 0.0309444 0.0359957 0.0417587 0.0482736 0.0555787 0.0637086 0.0726926 0.0825538 0.0933073 0.104959 0.117506 0.130933 0.145213 0.16031 0.176173 0.192739 0.209937 0.227681 0.24588 0.264429 0.283221 0.30214 0.321068 0.339883 0.358463 0.376687 0.394435 0.411594 0.428053 0.443707 0.458461 0.472224 0.484915 0.49646 0.506795 0.515862 0.523615 0.530011 0.535019 0.538614 0.540778 0.541501 0.540778 0.538614 0.535019 0.530011 0.523615 0.515862 0.506795 0.49646 0.484915 0.472224 0.458461 0.443707 0.428053 0.411594 0.394435 0.376687 0.358463 0.339883 0.321068 0.30214 0.283221 0.264429 0.24588 0.227681 0.209937 0.192739 0.176173 0.16031 0.145213 0.130933 0.117506 0.104959 0.0933073 0.0825538 0.0726926 0.0637086 0.0555787 0.0482736 0.0417587 0.0359957 0.0309444 0.0265633 0.0228115 0.0196501 0.0170426 0.0149566 0.0133644 0.0122435 0.0115776 
0.0123186 0.0125567 0.0132743 0.014482 0.0161972 0.0184433 0.0212497 0.0246504 0.0286836 0.0333904 0.0388133 0.0449953 0.0519783 0.0598016 0.0685003 0.0781042 0.0886356 0.100109 0.112528 0.125887 0.140168 0.15534 0.171362 0.188177 0.205719 0.223907 0.242652 0.261853 0.281401 0.30118 0.321068 0.340941 0.360671 0.38013 0.399193 0.417737 0.435644 0.4528 0.4691 0.484445 0.498745 0.511919 0.523892 0.534602 0.543991 0.552013 0.558629 0.563806 0.567521 0.569757 0.570504 0.569757 0.567521 0.563806 0.558629 0.552013 0.543991 0.534602 0.523892 0.511919 0.498745 0.484445 0.4691 0.4528 0.435644 0.417737 0.399193 0.38013 0.360671 0.340941 0.321068 0.30118 0.281401 0.261853 0.242652 0.223907 0.205719 0.188177 0.171362 0.15534 0.140168 0.125887 0.112528 0.100109 0.0886356 0.0781042 0.0685003 0.0598016 0.0519783 0.0449953 0.0388133 0.0333904 0.0286836 0.0246504 0.0212497 0.0184433 0.0161972 0.014482 0.0132743 0.0125567 
0.0133032 0.0135586 0.0143288 0.0156247 0.0174645 0.019873 0.0228809 0.0265239 0.030842 0.0358778 0.0416759 0.0482806 0.0557351 0.0640798 0.0733502 0.083576 0.094779 0.106972 0.120157 0.134326 0.149457 0.165515 0.182454 0.200212 0.218716 0.23788 0.257607 0.27779 0.298313 0.319053 0.339883 0.360671 0.381284 0.401589 0.421457 0.44076 0.459378 0.477195 0.494103 0.510004 0.524807 0.53843 0.550801 0.561857 0.571543 0.579813 0.586629 0.591961 0.595786 0.598087 0.598855 0.598087 0.595786 0.591961 0.586629 0.579813 0.571543 0.561857 0.550801 0.53843 0.524807 0.510004 0.494103 0.477195 0.459378 0.44076 0.421457 0.401589 0.381284 0.360671 0.339883 0.319053 0.298313 0.27779 0.257607 0.23788 0.218716 0.200212 0.182454 0.165515 0.149457 0.134326 0.120157 0.106972 0.094779 0.083576 0.0733502 0.0640798 0.0557351 0.0482806 0.0416759 0.0358778 0.030842 0.0265239 0.0228809 0.019873 0.0174645 0.0156247 0.0143288 0.0135586 
0.0143037 0.0145768 0.0153998 0.0167846 0.01875 0.021322 0.0245326 0.0284193 0.0330236 0.0383898 0.044564 0.0515922 0.0595186 0.0683842 0.0782252 0.0890709 0.100942 0.11385 0.127796 0.142767 0.158737 0.17567 0.193511 0.212195 0.231643 0.251761 0.272446 0.293585 0.315054 0.336725 0.358463 0.38013 0.401589 0.422702 0.443335 0.463357 0.482646 0.501083 0.518561 0.534979 0.550248 0.564286 0.577023 0.588395 0.598351 0.606846 0.613843 0.619314 0.623237 0.625597 0.626385 0.625597 0.623237 0.619314 0.613843 0.606846 0.598351 0.588395 0.577023 0.564286 0.550248 0.534979 0.518561 0.501083 0.482646 0.463357 0.443335 0.422702 0.401589 0.38013 0.358463 0.336725 0.315054 0.293585 0.272446 0.251761 0.231643 0.212195 0.193511 0.17567 0.158737 0.142767 0.127796 0.11385 0.100942 0.0890709 0.0782252 0.0683842 0.0595186 0.0515922 0.044564 0.0383898 0.0330236 0.0284193 0.0245326 0.021322 0.01875 0.0167846 0.0153998 0.0145768 
0.0153128 0.0156035 0.0164796 0.0179532 0.0200442 0.0227796 0.0261929 0.0303228 0.0352125 0.0409081 0.0474569 0.0549063 0.0633015 0.0726842 0.0830907 0.0945499 0.107082 0.120696 0.13539 0.15115 0.167945 0.185734 0.204459 0.224047 0.244412 0.265458 0.287072 0.309134 0.331515 0.354079 0.376687 0.399193 0.421457 0.443335 0.464689 0.485388 0.505304 0.524319 0.542324 0.55922 0.574916 0.589333 0.6024 0.614059 0.624257 0.632953 0.640112 0.645707 0.649718 0.65213 0.652935 0.65213 0.649718 0.645707 0.640112 0.632953 0.624257 0.614059 0.6024 0.589333 0.574916 0.55922 0.542324 0.524319 0.505304 0.485388 0.464689 0.443335 0.421457 0.399193 0.376687 0.354079 0.331515 0.309134 0.287072 0.265458 0.244412 0.224047 0.204459 0.185734 0.167945 0.15115 0.13539 0.120696 0.107082 0.0945499 0.0830907 0.0726842 0.0633015 0.0549063 0.0474569 0.0409081 0.0352125 0.0303228 0.0261929 0.0227796 0.0200442 0.0179532 0.0164796 0.0156035 
0.0163227 0.0166308 0.0175595 0.0191214 0.0213371 0.0242346 0.0278488 0.0322197 0.0373921 0.0434135 0.0503326 0.0581978 0.0670554 0.0769476 0.0879105 0.0999724 0.113152 0.127458 0.142885 0.159415 0.177015 0.195637 0.215219 0.235682 0.256936 0.278875 0.301383 0.324331 0.347585 0.371002 0.394435 0.417737 0.44076 0.463357 0.485388 0.506716 0.527214 0.546762 0.565252 0.582583 0.598667 0.613425 0.626791 0.638705 0.649118 0.657992 0.665293 0.670996 0.675083 0.67754 0.67836 0.67754 0.675083 0.670996 0.665293 0.657992 0.649118 0.638705 0.626791 0.613425 0.598667 0.582583 0.565252 0.546762 0.527214 0.506716 0.485388 0.463357 0.44076 0.417737 0.394435 0.371002 0.347585 0.324331 0.301383 0.278875 0.256936 0.235682 0.215219 0.195637 0.177015 0.159415 0.142885 0.127458 0.113152 0.0999724 0.0879105 0.0769476 0.0670554 0.0581978 0.0503326 0.0434135 0.0373921 0.0322197 0.0278488 0.0242346 0.0213371 0.0191214 0.0175595 0.0166308 
0.0173248 0.0176502 0.0186308 0.0202795 0.022618 0.0256751 0.0294869 0.0340948 0.0395449 0.045886 0.0531682 0.0614409 0.0707511 0.0811412 0.0926473 0.105297 0.119108 0.134087 0.150225 0.167501 0.185879 0.205306 0.225714 0.24702 0.269127 0.291922 0.315282 0.339075 0.363157 0.38738 0.411594 0.435644 0.459378 0.482646 0.505304 0.527214 0.548247 0.568283 0.587213 0.604938 0.62137 0.636433 0.650062 0.662201 0.672803 0.681831 0.689255 0.695052 0.699204 0.701699 0.702532 0.701699 0.699204 0.695052 0.689255 0.681831 0.672803 0.662201 0.650062 0.636433 0.62137 0.604938 0.587213 0.568283 0.548247 0.527214 0.505304 0.482646 0.459378 0.435644 0.411594 0.38738 0.363157 0.339075 0.315282 0.291922 0.269127 0.24702 0.225714 0.205306 0.185879 0.167501 0.150225 0.134087 0.119108 0.105297 0.0926473 0.0811412 0.0707511 0.0614409 0.0531682 0.045886 0.0395449 0.0340948 0.0294869 0.0256751 0.022618 0.0202795 0.0186308 0.0176502 
0.0183106 0.0186528 0.0196839 0.0214176 0.0238759 0.0270888 0.0310933 0.0359322 0.0416528 0.0483052 0.0559405 0.0646091 0.0743585 0.0852315 0.0972637 0.110482 0.124903 0.14053 0.157353 0.175347 0.194472 0.21467 0.235869 0.257979 0.280897 0.304505 0.328675 0.353264 0.378127 0.403109 0.428053 0.4528 0.477195 0.501083 0.524319 0.546762 0.568283 0.588761 0.608087 0.626164 0.642906 0.658238 0.672098 0.684432 0.695196 0.704356 0.711885 0.71776 0.721967 0.724495 0.725338 0.724495 0.721967 0.71776 0.711885 0.704356 0.695196 0.684432 0.672098 0.658238 0.642906 0.626164 0.608087 0.588761 0.568283 0.546762 0.524319 0.501083 0.477195 0.4528 0.428053 0.403109 0.378127 0.353264 0.328675 0.304505 0.280897 0.257979 0.235869 0.21467 0.194472 0.175347 0.157353 0.14053 0.124903 0.110482 0.0972637 0.0852315 0.0743585 0.0646091 0.0559405 0.0483052 0.0416528 0.0359322 0.0310933 0.0270888 0.0238759 0.0214176 0.0196839 0.0186528 
0.0192708 0.0196293 0.0207095 0.0225254 0.0250996 0.0284631 0.0326539 0.0377159 0.0436976 0.0506503 0.0586259 0.0676757 0.0778477 0.0891847 0.101722 0.115486 0.13049 0.146737 0.164215 0.182893 0.202729 0.22366 0.245608 0.268479 0.292164 0.316539 0.341468 0.366805 0.392398 0.418086 0.443707 0.4691 0.494103 0.518561 0.542324 0.565252 0.587213 0.608087 0.627766 0.646155 0.663168 0.678735 0.692793 0.705294 0.716196 0.725468 0.733083 0.739023 0.743275 0.745829 0.746681 0.745829 0.743275 0.739023 0.733083 0.725468 0.716196 0.705294 0.692793 0.678735 0.663168 0.646155 0.627766 0.608087 0.587213 0.565252 0.542324 0.518561 0.494103 0.4691 0.443707 0.418086 0.392398 0.366805 0.341468 0.316539 0.292164 0.268479 0.245608 0.22366 0.202729 0.182893 0.164215 0.146737 0.13049 0.115486 0.101722 0.0891847 0.0778477 0.0676757 0.0586259 0.0506503 0.0436976 0.0377159 0.0326539 0.0284631 0.0250996 0.0225254 0.0207095 0.0196293 
0.0201966 0.0205707 0.0216978 0.0235924 0.0262776 0.0297853 0.0341544 0.0394298 0.0456611 0.0529005 0.061201 0.0706143 0.0811889 0.0929674 0.105985 0.120266 0.135825 0.152659 0.170755 0.190081 0.210587 0.232208 0.25486 0.278445 0.302847 0.327938 0.353575 0.379607 0.405875 0.432216 0.458461 0.484445 0.510004 0.534979 0.55922 0.582583 0.604938 0.626164 0.646155 0.664816 0.682065 0.697832 0.71206 0.724701 0.735718 0.745081 0.752766 0.758759 0.763047 0.765623 0.766482 0.765623 0.763047 0.758759 0.752766 0.745081 0.735718 0.724701 0.71206 0.697832 0.682065 0.664816 0.646155 0.626164 0.604938 0.582583 0.55922 0.534979 0.510004 0.484445 0.458461 0.432216 0.405875 0.379607 0.353575 0.327938 0.302847 0.278445 0.25486 0.232208 0.210587 0.190081 0.170755 0.152659 0.135825 0.120266 0.105985 0.0929674 0.0811889 0.0706143 0.061201 0.0529005 0.0456611 0.0394298 0.0341544 0.0297853 0.0262776 0.0235924 0.0216978 0.0205707 
