1.36344e-11 1.70489e-11 2.8757e-11 5.36682e-11 1.01824e-10 1.91695e-10 3.55897e-10 6.50641e-10 1.17087e-09 2.07398e-09 3.61605e-09 6.2061e-09 1.04854e-08 1.74406e-08 2.85616e-08 4.60563e-08 7.31338e-08 1.14371e-07 1.76167e-07 2.67296e-07 3.99545e-07 5.88427e-07 8.53925e-07 1.22122e-06 1.7213e-06 2.3914e-06 3.27509e-06 4.42187e-06 5.88628e-06 7.72612e-06 1.00001e-05 1.27645e-05 1.60692e-05 1.99534e-05 2.44405e-05 2.95337e-05 3.5212e-05 4.14271e-05 4.81017e-05 5.513e-05 6.23794e-05 6.96953e-05 7.6906e-05 8.38305e-05 9.02857e-05 9.60948e-05 0.000101094 0.000105142 0.000108119 0.000109942 0.000110555 0.000109942 0.000108119 0.000105142 0.000101094 9.60948e-05 9.02857e-05 8.38305e-05 7.6906e-05 6.96953e-05 6.23794e-05 5.513e-05 4.81017e-05 4.14271e-05 3.5212e-05 2.95337e-05 2.44405e-05 1.99534e-05 1.60692e-05 1.27645e-05 1.00001e-05 7.72612e-06 5.88628e-06 4.42187e-06 3.27509e-06 2.3914e-06 1.7213e-06 1.22122e-06 8.53925e-07 5.88427e-07 3.99545e-07 2.67296e-07 1.76167e-07 1.14371e-07 7.31338e-08 4.60563e-08 2.85616e-08 1.74406e-08 1.04854e-08 6.2061e-09 3.61605e-09 2.07398e-09 1.17087e-09 6.50641e-10 3.55897e-10 1.91695e-10 1.01824e-10 5.36682e-11 2.8757e-11 1.70489e-11 
1.70489e-11 2.12989e-11 3.58618e-11 6.68105e-11 1.2655e-10 2.3786e-10 4.40895e-10 8.04723e-10 1.44577e-09 2.55665e-09 4.45009e-09 7.6245e-09 1.28595e-08 2.13522e-08 3.49059e-08 5.61864e-08 8.90597e-08 1.39025e-07 2.13755e-07 3.2374e-07 4.83039e-07 7.10107e-07 1.02866e-06 1.46849e-06 2.06618e-06 2.86559e-06 3.91784e-06 5.28091e-06 7.01845e-06 9.19773e-06 1.18868e-05 1.51507e-05 1.90466e-05 2.3619e-05 2.88939e-05 3.48736e-05 4.1532e-05 4.88116e-05 5.66209e-05 6.48359e-05 7.33017e-05 8.18378e-05 9.0245e-05 9.8313e-05 0.00010583 0.00011259 0.000118407 0.000123113 0.000126576 0.000128694 0.000129407 0.000128694 0.000126576 0.000123113 0.000118407 0.00011259 0.00010583 9.8313e-05 9.0245e-05 8.18378e-05 7.33017e-05 6.48359e-05 5.66209e-05 4.88116e-05 4.1532e-05 3.48736e-05 2.88939e-05 2.3619e-05 1.90466e-05 1.51507e-05 1.18868e-05 9.19773e-06 7.01845e-06 5.28091e-06 3.91784e-06 2.86559e-06 2.06618e-06 1.46849e-06 1.02866e-06 7.10107e-07 4.83039e-07 3.2374e-07 2.13755e-07 1.39025e-07 8.90597e-08 5.61864e-08 3.49059e-08 2.13522e-08 1.28595e-08 7.6245e-09 4.45009e-09 2.55665e-09 1.44577e-09 8.04723e-10 4.40895e-10 2.3786e-10 1.2655e-10 6.68105e-11 3.58618e-11 2.12989e-11 
2.8757e-11 3.58618e-11 6.01744e-11 1.11724e-10 2.10946e-10 3.95244e-10 7.30318e-10 1.32874e-09 2.37953e-09 4.19411e-09 7.27598e-09 1.24242e-08 2.0883e-08 3.45543e-08 5.62899e-08 9.02851e-08 1.42595e-07 2.2179e-07 3.39764e-07 5.12699e-07 7.62167e-07 1.11633e-06 1.61119e-06 2.29172e-06 3.21286e-06 4.44003e-06 6.04914e-06 8.1257e-06 1.0763e-05 1.40589e-05 1.81117e-05 2.30143e-05 2.88476e-05 3.56727e-05 4.35232e-05 5.2398e-05 6.22543e-05 7.30034e-05 8.45083e-05 9.65848e-05 0.000109005 0.000121507 0.000133799 0.000145578 0.000156538 0.000166385 0.000174848 0.000181691 0.000186722 0.000189799 0.000190834 0.000189799 0.000186722 0.000181691 0.000174848 0.000166385 0.000156538 0.000145578 0.000133799 0.000121507 0.000109005 9.65848e-05 8.45083e-05 7.30034e-05 6.22543e-05 5.2398e-05 4.35232e-05 3.56727e-05 2.88476e-05 2.30143e-05 1.81117e-05 1.40589e-05 1.0763e-05 8.1257e-06 6.04914e-06 4.44003e-06 3.21286e-06 2.29172e-06 1.61119e-06 1.11633e-06 7.62167e-07 5.12699e-07 3.39764e-07 2.2179e-07 1.42595e-07 9.02851e-08 5.62899e-08 3.45543e-08 2.0883e-08 1.24242e-08 7.27598e-09 4.19411e-09 2.37953e-09 1.32874e-09 7.30318e-10 3.95244e-10 2.10946e-10 1.11724e-10 6.01744e-11 3.58618e-11 
5.36682e-11 6.68105e-11 1.11724e-10 2.06738e-10 3.891e-10 7.26776e-10 1.33872e-09 2.42795e-09 4.33406e-09 7.61416e-09 1.31653e-08 2.24046e-08 3.75294e-08 6.1882e-08 1.00451e-07 1.60539e-07 2.52632e-07 3.91497e-07 5.97519e-07 8.98282e-07 1.33036e-06 1.94122e-06 2.7912e-06 3.95526e-06 5.52437e-06 7.60626e-06 1.03251e-05 1.38198e-05 1.82409e-05 2.37453e-05 3.04888e-05 3.86172e-05 4.82555e-05 5.94954e-05 7.23836e-05 8.69098e-05 0.000102997 0.000120494 0.000139176 0.00015874 0.000178819 0.000198988 0.000218785 0.000237724 0.000255322 0.000271114 0.000284672 0.000295626 0.000303675 0.000308595 0.00031025 0.000308595 0.000303675 0.000295626 0.000284672 0.000271114 0.000255322 0.000237724 0.000218785 0.000198988 0.000178819 0.00015874 0.000139176 0.000120494 0.000102997 8.69098e-05 7.23836e-05 5.94954e-05 4.82555e-05 3.86172e-05 3.04888e-05 2.37453e-05 1.82409e-05 1.38198e-05 1.03251e-05 7.60626e-06 5.52437e-06 3.95526e-06 2.7912e-06 1.94122e-06 1.33036e-06 8.98282e-07 5.97519e-07 3.91497e-07 2.52632e-07 1.60539e-07 1.00451e-07 6.1882e-08 3.75294e-08 2.24046e-08 1.31653e-08 7.61416e-09 4.33406e-09 2.42795e-09 1.33872e-09 7.26776e-10 3.891e-10 2.06738e-10 1.11724e-10 6.68105e-11 
1.01824e-10 1.2655e-10 2.10946e-10 3.891e-10 7.30125e-10 1.35975e-09 2.49726e-09 4.51564e-09 8.03629e-09 1.40749e-08 2.42599e-08 4.1154e-08 6.8713e-08 1.12928e-07 1.827e-07 2.90999e-07 4.56359e-07 7.0475e-07 1.07184e-06 1.60566e-06 2.36951e-06 3.44515e-06 4.9359e-06 6.96939e-06 9.69961e-06 1.33078e-05 1.80016e-05 2.40118e-05 3.15867e-05 4.09829e-05 5.24532e-05 6.62314e-05 8.25143e-05 0.000101442 0.000123079 0.000147395 0.00017425 0.000203383 0.000234411 0.000266832 0.000300035 0.000333325 0.000365941 0.000397098 0.000426006 0.000451916 0.00047414 0.000492081 0.000505255 0.000513304 0.000516012 0.000513304 0.000505255 0.000492081 0.00047414 0.000451916 0.000426006 0.000397098 0.000365941 0.000333325 0.000300035 0.000266832 0.000234411 0.000203383 0.00017425 0.000147395 0.000123079 0.000101442 8.25143e-05 6.62314e-05 5.24532e-05 4.09829e-05 3.15867e-05 2.40118e-05 1.80016e-05 1.33078e-05 9.69961e-06 6.96939e-06 4.9359e-06 3.44515e-06 2.36951e-06 1.60566e-06 1.07184e-06 7.0475e-07 4.56359e-07 2.90999e-07 1.827e-07 1.12928e-07 6.8713e-08 4.1154e-08 2.42599e-08 1.40749e-08 8.03629e-09 4.51564e-09 2.49726e-09 1.35975e-09 7.30125e-10 3.891e-10 2.10946e-10 1.2655e-10 
1.91695e-10 2.3786e-10 3.95244e-10 7.26776e-10 1.35975e-09 2.52505e-09 4.62404e-09 8.33695e-09 1.4793e-08 2.58307e-08 4.43866e-08 7.50626e-08 1.24933e-07 2.04665e-07 3.30037e-07 5.23934e-07 8.18905e-07 1.26033e-06 1.91025e-06 2.85171e-06 4.19366e-06 6.07603e-06 8.67464e-06 1.22054e-05 1.69275e-05 2.31438e-05 3.11994e-05 4.14751e-05 5.43777e-05 7.03242e-05 8.97218e-05 0.000112942 0.000140292 0.000171984 0.000208101 0.000248571 0.000293143 0.000341371 0.000392611 0.00044603 0.000500623 0.000555252 0.000608684 0.000659643 0.00070686 0.000749128 0.000785346 0.000814561 0.000836 0.000849095 0.000853499 0.000849095 0.000836 0.000814561 0.000785346 0.000749128 0.00070686 0.000659643 0.000608684 0.000555252 0.000500623 0.00044603 0.000392611 0.000341371 0.000293143 0.000248571 0.000208101 0.000171984 0.000140292 0.000112942 8.97218e-05 7.03242e-05 5.43777e-05 4.14751e-05 3.11994e-05 2.31438e-05 1.69275e-05 1.22054e-05 8.67464e-06 6.07603e-06 4.19366e-06 2.85171e-06 1.91025e-06 1.26033e-06 8.18905e-07 5.23934e-07 3.30037e-07 2.04665e-07 1.24933e-07 7.50626e-08 4.43866e-08 2.58307e-08 1.4793e-08 8.33695e-09 4.62404e-09 2.52505e-09 1.35975e-09 7.26776e-10 3.95244e-10 2.3786e-10 
3.55897e-10 4.40895e-10 7.30318e-10 1.33872e-09 2.49726e-09 4.62404e-09 8.44339e-09 1.51787e-08 2.68531e-08 4.67483e-08 8.0085e-08 1.35011e-07 2.24001e-07 3.6578e-07 5.87925e-07 9.30246e-07 1.44909e-06 2.22265e-06 3.35723e-06 4.99444e-06 7.31906e-06 1.0567e-05 1.50332e-05 2.10775e-05 2.91292e-05 3.96873e-05 5.33158e-05 7.06335e-05 9.2296e-05 0.00011897 0.000151299 0.000189863 0.000235133 0.000287417 0.000346815 0.000413175 0.000486054 0.000564702 0.000648053 0.000734744 0.000823151 0.000911442 0.000997642 0.00107972 0.00115566 0.00122356 0.00128168 0.00132853 0.00136288 0.00138385 0.00139091 0.00138385 0.00136288 0.00132853 0.00128168 0.00122356 0.00115566 0.00107972 0.000997642 0.000911442 0.000823151 0.000734744 0.000648053 0.000564702 0.000486054 0.000413175 0.000346815 0.000287417 0.000235133 0.000189863 0.000151299 0.00011897 9.2296e-05 7.06335e-05 5.33158e-05 3.96873e-05 2.91292e-05 2.10775e-05 1.50332e-05 1.0567e-05 7.31906e-06 4.99444e-06 3.35723e-06 2.22265e-06 1.44909e-06 9.30246e-07 5.87925e-07 3.6578e-07 2.24001e-07 1.35011e-07 8.0085e-08 4.67483e-08 2.68531e-08 1.51787e-08 8.44339e-09 4.62404e-09 2.49726e-09 1.33872e-09 7.30318e-10 4.40895e-10 
6.50641e-10 8.04723e-10 1.32874e-09 2.42795e-09 4.51564e-09 8.33695e-09 1.51787e-08 2.72061e-08 4.79871e-08 8.32863e-08 1.42238e-07 2.39039e-07 3.95331e-07 6.4346e-07 1.03084e-06 1.6256e-06 2.5237e-06 3.85761e-06 5.80652e-06 8.60786e-06 1.25696e-05 1.8083e-05 2.56338e-05 3.58115e-05 4.93147e-05 6.69499e-05 8.96229e-05 0.00011832 0.000154077 0.000197937 0.000250899 0.000313846 0.000387479 0.000472233 0.000568209 0.000675103 0.000792154 0.00091812 0.00105127 0.00118943 0.00133 0.0014701 0.00160663 0.00173641 0.00185631 0.00196337 0.00205492 0.00212863 0.00218266 0.00221563 0.00222672 0.00221563 0.00218266 0.00212863 0.00205492 0.00196337 0.00185631 0.00173641 0.00160663 0.0014701 0.00133 0.00118943 0.00105127 0.00091812 0.000792154 0.000675103 0.000568209 0.000472233 0.000387479 0.000313846 0.000250899 0.000197937 0.000154077 0.00011832 8.96229e-05 6.69499e-05 4.93147e-05 3.58115e-05 2.56338e-05 1.8083e-05 1.25696e-05 8.60786e-06 5.80652e-06 3.85761e-06 2.5237e-06 1.6256e-06 1.03084e-06 6.4346e-07 3.95331e-07 2.39039e-07 1.42238e-07 8.32863e-08 4.79871e-08 2.72061e-08 1.51787e-08 8.33695e-09 4.51564e-09 2.42795e-09 1.32874e-09 8.04723e-10 
1.17087e-09 1.44577e-09 2.37953e-09 4.33406e-09 8.03629e-09 1.4793e-08 2.68531e-08 4.79871e-08 8.43846e-08 1.46006e-07 2.48571e-07 4.16409e-07 6.86443e-07 1.11362e-06 1.77809e-06 2.79448e-06 4.32343e-06 6.58557e-06 9.87772e-06 1.45909e-05 2.12298e-05 3.0431e-05 4.29805e-05 5.98263e-05 8.20839e-05 0.000111032 0.000148097 0.000194819 0.0002528 0.000323642 0.000408854 0.000509751 0.000627344 0.000762225 0.00091445 0.00108344 0.00126793 0.0014659 0.00167459 0.00189058 0.00210983 0.00232787 0.00253993 0.00274116 0.00292679 0.00309231 0.00323369 0.00334743 0.00343073 0.00348154 0.00349862 0.00348154 0.00343073 0.00334743 0.00323369 0.00309231 0.00292679 0.00274116 0.00253993 0.00232787 0.00210983 0.00189058 0.00167459 0.0014659 0.00126793 0.00108344 0.00091445 0.000762225 0.000627344 0.000509751 0.000408854 0.000323642 0.0002528 0.000194819 0.000148097 0.000111032 8.20839e-05 5.98263e-05 4.29805e-05 3.0431e-05 2.12298e-05 1.45909e-05 9.87772e-06 6.58557e-06 4.32343e-06 2.79448e-06 1.77809e-06 1.11362e-06 6.86443e-07 4.16409e-07 2.48571e-07 1.46006e-07 8.43846e-08 4.79871e-08 2.68531e-08 1.4793e-08 8.03629e-09 4.33406e-09 2.37953e-09 1.44577e-09 
2.07398e-09 2.55665e-09 4.19411e-09 7.61416e-09 1.40749e-08 2.58307e-08 4.67483e-08 8.32863e-08 1.46006e-07 2.51836e-07 4.2738e-07 7.13637e-07 1.17256e-06 1.89589e-06 3.01687e-06 4.72506e-06 7.28477e-06 1.10571e-05 1.6525e-05 2.43215e-05 3.5258e-05 5.03525e-05 7.08533e-05 9.82558e-05 0.000134308 0.000180998 0.000240526 0.000315246 0.000407591 0.000519955 0.00065457 0.000813341 0.000997686 0.00120836 0.00144528 0.00170742 0.00199268 0.00229785 0.00261865 0.00294977 0.00328507 0.00361777 0.00394069 0.00424654 0.00452821 0.00477903 0.004993 0.00516498 0.00529084 0.00536758 0.00539337 0.00536758 0.00529084 0.00516498 0.004993 0.00477903 0.00452821 0.00424654 0.00394069 0.00361777 0.00328507 0.00294977 0.00261865 0.00229785 0.00199268 0.00170742 0.00144528 0.00120836 0.000997686 0.000813341 0.00065457 0.000519955 0.000407591 0.000315246 0.000240526 0.000180998 0.000134308 9.82558e-05 7.08533e-05 5.03525e-05 3.5258e-05 2.43215e-05 1.6525e-05 1.10571e-05 7.28477e-06 4.72506e-06 3.01687e-06 1.89589e-06 1.17256e-06 7.13637e-07 4.2738e-07 2.51836e-07 1.46006e-07 8.32863e-08 4.67483e-08 2.58307e-08 1.40749e-08 7.61416e-09 4.19411e-09 2.55665e-09 
3.61605e-09 4.45009e-09 7.27598e-09 1.31653e-08 2.42599e-08 4.43866e-08 8.0085e-08 1.42238e-07 2.48571e-07 4.2738e-07 7.22945e-07 1.20321e-06 1.97036e-06 3.17506e-06 5.03498e-06 7.85827e-06 1.20724e-05 1.82579e-05 2.71873e-05 3.98664e-05 5.75773e-05 8.19175e-05 0.000114833 0.000158639 0.00021602 0.000290008 0.000383927 0.000501305 0.000645744 0.000820753 0.00102954 0.0012748 0.00155844 0.00188135 0.00224316 0.00264207 0.00307471 0.00353609 0.00401964 0.00451737 0.00502009 0.00551771 0.00599966 0.00645525 0.0068741 0.00724652 0.00756383 0.0078186 0.00800492 0.00811846 0.0081566 0.00811846 0.00800492 0.0078186 0.00756383 0.00724652 0.0068741 0.00645525 0.00599966 0.00551771 0.00502009 0.00451737 0.00401964 0.00353609 0.00307471 0.00264207 0.00224316 0.00188135 0.00155844 0.0012748 0.00102954 0.000820753 0.000645744 0.000501305 0.000383927 0.000290008 0.00021602 0.000158639 0.000114833 8.19175e-05 5.75773e-05 3.98664e-05 2.71873e-05 1.82579e-05 1.20724e-05 7.85827e-06 5.03498e-06 3.17506e-06 1.97036e-06 1.20321e-06 7.22945e-07 4.2738e-07 2.48571e-07 1.42238e-07 8.0085e-08 4.43866e-08 2.42599e-08 1.31653e-08 7.27598e-09 4.45009e-09 
6.2061e-09 7.6245e-09 1.24242e-08 2.24046e-08 4.1154e-08 7.50626e-08 1.35011e-07 2.39039e-07 4.16409e-07 7.13637e-07 1.20321e-06 1.99584e-06 3.2573e-06 5.23078e-06 8.2659e-06 1.28551e-05 1.96775e-05 2.96508e-05 4.39883e-05 6.42607e-05 9.24564e-05 0.000131037 0.00018298 0.000251801 0.000341544 0.000456739 0.000602309 0.000783423 0.0010053 0.00127296 0.0015909 0.0019628 0.00239112 0.00287681 0.00341892 0.00401442 0.00465801 0.00534207 0.00605676 0.00679026 0.00752908 0.0082586 0.00896353 0.00962855 0.0102388 0.0107806 0.0112416 0.0116114 0.0118815 0.0120461 0.0121014 0.0120461 0.0118815 0.0116114 0.0112416 0.0107806 0.0102388 0.00962855 0.00896353 0.0082586 0.00752908 0.00679026 0.00605676 0.00534207 0.00465801 0.00401442 0.00341892 0.00287681 0.00239112 0.0019628 0.0015909 0.00127296 0.0010053 0.000783423 0.000602309 0.000456739 0.000341544 0.000251801 0.00018298 0.000131037 9.24564e-05 6.42607e-05 4.39883e-05 2.96508e-05 1.96775e-05 1.28551e-05 8.2659e-06 5.23078e-06 3.2573e-06 1.99584e-06 1.20321e-06 7.13637e-07 4.16409e-07 2.39039e-07 1.35011e-07 7.50626e-08 4.1154e-08 2.24046e-08 1.24242e-08 7.6245e-09 
1.04854e-08 1.28595e-08 2.0883e-08 3.75294e-08 6.8713e-08 1.24933e-07 2.24001e-07 3.95331e-07 6.86443e-07 1.17256e-06 1.97036e-06 3.2573e-06 5.29775e-06 8.47771e-06 1.33492e-05 2.06857e-05 3.15479e-05 4.73608e-05 6.99971e-05 0.000101865 0.000145994 0.000206108 0.000286676 0.000392935 0.00053086 0.000707084 0.000928741 0.00120324 0.00153798 0.00193995 0.0024153 0.00296887 0.00360371 0.00432056 0.00511749 0.00598954 0.00692854 0.00792311 0.00895881 0.0100185 0.0110828 0.012131 0.0131414 0.0140925 0.0149637 0.0157358 0.0163919 0.0169175 0.0173012 0.0175348 0.0176133 0.0175348 0.0173012 0.0169175 0.0163919 0.0157358 0.0149637 0.0140925 0.0131414 0.012131 0.0110828 0.0100185 0.00895881 0.00792311 0.00692854 0.00598954 0.00511749 0.00432056 0.00360371 0.00296887 0.0024153 0.00193995 0.00153798 0.00120324 0.000928741 0.000707084 0.00053086 0.000392935 0.000286676 0.000206108 0.000145994 0.000101865 6.99971e-05 4.73608e-05 3.15479e-05 2.06857e-05 1.33492e-05 8.47771e-06 5.29775e-06 3.2573e-06 1.97036e-06 1.17256e-06 6.86443e-07 3.95331e-07 2.24001e-07 1.24933e-07 6.8713e-08 3.75294e-08 2.0883e-08 1.28595e-08 
1.74406e-08 2.13522e-08 3.45543e-08 6.1882e-08 1.12928e-07 2.04665e-07 3.6578e-07 6.4346e-07 1.11362e-06 1.89589e-06 3.17506e-06 5.23078e-06 8.47771e-06 1.35182e-05 2.12093e-05 3.27449e-05 4.97536e-05 7.44095e-05 0.000109552 0.00015881 0.000226713 0.00031879 0.000441628 0.000602878 0.000811193 0.00107609 0.00140768 0.00181637 0.00231238 0.00290519 0.00360297 0.00441186 0.00533536 0.00637364 0.00752307 0.00877577 0.0101195 0.0115375 0.013009 0.0145097 0.0160125 0.0174884 0.0189074 0.0202403 0.0214586 0.0225365 0.023451 0.0241828 0.0247166 0.0250414 0.0251504 0.0250414 0.0247166 0.0241828 0.023451 0.0225365 0.0214586 0.0202403 0.0189074 0.0174884 0.0160125 0.0145097 0.013009 0.0115375 0.0101195 0.00877577 0.00752307 0.00637364 0.00533536 0.00441186 0.00360297 0.00290519 0.00231238 0.00181637 0.00140768 0.00107609 0.000811193 0.000602878 0.000441628 0.00031879 0.000226713 0.00015881 0.000109552 7.44095e-05 4.97536e-05 3.27449e-05 2.12093e-05 1.35182e-05 8.47771e-06 5.23078e-06 3.17506e-06 1.89589e-06 1.11362e-06 6.4346e-07 3.6578e-07 2.04665e-07 1.12928e-07 6.1882e-08 3.45543e-08 2.13522e-08 
2.85616e-08 3.49059e-08 5.62899e-08 1.00451e-07 1.827e-07 3.30037e-07 5.87925e-07 1.03084e-06 1.77809e-06 3.01687e-06 5.03498e-06 8.2659e-06 1.33492e-05 2.12093e-05 3.31541e-05 5.09957e-05 7.71913e-05 0.000115001 0.000168654 0.00024352 0.000346253 0.000484912 0.00066902 0.000909539 0.00121876 0.00161003 0.00209743 0.00269519 0.00341709 0.00427569 0.00528143 0.00644179 0.00776039 0.00923619 0.0108628 0.0126281 0.0145139 0.0164964 0.0185463 0.0206297 0.0227094 0.0247458 0.0266987 0.0285285 0.0301975 0.0316714 0.0329199 0.0339178 0.034645 0.0350871 0.0352355 0.0350871 0.034645 0.0339178 0.0329199 0.0316714 0.0301975 0.0285285 0.0266987 0.0247458 0.0227094 0.0206297 0.0185463 0.0164964 0.0145139 0.0126281 0.0108628 0.00923619 0.00776039 0.00644179 0.00528143 0.00427569 0.00341709 0.00269519 0.00209743 0.00161003 0.00121876 0.000909539 0.00066902 0.000484912 0.000346253 0.00024352 0.000168654 0.000115001 7.71913e-05 5.09957e-05 3.31541e-05 2.12093e-05 1.33492e-05 8.2659e-06 5.03498e-06 3.01687e-06 1.77809e-06 1.03084e-06 5.87925e-07 3.30037e-07 1.827e-07 1.00451e-07 5.62899e-08 3.49059e-08 
4.60563e-08 5.61864e-08 9.02851e-08 1.60539e-07 2.90999e-07 5.23934e-07 9.30246e-07 1.6256e-06 2.79448e-06 4.72506e-06 7.85827e-06 1.28551e-05 2.06857e-05 3.27449e-05 5.09957e-05 7.81418e-05 0.000117827 0.000174856 0.000255419 0.00036732 0.000520156 0.000725461 0.000996739 0.0013494 0.00180054 0.00236853 0.00307248 0.00393145 0.00496356 0.00618489 0.00760838 0.00924261 0.0110907 0.0131494 0.015408 0.0178484 0.0204444 0.0231625 0.0259622 0.0287975 0.0316182 0.0343718 0.037005 0.0394658 0.0417055 0.0436794 0.0453488 0.0466813 0.0476513 0.0482406 0.0484383 0.0482406 0.0476513 0.0466813 0.0453488 0.0436794 0.0417055 0.0394658 0.037005 0.0343718 0.0316182 0.0287975 0.0259622 0.0231625 0.0204444 0.0178484 0.015408 0.0131494 0.0110907 0.00924261 0.00760838 0.00618489 0.00496356 0.00393145 0.00307248 0.00236853 0.00180054 0.0013494 0.000996739 0.000725461 0.000520156 0.00036732 0.000255419 0.000174856 0.000117827 7.81418e-05 5.09957e-05 3.27449e-05 2.06857e-05 1.28551e-05 7.85827e-06 4.72506e-06 2.79448e-06 1.6256e-06 9.30246e-07 5.23934e-07 2.90999e-07 1.60539e-07 9.02851e-08 5.61864e-08 
7.31338e-08 8.90597e-08 1.42595e-07 2.52632e-07 4.56359e-07 8.18905e-07 1.44909e-06 2.5237e-06 4.32343e-06 7.28477e-06 1.20724e-05 1.96775e-05 3.15479e-05 4.97536e-05 7.71913e-05 0.000117827 0.000176974 0.000261588 0.000380577 0.000545077 0.000768686 0.0010676 0.00146062 0.00196899 0.00261599 0.00342639 0.00442555 0.00563837 0.00708802 0.0087945 0.0107731 0.0130331 0.0155759 0.0183945 0.021472 0.0247818 0.0282871 0.0319416 0.0356907 0.0394732 0.043223 0.0468715 0.0503501 0.0535924 0.0565361 0.0591253 0.0613112 0.0630534 0.0643204 0.0650896 0.0653475 0.0650896 0.0643204 0.0630534 0.0613112 0.0591253 0.0565361 0.0535924 0.0503501 0.0468715 0.043223 0.0394732 0.0356907 0.0319416 0.0282871 0.0247818 0.021472 0.0183945 0.0155759 0.0130331 0.0107731 0.0087945 0.00708802 0.00563837 0.00442555 0.00342639 0.00261599 0.00196899 0.00146062 0.0010676 0.000768686 0.000545077 0.000380577 0.000261588 0.000176974 0.000117827 7.71913e-05 4.97536e-05 3.15479e-05 1.96775e-05 1.20724e-05 7.28477e-06 4.32343e-06 2.5237e-06 1.44909e-06 8.18905e-07 4.56359e-07 2.52632e-07 1.42595e-07 8.90597e-08 
1.14371e-07 1.39025e-07 2.2179e-07 3.91497e-07 7.0475e-07 1.26033e-06 2.22265e-06 3.85761e-06 6.58557e-06 1.10571e-05 1.82579e-05 2.96508e-05 4.73608e-05 7.44095e-05 0.000115001 0.000174856 0.000261588 0.000385102 0.000557985 0.000795859 0.00111764 0.00154565 0.00210558 0.00282611 0.00373837 0.00487497 0.00626882 0.00795166 0.00995224 0.0122945 0.0149958 0.0180647 0.0214997 0.0252877 0.029403 0.0338074 0.0384502 0.043269 0.0481918 0.0531386 0.0580243 0.0627618 0.0672644 0.0714492 0.075239 0.0785651 0.0813679 0.0835985 0.0852188 0.0862017 0.0865312 0.0862017 0.0852188 0.0835985 0.0813679 0.0785651 0.075239 0.0714492 0.0672644 0.0627618 0.0580243 0.0531386 0.0481918 0.043269 0.0384502 0.0338074 0.029403 0.0252877 0.0214997 0.0180647 0.0149958 0.0122945 0.00995224 0.00795166 0.00626882 0.00487497 0.00373837 0.00282611 0.00210558 0.00154565 0.00111764 0.000795859 0.000557985 0.000385102 0.000261588 0.000174856 0.000115001 7.44095e-05 4.73608e-05 2.96508e-05 1.82579e-05 1.10571e-05 6.58557e-06 3.85761e-06 2.22265e-06 1.26033e-06 7.0475e-07 3.91497e-07 2.2179e-07 1.39025e-07 
1.76167e-07 2.13755e-07 3.39764e-07 5.97519e-07 1.07184e-06 1.91025e-06 3.35723e-06 5.80652e-06 9.87772e-06 1.6525e-05 2.71873e-05 4.39883e-05 6.99971e-05 0.000109552 0.000168654 0.000255419 0.000380577 0.000557985 0.00080513 0.00114353 0.00159904 0.00220188 0.00298644 0.00399074 0.00525548 0.00682273 0.00873417 0.0110291 0.0137422 0.0169011 0.0205238 0.0246169 0.0291732 0.0341708 0.039572 0.0453233 0.0513562 0.0575886 0.063927 0.0702695 0.0765092 0.0825375 0.0882479 0.0935391 0.0983182 0.102503 0.106022 0.108818 0.110847 0.112077 0.112489 0.112077 0.110847 0.108818 0.106022 0.102503 0.0983182 0.0935391 0.0882479 0.0825375 0.0765092 0.0702695 0.063927 0.0575886 0.0513562 0.0453233 0.039572 0.0341708 0.0291732 0.0246169 0.0205238 0.0169011 0.0137422 0.0110291 0.00873417 0.00682273 0.00525548 0.00399074 0.00298644 0.00220188 0.00159904 0.00114353 0.00080513 0.000557985 0.000380577 0.000255419 0.000168654 0.000109552 6.99971e-05 4.39883e-05 2.71873e-05 1.6525e-05 9.87772e-06 5.80652e-06 3.35723e-06 1.91025e-06 1.07184e-06 5.97519e-07 3.39764e-07 2.13755e-07 
2.67296e-07 3.2374e-07 5.12699e-07 8.98282e-07 1.60566e-06 2.85171e-06 4.99444e-06 8.60786e-06 1.45909e-05 2.43215e-05 3.98664e-05 6.42607e-05 0.000101865 0.00015881 0.00024352 0.00036732 0.000545077 0.000795859 0.00114353 0.00161725 0.00225167 0.00308697 0.00416835 0.00554519 0.00726962 0.00939465 0.0119718 0.0150485 0.0186649 0.0228512 0.0276247 0.0329871 0.0389226 0.0453967 0.0523554 0.0597258 0.0674174 0.0753242 0.0833279 0.0913013 0.0991128 0.106631 0.113727 0.120281 0.126184 0.13134 0.135667 0.139099 0.141586 0.143092 0.143597 0.143092 0.141586 0.139099 0.135667 0.13134 0.126184 0.120281 0.113727 0.106631 0.0991128 0.0913013 0.0833279 0.0753242 0.0674174 0.0597258 0.0523554 0.0453967 0.0389226 0.0329871 0.0276247 0.0228512 0.0186649 0.0150485 0.0119718 0.00939465 0.00726962 0.00554519 0.00416835 0.00308697 0.00225167 0.00161725 0.00114353 0.000795859 0.000545077 0.00036732 0.00024352 0.00015881 0.000101865 6.42607e-05 3.98664e-05 2.43215e-05 1.45909e-05 8.60786e-06 4.99444e-06 2.85171e-06 1.60566e-06 8.98282e-07 5.12699e-07 3.2374e-07 
3.99545e-07 4.83039e-07 7.62167e-07 1.33036e-06 2.36951e-06 4.19366e-06 7.31906e-06 1.25696e-05 2.12298e-05 3.5258e-05 5.75773e-05 9.24564e-05 0.000145994 0.000226713 0.000346253 0.000520156 0.000768686 0.00111764 0.00159904 0.00225167 0.00312122 0.0042601 0.00572659 0.00758354 0.00989631 0.0127302 0.0161472 0.0202026 0.0249415 0.0303946 0.0365756 0.043478 0.0510732 0.0593095 0.0681118 0.0773832 0.0870066 0.0968479 0.106761 0.11659 0.126177 0.135366 0.144007 0.151961 0.159103 0.165325 0.170535 0.17466 0.177645 0.179451 0.180056 0.179451 0.177645 0.17466 0.170535 0.165325 0.159103 0.151961 0.144007 0.135366 0.126177 0.11659 0.106761 0.0968479 0.0870066 0.0773832 0.0681118 0.0593095 0.0510732 0.043478 0.0365756 0.0303946 0.0249415 0.0202026 0.0161472 0.0127302 0.00989631 0.00758354 0.00572659 0.0042601 0.00312122 0.00225167 0.00159904 0.00111764 0.000768686 0.000520156 0.000346253 0.000226713 0.000145994 9.24564e-05 5.75773e-05 3.5258e-05 2.12298e-05 1.25696e-05 7.31906e-06 4.19366e-06 2.36951e-06 1.33036e-06 7.62167e-07 4.83039e-07 
5.88427e-07 7.10107e-07 1.11633e-06 1.94122e-06 3.44515e-06 6.07603e-06 1.0567e-05 1.8083e-05 3.0431e-05 5.03525e-05 8.19175e-05 0.000131037 0.000206108 0.00031879 0.000484912 0.000725461 0.0010676 0.00154565 0.00220188 0.00308697 0.0042601 0.00578836 0.00774551 0.0102099 0.0132618 0.0169795 0.0214359 0.0266931 0.0327991 0.0397825 0.0476495 0.0563807 0.0659296 0.076222 0.0871564 0.0986065 0.110424 0.122444 0.134487 0.146371 0.157907 0.168917 0.179229 0.188688 0.197153 0.204506 0.21065 0.215505 0.219012 0.221133 0.221842 0.221133 0.219012 0.215505 0.21065 0.204506 0.197153 0.188688 0.179229 0.168917 0.157907 0.146371 0.134487 0.122444 0.110424 0.0986065 0.0871564 0.076222 0.0659296 0.0563807 0.0476495 0.0397825 0.0327991 0.0266931 0.0214359 0.0169795 0.0132618 0.0102099 0.00774551 0.00578836 0.0042601 0.00308697 0.00220188 0.00154565 0.0010676 0.000725461 0.000484912 0.00031879 0.000206108 0.000131037 8.19175e-05 5.03525e-05 3.0431e-05 1.8083e-05 1.0567e-05 6.07603e-06 3.44515e-06 1.94122e-06 1.11633e-06 7.10107e-07 
8.53925e-07 1.02866e-06 1.61119e-06 2.7912e-06 4.9359e-06 8.67464e-06 1.50332e-05 2.56338e-05 4.29805e-05 7.08533e-05 0.000114833 0.00018298 0.000286676 0.000441628 0.00066902 0.000996739 0.00146062 0.00210558 0.00298644 0.00416835 0.00572659 0.00774551 0.0103166 0.0135357 0.017499 0.0222983 0.0280164 0.0347208 0.042459 0.0512535 0.061098 0.0719547 0.083753 0.0963899 0.109732 0.123618 0.137866 0.152274 0.166631 0.180723 0.194338 0.20727 0.219333 0.230353 0.240183 0.248697 0.255791 0.261386 0.265422 0.26786 0.268675 0.26786 0.265422 0.261386 0.255791 0.248697 0.240183 0.230353 0.219333 0.20727 0.194338 0.180723 0.166631 0.152274 0.137866 0.123618 0.109732 0.0963899 0.083753 0.0719547 0.061098 0.0512535 0.042459 0.0347208 0.0280164 0.0222983 0.017499 0.0135357 0.0103166 0.00774551 0.00572659 0.00416835 0.00298644 0.00210558 0.00146062 0.000996739 0.00066902 0.000441628 0.000286676 0.00018298 0.000114833 7.08533e-05 4.29805e-05 2.56338e-05 1.50332e-05 8.67464e-06 4.9359e-06 2.7912e-06 1.61119e-06 1.02866e-06 
1.22122e-06 1.46849e-06 2.29172e-06 3.95526e-06 6.96939e-06 1.22054e-05 2.10775e-05 3.58115e-05 5.98263e-05 9.82558e-05 0.000158639 0.000251801 0.000392935 0.000602878 0.000909539 0.0013494 0.00196899 0.00282611 0.00399074 0.00554519 0.00758354 0.0102099 0.0135357 0.0176755 0.0227422 0.0288406 0.0360614 0.0444745 0.0541229 0.0650175 0.0771332 0.0904071 0.104738 0.119986 0.135982 0.152525 0.169392 0.186347 0.203145 0.219541 0.2353 0.250196 0.264027 0.276613 0.287797 0.297453 0.305477 0.311792 0.316339 0.319082 0.319999 0.319082 0.316339 0.311792 0.305477 0.297453 0.287797 0.276613 0.264027 0.250196 0.2353 0.219541 0.203145 0.186347 0.169392 0.152525 0.135982 0.119986 0.104738 0.0904071 0.0771332 0.0650175 0.0541229 0.0444745 0.0360614 0.0288406 0.0227422 0.0176755 0.0135357 0.0102099 0.00758354 0.00554519 0.00399074 0.00282611 0.00196899 0.0013494 0.000909539 0.000602878 0.000392935 0.000251801 0.000158639 9.82558e-05 5.98263e-05 3.58115e-05 2.10775e-05 1.22054e-05 6.96939e-06 3.95526e-06 2.29172e-06 1.46849e-06 
1.7213e-06 2.06618e-06 3.21286e-06 5.52437e-06 9.69961e-06 1.69275e-05 2.91292e-05 4.93147e-05 8.20839e-05 0.000134308 0.00021602 0.000341544 0.00053086 0.000811193 0.00121876 0.00180054 0.00261599 0.00373837 0.00525548 0.00726962 0.00989631 0.0132618 0.017499 0.0227422 0.0291205 0.0367502 0.0457273 0.0561193 0.0679592 0.0812395 0.0959091 0.111872 0.128989 0.147079 0.165928 0.185292 0.204907 0.2245 0.243794 0.262516 0.280411 0.297239 0.31279 0.326878 0.339349 0.350078 0.358969 0.365949 0.370967 0.37399 0.375 0.37399 0.370967 0.365949 0.358969 0.350078 0.339349 0.326878 0.31279 0.297239 0.280411 0.262516 0.243794 0.2245 0.204907 0.185292 0.165928 0.147079 0.128989 0.111872 0.0959091 0.0812395 0.0679592 0.0561193 0.0457273 0.0367502 0.0291205 0.0227422 0.017499 0.0132618 0.00989631 0.00726962 0.00525548 0.00373837 0.00261599 0.00180054 0.00121876 0.000811193 0.00053086 0.000341544 0.00021602 0.000134308 8.20839e-05 4.93147e-05 2.91292e-05 1.69275e-05 9.69961e-06 5.52437e-06 3.21286e-06 2.06618e-06 
2.3914e-06 2.86559e-06 4.44003e-06 7.60626e-06 1.33078e-05 2.31438e-05 3.96873e-05 6.69499e-05 0.000111032 0.000180998 0.000290008 0.000456739 0.000707084 0.00107609 0.00161003 0.00236853 0.00342639 0.00487497 0.00682273 0.00939465 0.0127302 0.0169795 0.0222983 0.0288406 0.0367502 0.0461523 0.0571434 0.0697834 0.0840878 0.100023 0.117504 0.136393 0.156506 0.177613 0.199451 0.221731 0.244147 0.266388 0.288149 0.309136 0.329077 0.347728 0.364874 0.380336 0.393966 0.40565 0.415302 0.42286 0.428283 0.431546 0.432635 0.431546 0.428283 0.42286 0.415302 0.40565 0.393966 0.380336 0.364874 0.347728 0.329077 0.309136 0.288149 0.266388 0.244147 0.221731 0.199451 0.177613 0.156506 0.136393 0.117504 0.100023 0.0840878 0.0697834 0.0571434 0.0461523 0.0367502 0.0288406 0.0222983 0.0169795 0.0127302 0.00939465 0.00682273 0.00487497 0.00342639 0.00236853 0.00161003 0.00107609 0.000707084 0.000456739 0.000290008 0.000180998 0.000111032 6.69499e-05 3.96873e-05 2.31438e-05 1.33078e-05 7.60626e-06 4.44003e-06 2.86559e-06 
3.27509e-06 3.91784e-06 6.04914e-06 1.03251e-05 1.80016e-05 3.11994e-05 5.33158e-05 8.96229e-05 0.000148097 0.000240526 0.000383927 0.000602309 0.000928741 0.00140768 0.00209743 0.00307248 0.00442555 0.00626882 0.00873417 0.0119718 0.0161472 0.0214359 0.0280164 0.0360614 0.0457273 0.0571434 0.0704016 0.0855463 0.102568 0.121398 0.141908 0.163911 0.187169 0.211399 0.236287 0.261494 0.286676 0.311487 0.335598 0.358701 0.380516 0.400801 0.419348 0.43599 0.450595 0.463066 0.473333 0.481351 0.487092 0.490542 0.491692 0.490542 0.487092 0.481351 0.473333 0.463066 0.450595 0.43599 0.419348 0.400801 0.380516 0.358701 0.335598 0.311487 0.286676 0.261494 0.236287 0.211399 0.187169 0.163911 0.141908 0.121398 0.102568 0.0855463 0.0704016 0.0571434 0.0457273 0.0360614 0.0280164 0.0214359 0.0161472 0.0119718 0.00873417 0.00626882 0.00442555 0.00307248 0.00209743 0.00140768 0.000928741 0.000602309 0.000383927 0.000240526 0.000148097 8.96229e-05 5.33158e-05 3.11994e-05 1.80016e-05 1.03251e-05 6.04914e-06 3.91784e-06 
4.42187e-06 5.28091e-06 8.1257e-06 1.38198e-05 2.40118e-05 4.14751e-05 7.06335e-05 0.00011832 0.000194819 0.000315246 0.000501305 0.000783423 0.00120324 0.00181637 0.00269519 0.00393145 0.00563837 0.00795166 0.0110291 0.0150485 0.0202026 0.0266931 0.0347208 0.0444745 0.0561193 0.0697834 0.0855463 0.103429 0.123388 0.14531 0.169013 0.194254 0.220736 0.248117 0.276028 0.304086 0.331907 0.359119 0.385374 0.410359 0.433796 0.455454 0.475143 0.492714 0.508062 0.521111 0.531816 0.540151 0.546106 0.549679 0.55087 0.549679 0.546106 0.540151 0.531816 0.521111 0.508062 0.492714 0.475143 0.455454 0.433796 0.410359 0.385374 0.359119 0.331907 0.304086 0.276028 0.248117 0.220736 0.194254 0.169013 0.14531 0.123388 0.103429 0.0855463 0.0697834 0.0561193 0.0444745 0.0347208 0.0266931 0.0202026 0.0150485 0.0110291 0.00795166 0.00563837 0.00393145 0.00269519 0.00181637 0.00120324 0.000783423 0.000501305 0.000315246 0.000194819 0.00011832 7.06335e-05 4.14751e-05 2.40118e-05 1.38198e-05 8.1257e-06 5.28091e-06 
5.88628e-06 7.01845e-06 1.0763e-05 1.82409e-05 3.15867e-05 5.43777e-05 9.2296e-05 0.000154077 0.0002528 0.000407591 0.000645744 0.0010053 0.00153798 0.00231238 0.00341709 0.00496356 0.00708802 0.00995224 0.0137422 0.0186649 0.0249415 0.0327991 0.042459 0.0541229 0.0679592 0.0840878 0.102568 0.123388 0.146459 0.171614 0.198612 0.227143 0.256846 0.287319 0.31814 0.348881 0.379125 0.40848 0.436592 0.463149 0.487889 0.510599 0.531117 0.549325 0.565146 0.578537 0.58948 0.597974 0.604027 0.607653 0.608861 0.607653 0.604027 0.597974 0.58948 0.578537 0.565146 0.549325 0.531117 0.510599 0.487889 0.463149 0.436592 0.40848 0.379125 0.348881 0.31814 0.287319 0.256846 0.227143 0.198612 0.171614 0.146459 0.123388 0.102568 0.0840878 0.0679592 0.0541229 0.042459 0.0327991 0.0249415 0.0186649 0.0137422 0.00995224 0.00708802 0.00496356 0.00341709 0.00231238 0.00153798 0.0010053 0.000645744 0.000407591 0.0002528 0.000154077 9.2296e-05 5.43777e-05 3.15867e-05 1.82409e-05 1.0763e-05 7.01845e-06 
7.72612e-06 9.19773e-06 1.40589e-05 2.37453e-05 4.09829e-05 7.03242e-05 0.00011897 0.000197937 0.000323642 0.000519955 0.000820753 0.00127296 0.00193995 0.00290519 0.00427569 0.00618489 0.0087945 0.0122945 0.0169011 0.0228512 0.0303946 0.0397825 0.0512535 0.0650175 0.0812395 0.100023 0.121398 0.14531 0.171614 0.200082 0.230403 0.262197 0.295035 0.328455 0.361983 0.395153 0.427523 0.458691 0.488303 0.516064 0.541734 0.565132 0.586133 0.604656 0.620662 0.634144 0.645114 0.653601 0.659633 0.66324 0.66444 0.66324 0.659633 0.653601 0.645114 0.634144 0.620662 0.604656 0.586133 0.565132 0.541734 0.516064 0.488303 0.458691 0.427523 0.395153 0.361983 0.328455 0.295035 0.262197 0.230403 0.200082 0.171614 0.14531 0.121398 0.100023 0.0812395 0.0650175 0.0512535 0.0397825 0.0303946 0.0228512 0.0169011 0.0122945 0.0087945 0.00618489 0.00427569 0.00290519 0.00193995 0.00127296 0.000820753 0.000519955 0.000323642 0.000197937 0.00011897 7.03242e-05 4.09829e-05 2.37453e-05 1.40589e-05 9.19773e-06 
1.00001e-05 1.18868e-05 1.81117e-05 3.04888e-05 5.24532e-05 8.97218e-05 0.000151299 0.000250899 0.000408854 0.00065457 0.00102954 0.0015909 0.0024153 0.00360297 0.00528143 0.00760838 0.0107731 0.0149958 0.0205238 0.0276247 0.0365756 0.0476495 0.061098 0.0771332 0.0959091 0.117504 0.141908 0.169013 0.198612 0.230403 0.264 0.29895 0.334756 0.370897 0.406851 0.442123 0.476254 0.508842 0.539548 0.568102 0.5943 0.618001 0.639124 0.657633 0.673533 0.686854 0.697644 0.70596 0.711855 0.715373 0.716542 0.715373 0.711855 0.70596 0.697644 0.686854 0.673533 0.657633 0.639124 0.618001 0.5943 0.568102 0.539548 0.508842 0.476254 0.442123 0.406851 0.370897 0.334756 0.29895 0.264 0.230403 0.198612 0.169013 0.141908 0.117504 0.0959091 0.0771332 0.061098 0.0476495 0.0365756 0.0276247 0.0205238 0.0149958 0.0107731 0.00760838 0.00528143 0.00360297 0.0024153 0.0015909 0.00102954 0.00065457 0.000408854 0.000250899 0.000151299 8.97218e-05 5.24532e-05 3.04888e-05 1.81117e-05 1.18868e-05 
1.27645e-05 1.51507e-05 2.30143e-05 3.86172e-05 6.62314e-05 0.000112942 0.000189863 0.000313846 0.000509751 0.000813341 0.0012748 0.0019628 0.00296887 0.00441186 0.00644179 0.00924261 0.0130331 0.0180647 0.0246169 0.0329871 0.043478 0.0563807 0.0719547 0.0904071 0.111872 0.136393 0.163911 0.194254 0.227143 0.262197 0.29895 0.336875 0.375407 0.413969 0.452003 0.488991 0.524469 0.558049 0.589415 0.618335 0.644649 0.668267 0.689157 0.707334 0.722849 0.735773 0.746192 0.754189 0.75984 0.763205 0.764322 0.763205 0.75984 0.754189 0.746192 0.735773 0.722849 0.707334 0.689157 0.668267 0.644649 0.618335 0.589415 0.558049 0.524469 0.488991 0.452003 0.413969 0.375407 0.336875 0.29895 0.262197 0.227143 0.194254 0.163911 0.136393 0.111872 0.0904071 0.0719547 0.0563807 0.043478 0.0329871 0.0246169 0.0180647 0.0130331 0.00924261 0.00644179 0.00441186 0.00296887 0.0019628 0.0012748 0.000813341 0.000509751 0.000313846 0.000189863 0.000112942 6.62314e-05 3.86172e-05 2.30143e-05 1.51507e-05 
1.60692e-05 1.90466e-05 2.88476e-05 4.82555e-05 8.25143e-05 0.000140292 0.000235133 0.000387479 0.000627344 0.000997686 0.00155844 0.00239112 0.00360371 0.00533536 0.00776039 0.0110907 0.0155759 0.0214997 0.0291732 0.0389226 0.0510732 0.0659296 0.083753 0.104738 0.128989 0.156506 0.187169 0.220736 0.256846 0.295035 0.334756 0.375407 0.416358 0.456988 0.496707 0.534987 0.571373 0.605498 0.637086 0.665949 0.691983 0.715152 0.735481 0.753037 0.767918 0.780239 0.790117 0.797666 0.802983 0.806142 0.807189 0.806142 0.802983 0.797666 0.790117 0.780239 0.767918 0.753037 0.735481 0.715152 0.691983 0.665949 0.637086 0.605498 0.571373 0.534987 0.496707 0.456988 0.416358 0.375407 0.334756 0.295035 0.256846 0.220736 0.187169 0.156506 0.128989 0.104738 0.083753 0.0659296 0.0510732 0.0389226 0.0291732 0.0214997 0.0155759 0.0110907 0.00776039 0.00533536 0.00360371 0.00239112 0.00155844 0.000997686 0.000627344 0.000387479 0.000235133 0.000140292 8.25143e-05 4.82555e-05 2.88476e-05 1.90466e-05 
1.99534e-05 2.3619e-05 3.56727e-05 5.94954e-05 0.000101442 0.000171984 0.000287417 0.000472233 0.000762225 0.00120836 0.00188135 0.00287681 0.00432056 0.00637364 0.00923619 0.0131494 0.0183945 0.0252877 0.0341708 0.0453967 0.0593095 0.076222 0.0963899 0.119986 0.147079 0.177613 0.211399 0.248117 0.287319 0.328455 0.370897 0.413969 0.456988 0.499292 0.540275 0.579408 0.616257 0.65049 0.681878 0.71029 0.73568 0.758074 0.777555 0.794243 0.808284 0.819831 0.829035 0.836036 0.840948 0.843859 0.844823 0.843859 0.840948 0.836036 0.829035 0.819831 0.808284 0.794243 0.777555 0.758074 0.73568 0.71029 0.681878 0.65049 0.616257 0.579408 0.540275 0.499292 0.456988 0.413969 0.370897 0.328455 0.287319 0.248117 0.211399 0.177613 0.147079 0.119986 0.0963899 0.076222 0.0593095 0.0453967 0.0341708 0.0252877 0.0183945 0.0131494 0.00923619 0.00637364 0.00432056 0.00287681 0.00188135 0.00120836 0.000762225 0.000472233 0.000287417 0.000171984 0.000101442 5.94954e-05 3.56727e-05 2.3619e-05 
2.44405e-05 2.88939e-05 4.35232e-05 7.23836e-05 0.000123079 0.000208101 0.000346815 0.000568209 0.00091445 0.00144528 0.00224316 0.00341892 0.00511749 0.00752307 0.0108628 0.015408 0.021472 0.029403 0.039572 0.0523554 0.0681118 0.0871564 0.109732 0.135982 0.165928 0.199451 0.236287 0.276028 0.31814 0.361983 0.406851 0.452003 0.496707 0.540275 0.582093 0.621645 0.65853 0.692462 0.723267 0.750878 0.775313 0.79666 0.81506 0.830686 0.843728 0.854376 0.862811 0.869192 0.873651 0.876286 0.877158 0.876286 0.873651 0.869192 0.862811 0.854376 0.843728 0.830686 0.81506 0.79666 0.775313 0.750878 0.723267 0.692462 0.65853 0.621645 0.582093 0.540275 0.496707 0.452003 0.406851 0.361983 0.31814 0.276028 0.236287 0.199451 0.165928 0.135982 0.109732 0.0871564 0.0681118 0.0523554 0.039572 0.029403 0.021472 0.015408 0.0108628 0.00752307 0.00511749 0.00341892 0.00224316 0.00144528 0.00091445 0.000568209 0.000346815 0.000208101 0.000123079 7.23836e-05 4.35232e-05 2.88939e-05 
2.95337e-05 3.48736e-05 5.2398e-05 8.69098e-05 0.000147395 0.000248571 0.000413175 0.000675103 0.00108344 0.00170742 0.00264207 0.00401442 0.00598954 0.00877577 0.0126281 0.0178484 0.0247818 0.0338074 0.0453233 0.0597258 0.0773832 0.0986065 0.123618 0.152525 0.185292 0.221731 0.261494 0.304086 0.348881 0.395153 0.442123 0.488991 0.534987 0.579408 0.621645 0.66121 0.697741 0.731007 0.760901 0.78742 0.810649 0.830739 0.847888 0.862316 0.874254 0.883924 0.891531 0.897253 0.901234 0.90358 0.904354 0.90358 0.901234 0.897253 0.891531 0.883924 0.874254 0.862316 0.847888 0.830739 0.810649 0.78742 0.760901 0.731007 0.697741 0.66121 0.621645 0.579408 0.534987 0.488991 0.442123 0.395153 0.348881 0.304086 0.261494 0.221731 0.185292 0.152525 0.123618 0.0986065 0.0773832 0.0597258 0.0453233 0.0338074 0.0247818 0.0178484 0.0126281 0.00877577 0.00598954 0.00401442 0.00264207 0.00170742 0.00108344 0.000675103 0.000413175 0.000248571 0.000147395 8.69098e-05 5.2398e-05 3.48736e-05 
3.5212e-05 4.1532e-05 6.22543e-05 0.000102997 0.00017425 0.000293143 0.000486054 0.000792154 0.00126793 0.00199268 0.00307471 0.00465801 0.00692854 0.0101195 0.0145139 0.0204444 0.0282871 0.0384502 0.0513562 0.0674174 0.0870066 0.110424 0.137866 0.169392 0.204907 0.244147 0.286676 0.331907 0.379125 0.427523 0.476254 0.524469 0.571373 0.616257 0.65853 0.697741 0.733579 0.765878 0.794595 0.819799 0.84164 0.86033 0.876118 0.88927 0.900051 0.908709 0.915469 0.920522 0.92402 0.926074 0.926751 0.926074 0.92402 0.920522 0.915469 0.908709 0.900051 0.88927 0.876118 0.86033 0.84164 0.819799 0.794595 0.765878 0.733579 0.697741 0.65853 0.616257 0.571373 0.524469 0.476254 0.427523 0.379125 0.331907 0.286676 0.244147 0.204907 0.169392 0.137866 0.110424 0.0870066 0.0674174 0.0513562 0.0384502 0.0282871 0.0204444 0.0145139 0.0101195 0.00692854 0.00465801 0.00307471 0.00199268 0.00126793 0.000792154 0.000486054 0.000293143 0.00017425 0.000102997 6.22543e-05 4.1532e-05 
