3.85327e-05 3.99452e-05 4.42471e-05 5.16331e-05 6.24301e-05 7.71003e-05 9.62455e-05 0.000120612 0.000151094 0.000188739 0.000234747 0.000290474 0.000357424 0.000437244 0.00053171 0.000642709 0.000772216 0.00092226 0.00109489 0.00129212 0.0015159 0.00176804 0.00205014 0.00236357 0.00270935 0.00308812 0.00350007 0.00394488 0.00442167 0.00492895 0.00546461 0.00602589 0.00660937 0.00721101 0.00782616 0.00844962 0.0090757 0.00969829 0.010311 0.0109071 0.01148 0.0120229 0.0125294 0.012993 0.0134079 0.0137688 0.0140709 0.0143102 0.0144835 0.0145884 0.0146235 0.0145884 0.0144835 0.0143102 0.0140709 0.0137688 0.0134079 0.012993 0.0125294 0.0120229 0.01148 0.0109071 0.010311 0.00969829 0.0090757 0.00844962 0.00782616 0.00721101 0.00660937 0.00602589 0.00546461 0.00492895 0.00442167 0.00394488 0.00350007 0.00308812 0.00270935 0.00236357 0.00205014 0.00176804 0.0015159 0.00129212 0.00109489 0.00092226 0.000772216 0.000642709 0.00053171 0.000437244 0.000357424 0.000290474 0.000234747 0.000188739 0.000151094 0.000120612 9.62455e-05 7.71003e-05 6.24301e-05 5.16331e-05 4.42471e-05 3.99452e-05 
3.99452e-05 4.14063e-05 4.58565e-05 5.34964e-05 6.46627e-05 7.9832e-05 9.96245e-05 0.000124808 0.000156305 0.000195193 0.000242707 0.000300241 0.000369341 0.0004517 0.000549143 0.000663605 0.000797113 0.000951746 0.0011296 0.00133275 0.00156317 0.00182271 0.00211301 0.00243546 0.0027911 0.00318056 0.00360402 0.00406114 0.00455099 0.00507204 0.00562211 0.00619834 0.00679724 0.00741463 0.00804576 0.00868529 0.00932737 0.00996577 0.0105939 0.011205 0.0117921 0.0123485 0.0128674 0.0133423 0.0137674 0.0141371 0.0144465 0.0146916 0.014869 0.0149765 0.0150125 0.0149765 0.014869 0.0146916 0.0144465 0.0141371 0.0137674 0.0133423 0.0128674 0.0123485 0.0117921 0.011205 0.0105939 0.00996577 0.00932737 0.00868529 0.00804576 0.00741463 0.00679724 0.00619834 0.00562211 0.00507204 0.00455099 0.00406114 0.00360402 0.00318056 0.0027911 0.00243546 0.00211301 0.00182271 0.00156317 0.00133275 0.0011296 0.000951746 0.000797113 0.000663605 0.000549143 0.0004517 0.000369341 0.000300241 0.000242707 0.000195193 0.000156305 0.000124808 9.96245e-05 7.9832e-05 6.46627e-05 5.34964e-05 4.58565e-05 4.14063e-05 
4.42471e-05 4.58565e-05 5.07575e-05 5.91691e-05 7.14586e-05 8.81453e-05 0.000109905 0.000137574 0.000172154 0.000214817 0.000266904 0.000329924 0.000405553 0.00049562 0.000602095 0.000727064 0.000872706 0.00104125 0.00123496 0.00145602 0.00170656 0.00198854 0.00230369 0.00265346 0.00303893 0.00346074 0.00391903 0.00441338 0.00494275 0.00550544 0.00609906 0.00672051 0.00736598 0.00803099 0.00871038 0.00939842 0.0100888 0.010775 0.0114497 0.0121059 0.012736 0.0133329 0.0138894 0.0143987 0.0148543 0.0152504 0.015582 0.0158445 0.0160346 0.0161497 0.0161882 0.0161497 0.0160346 0.0158445 0.015582 0.0152504 0.0148543 0.0143987 0.0138894 0.0133329 0.012736 0.0121059 0.0114497 0.010775 0.0100888 0.00939842 0.00871038 0.00803099 0.00736598 0.00672051 0.00609906 0.00550544 0.00494275 0.00441338 0.00391903 0.00346074 0.00303893 0.00265346 0.00230369 0.00198854 0.00170656 0.00145602 0.00123496 0.00104125 0.000872706 0.000727064 0.000602095 0.00049562 0.000405553 0.000329924 0.000266904 0.000214817 0.000172154 0.000137574 0.000109905 8.81453e-05 7.14586e-05 5.91691e-05 5.07575e-05 4.58565e-05 
5.16331e-05 5.34964e-05 5.91691e-05 6.89014e-05 8.31126e-05 0.000102395 0.000127519 0.000159436 0.000199286 0.000248398 0.000308291 0.000380676 0.000467443 0.000570654 0.000692523 0.000835392 0.0010017 0.00119393 0.00141459 0.00166612 0.00195087 0.00227096 0.00262831 0.00302445 0.00346054 0.0039372 0.00445453 0.00501197 0.00560827 0.00624146 0.00690878 0.0076067 0.00833093 0.0090764 0.00983733 0.0106073 0.0113794 0.012146 0.0128994 0.0136315 0.0143343 0.0149996 0.0156195 0.0161865 0.0166936 0.0171343 0.0175031 0.017795 0.0180064 0.0181343 0.0181772 0.0181343 0.0180064 0.017795 0.0175031 0.0171343 0.0166936 0.0161865 0.0156195 0.0149996 0.0143343 0.0136315 0.0128994 0.012146 0.0113794 0.0106073 0.00983733 0.0090764 0.00833093 0.0076067 0.00690878 0.00624146 0.00560827 0.00501197 0.00445453 0.0039372 0.00346054 0.00302445 0.00262831 0.00227096 0.00195087 0.00166612 0.00141459 0.00119393 0.0010017 0.000835392 0.000692523 0.000570654 0.000467443 0.000380676 0.000308291 0.000248398 0.000199286 0.000159436 0.000127519 0.000102395 8.31126e-05 6.89014e-05 5.91691e-05 5.34964e-05 
6.24301e-05 6.46627e-05 7.14586e-05 8.31126e-05 0.000100119 0.000123176 0.000153189 0.000191277 0.000238778 0.000297247 0.000368464 0.00045442 0.000557319 0.000679555 0.000823691 0.000992434 0.00118859 0.00141501 0.00167456 0.00197003 0.00230404 0.00267901 0.00309706 0.00355988 0.00406868 0.00462412 0.00522616 0.00587406 0.00656627 0.00730041 0.00807322 0.00888054 0.00971735 0.0105778 0.0114551 0.0123421 0.0132305 0.014112 0.0149775 0.0158179 0.016624 0.0173865 0.0180967 0.0187459 0.0193262 0.0198303 0.020252 0.0205858 0.0208273 0.0209735 0.0210225 0.0209735 0.0208273 0.0205858 0.020252 0.0198303 0.0193262 0.0187459 0.0180967 0.0173865 0.016624 0.0158179 0.0149775 0.014112 0.0132305 0.0123421 0.0114551 0.0105778 0.00971735 0.00888054 0.00807322 0.00730041 0.00656627 0.00587406 0.00522616 0.00462412 0.00406868 0.00355988 0.00309706 0.00267901 0.00230404 0.00197003 0.00167456 0.00141501 0.00118859 0.000992434 0.000823691 0.000679555 0.000557319 0.00045442 0.000368464 0.000297247 0.000238778 0.000191277 0.000153189 0.000123176 0.000100119 8.31126e-05 7.14586e-05 6.46627e-05 
7.71003e-05 7.9832e-05 8.81453e-05 0.000102395 0.000123176 0.000151326 0.000187934 0.000234341 0.000292147 0.000363213 0.000449658 0.000553855 0.000678417 0.000826178 0.00100017 0.00120357 0.00143967 0.00171182 0.00202332 0.00237742 0.00277714 0.00322525 0.00372411 0.00427562 0.00488108 0.00554111 0.00625554 0.00702337 0.00784262 0.00871038 0.00962268 0.0105746 0.01156 0.0125721 0.013603 0.014644 0.0156858 0.0167183 0.0177312 0.0187139 0.0196557 0.0205461 0.0213746 0.0221316 0.0228079 0.0233952 0.0238862 0.0242748 0.0245559 0.024726 0.024783 0.024726 0.0245559 0.0242748 0.0238862 0.0233952 0.0228079 0.0221316 0.0213746 0.0205461 0.0196557 0.0187139 0.0177312 0.0167183 0.0156858 0.014644 0.013603 0.0125721 0.01156 0.0105746 0.00962268 0.00871038 0.00784262 0.00702337 0.00625554 0.00554111 0.00488108 0.00427562 0.00372411 0.00322525 0.00277714 0.00237742 0.00202332 0.00171182 0.00143967 0.00120357 0.00100017 0.000826178 0.000678417 0.000553855 0.000449658 0.000363213 0.000292147 0.000234341 0.000187934 0.000151326 0.000123176 0.000102395 8.81453e-05 7.9832e-05 
9.62455e-05 9.96245e-05 0.000109905 0.000127519 0.000153189 0.000187934 0.000233075 0.000290237 0.000361356 0.00044868 0.000554763 0.000682458 0.000834901 0.00101548 0.00122782 0.00147569 0.001763 0.00209369 0.00247167 0.0029007 0.0033843 0.00392566 0.00452747 0.00519184 0.00592018 0.00671304 0.00757007 0.00848988 0.00946999 0.0105067 0.0115953 0.0127297 0.0139026 0.0151059 0.0163301 0.0175649 0.0187993 0.0200216 0.0212195 0.0223807 0.0234927 0.024543 0.0255199 0.0264118 0.0272082 0.0278994 0.0284771 0.0289341 0.0292646 0.0294647 0.0295316 0.0294647 0.0292646 0.0289341 0.0284771 0.0278994 0.0272082 0.0264118 0.0255199 0.024543 0.0234927 0.0223807 0.0212195 0.0200216 0.0187993 0.0175649 0.0163301 0.0151059 0.0139026 0.0127297 0.0115953 0.0105067 0.00946999 0.00848988 0.00757007 0.00671304 0.00592018 0.00519184 0.00452747 0.00392566 0.0033843 0.0029007 0.00247167 0.00209369 0.001763 0.00147569 0.00122782 0.00101548 0.000834901 0.000682458 0.000554763 0.00044868 0.000361356 0.000290237 0.000233075 0.000187934 0.000153189 0.000127519 0.000109905 9.96245e-05 
0.000120612 0.000124808 0.000137574 0.000159436 0.000191277 0.000234341 0.000290237 0.000360943 0.000448813 0.000556572 0.000687314 0.000844484 0.00103186 0.00125352 0.00151379 0.0018172 0.00216838 0.00257201 0.00303269 0.00355484 0.00414257 0.00479955 0.00552886 0.00633283 0.00721296 0.00816973 0.00920251 0.0103094 0.0114873 0.0127317 0.0140365 0.0153945 0.016797 0.018234 0.0196943 0.0211658 0.0226351 0.0240885 0.0255117 0.02689 0.0282087 0.0294534 0.0306102 0.0316658 0.0326077 0.033425 0.0341077 0.0346475 0.035038 0.0352742 0.0353532 0.0352742 0.035038 0.0346475 0.0341077 0.033425 0.0326077 0.0316658 0.0306102 0.0294534 0.0282087 0.02689 0.0255117 0.0240885 0.0226351 0.0211658 0.0196943 0.018234 0.016797 0.0153945 0.0140365 0.0127317 0.0114873 0.0103094 0.00920251 0.00816973 0.00721296 0.00633283 0.00552886 0.00479955 0.00414257 0.00355484 0.00303269 0.00257201 0.00216838 0.0018172 0.00151379 0.00125352 0.00103186 0.000844484 0.000687314 0.000556572 0.000448813 0.000360943 0.000290237 0.000234341 0.000191277 0.000159436 0.000137574 0.000124808 
0.000151094 0.000156305 0.000172154 0.000199286 0.000238778 0.000292147 0.000361356 0.000448813 0.000557378 0.000690357 0.000851497 0.00104496 0.0012753 0.00154742 0.0018665 0.00223794 0.00266728 0.00316004 0.00372166 0.00435732 0.00507181 0.00586934 0.00675342 0.00772666 0.00879059 0.00994556 0.0111906 0.0125232 0.0139393 0.0154333 0.016998 0.0186244 0.020302 0.0220189 0.0237615 0.0255155 0.0272652 0.0289942 0.0306855 0.032322 0.0338866 0.0353622 0.0367325 0.0379822 0.0390968 0.0400633 0.0408703 0.0415083 0.0419696 0.0422487 0.0423421 0.0422487 0.0419696 0.0415083 0.0408703 0.0400633 0.0390968 0.0379822 0.0367325 0.0353622 0.0338866 0.032322 0.0306855 0.0289942 0.0272652 0.0255155 0.0237615 0.0220189 0.020302 0.0186244 0.016998 0.0154333 0.0139393 0.0125232 0.0111906 0.00994556 0.00879059 0.00772666 0.00675342 0.00586934 0.00507181 0.00435732 0.00372166 0.00316004 0.00266728 0.00223794 0.0018665 0.00154742 0.0012753 0.00104496 0.000851497 0.000690357 0.000557378 0.000448813 0.000361356 0.000292147 0.000238778 0.000199286 0.000172154 0.000156305 
0.000188739 0.000195193 0.000214817 0.000248398 0.000297247 0.000363213 0.00044868 0.000556572 0.000690357 0.000854038 0.00105214 0.00128967 0.00157212 0.00190534 0.00229555 0.00274918 0.00327278 0.0038729 0.00455593 0.00532792 0.00619443 0.0071603 0.00822949 0.00940484 0.0106879 0.0120789 0.0135763 0.0151768 0.0168754 0.0186651 0.020537 0.0224803 0.0244823 0.0265287 0.0286035 0.0306895 0.032768 0.03482 0.0368253 0.0387639 0.0406156 0.0423608 0.0439803 0.0454562 0.0467718 0.0479122 0.0488639 0.0496161 0.0501598 0.0504886 0.0505987 0.0504886 0.0501598 0.0496161 0.0488639 0.0479122 0.0467718 0.0454562 0.0439803 0.0423608 0.0406156 0.0387639 0.0368253 0.03482 0.032768 0.0306895 0.0286035 0.0265287 0.0244823 0.0224803 0.020537 0.0186651 0.0168754 0.0151768 0.0135763 0.0120789 0.0106879 0.00940484 0.00822949 0.0071603 0.00619443 0.00532792 0.00455593 0.0038729 0.00327278 0.00274918 0.00229555 0.00190534 0.00157212 0.00128967 0.00105214 0.000854038 0.000690357 0.000556572 0.00044868 0.000363213 0.000297247 0.000248398 0.000214817 0.000195193 
0.000234747 0.000242707 0.000266904 0.000308291 0.000368464 0.000449658 0.000554763 0.000687314 0.000851497 0.00105214 0.00129467 0.00158512 0.00193004 0.00233645 0.00281171 0.00336346 0.00399945 0.00472738 0.00555472 0.00648853 0.00753519 0.00870024 0.00998811 0.0114019 0.0129431 0.0146117 0.0164053 0.01832 0.0203492 0.0224845 0.0247149 0.0270275 0.029407 0.0318363 0.0342965 0.0367671 0.0392264 0.0416516 0.0440195 0.0463065 0.0484891 0.0505445 0.0524505 0.0541864 0.0557329 0.0570727 0.0581905 0.0590735 0.0597117 0.0600975 0.0602267 0.0600975 0.0597117 0.0590735 0.0581905 0.0570727 0.0557329 0.0541864 0.0524505 0.0505445 0.0484891 0.0463065 0.0440195 0.0416516 0.0392264 0.0367671 0.0342965 0.0318363 0.029407 0.0270275 0.0247149 0.0224845 0.0203492 0.01832 0.0164053 0.0146117 0.0129431 0.0114019 0.00998811 0.00870024 0.00753519 0.00648853 0.00555472 0.00472738 0.00399945 0.00336346 0.00281171 0.00233645 0.00193004 0.00158512 0.00129467 0.00105214 0.000851497 0.000687314 0.000554763 0.000449658 0.000368464 0.000308291 0.000266904 0.000242707 
0.000290474 0.000300241 0.000329924 0.000380676 0.00045442 0.000553855 0.000682458 0.000844484 0.00104496 0.00128967 0.00158512 0.00193851 0.00235762 0.00285079 0.00342675 0.00409451 0.00486317 0.00574174 0.0067389 0.00786281 0.00912079 0.0105191 0.0120626 0.0137547 0.0155968 0.0175882 0.019726 0.0220049 0.0244169 0.0269516 0.0295958 0.0323338 0.0351476 0.0380168 0.0409191 0.0438303 0.0467249 0.0495765 0.052358 0.0550419 0.0576011 0.0600092 0.0622406 0.0642716 0.0660799 0.0676456 0.0689514 0.0699826 0.0707276 0.071178 0.0713287 0.071178 0.0707276 0.0699826 0.0689514 0.0676456 0.0660799 0.0642716 0.0622406 0.0600092 0.0576011 0.0550419 0.052358 0.0495765 0.0467249 0.0438303 0.0409191 0.0380168 0.0351476 0.0323338 0.0295958 0.0269516 0.0244169 0.0220049 0.019726 0.0175882 0.0155968 0.0137547 0.0120626 0.0105191 0.00912079 0.00786281 0.0067389 0.00574174 0.00486317 0.00409451 0.00342675 0.00285079 0.00235762 0.00193851 0.00158512 0.00128967 0.00104496 0.000844484 0.000682458 0.000553855 0.00045442 0.000380676 0.000329924 0.000300241 
0.000357424 0.000369341 0.000405553 0.000467443 0.000557319 0.000678417 0.000834901 0.00103186 0.0012753 0.00157212 0.00193004 0.00235762 0.00286408 0.00345924 0.0041534 0.0049571 0.00588097 0.00693548 0.00813068 0.0094759 0.0109795 0.0126484 0.0144881 0.016502 0.0186913 0.0210547 0.0235884 0.0262856 0.0291364 0.0321282 0.035245 0.0384683 0.0417766 0.0451458 0.0485497 0.0519602 0.0553475 0.0586809 0.061929 0.0650602 0.0680433 0.0708479 0.0734448 0.0758068 0.0779086 0.0797274 0.0812437 0.0824407 0.0833052 0.0838278 0.0840026 0.0838278 0.0833052 0.0824407 0.0812437 0.0797274 0.0779086 0.0758068 0.0734448 0.0708479 0.0680433 0.0650602 0.061929 0.0586809 0.0553475 0.0519602 0.0485497 0.0451458 0.0417766 0.0384683 0.035245 0.0321282 0.0291364 0.0262856 0.0235884 0.0210547 0.0186913 0.016502 0.0144881 0.0126484 0.0109795 0.0094759 0.00813068 0.00693548 0.00588097 0.0049571 0.0041534 0.00345924 0.00286408 0.00235762 0.00193004 0.00157212 0.0012753 0.00103186 0.000834901 0.000678417 0.000557319 0.000467443 0.000405553 0.000369341 
0.000437244 0.0004517 0.00049562 0.000570654 0.000679555 0.000826178 0.00101548 0.00125352 0.00154742 0.00190534 0.00233645 0.00285079 0.00345924 0.00417333 0.00500507 0.00596676 0.00707072 0.00832904 0.00975323 0.0113539 0.0131405 0.0151208 0.0173005 0.0196832 0.0222698 0.0250581 0.0280431 0.0312162 0.0345655 0.0380754 0.0417273 0.0454988 0.0493647 0.0532968 0.0572646 0.0612353 0.0651745 0.0690468 0.0728161 0.0764462 0.0799015 0.0831472 0.0861503 0.0888797 0.091307 0.0934065 0.0951558 0.0965363 0.0975331 0.0981355 0.098337 0.0981355 0.0975331 0.0965363 0.0951558 0.0934065 0.091307 0.0888797 0.0861503 0.0831472 0.0799015 0.0764462 0.0728161 0.0690468 0.0651745 0.0612353 0.0572646 0.0532968 0.0493647 0.0454988 0.0417273 0.0380754 0.0345655 0.0312162 0.0280431 0.0250581 0.0222698 0.0196832 0.0173005 0.0151208 0.0131405 0.0113539 0.00975323 0.00832904 0.00707072 0.00596676 0.00500507 0.00417333 0.00345924 0.00285079 0.00233645 0.00190534 0.00154742 0.00125352 0.00101548 0.000826178 0.000679555 0.000570654 0.00049562 0.0004517 
0.00053171 0.000549143 0.000602095 0.000692523 0.000823691 0.00100017 0.00122782 0.00151379 0.0018665 0.00229555 0.00281171 0.00342675 0.0041534 0.00500507 0.00599573 0.0071396 0.00845088 0.00994341 0.0116303 0.0135235 0.0156336 0.0179691 0.0205361 0.023338 0.0263753 0.0296449 0.03314 0.03685 0.0407604 0.0448528 0.0491046 0.0534899 0.057979 0.0625391 0.0671347 0.0717281 0.0762798 0.0807491 0.0850949 0.089276 0.093252 0.0969836 0.100433 0.103567 0.106351 0.108759 0.110763 0.112345 0.113486 0.114176 0.114407 0.114176 0.113486 0.112345 0.110763 0.108759 0.106351 0.103567 0.100433 0.0969836 0.093252 0.089276 0.0850949 0.0807491 0.0762798 0.0717281 0.0671347 0.0625391 0.057979 0.0534899 0.0491046 0.0448528 0.0407604 0.03685 0.03314 0.0296449 0.0263753 0.023338 0.0205361 0.0179691 0.0156336 0.0135235 0.0116303 0.00994341 0.00845088 0.0071396 0.00599573 0.00500507 0.0041534 0.00342675 0.00281171 0.00229555 0.0018665 0.00151379 0.00122782 0.00100017 0.000823691 0.000692523 0.000602095 0.000549143 
0.000642709 0.000663605 0.000727064 0.000835392 0.000992434 0.00120357 0.00147569 0.0018172 0.00223794 0.00274918 0.00336346 0.00409451 0.0049571 0.00596676 0.0071396 0.00849197 0.0100401 0.0117997 0.0137856 0.0160113 0.0184883 0.0212258 0.0242303 0.027505 0.0310496 0.0348596 0.0389265 0.0432372 0.0477742 0.0525155 0.0574346 0.0625011 0.0676805 0.0729348 0.0782232 0.0835025 0.0887275 0.0938521 0.0988295 0.103613 0.108158 0.11242 0.116356 0.119929 0.123102 0.125843 0.128125 0.129924 0.131223 0.132008 0.13227 0.132008 0.131223 0.129924 0.128125 0.125843 0.123102 0.119929 0.116356 0.11242 0.108158 0.103613 0.0988295 0.0938521 0.0887275 0.0835025 0.0782232 0.0729348 0.0676805 0.0625011 0.0574346 0.0525155 0.0477742 0.0432372 0.0389265 0.0348596 0.0310496 0.027505 0.0242303 0.0212258 0.0184883 0.0160113 0.0137856 0.0117997 0.0100401 0.00849197 0.0071396 0.00596676 0.0049571 0.00409451 0.00336346 0.00274918 0.00223794 0.0018172 0.00147569 0.00120357 0.000992434 0.000835392 0.000727064 0.000663605 
0.000772216 0.000797113 0.000872706 0.0010017 0.00118859 0.00143967 0.001763 0.00216838 0.00266728 0.00327278 0.00399945 0.00486317 0.00588097 0.00707072 0.00845088 0.0100401 0.0118568 0.0139187 0.0162425 0.018843 0.0217329 0.024922 0.0284171 0.0322207 0.0363317 0.0407439 0.0454466 0.0504238 0.0556546 0.061113 0.066768 0.0725841 0.0785215 0.0845367 0.0905828 0.0966107 0.102569 0.108406 0.114069 0.119506 0.124666 0.1295 0.133962 0.138008 0.141599 0.144699 0.147279 0.149312 0.150779 0.151665 0.151961 0.151665 0.150779 0.149312 0.147279 0.144699 0.141599 0.138008 0.133962 0.1295 0.124666 0.119506 0.114069 0.108406 0.102569 0.0966107 0.0905828 0.0845367 0.0785215 0.0725841 0.066768 0.061113 0.0556546 0.0504238 0.0454466 0.0407439 0.0363317 0.0322207 0.0284171 0.024922 0.0217329 0.018843 0.0162425 0.0139187 0.0118568 0.0100401 0.00845088 0.00707072 0.00588097 0.00486317 0.00399945 0.00327278 0.00266728 0.00216838 0.001763 0.00143967 0.00118859 0.0010017 0.000872706 0.000797113 
0.00092226 0.000951746 0.00104125 0.00119393 0.00141501 0.00171182 0.00209369 0.00257201 0.00316004 0.0038729 0.00472738 0.00574174 0.00693548 0.00832904 0.00994341 0.0117997 0.0139187 0.0163203 0.019023 0.022043 0.0253942 0.0290868 0.0331275 0.0375184 0.0422569 0.0473348 0.0527389 0.0584498 0.0644427 0.070687 0.0771468 0.0837808 0.0905435 0.0973852 0.104253 0.111091 0.117841 0.124446 0.130846 0.136984 0.142804 0.14825 0.153272 0.157823 0.161859 0.165342 0.168238 0.17052 0.172166 0.173159 0.173492 0.173159 0.172166 0.17052 0.168238 0.165342 0.161859 0.157823 0.153272 0.14825 0.142804 0.136984 0.130846 0.124446 0.117841 0.111091 0.104253 0.0973852 0.0905435 0.0837808 0.0771468 0.070687 0.0644427 0.0584498 0.0527389 0.0473348 0.0422569 0.0375184 0.0331275 0.0290868 0.0253942 0.022043 0.019023 0.0163203 0.0139187 0.0117997 0.00994341 0.00832904 0.00693548 0.00574174 0.00472738 0.0038729 0.00316004 0.00257201 0.00209369 0.00171182 0.00141501 0.00119393 0.00104125 0.000951746 
0.00109489 0.0011296 0.00123496 0.00141459 0.00167456 0.00202332 0.00247167 0.00303269 0.00372166 0.00455593 0.00555472 0.0067389 0.00813068 0.00975323 0.0116303 0.0137856 0.0162425 0.019023 0.0221474 0.0256335 0.0294961 0.0337458 0.0383891 0.043427 0.0488553 0.0546636 0.0608353 0.0673475 0.0741707 0.0812693 0.0886018 0.0961209 0.103775 0.111507 0.119257 0.126963 0.134561 0.141986 0.149172 0.156055 0.162574 0.168669 0.174285 0.179369 0.183874 0.18776 0.190989 0.193532 0.195366 0.196473 0.196843 0.196473 0.195366 0.193532 0.190989 0.18776 0.183874 0.179369 0.174285 0.168669 0.162574 0.156055 0.149172 0.141986 0.134561 0.126963 0.119257 0.111507 0.103775 0.0961209 0.0886018 0.0812693 0.0741707 0.0673475 0.0608353 0.0546636 0.0488553 0.043427 0.0383891 0.0337458 0.0294961 0.0256335 0.0221474 0.019023 0.0162425 0.0137856 0.0116303 0.00975323 0.00813068 0.0067389 0.00555472 0.00455593 0.00372166 0.00303269 0.00247167 0.00202332 0.00167456 0.00141459 0.00123496 0.0011296 
0.00129212 0.00133275 0.00145602 0.00166612 0.00197003 0.00237742 0.0029007 0.00355484 0.00435732 0.00532792 0.00648853 0.00786281 0.0094759 0.0113539 0.0135235 0.0160113 0.018843 0.022043 0.0256335 0.0296338 0.0340592 0.0389208 0.0442243 0.0499698 0.0561507 0.0627539 0.0697594 0.0771396 0.0848603 0.0928802 0.101151 0.10962 0.118228 0.126911 0.135601 0.144231 0.152727 0.161018 0.169034 0.176702 0.183957 0.190733 0.19697 0.202611 0.207607 0.211912 0.215488 0.218303 0.220332 0.221557 0.221966 0.221557 0.220332 0.218303 0.215488 0.211912 0.207607 0.202611 0.19697 0.190733 0.183957 0.176702 0.169034 0.161018 0.152727 0.144231 0.135601 0.126911 0.118228 0.10962 0.101151 0.0928802 0.0848603 0.0771396 0.0697594 0.0627539 0.0561507 0.0499698 0.0442243 0.0389208 0.0340592 0.0296338 0.0256335 0.022043 0.018843 0.0160113 0.0135235 0.0113539 0.0094759 0.00786281 0.00648853 0.00532792 0.00435732 0.00355484 0.0029007 0.00237742 0.00197003 0.00166612 0.00145602 0.00133275 
0.0015159 0.00156317 0.00170656 0.00195087 0.00230404 0.00277714 0.0033843 0.00414257 0.00507181 0.00619443 0.00753519 0.00912079 0.0109795 0.0131405 0.0156336 0.0184883 0.0217329 0.0253942 0.0294961 0.0340592 0.0390996 0.0446282 0.05065 0.0571633 0.0641591 0.0716211 0.0795249 0.0878384 0.0965214 0.105527 0.114799 0.124279 0.133899 0.143588 0.153272 0.162874 0.172314 0.181514 0.190397 0.198885 0.206905 0.214388 0.221268 0.227487 0.232989 0.237727 0.241661 0.244756 0.246986 0.248331 0.248781 0.248331 0.246986 0.244756 0.241661 0.237727 0.232989 0.227487 0.221268 0.214388 0.206905 0.198885 0.190397 0.181514 0.172314 0.162874 0.153272 0.143588 0.133899 0.124279 0.114799 0.105527 0.0965214 0.0878384 0.0795249 0.0716211 0.0641591 0.0571633 0.05065 0.0446282 0.0390996 0.0340592 0.0294961 0.0253942 0.0217329 0.0184883 0.0156336 0.0131405 0.0109795 0.00912079 0.00753519 0.00619443 0.00507181 0.00414257 0.0033843 0.00277714 0.00230404 0.00195087 0.00170656 0.00156317 
0.00176804 0.00182271 0.00198854 0.00227096 0.00267901 0.00322525 0.00392566 0.00479955 0.00586934 0.0071603 0.00870024 0.0105191 0.0126484 0.0151208 0.0179691 0.0212258 0.024922 0.0290868 0.0337458 0.0389208 0.0446282 0.0508787 0.057676 0.0650164 0.072888 0.0812705 0.090135 0.0994437 0.109151 0.119201 0.129534 0.14008 0.150765 0.161511 0.172235 0.182851 0.193274 0.203418 0.213199 0.222533 0.231342 0.239552 0.247094 0.253903 0.259923 0.265103 0.269401 0.272781 0.275216 0.276684 0.277175 0.276684 0.275216 0.272781 0.269401 0.265103 0.259923 0.253903 0.247094 0.239552 0.231342 0.222533 0.213199 0.203418 0.193274 0.182851 0.172235 0.161511 0.150765 0.14008 0.129534 0.119201 0.109151 0.0994437 0.090135 0.0812705 0.072888 0.0650164 0.057676 0.0508787 0.0446282 0.0389208 0.0337458 0.0290868 0.024922 0.0212258 0.0179691 0.0151208 0.0126484 0.0105191 0.00870024 0.0071603 0.00586934 0.00479955 0.00392566 0.00322525 0.00267901 0.00227096 0.00198854 0.00182271 
0.00205014 0.00211301 0.00230369 0.00262831 0.00309706 0.00372411 0.00452747 0.00552886 0.00675342 0.00822949 0.00998811 0.0120626 0.0144881 0.0173005 0.0205361 0.0242303 0.0284171 0.0331275 0.0383891 0.0442243 0.05065 0.057676 0.0653045 0.0735292 0.0823348 0.0916967 0.10158 0.111942 0.12273 0.133881 0.145326 0.156988 0.168786 0.180631 0.192433 0.204099 0.215536 0.226651 0.237352 0.247552 0.257167 0.266117 0.274329 0.281737 0.28828 0.293907 0.298572 0.302239 0.304879 0.306471 0.307003 0.306471 0.304879 0.302239 0.298572 0.293907 0.28828 0.281737 0.274329 0.266117 0.257167 0.247552 0.237352 0.226651 0.215536 0.204099 0.192433 0.180631 0.168786 0.156988 0.145326 0.133881 0.12273 0.111942 0.10158 0.0916967 0.0823348 0.0735292 0.0653045 0.057676 0.05065 0.0442243 0.0383891 0.0331275 0.0284171 0.0242303 0.0205361 0.0173005 0.0144881 0.0120626 0.00998811 0.00822949 0.00675342 0.00552886 0.00452747 0.00372411 0.00309706 0.00262831 0.00230369 0.00211301 
0.00236357 0.00243546 0.00265346 0.00302445 0.00355988 0.00427562 0.00519184 0.00633283 0.00772666 0.00940484 0.0114019 0.0137547 0.016502 0.0196832 0.023338 0.027505 0.0322207 0.0375184 0.043427 0.0499698 0.0571633 0.0650164 0.0735292 0.0826924 0.0924868 0.102883 0.11384 0.125308 0.137226 0.149526 0.162129 0.17495 0.187898 0.200877 0.213788 0.226531 0.239004 0.251107 0.262744 0.273821 0.284249 0.293944 0.30283 0.310838 0.317904 0.323976 0.329007 0.33296 0.335804 0.337519 0.338092 0.337519 0.335804 0.33296 0.329007 0.323976 0.317904 0.310838 0.30283 0.293944 0.284249 0.273821 0.262744 0.251107 0.239004 0.226531 0.213788 0.200877 0.187898 0.17495 0.162129 0.149526 0.137226 0.125308 0.11384 0.102883 0.0924868 0.0826924 0.0735292 0.0650164 0.0571633 0.0499698 0.043427 0.0375184 0.0322207 0.027505 0.023338 0.0196832 0.016502 0.0137547 0.0114019 0.00940484 0.00772666 0.00633283 0.00519184 0.00427562 0.00355988 0.00302445 0.00265346 0.00243546 
0.00270935 0.0027911 0.00303893 0.00346054 0.00406868 0.00488108 0.00592018 0.00721296 0.00879059 0.0106879 0.0129431 0.0155968 0.0186913 0.0222698 0.0263753 0.0310496 0.0363317 0.0422569 0.0488553 0.0561507 0.0641591 0.072888 0.0823348 0.0924868 0.10332 0.114799 0.126878 0.139498 0.152592 0.166082 0.17988 0.193893 0.208021 0.22216 0.236201 0.250037 0.263559 0.27666 0.289238 0.301193 0.312433 0.322871 0.332426 0.341028 0.348612 0.355122 0.360513 0.364746 0.367791 0.369626 0.370239 0.369626 0.367791 0.364746 0.360513 0.355122 0.348612 0.341028 0.332426 0.322871 0.312433 0.301193 0.289238 0.27666 0.263559 0.250037 0.236201 0.22216 0.208021 0.193893 0.17988 0.166082 0.152592 0.139498 0.126878 0.114799 0.10332 0.0924868 0.0823348 0.072888 0.0641591 0.0561507 0.0488553 0.0422569 0.0363317 0.0310496 0.0263753 0.0222698 0.0186913 0.0155968 0.0129431 0.0106879 0.00879059 0.00721296 0.00592018 0.00488108 0.00406868 0.00346054 0.00303893 0.0027911 
0.00308812 0.00318056 0.00346074 0.0039372 0.00462412 0.00554111 0.00671304 0.00816973 0.00994556 0.0120789 0.0146117 0.0175882 0.0210547 0.0250581 0.0296449 0.0348596 0.0407439 0.0473348 0.0546636 0.0627539 0.0716211 0.0812705 0.0916967 0.102883 0.114799 0.127405 0.140647 0.154458 0.168764 0.183475 0.198498 0.213728 0.229057 0.24437 0.259553 0.274489 0.289062 0.30316 0.316674 0.3295 0.341543 0.352711 0.362923 0.372106 0.380195 0.387133 0.392874 0.397378 0.400617 0.402569 0.403221 0.402569 0.400617 0.397378 0.392874 0.387133 0.380195 0.372106 0.362923 0.352711 0.341543 0.3295 0.316674 0.30316 0.289062 0.274489 0.259553 0.24437 0.229057 0.213728 0.198498 0.183475 0.168764 0.154458 0.140647 0.127405 0.114799 0.102883 0.0916967 0.0812705 0.0716211 0.0627539 0.0546636 0.0473348 0.0407439 0.0348596 0.0296449 0.0250581 0.0210547 0.0175882 0.0146117 0.0120789 0.00994556 0.00816973 0.00671304 0.00554111 0.00462412 0.0039372 0.00346074 0.00318056 
0.00350007 0.00360402 0.00391903 0.00445453 0.00522616 0.00625554 0.00757007 0.00920251 0.0111906 0.0135763 0.0164053 0.019726 0.0235884 0.0280431 0.03314 0.0389265 0.0454466 0.0527389 0.0608353 0.0697594 0.0795249 0.090135 0.10158 0.11384 0.126878 0.140647 0.155085 0.170119 0.185663 0.20162 0.217886 0.234347 0.250886 0.26738 0.283705 0.299737 0.315353 0.330437 0.344873 0.358554 0.371381 0.38326 0.39411 0.403854 0.412429 0.419778 0.425854 0.430618 0.434042 0.436105 0.436793 0.436105 0.434042 0.430618 0.425854 0.419778 0.412429 0.403854 0.39411 0.38326 0.371381 0.358554 0.344873 0.330437 0.315353 0.299737 0.283705 0.26738 0.250886 0.234347 0.217886 0.20162 0.185663 0.170119 0.155085 0.140647 0.126878 0.11384 0.10158 0.090135 0.0795249 0.0697594 0.0608353 0.0527389 0.0454466 0.0389265 0.03314 0.0280431 0.0235884 0.019726 0.0164053 0.0135763 0.0111906 0.00920251 0.00757007 0.00625554 0.00522616 0.00445453 0.00391903 0.00360402 
0.00394488 0.00406114 0.00441338 0.00501197 0.00587406 0.00702337 0.00848988 0.0103094 0.0125232 0.0151768 0.01832 0.0220049 0.0262856 0.0312162 0.03685 0.0432372 0.0504238 0.0584498 0.0673475 0.0771396 0.0878384 0.0994437 0.111942 0.125308 0.139498 0.154458 0.170119 0.186397 0.203197 0.220413 0.237931 0.255628 0.273377 0.291046 0.308503 0.325617 0.342259 0.358307 0.373641 0.388151 0.401734 0.414298 0.425757 0.436038 0.445074 0.452812 0.459204 0.464213 0.467811 0.469978 0.470701 0.469978 0.467811 0.464213 0.459204 0.452812 0.445074 0.436038 0.425757 0.414298 0.401734 0.388151 0.373641 0.358307 0.342259 0.325617 0.308503 0.291046 0.273377 0.255628 0.237931 0.220413 0.203197 0.186397 0.170119 0.154458 0.139498 0.125308 0.111942 0.0994437 0.0878384 0.0771396 0.0673475 0.0584498 0.0504238 0.0432372 0.03685 0.0312162 0.0262856 0.0220049 0.01832 0.0151768 0.0125232 0.0103094 0.00848988 0.00702337 0.00587406 0.00501197 0.00441338 0.00406114 
0.00442167 0.00455099 0.00494275 0.00560827 0.00656627 0.00784262 0.00946999 0.0114873 0.0139393 0.0168754 0.0203492 0.0244169 0.0291364 0.0345655 0.0407604 0.0477742 0.0556546 0.0644427 0.0741707 0.0848603 0.0965214 0.109151 0.12273 0.137226 0.152592 0.168764 0.185663 0.203197 0.221261 0.239741 0.258509 0.277436 0.296383 0.31521 0.333779 0.351951 0.369591 0.386572 0.402771 0.418076 0.432381 0.445594 0.457629 0.468413 0.477882 0.485981 0.492667 0.497903 0.501662 0.503925 0.504681 0.503925 0.501662 0.497903 0.492667 0.485981 0.477882 0.468413 0.457629 0.445594 0.432381 0.418076 0.402771 0.386572 0.369591 0.351951 0.333779 0.31521 0.296383 0.277436 0.258509 0.239741 0.221261 0.203197 0.185663 0.168764 0.152592 0.137226 0.12273 0.109151 0.0965214 0.0848603 0.0741707 0.0644427 0.0556546 0.0477742 0.0407604 0.0345655 0.0291364 0.0244169 0.0203492 0.0168754 0.0139393 0.0114873 0.00946999 0.00784262 0.00656627 0.00560827 0.00494275 0.00455099 
0.00492895 0.00507204 0.00550544 0.00624146 0.00730041 0.00871038 0.0105067 0.0127317 0.0154333 0.0186651 0.0224845 0.0269516 0.0321282 0.0380754 0.0448528 0.0525155 0.061113 0.070687 0.0812693 0.0928802 0.105527 0.119201 0.133881 0.149526 0.166082 0.183475 0.20162 0.220413 0.239741 0.259476 0.279484 0.299622 0.319746 0.339706 0.359357 0.378552 0.397153 0.415027 0.43205 0.448106 0.463091 0.476911 0.489482 0.500732 0.510599 0.51903 0.525984 0.531426 0.535331 0.537681 0.538466 0.537681 0.535331 0.531426 0.525984 0.51903 0.510599 0.500732 0.489482 0.476911 0.463091 0.448106 0.43205 0.415027 0.397153 0.378552 0.359357 0.339706 0.319746 0.299622 0.279484 0.259476 0.239741 0.220413 0.20162 0.183475 0.166082 0.149526 0.133881 0.119201 0.105527 0.0928802 0.0812693 0.070687 0.061113 0.0525155 0.0448528 0.0380754 0.0321282 0.0269516 0.0224845 0.0186651 0.0154333 0.0127317 0.0105067 0.00871038 0.00730041 0.00624146 0.00550544 0.00507204 
0.00546461 0.00562211 0.00609906 0.00690878 0.00807322 0.00962268 0.0115953 0.0140365 0.016998 0.020537 0.0247149 0.0295958 0.035245 0.0417273 0.0491046 0.0574346 0.066768 0.0771468 0.0886018 0.101151 0.114799 0.129534 0.145326 0.162129 0.17988 0.198498 0.217886 0.237931 0.258509 0.279484 0.300709 0.322033 0.343302 0.364359 0.385051 0.405226 0.424742 0.443462 0.461259 0.478018 0.493634 0.508013 0.521075 0.532749 0.542976 0.551706 0.558899 0.564525 0.56856 0.570987 0.571797 0.570987 0.56856 0.564525 0.558899 0.551706 0.542976 0.532749 0.521075 0.508013 0.493634 0.478018 0.461259 0.443462 0.424742 0.405226 0.385051 0.364359 0.343302 0.322033 0.300709 0.279484 0.258509 0.237931 0.217886 0.198498 0.17988 0.162129 0.145326 0.129534 0.114799 0.101151 0.0886018 0.0771468 0.066768 0.0574346 0.0491046 0.0417273 0.035245 0.0295958 0.0247149 0.020537 0.016998 0.0140365 0.0115953 0.00962268 0.00807322 0.00690878 0.00609906 0.00562211 
0.00602589 0.00619834 0.00672051 0.0076067 0.00888054 0.0105746 0.0127297 0.0153945 0.0186244 0.0224803 0.0270275 0.0323338 0.0384683 0.0454988 0.0534899 0.0625011 0.0725841 0.0837808 0.0961209 0.10962 0.124279 0.14008 0.156988 0.17495 0.193893 0.213728 0.234347 0.255628 0.277436 0.299622 0.322033 0.344507 0.366881 0.38899 0.410675 0.431779 0.452156 0.471667 0.490183 0.507589 0.523782 0.538669 0.552173 0.564225 0.57477 0.583763 0.591166 0.596951 0.601098 0.603592 0.604424 0.603592 0.601098 0.596951 0.591166 0.583763 0.57477 0.564225 0.552173 0.538669 0.523782 0.507589 0.490183 0.471667 0.452156 0.431779 0.410675 0.38899 0.366881 0.344507 0.322033 0.299622 0.277436 0.255628 0.234347 0.213728 0.193893 0.17495 0.156988 0.14008 0.124279 0.10962 0.0961209 0.0837808 0.0725841 0.0625011 0.0534899 0.0454988 0.0384683 0.0323338 0.0270275 0.0224803 0.0186244 0.0153945 0.0127297 0.0105746 0.00888054 0.0076067 0.00672051 0.00619834 
0.00660937 0.00679724 0.00736598 0.00833093 0.00971735 0.01156 0.0139026 0.016797 0.020302 0.0244823 0.029407 0.0351476 0.0417766 0.0493647 0.057979 0.0676805 0.0785215 0.0905435 0.103775 0.118228 0.133899 0.150765 0.168786 0.187898 0.208021 0.229057 0.250886 0.273377 0.296383 0.319746 0.343302 0.366881 0.39031 0.413418 0.436041 0.458017 0.479195 0.499436 0.518611 0.536605 0.553316 0.568656 0.582549 0.594932 0.605753 0.61497 0.622552 0.628471 0.632712 0.635261 0.636111 0.635261 0.632712 0.628471 0.622552 0.61497 0.605753 0.594932 0.582549 0.568656 0.553316 0.536605 0.518611 0.499436 0.479195 0.458017 0.436041 0.413418 0.39031 0.366881 0.343302 0.319746 0.296383 0.273377 0.250886 0.229057 0.208021 0.187898 0.168786 0.150765 0.133899 0.118228 0.103775 0.0905435 0.0785215 0.0676805 0.057979 0.0493647 0.0417766 0.0351476 0.029407 0.0244823 0.020302 0.016797 0.0139026 0.01156 0.00971735 0.00833093 0.00736598 0.00679724 
0.00721101 0.00741463 0.00803099 0.0090764 0.0105778 0.0125721 0.0151059 0.018234 0.0220189 0.0265287 0.0318363 0.0380168 0.0451458 0.0532968 0.0625391 0.0729348 0.0845367 0.0973852 0.111507 0.126911 0.143588 0.161511 0.180631 0.200877 0.22216 0.24437 0.26738 0.291046 0.31521 0.339706 0.364359 0.38899 0.413418 0.437468 0.460966 0.483749 0.505665 0.526571 0.546341 0.56486 0.582029 0.597764 0.611993 0.624658 0.635711 0.645115 0.652842 0.658871 0.663187 0.665781 0.666646 0.665781 0.663187 0.658871 0.652842 0.645115 0.635711 0.624658 0.611993 0.597764 0.582029 0.56486 0.546341 0.526571 0.505665 0.483749 0.460966 0.437468 0.413418 0.38899 0.364359 0.339706 0.31521 0.291046 0.26738 0.24437 0.22216 0.200877 0.180631 0.161511 0.143588 0.126911 0.111507 0.0973852 0.0845367 0.0729348 0.0625391 0.0532968 0.0451458 0.0380168 0.0318363 0.0265287 0.0220189 0.018234 0.0151059 0.0125721 0.0105778 0.0090764 0.00803099 0.00741463 
0.00782616 0.00804576 0.00871038 0.00983733 0.0114551 0.013603 0.0163301 0.0196943 0.0237615 0.0286035 0.0342965 0.0409191 0.0485497 0.0572646 0.0671347 0.0782232 0.0905828 0.104253 0.119257 0.135601 0.153272 0.172235 0.192433 0.213788 0.236201 0.259553 0.283705 0.308503 0.333779 0.359357 0.385051 0.410675 0.436041 0.460966 0.485274 0.508798 0.531383 0.552887 0.573185 0.592165 0.609731 0.625803 0.640314 0.653211 0.664452 0.674005 0.681846 0.68796 0.692333 0.69496 0.695836 0.69496 0.692333 0.68796 0.681846 0.674005 0.664452 0.653211 0.640314 0.625803 0.609731 0.592165 0.573185 0.552887 0.531383 0.508798 0.485274 0.460966 0.436041 0.410675 0.385051 0.359357 0.333779 0.308503 0.283705 0.259553 0.236201 0.213788 0.192433 0.172235 0.153272 0.135601 0.119257 0.104253 0.0905828 0.0782232 0.0671347 0.0572646 0.0485497 0.0409191 0.0342965 0.0286035 0.0237615 0.0196943 0.0163301 0.013603 0.0114551 0.00983733 0.00871038 0.00804576 
0.00844962 0.00868529 0.00939842 0.0106073 0.0123421 0.014644 0.0175649 0.0211658 0.0255155 0.0306895 0.0367671 0.0438303 0.0519602 0.0612353 0.0717281 0.0835025 0.0966107 0.111091 0.126963 0.144231 0.162874 0.182851 0.204099 0.226531 0.250037 0.274489 0.299737 0.325617 0.351951 0.378552 0.405226 0.431779 0.458017 0.483749 0.508798 0.532992 0.556177 0.578211 0.598971 0.618347 0.636249 0.6526 0.66734 0.680422 0.691808 0.701473 0.709398 0.715572 0.719986 0.722635 0.723519 0.722635 0.719986 0.715572 0.709398 0.701473 0.691808 0.680422 0.66734 0.6526 0.636249 0.618347 0.598971 0.578211 0.556177 0.532992 0.508798 0.483749 0.458017 0.431779 0.405226 0.378552 0.351951 0.325617 0.299737 0.274489 0.250037 0.226531 0.204099 0.182851 0.162874 0.144231 0.126963 0.111091 0.0966107 0.0835025 0.0717281 0.0612353 0.0519602 0.0438303 0.0367671 0.0306895 0.0255155 0.0211658 0.0175649 0.014644 0.0123421 0.0106073 0.00939842 0.00868529 
0.0090757 0.00932737 0.0100888 0.0113794 0.0132305 0.0156858 0.0187993 0.0226351 0.0272652 0.032768 0.0392264 0.0467249 0.0553475 0.0651745 0.0762798 0.0887275 0.102569 0.117841 0.134561 0.152727 0.172314 0.193274 0.215536 0.239004 0.263559 0.289062 0.315353 0.342259 0.369591 0.397153 0.424742 0.452156 0.479195 0.505665 0.531383 0.556177 0.579892 0.602388 0.623543 0.643253 0.661431 0.678007 0.692925 0.706145 0.717636 0.727378 0.735359 0.741569 0.746007 0.74867 0.749558 0.74867 0.746007 0.741569 0.735359 0.727378 0.717636 0.706145 0.692925 0.678007 0.661431 0.643253 0.623543 0.602388 0.579892 0.556177 0.531383 0.505665 0.479195 0.452156 0.424742 0.397153 0.369591 0.342259 0.315353 0.289062 0.263559 0.239004 0.215536 0.193274 0.172314 0.152727 0.134561 0.117841 0.102569 0.0887275 0.0762798 0.0651745 0.0553475 0.0467249 0.0392264 0.032768 0.0272652 0.0226351 0.0187993 0.0156858 0.0132305 0.0113794 0.0100888 0.00932737 
0.00969829 0.00996577 0.010775 0.012146 0.014112 0.0167183 0.0200216 0.0240885 0.0289942 0.03482 0.0416516 0.0495765 0.0586809 0.0690468 0.0807491 0.0938521 0.108406 0.124446 0.141986 0.161018 0.181514 0.203418 0.226651 0.251107 0.27666 0.30316 0.330437 0.358307 0.386572 0.415027 0.443462 0.471667 0.499436 0.526571 0.552887 0.578211 0.602388 0.625279 0.646767 0.66675 0.685148 0.701896 0.716945 0.730261 0.741819 0.751606 0.759615 0.765843 0.77029 0.772957 0.773846 0.772957 0.77029 0.765843 0.759615 0.751606 0.741819 0.730261 0.716945 0.701896 0.685148 0.66675 0.646767 0.625279 0.602388 0.578211 0.552887 0.526571 0.499436 0.471667 0.443462 0.415027 0.386572 0.358307 0.330437 0.30316 0.27666 0.251107 0.226651 0.203418 0.181514 0.161018 0.141986 0.124446 0.108406 0.0938521 0.0807491 0.0690468 0.0586809 0.0495765 0.0416516 0.03482 0.0289942 0.0240885 0.0200216 0.0167183 0.014112 0.012146 0.010775 0.00996577 
0.010311 0.0105939 0.0114497 0.0128994 0.0149775 0.0177312 0.0212195 0.0255117 0.0306855 0.0368253 0.0440195 0.052358 0.061929 0.0728161 0.0850949 0.0988295 0.114069 0.130846 0.149172 0.169034 0.190397 0.213199 0.237352 0.262744 0.289238 0.316674 0.344873 0.373641 0.402771 0.43205 0.461259 0.490183 0.518611 0.546341 0.573185 0.598971 0.623543 0.646767 0.668527 0.688727 0.707293 0.724165 0.739301 0.752674 0.764266 0.77407 0.782084 0.78831 0.792753 0.795416 0.796304 0.795416 0.792753 0.78831 0.782084 0.77407 0.764266 0.752674 0.739301 0.724165 0.707293 0.688727 0.668527 0.646767 0.623543 0.598971 0.573185 0.546341 0.518611 0.490183 0.461259 0.43205 0.402771 0.373641 0.344873 0.316674 0.289238 0.262744 0.237352 0.213199 0.190397 0.169034 0.149172 0.130846 0.114069 0.0988295 0.0850949 0.0728161 0.061929 0.052358 0.0440195 0.0368253 0.0306855 0.0255117 0.0212195 0.0177312 0.0149775 0.0128994 0.0114497 0.0105939 
0.0109071 0.011205 0.0121059 0.0136315 0.0158179 0.0187139 0.0223807 0.02689 0.032322 0.0387639 0.0463065 0.0550419 0.0650602 0.0764462 0.089276 0.103613 0.119506 0.136984 0.156055 0.176702 0.198885 0.222533 0.247552 0.273821 0.301193 0.3295 0.358554 0.388151 0.418076 0.448106 0.478018 0.507589 0.536605 0.56486 0.592165 0.618347 0.643253 0.66675 0.688727 0.709094 0.72778 0.744733 0.759919 0.773315 0.784912 0.794708 0.802706 0.808915 0.813342 0.815996 0.816879 0.815996 0.813342 0.808915 0.802706 0.794708 0.784912 0.773315 0.759919 0.744733 0.72778 0.709094 0.688727 0.66675 0.643253 0.618347 0.592165 0.56486 0.536605 0.507589 0.478018 0.448106 0.418076 0.388151 0.358554 0.3295 0.301193 0.273821 0.247552 0.222533 0.198885 0.176702 0.156055 0.136984 0.119506 0.103613 0.089276 0.0764462 0.0650602 0.0550419 0.0463065 0.0387639 0.032322 0.02689 0.0223807 0.0187139 0.0158179 0.0136315 0.0121059 0.011205 
