5.30539e-09 6.05753e-09 8.48664e-09 1.31402e-08 2.10321e-08 3.38046e-08 5.39772e-08 8.53014e-08 1.3325e-07 2.05669e-07 3.13631e-07 4.7252e-07 7.0338e-07 1.03456e-06 1.50366e-06 2.15973e-06 3.06578e-06 4.3014e-06 5.96544e-06 8.17852e-06 1.10853e-05 1.48557e-05 1.96859e-05 2.5797e-05 3.34331e-05 4.28562e-05 5.43399e-05 6.81601e-05 8.45837e-05 0.000103855 0.000126178 0.000151707 0.000180519 0.000212609 0.000247867 0.000286076 0.000326896 0.000369871 0.00041443 0.000459894 0.000505497 0.000550406 0.000593742 0.000634615 0.000672148 0.000705509 0.00073394 0.000756781 0.000773495 0.000783687 0.000787111 0.000783687 0.000773495 0.000756781 0.00073394 0.000705509 0.000672148 0.000634615 0.000593742 0.000550406 0.000505497 0.000459894 0.00041443 0.000369871 0.000326896 0.000286076 0.000247867 0.000212609 0.000180519 0.000151707 0.000126178 0.000103855 8.45837e-05 6.81601e-05 5.43399e-05 4.28562e-05 3.34331e-05 2.5797e-05 1.96859e-05 1.48557e-05 1.10853e-05 8.17852e-06 5.96544e-06 4.3014e-06 3.06578e-06 2.15973e-06 1.50366e-06 1.03456e-06 7.0338e-07 4.7252e-07 3.13631e-07 2.05669e-07 1.3325e-07 8.53014e-08 5.39772e-08 3.38046e-08 2.10321e-08 1.31402e-08 8.48664e-09 6.05753e-09 
6.05753e-09 6.91301e-09 9.67488e-09 1.49626e-08 2.39224e-08 3.84095e-08 6.12664e-08 9.6721e-08 1.50932e-07 2.3272e-07 3.54511e-07 5.33548e-07 7.93385e-07 1.1657e-06 1.69245e-06 2.4283e-06 3.44332e-06 4.82592e-06 6.68571e-06 9.15623e-06 1.23973e-05 1.65965e-05 2.19697e-05 2.87602e-05 3.72356e-05 4.76828e-05 6.04007e-05 7.56901e-05 9.38407e-05 0.000115117 0.000139739 0.000167869 0.00019959 0.000234888 0.000273639 0.0003156 0.000360395 0.000407523 0.000456354 0.000506147 0.000556065 0.000605196 0.000652586 0.000697262 0.000738273 0.000774713 0.000805759 0.000830697 0.000848943 0.000860066 0.000863804 0.000860066 0.000848943 0.000830697 0.000805759 0.000774713 0.000738273 0.000697262 0.000652586 0.000605196 0.000556065 0.000506147 0.000456354 0.000407523 0.000360395 0.0003156 0.000273639 0.000234888 0.00019959 0.000167869 0.000139739 0.000115117 9.38407e-05 7.56901e-05 6.04007e-05 4.76828e-05 3.72356e-05 2.87602e-05 2.19697e-05 1.65965e-05 1.23973e-05 9.15623e-06 6.68571e-06 4.82592e-06 3.44332e-06 2.4283e-06 1.69245e-06 1.1657e-06 7.93385e-07 5.33548e-07 3.54511e-07 2.3272e-07 1.50932e-07 9.6721e-08 6.12664e-08 3.84095e-08 2.39224e-08 1.49626e-08 9.67488e-09 6.91301e-09 
8.48664e-09 9.67488e-09 1.35081e-08 2.08365e-08 3.32309e-08 5.32281e-08 8.47054e-08 1.33413e-07 2.07705e-07 3.19504e-07 4.8556e-07 7.29033e-07 1.08146e-06 1.58511e-06 2.29577e-06 3.28584e-06 4.64786e-06 6.49806e-06 8.98003e-06 1.22681e-05 1.65698e-05 2.21281e-05 2.92213e-05 3.81614e-05 4.92901e-05 6.29721e-05 7.95853e-05 9.95072e-05 0.000123099 0.000150687 0.00018254 0.000218849 0.000259703 0.000305071 0.000354778 0.000408499 0.000465746 0.000525872 0.000588072 0.000651403 0.000714806 0.000777131 0.000837178 0.00089373 0.000945594 0.000991642 0.00103085 0.00106232 0.00108534 0.00109938 0.00110409 0.00109938 0.00108534 0.00106232 0.00103085 0.000991642 0.000945594 0.00089373 0.000837178 0.000777131 0.000714806 0.000651403 0.000588072 0.000525872 0.000465746 0.000408499 0.000354778 0.000305071 0.000259703 0.000218849 0.00018254 0.000150687 0.000123099 9.95072e-05 7.95853e-05 6.29721e-05 4.92901e-05 3.81614e-05 2.92213e-05 2.21281e-05 1.65698e-05 1.22681e-05 8.98003e-06 6.49806e-06 4.64786e-06 3.28584e-06 2.29577e-06 1.58511e-06 1.08146e-06 7.29033e-07 4.8556e-07 3.19504e-07 2.07705e-07 1.33413e-07 8.47054e-08 5.32281e-08 3.32309e-08 2.08365e-08 1.35081e-08 9.67488e-09 
1.31402e-08 1.49626e-08 2.08365e-08 3.20488e-08 5.09725e-08 8.14312e-08 1.29252e-07 2.03052e-07 3.15302e-07 4.83748e-07 7.33223e-07 1.09794e-06 1.62431e-06 2.3743e-06 3.42934e-06 4.89471e-06 6.90436e-06 9.62586e-06 1.32652e-05 1.80715e-05 2.43398e-05 3.24137e-05 4.26849e-05 5.55903e-05 7.16055e-05 9.12353e-05 0.000114999 0.000143411 0.000176959 0.000216079 0.000261123 0.000312331 0.000369801 0.000433461 0.000503044 0.000578076 0.000657861 0.000741486 0.00082783 0.000915588 0.0010033 0.00108939 0.00117221 0.00125012 0.00132149 0.0013848 0.00143866 0.00148188 0.00151346 0.00153271 0.00153918 0.00153271 0.00151346 0.00148188 0.00143866 0.0013848 0.00132149 0.00125012 0.00117221 0.00108939 0.0010033 0.000915588 0.00082783 0.000741486 0.000657861 0.000578076 0.000503044 0.000433461 0.000369801 0.000312331 0.000261123 0.000216079 0.000176959 0.000143411 0.000114999 9.12353e-05 7.16055e-05 5.55903e-05 4.26849e-05 3.24137e-05 2.43398e-05 1.80715e-05 1.32652e-05 9.62586e-06 6.90436e-06 4.89471e-06 3.42934e-06 2.3743e-06 1.62431e-06 1.09794e-06 7.33223e-07 4.83748e-07 3.15302e-07 2.03052e-07 1.29252e-07 8.14312e-08 5.09725e-08 3.20488e-08 2.08365e-08 1.49626e-08 
2.10321e-08 2.39224e-08 3.32309e-08 5.09725e-08 8.08567e-08 1.28847e-07 2.04005e-07 3.19693e-07 4.95189e-07 7.57824e-07 1.14572e-06 1.71121e-06 2.525e-06 3.68115e-06 5.30276e-06 7.54839e-06 1.06189e-05 1.47643e-05 2.02911e-05 2.75673e-05 3.70279e-05 4.9176e-05 6.45826e-05 8.38809e-05 0.000107757 0.000136932 0.000172146 0.000214125 0.000263549 0.000321019 0.000387009 0.000461828 0.000545579 0.000638117 0.000739024 0.000847581 0.000962763 0.00108324 0.00120739 0.00133334 0.00145902 0.00158218 0.0017005 0.00181166 0.00191338 0.00200352 0.00208014 0.00214157 0.00218646 0.0022138 0.00222298 0.0022138 0.00218646 0.00214157 0.00208014 0.00200352 0.00191338 0.00181166 0.0017005 0.00158218 0.00145902 0.00133334 0.00120739 0.00108324 0.000962763 0.000847581 0.000739024 0.000638117 0.000545579 0.000461828 0.000387009 0.000321019 0.000263549 0.000214125 0.000172146 0.000136932 0.000107757 8.38809e-05 6.45826e-05 4.9176e-05 3.70279e-05 2.75673e-05 2.02911e-05 1.47643e-05 1.06189e-05 7.54839e-06 5.30276e-06 3.68115e-06 2.525e-06 1.71121e-06 1.14572e-06 7.57824e-07 4.95189e-07 3.19693e-07 2.04005e-07 1.28847e-07 8.08567e-08 5.09725e-08 3.32309e-08 2.39224e-08 
3.38046e-08 3.84095e-08 5.32281e-08 8.14312e-08 1.28847e-07 2.04822e-07 3.23527e-07 5.0579e-07 7.81571e-07 1.19321e-06 1.79955e-06 2.6811e-06 3.94626e-06 5.73865e-06 8.24556e-06 1.17072e-05 1.64267e-05 2.27798e-05 3.12249e-05 4.23103e-05 5.66804e-05 7.50778e-05 9.834e-05 0.000127391 0.000163227 0.000206888 0.000259432 0.000321889 0.000395216 0.000480243 0.000577612 0.000687718 0.000810652 0.000946151 0.00109355 0.00125177 0.00141929 0.00159414 0.00177398 0.0019561 0.00213751 0.00231502 0.00248533 0.00264511 0.00279116 0.00292047 0.00303029 0.00311829 0.00318256 0.00322169 0.00323483 0.00322169 0.00318256 0.00311829 0.00303029 0.00292047 0.00279116 0.00264511 0.00248533 0.00231502 0.00213751 0.0019561 0.00177398 0.00159414 0.00141929 0.00125177 0.00109355 0.000946151 0.000810652 0.000687718 0.000577612 0.000480243 0.000395216 0.000321889 0.000259432 0.000206888 0.000163227 0.000127391 9.834e-05 7.50778e-05 5.66804e-05 4.23103e-05 3.12249e-05 2.27798e-05 1.64267e-05 1.17072e-05 8.24556e-06 5.73865e-06 3.94626e-06 2.6811e-06 1.79955e-06 1.19321e-06 7.81571e-07 5.0579e-07 3.23527e-07 2.04822e-07 1.28847e-07 8.14312e-08 5.32281e-08 3.84095e-08 
5.39772e-08 6.12664e-08 8.47054e-08 1.29252e-07 2.04005e-07 3.23527e-07 5.09836e-07 7.95201e-07 1.2259e-06 1.86713e-06 2.80919e-06 4.17519e-06 6.13032e-06 8.89264e-06 1.27454e-05 1.80504e-05 2.52625e-05 3.49433e-05 4.77742e-05 6.45675e-05 8.62729e-05 0.000113979 0.000148908 0.000192401 0.000245893 0.000310875 0.000388852 0.000481276 0.00058948 0.000714602 0.000857498 0.00101866 0.00119815 0.00139549 0.00160965 0.00183902 0.00208132 0.00233373 0.00259284 0.00285476 0.00311522 0.00336968 0.00361346 0.00384191 0.00405048 0.00423496 0.00439152 0.00451688 0.00460839 0.00466409 0.00468279 0.00466409 0.00460839 0.00451688 0.00439152 0.00423496 0.00405048 0.00384191 0.00361346 0.00336968 0.00311522 0.00285476 0.00259284 0.00233373 0.00208132 0.00183902 0.00160965 0.00139549 0.00119815 0.00101866 0.000857498 0.000714602 0.00058948 0.000481276 0.000388852 0.000310875 0.000245893 0.000192401 0.000148908 0.000113979 8.62729e-05 6.45675e-05 4.77742e-05 3.49433e-05 2.52625e-05 1.80504e-05 1.27454e-05 8.89264e-06 6.13032e-06 4.17519e-06 2.80919e-06 1.86713e-06 1.2259e-06 7.95201e-07 5.09836e-07 3.23527e-07 2.04005e-07 1.29252e-07 8.47054e-08 6.12664e-08 
8.53014e-08 9.6721e-08 1.33413e-07 2.03052e-07 3.19693e-07 5.0579e-07 7.95201e-07 1.23741e-06 1.90316e-06 2.89179e-06 4.34045e-06 6.43547e-06 9.42594e-06 1.36395e-05 1.95e-05 2.7547e-05 3.84555e-05 5.30558e-05 7.23508e-05 9.75304e-05 0.000129979 0.000171276 0.000223184 0.000287627 0.00036665 0.000462367 0.000576887 0.000712233 0.000870237 0.00105243 0.00125994 0.00149336 0.00175263 0.00203699 0.00234485 0.00267378 0.00302052 0.00338095 0.00375022 0.00412281 0.00449268 0.00485347 0.00519863 0.00552164 0.00581622 0.00607651 0.00629723 0.00647384 0.00660269 0.0066811 0.00670742 0.0066811 0.00660269 0.00647384 0.00629723 0.00607651 0.00581622 0.00552164 0.00519863 0.00485347 0.00449268 0.00412281 0.00375022 0.00338095 0.00302052 0.00267378 0.00234485 0.00203699 0.00175263 0.00149336 0.00125994 0.00105243 0.000870237 0.000712233 0.000576887 0.000462367 0.00036665 0.000287627 0.000223184 0.000171276 0.000129979 9.75304e-05 7.23508e-05 5.30558e-05 3.84555e-05 2.7547e-05 1.95e-05 1.36395e-05 9.42594e-06 6.43547e-06 4.34045e-06 2.89179e-06 1.90316e-06 1.23741e-06 7.95201e-07 5.0579e-07 3.19693e-07 2.03052e-07 1.33413e-07 9.6721e-08 
1.3325e-07 1.50932e-07 2.07705e-07 3.15302e-07 4.95189e-07 7.81571e-07 1.2259e-06 1.90316e-06 2.92022e-06 4.42663e-06 6.62822e-06 9.80359e-06 1.43239e-05 2.06753e-05 2.94846e-05 4.15463e-05 5.78501e-05 7.9608e-05 0.000108278 0.00014558 0.000193508 0.000254321 0.00033053 0.000424857 0.000540177 0.000679438 0.000845561 0.00104132 0.00126918 0.00153118 0.00182874 0.00216254 0.00253232 0.00293684 0.00337371 0.00383937 0.00432913 0.00483712 0.00535652 0.00587958 0.00639792 0.00690269 0.00738487 0.00783552 0.00824601 0.00860835 0.00891533 0.0091608 0.0093398 0.00944868 0.00948522 0.00944868 0.0093398 0.0091608 0.00891533 0.00860835 0.00824601 0.00783552 0.00738487 0.00690269 0.00639792 0.00587958 0.00535652 0.00483712 0.00432913 0.00383937 0.00337371 0.00293684 0.00253232 0.00216254 0.00182874 0.00153118 0.00126918 0.00104132 0.000845561 0.000679438 0.000540177 0.000424857 0.00033053 0.000254321 0.000193508 0.00014558 0.000108278 7.9608e-05 5.78501e-05 4.15463e-05 2.94846e-05 2.06753e-05 1.43239e-05 9.80359e-06 6.62822e-06 4.42663e-06 2.92022e-06 1.90316e-06 1.2259e-06 7.81571e-07 4.95189e-07 3.15302e-07 2.07705e-07 1.50932e-07 
2.05669e-07 2.3272e-07 3.19504e-07 4.83748e-07 7.57824e-07 1.19321e-06 1.86713e-06 2.89179e-06 4.42663e-06 6.69404e-06 9.99899e-06 1.47529e-05 2.15016e-05 3.09577e-05 4.40361e-05 6.18913e-05 8.59559e-05 0.000117976 0.000160042 0.000214609 0.000284506 0.000372924 0.000483386 0.000619687 0.00078581 0.000985806 0.00122365 0.00150307 0.00182735 0.00219912 0.00262013 0.00309108 0.00361138 0.00417902 0.00479049 0.00544066 0.00612285 0.00682888 0.00754921 0.0082732 0.00898932 0.00968552 0.0103495 0.0109692 0.0115331 0.0120302 0.012451 0.0127872 0.0130323 0.0131813 0.0132313 0.0131813 0.0130323 0.0127872 0.012451 0.0120302 0.0115331 0.0109692 0.0103495 0.00968552 0.00898932 0.0082732 0.00754921 0.00682888 0.00612285 0.00544066 0.00479049 0.00417902 0.00361138 0.00309108 0.00262013 0.00219912 0.00182735 0.00150307 0.00122365 0.000985806 0.00078581 0.000619687 0.000483386 0.000372924 0.000284506 0.000214609 0.000160042 0.000117976 8.59559e-05 6.18913e-05 4.40361e-05 3.09577e-05 2.15016e-05 1.47529e-05 9.99899e-06 6.69404e-06 4.42663e-06 2.89179e-06 1.86713e-06 1.19321e-06 7.57824e-07 4.83748e-07 3.19504e-07 2.3272e-07 
3.13631e-07 3.54511e-07 4.8556e-07 7.33223e-07 1.14572e-06 1.79955e-06 2.80919e-06 4.34045e-06 6.62822e-06 9.99899e-06 1.4899e-05 2.19278e-05 3.18784e-05 4.57813e-05 6.49545e-05 9.10541e-05 0.000126126 0.000172652 0.000233589 0.000312393 0.000413023 0.00053992 0.000697956 0.000892346 0.00112852 0.00141196 0.00174798 0.00214151 0.00259681 0.0031172 0.00370478 0.00436012 0.00508209 0.00586758 0.00671146 0.00760646 0.00854324 0.00951049 0.0104952 0.0114828 0.0124578 0.013404 0.014305 0.0151447 0.0159077 0.0165796 0.0171479 0.0176016 0.0179321 0.0181329 0.0182003 0.0181329 0.0179321 0.0176016 0.0171479 0.0165796 0.0159077 0.0151447 0.014305 0.013404 0.0124578 0.0114828 0.0104952 0.00951049 0.00854324 0.00760646 0.00671146 0.00586758 0.00508209 0.00436012 0.00370478 0.0031172 0.00259681 0.00214151 0.00174798 0.00141196 0.00112852 0.000892346 0.000697956 0.00053992 0.000413023 0.000312393 0.000233589 0.000172652 0.000126126 9.10541e-05 6.49545e-05 4.57813e-05 3.18784e-05 2.19278e-05 1.4899e-05 9.99899e-06 6.62822e-06 4.34045e-06 2.80919e-06 1.79955e-06 1.14572e-06 7.33223e-07 4.8556e-07 3.54511e-07 
4.7252e-07 5.33548e-07 7.29033e-07 1.09794e-06 1.71121e-06 2.6811e-06 4.17519e-06 6.43547e-06 9.80359e-06 1.47529e-05 2.19278e-05 3.21915e-05 4.66803e-05 6.6866e-05 9.46221e-05 0.000132293 0.000182762 0.000249509 0.000336659 0.000449009 0.000592022 0.000771791 0.000994954 0.00126857 0.00159992 0.0019963 0.0024647 0.00301151 0.00364215 0.0043607 0.00516951 0.00606888 0.00705676 0.0081285 0.00927672 0.0104913 0.0117592 0.0130653 0.0143918 0.0157194 0.0170275 0.0182946 0.019499 0.0206198 0.0216367 0.0225314 0.0232872 0.0238902 0.0243292 0.0245959 0.0246853 0.0245959 0.0243292 0.0238902 0.0232872 0.0225314 0.0216367 0.0206198 0.019499 0.0182946 0.0170275 0.0157194 0.0143918 0.0130653 0.0117592 0.0104913 0.00927672 0.0081285 0.00705676 0.00606888 0.00516951 0.0043607 0.00364215 0.00301151 0.0024647 0.0019963 0.00159992 0.00126857 0.000994954 0.000771791 0.000592022 0.000449009 0.000336659 0.000249509 0.000182762 0.000132293 9.46221e-05 6.6866e-05 4.66803e-05 3.21915e-05 2.19278e-05 1.47529e-05 9.80359e-06 6.43547e-06 4.17519e-06 2.6811e-06 1.71121e-06 1.09794e-06 7.29033e-07 5.33548e-07 
7.0338e-07 7.93385e-07 1.08146e-06 1.62431e-06 2.525e-06 3.94626e-06 6.13032e-06 9.42594e-06 1.43239e-05 2.15016e-05 3.18784e-05 4.66803e-05 6.75157e-05 9.64586e-05 0.000136138 0.000189829 0.00026154 0.000356086 0.000479144 0.000637278 0.000837921 0.00108931 0.00140036 0.00178046 0.00223925 0.00278626 0.00343052 0.00418016 0.00504189 0.00602057 0.00711868 0.00833594 0.00966891 0.0111107 0.012651 0.0142757 0.0159674 0.0177055 0.0194666 0.0212252 0.0229542 0.0246257 0.0262119 0.0276855 0.0290207 0.0301938 0.0311839 0.0319732 0.0325473 0.0328961 0.033013 0.0328961 0.0325473 0.0319732 0.0311839 0.0301938 0.0290207 0.0276855 0.0262119 0.0246257 0.0229542 0.0212252 0.0194666 0.0177055 0.0159674 0.0142757 0.012651 0.0111107 0.00966891 0.00833594 0.00711868 0.00602057 0.00504189 0.00418016 0.00343052 0.00278626 0.00223925 0.00178046 0.00140036 0.00108931 0.000837921 0.000637278 0.000479144 0.000356086 0.00026154 0.000189829 0.000136138 9.64586e-05 6.75157e-05 4.66803e-05 3.18784e-05 2.15016e-05 1.43239e-05 9.42594e-06 6.13032e-06 3.94626e-06 2.525e-06 1.62431e-06 1.08146e-06 7.93385e-07 
1.03456e-06 1.1657e-06 1.58511e-06 2.3743e-06 3.68115e-06 5.73865e-06 8.89264e-06 1.36395e-05 2.06753e-05 3.09577e-05 4.57813e-05 6.6866e-05 9.64586e-05 0.000137445 0.000193465 0.000269036 0.000369655 0.000501894 0.00067346 0.000893212 0.00117112 0.00151816 0.00194611 0.00246731 0.00309427 0.00383923 0.00471366 0.00572767 0.00688937 0.00820433 0.00967491 0.0112998 0.0130735 0.0149861 0.0170232 0.0191658 0.0213905 0.0236702 0.0259742 0.0282696 0.0305214 0.0326939 0.0347516 0.03666 0.0383866 0.0399017 0.041179 0.0421964 0.0429359 0.0433849 0.0435354 0.0433849 0.0429359 0.0421964 0.041179 0.0399017 0.0383866 0.03666 0.0347516 0.0326939 0.0305214 0.0282696 0.0259742 0.0236702 0.0213905 0.0191658 0.0170232 0.0149861 0.0130735 0.0112998 0.00967491 0.00820433 0.00688937 0.00572767 0.00471366 0.00383923 0.00309427 0.00246731 0.00194611 0.00151816 0.00117112 0.000893212 0.00067346 0.000501894 0.000369655 0.000269036 0.000193465 0.000137445 9.64586e-05 6.6866e-05 4.57813e-05 3.09577e-05 2.06753e-05 1.36395e-05 8.89264e-06 5.73865e-06 3.68115e-06 2.3743e-06 1.58511e-06 1.1657e-06 
1.50366e-06 1.69245e-06 2.29577e-06 3.42934e-06 5.30276e-06 8.24556e-06 1.27454e-05 1.95e-05 2.94846e-05 4.40361e-05 6.49545e-05 9.46221e-05 0.000136138 0.000193465 0.000271582 0.000376631 0.000516057 0.000698709 0.000934907 0.00123644 0.00161649 0.00208947 0.00267073 0.00337619 0.00422185 0.00522318 0.00639442 0.00774786 0.00929308 0.0110361 0.0129788 0.0151181 0.0174457 0.0199476 0.022604 0.0253895 0.0282735 0.0312206 0.0341914 0.0371436 0.0400331 0.0428149 0.0454445 0.0478791 0.0500783 0.0520054 0.0536282 0.0549195 0.0558577 0.0564269 0.0566177 0.0564269 0.0558577 0.0549195 0.0536282 0.0520054 0.0500783 0.0478791 0.0454445 0.0428149 0.0400331 0.0371436 0.0341914 0.0312206 0.0282735 0.0253895 0.022604 0.0199476 0.0174457 0.0151181 0.0129788 0.0110361 0.00929308 0.00774786 0.00639442 0.00522318 0.00422185 0.00337619 0.00267073 0.00208947 0.00161649 0.00123644 0.000934907 0.000698709 0.000516057 0.000376631 0.000271582 0.000193465 0.000136138 9.46221e-05 6.49545e-05 4.40361e-05 2.94846e-05 1.95e-05 1.27454e-05 8.24556e-06 5.30276e-06 3.42934e-06 2.29577e-06 1.69245e-06 
2.15973e-06 2.4283e-06 3.28584e-06 4.89471e-06 7.54839e-06 1.17072e-05 1.80504e-05 2.7547e-05 4.15463e-05 6.18913e-05 9.10541e-05 0.000132293 0.000189829 0.000269036 0.000376631 0.000520866 0.000711684 0.000960845 0.00128198 0.00169056 0.00220377 0.00284026 0.00361972 0.00456239 0.00568838 0.00701685 0.00856518 0.010348 0.0123761 0.0146557 0.0171875 0.0199659 0.0229785 0.026206 0.0296217 0.0331921 0.0368777 0.0406329 0.044408 0.0481499 0.0518033 0.0553126 0.0586232 0.0616825 0.0644414 0.0668556 0.0688861 0.0705003 0.071672 0.0723827 0.0726208 0.0723827 0.071672 0.0705003 0.0688861 0.0668556 0.0644414 0.0616825 0.0586232 0.0553126 0.0518033 0.0481499 0.044408 0.0406329 0.0368777 0.0331921 0.0296217 0.026206 0.0229785 0.0199659 0.0171875 0.0146557 0.0123761 0.010348 0.00856518 0.00701685 0.00568838 0.00456239 0.00361972 0.00284026 0.00220377 0.00169056 0.00128198 0.000960845 0.000711684 0.000520866 0.000376631 0.000269036 0.000189829 0.000132293 9.10541e-05 6.18913e-05 4.15463e-05 2.7547e-05 1.80504e-05 1.17072e-05 7.54839e-06 4.89471e-06 3.28584e-06 2.4283e-06 
3.06578e-06 3.44332e-06 4.64786e-06 6.90436e-06 1.06189e-05 1.64267e-05 2.52625e-05 3.84555e-05 5.78501e-05 8.59559e-05 0.000126126 0.000182762 0.00026154 0.000369655 0.000516057 0.000711684 0.000969649 0.00130537 0.0017366 0.00228338 0.00296779 0.00381359 0.00484568 0.00608937 0.0075695 0.0093094 0.0113298 0.0136475 0.0162745 0.0192164 0.0224719 0.0260317 0.0298779 0.0339842 0.0383153 0.0428279 0.0474713 0.0521882 0.0569164 0.0615902 0.066142 0.070504 0.07461 0.0783969 0.0818061 0.0847849 0.087287 0.089274 0.0907153 0.0915889 0.0918816 0.0915889 0.0907153 0.089274 0.087287 0.0847849 0.0818061 0.0783969 0.07461 0.070504 0.066142 0.0615902 0.0569164 0.0521882 0.0474713 0.0428279 0.0383153 0.0339842 0.0298779 0.0260317 0.0224719 0.0192164 0.0162745 0.0136475 0.0113298 0.0093094 0.0075695 0.00608937 0.00484568 0.00381359 0.00296779 0.00228338 0.0017366 0.00130537 0.000969649 0.000711684 0.000516057 0.000369655 0.00026154 0.000182762 0.000126126 8.59559e-05 5.78501e-05 3.84555e-05 2.52625e-05 1.64267e-05 1.06189e-05 6.90436e-06 4.64786e-06 3.44332e-06 
4.3014e-06 4.82592e-06 6.49806e-06 9.62586e-06 1.47643e-05 2.27798e-05 3.49433e-05 5.30558e-05 7.9608e-05 0.000117976 0.000172652 0.000249509 0.000356086 0.000501894 0.000698709 0.000960845 0.00130537 0.00175222 0.00232424 0.00304699 0.00394846 0.00505849 0.00640808 0.00802835 0.00994947 0.0121993 0.0148019 0.0177762 0.0211346 0.0248814 0.0290121 0.033512 0.0383563 0.0435096 0.0489259 0.0545501 0.0603182 0.0661591 0.0719965 0.0777503 0.0833388 0.0886811 0.0936984 0.0983163 0.102466 0.106086 0.109122 0.111531 0.113277 0.114335 0.114689 0.114335 0.113277 0.111531 0.109122 0.106086 0.102466 0.0983163 0.0936984 0.0886811 0.0833388 0.0777503 0.0719965 0.0661591 0.0603182 0.0545501 0.0489259 0.0435096 0.0383563 0.033512 0.0290121 0.0248814 0.0211346 0.0177762 0.0148019 0.0121993 0.00994947 0.00802835 0.00640808 0.00505849 0.00394846 0.00304699 0.00232424 0.00175222 0.00130537 0.000960845 0.000698709 0.000501894 0.000356086 0.000249509 0.000172652 0.000117976 7.9608e-05 5.30558e-05 3.49433e-05 2.27798e-05 1.47643e-05 9.62586e-06 6.49806e-06 4.82592e-06 
5.96544e-06 6.68571e-06 8.98003e-06 1.32652e-05 2.02911e-05 3.12249e-05 4.77742e-05 7.23508e-05 0.000108278 0.000160042 0.000233589 0.000336659 0.000479144 0.00067346 0.000934907 0.00128198 0.0017366 0.00232424 0.00307385 0.00401764 0.00519054 0.00662953 0.00837254 0.0104573 0.0129197 0.0157923 0.0191024 0.0228707 0.0271089 0.031819 0.0369914 0.0426046 0.0486245 0.0550044 0.0616857 0.0685987 0.0756642 0.0827954 0.0898998 0.0968815 0.103644 0.110091 0.116132 0.121679 0.126655 0.130988 0.134618 0.137493 0.139576 0.140837 0.141259 0.140837 0.139576 0.137493 0.134618 0.130988 0.126655 0.121679 0.116132 0.110091 0.103644 0.0968815 0.0898998 0.0827954 0.0756642 0.0685987 0.0616857 0.0550044 0.0486245 0.0426046 0.0369914 0.031819 0.0271089 0.0228707 0.0191024 0.0157923 0.0129197 0.0104573 0.00837254 0.00662953 0.00519054 0.00401764 0.00307385 0.00232424 0.0017366 0.00128198 0.000934907 0.00067346 0.000479144 0.000336659 0.000233589 0.000160042 0.000108278 7.23508e-05 4.77742e-05 3.12249e-05 2.02911e-05 1.32652e-05 8.98003e-06 6.68571e-06 
8.17852e-06 9.15623e-06 1.22681e-05 1.80715e-05 2.75673e-05 4.23103e-05 6.45675e-05 9.75304e-05 0.00014558 0.000214609 0.000312393 0.000449009 0.000637278 0.000893212 0.00123644 0.00169056 0.00228338 0.00304699 0.00401764 0.00523531 0.00674304 0.0085859 0.0108097 0.0134592 0.0165765 0.0201988 0.0243563 0.0290703 0.0343509 0.0401959 0.0465891 0.0534995 0.0608814 0.0686746 0.076805 0.0851862 0.0937218 0.102307 0.110832 0.119183 0.127248 0.134916 0.142082 0.148648 0.154526 0.159635 0.163908 0.16729 0.169736 0.171217 0.171712 0.171217 0.169736 0.16729 0.163908 0.159635 0.154526 0.148648 0.142082 0.134916 0.127248 0.119183 0.110832 0.102307 0.0937218 0.0851862 0.076805 0.0686746 0.0608814 0.0534995 0.0465891 0.0401959 0.0343509 0.0290703 0.0243563 0.0201988 0.0165765 0.0134592 0.0108097 0.0085859 0.00674304 0.00523531 0.00401764 0.00304699 0.00228338 0.00169056 0.00123644 0.000893212 0.000637278 0.000449009 0.000312393 0.000214609 0.00014558 9.75304e-05 6.45675e-05 4.23103e-05 2.75673e-05 1.80715e-05 1.22681e-05 9.15623e-06 
1.10853e-05 1.23973e-05 1.65698e-05 2.43398e-05 3.70279e-05 5.66804e-05 8.62729e-05 0.000129979 0.000193508 0.000284506 0.000413023 0.000592022 0.000837921 0.00117112 0.00161649 0.00220377 0.00296779 0.00394846 0.00519054 0.00674304 0.00865819 0.0109902 0.0137933 0.01712 0.0210185 0.0255303 0.0306877 0.0365115 0.0430085 0.0501702 0.0579712 0.0663689 0.0753031 0.0846971 0.094459 0.104483 0.114654 0.124847 0.134933 0.144782 0.154263 0.163252 0.17163 0.179288 0.186127 0.192062 0.197018 0.200934 0.203765 0.205477 0.20605 0.205477 0.203765 0.200934 0.197018 0.192062 0.186127 0.179288 0.17163 0.163252 0.154263 0.144782 0.134933 0.124847 0.114654 0.104483 0.094459 0.0846971 0.0753031 0.0663689 0.0579712 0.0501702 0.0430085 0.0365115 0.0306877 0.0255303 0.0210185 0.01712 0.0137933 0.0109902 0.00865819 0.00674304 0.00519054 0.00394846 0.00296779 0.00220377 0.00161649 0.00117112 0.000837921 0.000592022 0.000413023 0.000284506 0.000193508 0.000129979 8.62729e-05 5.66804e-05 3.70279e-05 2.43398e-05 1.65698e-05 1.23973e-05 
1.48557e-05 1.65965e-05 2.21281e-05 3.24137e-05 4.9176e-05 7.50778e-05 0.000113979 0.000171276 0.000254321 0.000372924 0.00053992 0.000771791 0.00108931 0.00151816 0.00208947 0.00284026 0.00381359 0.00505849 0.00662953 0.0085859 0.0109902 0.0139064 0.0173981 0.0215255 0.0263426 0.0318948 0.038215 0.0453219 0.0532168 0.0618825 0.0712817 0.081357 0.0920308 0.103207 0.114774 0.126604 0.13856 0.150497 0.162266 0.173718 0.184707 0.195093 0.204747 0.213548 0.221391 0.228182 0.233844 0.238312 0.241539 0.243489 0.244141 0.243489 0.241539 0.238312 0.233844 0.228182 0.221391 0.213548 0.204747 0.195093 0.184707 0.173718 0.162266 0.150497 0.13856 0.126604 0.114774 0.103207 0.0920308 0.081357 0.0712817 0.0618825 0.0532168 0.0453219 0.038215 0.0318948 0.0263426 0.0215255 0.0173981 0.0139064 0.0109902 0.0085859 0.00662953 0.00505849 0.00381359 0.00284026 0.00208947 0.00151816 0.00108931 0.000771791 0.00053992 0.000372924 0.000254321 0.000171276 0.000113979 7.50778e-05 4.9176e-05 3.24137e-05 2.21281e-05 1.65965e-05 
1.96859e-05 2.19697e-05 2.92213e-05 4.26849e-05 6.45826e-05 9.834e-05 0.000148908 0.000223184 0.00033053 0.000483386 0.000697956 0.000994954 0.00140036 0.00194611 0.00267073 0.00361972 0.00484568 0.00640808 0.00837254 0.0108097 0.0137933 0.0173981 0.0216971 0.026758 0.0326404 0.0393919 0.0470448 0.0556132 0.0650905 0.0754477 0.0866325 0.0985693 0.11116 0.124288 0.137815 0.151593 0.165461 0.179252 0.192798 0.20593 0.218489 0.230321 0.241285 0.251255 0.260116 0.267774 0.274147 0.279169 0.282791 0.284978 0.285709 0.284978 0.282791 0.279169 0.274147 0.267774 0.260116 0.251255 0.241285 0.230321 0.218489 0.20593 0.192798 0.179252 0.165461 0.151593 0.137815 0.124288 0.11116 0.0985693 0.0866325 0.0754477 0.0650905 0.0556132 0.0470448 0.0393919 0.0326404 0.026758 0.0216971 0.0173981 0.0137933 0.0108097 0.00837254 0.00640808 0.00484568 0.00361972 0.00267073 0.00194611 0.00140036 0.000994954 0.000697956 0.000483386 0.00033053 0.000223184 0.000148908 9.834e-05 6.45826e-05 4.26849e-05 2.92213e-05 2.19697e-05 
2.5797e-05 2.87602e-05 3.81614e-05 5.55903e-05 8.38809e-05 0.000127391 0.000192401 0.000287627 0.000424857 0.000619687 0.000892346 0.00126857 0.00178046 0.00246731 0.00337619 0.00456239 0.00608937 0.00802835 0.0104573 0.0134592 0.01712 0.0215255 0.026758 0.0328926 0.0399931 0.0481077 0.0572659 0.0674746 0.0787161 0.0909463 0.104094 0.118063 0.132732 0.147956 0.163576 0.179416 0.195291 0.211013 0.226394 0.241249 0.255403 0.268694 0.280971 0.292102 0.301971 0.31048 0.317547 0.323108 0.327114 0.329531 0.330339 0.329531 0.327114 0.323108 0.317547 0.31048 0.301971 0.292102 0.280971 0.268694 0.255403 0.241249 0.226394 0.211013 0.195291 0.179416 0.163576 0.147956 0.132732 0.118063 0.104094 0.0909463 0.0787161 0.0674746 0.0572659 0.0481077 0.0399931 0.0328926 0.026758 0.0215255 0.01712 0.0134592 0.0104573 0.00802835 0.00608937 0.00456239 0.00337619 0.00246731 0.00178046 0.00126857 0.000892346 0.000619687 0.000424857 0.000287627 0.000192401 0.000127391 8.38809e-05 5.55903e-05 3.81614e-05 2.87602e-05 
3.34331e-05 3.72356e-05 4.92901e-05 7.16055e-05 0.000107757 0.000163227 0.000245893 0.00036665 0.000540177 0.00078581 0.00112852 0.00159992 0.00223925 0.00309427 0.00422185 0.00568838 0.0075695 0.00994947 0.0129197 0.0165765 0.0210185 0.0263426 0.0326404 0.0399931 0.048467 0.0581092 0.0689433 0.0809659 0.0941448 0.108417 0.123689 0.13984 0.15672 0.17416 0.19197 0.20995 0.22789 0.24558 0.262814 0.279392 0.295129 0.309851 0.323407 0.335659 0.346493 0.355811 0.363535 0.369603 0.373968 0.3766 0.377479 0.3766 0.373968 0.369603 0.363535 0.355811 0.346493 0.335659 0.323407 0.309851 0.295129 0.279392 0.262814 0.24558 0.22789 0.20995 0.19197 0.17416 0.15672 0.13984 0.123689 0.108417 0.0941448 0.0809659 0.0689433 0.0581092 0.048467 0.0399931 0.0326404 0.0263426 0.0210185 0.0165765 0.0129197 0.00994947 0.0075695 0.00568838 0.00422185 0.00309427 0.00223925 0.00159992 0.00112852 0.00078581 0.000540177 0.00036665 0.000245893 0.000163227 0.000107757 7.16055e-05 4.92901e-05 3.72356e-05 
4.28562e-05 4.76828e-05 6.29721e-05 9.12353e-05 0.000136932 0.000206888 0.000310875 0.000462367 0.000679438 0.000985806 0.00141196 0.0019963 0.00278626 0.00383923 0.00522318 0.00701685 0.0093094 0.0121993 0.0157923 0.0201988 0.0255303 0.0318948 0.0393919 0.0481077 0.0581092 0.0694393 0.0821126 0.096112 0.111386 0.12785 0.145384 0.163838 0.183033 0.20277 0.22283 0.242986 0.263004 0.282655 0.301715 0.319973 0.337235 0.353323 0.368084 0.381383 0.393108 0.403168 0.411488 0.418012 0.4227 0.425524 0.426467 0.425524 0.4227 0.418012 0.411488 0.403168 0.393108 0.381383 0.368084 0.353323 0.337235 0.319973 0.301715 0.282655 0.263004 0.242986 0.22283 0.20277 0.183033 0.163838 0.145384 0.12785 0.111386 0.096112 0.0821126 0.0694393 0.0581092 0.0481077 0.0393919 0.0318948 0.0255303 0.0201988 0.0157923 0.0121993 0.0093094 0.00701685 0.00522318 0.00383923 0.00278626 0.0019963 0.00141196 0.000985806 0.000679438 0.000462367 0.000310875 0.000206888 0.000136932 9.12353e-05 6.29721e-05 4.76828e-05 
5.43399e-05 6.04007e-05 7.95853e-05 0.000114999 0.000172146 0.000259432 0.000388852 0.000576887 0.000845561 0.00122365 0.00174798 0.0024647 0.00343052 0.00471366 0.00639442 0.00856518 0.0113298 0.0148019 0.0191024 0.0243563 0.0306877 0.038215 0.0470448 0.0572659 0.0689433 0.0821126 0.0967759 0.112898 0.130405 0.149185 0.169088 0.189932 0.211507 0.233581 0.255907 0.278229 0.300293 0.321849 0.342662 0.362511 0.381197 0.398544 0.414401 0.428638 0.441151 0.451858 0.460693 0.467608 0.47257 0.475556 0.476552 0.475556 0.47257 0.467608 0.460693 0.451858 0.441151 0.428638 0.414401 0.398544 0.381197 0.362511 0.342662 0.321849 0.300293 0.278229 0.255907 0.233581 0.211507 0.189932 0.169088 0.149185 0.130405 0.112898 0.0967759 0.0821126 0.0689433 0.0572659 0.0470448 0.038215 0.0306877 0.0243563 0.0191024 0.0148019 0.0113298 0.00856518 0.00639442 0.00471366 0.00343052 0.0024647 0.00174798 0.00122365 0.000845561 0.000576887 0.000388852 0.000259432 0.000172146 0.000114999 7.95853e-05 6.04007e-05 
6.81601e-05 7.56901e-05 9.95072e-05 0.000143411 0.000214125 0.000321889 0.000481276 0.000712233 0.00104132 0.00150307 0.00214151 0.00301151 0.00418016 0.00572767 0.00774786 0.010348 0.0136475 0.0177762 0.0228707 0.0290703 0.0365115 0.0453219 0.0556132 0.0674746 0.0809659 0.096112 0.112898 0.131267 0.151117 0.172305 0.19465 0.217933 0.241911 0.266317 0.290876 0.315308 0.339336 0.362696 0.385141 0.406448 0.426418 0.444878 0.461685 0.476722 0.489895 0.501133 0.510383 0.517609 0.522786 0.525898 0.526936 0.525898 0.522786 0.517609 0.510383 0.501133 0.489895 0.476722 0.461685 0.444878 0.426418 0.406448 0.385141 0.362696 0.339336 0.315308 0.290876 0.266317 0.241911 0.217933 0.19465 0.172305 0.151117 0.131267 0.112898 0.096112 0.0809659 0.0674746 0.0556132 0.0453219 0.0365115 0.0290703 0.0228707 0.0177762 0.0136475 0.010348 0.00774786 0.00572767 0.00418016 0.00301151 0.00214151 0.00150307 0.00104132 0.000712233 0.000481276 0.000321889 0.000214125 0.000143411 9.95072e-05 7.56901e-05 
8.45837e-05 9.38407e-05 0.000123099 0.000176959 0.000263549 0.000395216 0.00058948 0.000870237 0.00126918 0.00182735 0.00259681 0.00364215 0.00504189 0.00688937 0.00929308 0.0123761 0.0162745 0.0211346 0.0271089 0.0343509 0.0430085 0.0532168 0.0650905 0.0787161 0.0941448 0.111386 0.130405 0.151117 0.173389 0.197045 0.221864 0.247592 0.273949 0.300638 0.327352 0.353787 0.379651 0.404667 0.428583 0.451175 0.472249 0.491645 0.50923 0.524902 0.538583 0.550219 0.559771 0.567217 0.572543 0.57574 0.576806 0.57574 0.572543 0.567217 0.559771 0.550219 0.538583 0.524902 0.50923 0.491645 0.472249 0.451175 0.428583 0.404667 0.379651 0.353787 0.327352 0.300638 0.273949 0.247592 0.221864 0.197045 0.173389 0.151117 0.130405 0.111386 0.0941448 0.0787161 0.0650905 0.0532168 0.0430085 0.0343509 0.0271089 0.0211346 0.0162745 0.0123761 0.00929308 0.00688937 0.00504189 0.00364215 0.00259681 0.00182735 0.00126918 0.000870237 0.00058948 0.000395216 0.000263549 0.000176959 0.000123099 9.38407e-05 
0.000103855 0.000115117 0.000150687 0.000216079 0.000321019 0.000480243 0.000714602 0.00105243 0.00153118 0.00219912 0.0031172 0.0043607 0.00602057 0.00820433 0.0110361 0.0146557 0.0192164 0.0248814 0.031819 0.0401959 0.0501702 0.0618825 0.0754477 0.0909463 0.108417 0.12785 0.149185 0.172305 0.197045 0.223187 0.250472 0.278608 0.307278 0.336151 0.364895 0.393186 0.420714 0.447198 0.472385 0.496055 0.518028 0.538154 0.556321 0.572445 0.586469 0.598356 0.608088 0.615656 0.62106 0.6243 0.625379 0.6243 0.62106 0.615656 0.608088 0.598356 0.586469 0.572445 0.556321 0.538154 0.518028 0.496055 0.472385 0.447198 0.420714 0.393186 0.364895 0.336151 0.307278 0.278608 0.250472 0.223187 0.197045 0.172305 0.149185 0.12785 0.108417 0.0909463 0.0754477 0.0618825 0.0501702 0.0401959 0.031819 0.0248814 0.0192164 0.0146557 0.0110361 0.00820433 0.00602057 0.0043607 0.0031172 0.00219912 0.00153118 0.00105243 0.000714602 0.000480243 0.000321019 0.000216079 0.000150687 0.000115117 
0.000126178 0.000139739 0.00018254 0.000261123 0.000387009 0.000577612 0.000857498 0.00125994 0.00182874 0.00262013 0.00370478 0.00516951 0.00711868 0.00967491 0.0129788 0.0171875 0.0224719 0.0290121 0.0369914 0.0465891 0.0579712 0.0712817 0.0866325 0.104094 0.123689 0.145384 0.169088 0.19465 0.221864 0.250472 0.280174 0.310637 0.341509 0.372428 0.403037 0.432994 0.46198 0.489711 0.51594 0.540458 0.563098 0.583734 0.602273 0.618655 0.632848 0.644835 0.65462 0.66221 0.667618 0.670857 0.671936 0.670857 0.667618 0.66221 0.65462 0.644835 0.632848 0.618655 0.602273 0.583734 0.563098 0.540458 0.51594 0.489711 0.46198 0.432994 0.403037 0.372428 0.341509 0.310637 0.280174 0.250472 0.221864 0.19465 0.169088 0.145384 0.123689 0.104094 0.0866325 0.0712817 0.0579712 0.0465891 0.0369914 0.0290121 0.0224719 0.0171875 0.0129788 0.00967491 0.00711868 0.00516951 0.00370478 0.00262013 0.00182874 0.00125994 0.000857498 0.000577612 0.000387009 0.000261123 0.00018254 0.000139739 
0.000151707 0.000167869 0.000218849 0.000312331 0.000461828 0.000687718 0.00101866 0.00149336 0.00216254 0.00309108 0.00436012 0.00606888 0.00833594 0.0112998 0.0151181 0.0199659 0.0260317 0.033512 0.0426046 0.0534995 0.0663689 0.081357 0.0985693 0.118063 0.13984 0.163838 0.189932 0.217933 0.247592 0.278608 0.310637 0.343309 0.376233 0.409021 0.441294 0.472696 0.502905 0.531639 0.558661 0.583778 0.606846 0.62776 0.646457 0.662902 0.677088 0.689026 0.698737 0.70625 0.711593 0.714788 0.715851 0.714788 0.711593 0.70625 0.698737 0.689026 0.677088 0.662902 0.646457 0.62776 0.606846 0.583778 0.558661 0.531639 0.502905 0.472696 0.441294 0.409021 0.376233 0.343309 0.310637 0.278608 0.247592 0.217933 0.189932 0.163838 0.13984 0.118063 0.0985693 0.081357 0.0663689 0.0534995 0.0426046 0.033512 0.0260317 0.0199659 0.0151181 0.0112998 0.00833594 0.00606888 0.00436012 0.00309108 0.00216254 0.00149336 0.00101866 0.000687718 0.000461828 0.000312331 0.000218849 0.000167869 
0.000180519 0.00019959 0.000259703 0.000369801 0.000545579 0.000810652 0.00119815 0.00175263 0.00253232 0.00361138 0.00508209 0.00705676 0.00966891 0.0130735 0.0174457 0.0229785 0.0298779 0.0383563 0.0486245 0.0608814 0.0753031 0.0920308 0.11116 0.132732 0.15672 0.183033 0.211507 0.241911 0.273949 0.307278 0.341509 0.376233 0.411028 0.445477 0.479186 0.511791 0.542969 0.572448 0.600004 0.625468 0.64872 0.669686 0.68833 0.704647 0.718659 0.730403 0.739923 0.747267 0.752478 0.755589 0.756624 0.755589 0.752478 0.747267 0.739923 0.730403 0.718659 0.704647 0.68833 0.669686 0.64872 0.625468 0.600004 0.572448 0.542969 0.511791 0.479186 0.445477 0.411028 0.376233 0.341509 0.307278 0.273949 0.241911 0.211507 0.183033 0.15672 0.132732 0.11116 0.0920308 0.0753031 0.0608814 0.0486245 0.0383563 0.0298779 0.0229785 0.0174457 0.0130735 0.00966891 0.00705676 0.00508209 0.00361138 0.00253232 0.00175263 0.00119815 0.000810652 0.000545579 0.000369801 0.000259703 0.00019959 
0.000212609 0.000234888 0.000305071 0.000433461 0.000638117 0.000946151 0.00139549 0.00203699 0.00293684 0.00417902 0.00586758 0.0081285 0.0111107 0.0149861 0.0199476 0.026206 0.0339842 0.0435096 0.0550044 0.0686746 0.0846971 0.103207 0.124288 0.147956 0.17416 0.20277 0.233581 0.266317 0.300638 0.336151 0.372428 0.409021 0.445477 0.48136 0.51626 0.549811 0.581697 0.611657 0.639491 0.665054 0.688257 0.709056 0.727448 0.743461 0.757146 0.768565 0.777787 0.784879 0.789899 0.792891 0.793886 0.792891 0.789899 0.784879 0.777787 0.768565 0.757146 0.743461 0.727448 0.709056 0.688257 0.665054 0.639491 0.611657 0.581697 0.549811 0.51626 0.48136 0.445477 0.409021 0.372428 0.336151 0.300638 0.266317 0.233581 0.20277 0.17416 0.147956 0.124288 0.103207 0.0846971 0.0686746 0.0550044 0.0435096 0.0339842 0.026206 0.0199476 0.0149861 0.0111107 0.0081285 0.00586758 0.00417902 0.00293684 0.00203699 0.00139549 0.000946151 0.000638117 0.000433461 0.000305071 0.000234888 
0.000247867 0.000273639 0.000354778 0.000503044 0.000739024 0.00109355 0.00160965 0.00234485 0.00337371 0.00479049 0.00671146 0.00927672 0.012651 0.0170232 0.022604 0.0296217 0.0383153 0.0489259 0.0616857 0.076805 0.094459 0.114774 0.137815 0.163576 0.19197 0.22283 0.255907 0.290876 0.327352 0.364895 0.403037 0.441294 0.479186 0.51626 0.552099 0.586338 0.618671 0.648859 0.676723 0.702152 0.725087 0.74552 0.763483 0.779035 0.792257 0.803239 0.812072 0.818842 0.823621 0.826466 0.82741 0.826466 0.823621 0.818842 0.812072 0.803239 0.792257 0.779035 0.763483 0.74552 0.725087 0.702152 0.676723 0.648859 0.618671 0.586338 0.552099 0.51626 0.479186 0.441294 0.403037 0.364895 0.327352 0.290876 0.255907 0.22283 0.19197 0.163576 0.137815 0.114774 0.094459 0.076805 0.0616857 0.0489259 0.0383153 0.0296217 0.022604 0.0170232 0.012651 0.00927672 0.00671146 0.00479049 0.00337371 0.00234485 0.00160965 0.00109355 0.000739024 0.000503044 0.000354778 0.000273639 
0.000286076 0.0003156 0.000408499 0.000578076 0.000847581 0.00125177 0.00183902 0.00267378 0.00383937 0.00544066 0.00760646 0.0104913 0.0142757 0.0191658 0.0253895 0.0331921 0.0428279 0.0545501 0.0685987 0.0851862 0.104483 0.126604 0.151593 0.179416 0.20995 0.242986 0.278229 0.315308 0.353787 0.393186 0.432994 0.472696 0.511791 0.549811 0.586338 0.621013 0.653546 0.683721 0.71139 0.736473 0.758948 0.778843 0.796223 0.811183 0.823831 0.834284 0.842655 0.849047 0.853547 0.85622 0.857107 0.85622 0.853547 0.849047 0.842655 0.834284 0.823831 0.811183 0.796223 0.778843 0.758948 0.736473 0.71139 0.683721 0.653546 0.621013 0.586338 0.549811 0.511791 0.472696 0.432994 0.393186 0.353787 0.315308 0.278229 0.242986 0.20995 0.179416 0.151593 0.126604 0.104483 0.0851862 0.0685987 0.0545501 0.0428279 0.0331921 0.0253895 0.0191658 0.0142757 0.0104913 0.00760646 0.00544066 0.00383937 0.00267378 0.00183902 0.00125177 0.000847581 0.000578076 0.000408499 0.0003156 
0.000326896 0.000360395 0.000465746 0.000657861 0.000962763 0.00141929 0.00208132 0.00302052 0.00432913 0.00612285 0.00854324 0.0117592 0.0159674 0.0213905 0.0282735 0.0368777 0.0474713 0.0603182 0.0756642 0.0937218 0.114654 0.13856 0.165461 0.195291 0.22789 0.263004 0.300293 0.339336 0.379651 0.420714 0.46198 0.502905 0.542969 0.581697 0.618671 0.653546 0.686052 0.715999 0.743273 0.767828 0.789681 0.808895 0.825571 0.839835 0.851824 0.861679 0.869534 0.875509 0.879703 0.882188 0.883012 0.882188 0.879703 0.875509 0.869534 0.861679 0.851824 0.839835 0.825571 0.808895 0.789681 0.767828 0.743273 0.715999 0.686052 0.653546 0.618671 0.581697 0.542969 0.502905 0.46198 0.420714 0.379651 0.339336 0.300293 0.263004 0.22789 0.195291 0.165461 0.13856 0.114654 0.0937218 0.0756642 0.0603182 0.0474713 0.0368777 0.0282735 0.0213905 0.0159674 0.0117592 0.00854324 0.00612285 0.00432913 0.00302052 0.00208132 0.00141929 0.000962763 0.000657861 0.000465746 0.000360395 
