0.00291794 0.00294834 0.0030397 0.00319258 0.00340784 0.00368669 0.00403059 0.00444129 0.0049207 0.00547088 0.00609397 0.00679212 0.00756739 0.00842172 0.0093568 0.010374 0.0114744 0.0126584 0.0139261 0.0152768 0.016709 0.0182208 0.0198092 0.0214704 0.0231998 0.0249918 0.02684 0.0287371 0.0306749 0.0326443 0.0346354 0.0366379 0.0386405 0.0406316 0.042599 0.0445303 0.046413 0.0482343 0.0499816 0.0516426 0.0532051 0.0546578 0.0559897 0.0571906 0.0582512 0.0591633 0.0599198 0.0605145 0.0609427 0.061201 0.0612873 0.061201 0.0609427 0.0605145 0.0599198 0.0591633 0.0582512 0.0571906 0.0559897 0.0546578 0.0532051 0.0516426 0.0499816 0.0482343 0.046413 0.0445303 0.042599 0.0406316 0.0386405 0.0366379 0.0346354 0.0326443 0.0306749 0.0287371 0.02684 0.0249918 0.0231998 0.0214704 0.0198092 0.0182208 0.016709 0.0152768 0.0139261 0.0126584 0.0114744 0.010374 0.0093568 0.00842172 0.00756739 0.00679212 0.00609397 0.00547088 0.0049207 0.00444129 0.00403059 0.00368669 0.00340784 0.00319258 0.0030397 0.00294834 
0.00294834 0.00297902 0.00307126 0.00322558 0.00344288 0.00372435 0.0040715 0.00448604 0.00496992 0.00552521 0.00615406 0.00685862 0.00764097 0.00850306 0.00944657 0.0104729 0.0115831 0.0127776 0.0140564 0.0154188 0.0168634 0.0183882 0.0199901 0.0216653 0.0234093 0.0252162 0.0270798 0.0289924 0.030946 0.0329313 0.0349386 0.036957 0.0389756 0.0409824 0.0429653 0.0449117 0.046809 0.0486443 0.0504051 0.0520788 0.0536533 0.055117 0.0564589 0.0576689 0.0587375 0.0596565 0.0604185 0.0610177 0.0614491 0.0617094 0.0617964 0.0617094 0.0614491 0.0610177 0.0604185 0.0596565 0.0587375 0.0576689 0.0564589 0.055117 0.0536533 0.0520788 0.0504051 0.0486443 0.046809 0.0449117 0.0429653 0.0409824 0.0389756 0.036957 0.0349386 0.0329313 0.030946 0.0289924 0.0270798 0.0252162 0.0234093 0.0216653 0.0199901 0.0183882 0.0168634 0.0154188 0.0140564 0.0127776 0.0115831 0.0104729 0.00944657 0.00850306 0.00764097 0.00685862 0.00615406 0.00552521 0.00496992 0.00448604 0.0040715 0.00372435 0.00344288 0.00322558 0.00307126 0.00297902 
0.0030397 0.00307126 0.0031661 0.00332478 0.00354819 0.00383757 0.00419443 0.00462053 0.00511785 0.00568848 0.00633462 0.00705844 0.00786206 0.00874742 0.00971626 0.01077 0.0119095 0.0131354 0.0144476 0.0158453 0.0173271 0.0188908 0.0205334 0.0222508 0.0240383 0.0258901 0.0277995 0.029759 0.03176 0.0337933 0.0358486 0.0379152 0.0399815 0.0420355 0.0440647 0.0460564 0.0479975 0.0498751 0.0516762 0.053388 0.0549982 0.0564951 0.0578672 0.0591043 0.0601969 0.0611364 0.0619155 0.0625279 0.062969 0.063235 0.0633239 0.063235 0.062969 0.0625279 0.0619155 0.0611364 0.0601969 0.0591043 0.0578672 0.0564951 0.0549982 0.053388 0.0516762 0.0498751 0.0479975 0.0460564 0.0440647 0.0420355 0.0399815 0.0379152 0.0358486 0.0337933 0.03176 0.029759 0.0277995 0.0258901 0.0240383 0.0222508 0.0205334 0.0188908 0.0173271 0.0158453 0.0144476 0.0131354 0.0119095 0.01077 0.00971626 0.00874742 0.00786206 0.00705844 0.00633462 0.00568848 0.00511785 0.00462053 0.00419443 0.00383757 0.00354819 0.00332478 0.0031661 0.00307126 
0.00319258 0.00322558 0.00332478 0.00349073 0.00372436 0.00402695 0.00440004 0.00484545 0.00536521 0.00596148 0.00663649 0.00739249 0.00823161 0.00915586 0.010167 0.0112664 0.012455 0.0137333 0.0151012 0.0165579 0.0181017 0.0197304 0.0214407 0.0232285 0.0250887 0.0270153 0.0290013 0.0310388 0.0331189 0.035232 0.0373675 0.0395142 0.0416601 0.0437928 0.0458993 0.0479664 0.0499806 0.0519285 0.0537968 0.0555721 0.0572419 0.0587938 0.0602163 0.0614987 0.0626311 0.0636048 0.0644122 0.0650468 0.0655038 0.0657795 0.0658716 0.0657795 0.0655038 0.0650468 0.0644122 0.0636048 0.0626311 0.0614987 0.0602163 0.0587938 0.0572419 0.0555721 0.0537968 0.0519285 0.0499806 0.0479664 0.0458993 0.0437928 0.0416601 0.0395142 0.0373675 0.035232 0.0331189 0.0310388 0.0290013 0.0270153 0.0250887 0.0232285 0.0214407 0.0197304 0.0181017 0.0165579 0.0151012 0.0137333 0.012455 0.0112664 0.010167 0.00915586 0.00823161 0.00739249 0.00663649 0.00596148 0.00536521 0.00484545 0.00440004 0.00402695 0.00372436 0.00349073 0.00332478 0.00322558 
0.00340784 0.00344288 0.00354819 0.00372436 0.00397236 0.0042935 0.0046894 0.00516195 0.00571323 0.00634551 0.00706107 0.00786224 0.00875123 0.00973007 0.0108005 0.011964 0.0132215 0.0145734 0.0160195 0.0175588 0.0191896 0.0209095 0.0227148 0.0246012 0.0265633 0.0285946 0.0306879 0.0328347 0.0350257 0.0372507 0.0394985 0.0417573 0.0440147 0.0462575 0.0484721 0.0506447 0.0527612 0.0548076 0.0567697 0.058634 0.060387 0.062016 0.0635089 0.0648546 0.0660427 0.0670642 0.0679111 0.0685768 0.0690561 0.0693452 0.0694419 0.0693452 0.0690561 0.0685768 0.0679111 0.0670642 0.0660427 0.0648546 0.0635089 0.062016 0.060387 0.058634 0.0567697 0.0548076 0.0527612 0.0506447 0.0484721 0.0462575 0.0440147 0.0417573 0.0394985 0.0372507 0.0350257 0.0328347 0.0306879 0.0285946 0.0265633 0.0246012 0.0227148 0.0209095 0.0191896 0.0175588 0.0160195 0.0145734 0.0132215 0.011964 0.0108005 0.00973007 0.00875123 0.00786224 0.00706107 0.00634551 0.00571323 0.00516195 0.0046894 0.0042935 0.00397236 0.00372436 0.00354819 0.00344288 
0.00368669 0.00372435 0.00383757 0.00402695 0.0042935 0.00463861 0.00506396 0.00557155 0.00616355 0.00684231 0.00761024 0.00846972 0.00942306 0.0104723 0.0116194 0.0128656 0.0142119 0.0156586 0.0172055 0.0188513 0.0205943 0.0224315 0.0243592 0.0263726 0.0284659 0.0306322 0.0328635 0.035151 0.0374845 0.0398534 0.0422456 0.0446487 0.0470493 0.0494336 0.0517872 0.0540954 0.0563433 0.058516 0.0605989 0.0625772 0.0644371 0.0661651 0.0677484 0.0691752 0.0704349 0.0715177 0.0724154 0.0731209 0.0736289 0.0739353 0.0740377 0.0739353 0.0736289 0.0731209 0.0724154 0.0715177 0.0704349 0.0691752 0.0677484 0.0661651 0.0644371 0.0625772 0.0605989 0.058516 0.0563433 0.0540954 0.0517872 0.0494336 0.0470493 0.0446487 0.0422456 0.0398534 0.0374845 0.035151 0.0328635 0.0306322 0.0284659 0.0263726 0.0243592 0.0224315 0.0205943 0.0188513 0.0172055 0.0156586 0.0142119 0.0128656 0.0116194 0.0104723 0.00942306 0.00846972 0.00761024 0.00684231 0.00616355 0.00557155 0.00506396 0.00463861 0.0042935 0.00402695 0.00383757 0.00372435 
0.00403059 0.0040715 0.00419443 0.00440004 0.0046894 0.00506396 0.00552553 0.00607617 0.00671819 0.00745406 0.00828629 0.00921739 0.0102497 0.0113855 0.0126265 0.0139742 0.0154294 0.0169925 0.0186629 0.0204393 0.0223196 0.0243007 0.0263783 0.0285473 0.0308011 0.0331325 0.0355328 0.0379923 0.0405003 0.043045 0.0456138 0.0481931 0.0507688 0.0533259 0.0558492 0.0583229 0.0607312 0.0630583 0.0652883 0.0674059 0.0693962 0.0712449 0.0729384 0.0744643 0.0758111 0.0769687 0.0779283 0.0786824 0.0792253 0.0795527 0.0796621 0.0795527 0.0792253 0.0786824 0.0779283 0.0769687 0.0758111 0.0744643 0.0729384 0.0712449 0.0693962 0.0674059 0.0652883 0.0630583 0.0607312 0.0583229 0.0558492 0.0533259 0.0507688 0.0481931 0.0456138 0.043045 0.0405003 0.0379923 0.0355328 0.0331325 0.0308011 0.0285473 0.0263783 0.0243007 0.0223196 0.0204393 0.0186629 0.0169925 0.0154294 0.0139742 0.0126265 0.0113855 0.0102497 0.00921739 0.00828629 0.00745406 0.00671819 0.00607617 0.00552553 0.00506396 0.0046894 0.00440004 0.00419443 0.0040715 
0.00444129 0.00448604 0.00462053 0.00484545 0.00516195 0.00557155 0.00607617 0.00667801 0.00737951 0.00818326 0.00909191 0.0101081 0.0112343 0.0124727 0.0138253 0.0152934 0.0168779 0.018579 0.0203959 0.0223272 0.0243703 0.0265218 0.028777 0.0311301 0.0335741 0.0361009 0.038701 0.041364 0.0440781 0.0468308 0.0496082 0.0523958 0.0551782 0.0579394 0.060663 0.063332 0.0659296 0.0684387 0.0708423 0.0731242 0.0752682 0.0772591 0.0790825 0.0807251 0.0821746 0.0834203 0.0844528 0.0852641 0.0858481 0.0862003 0.086318 0.0862003 0.0858481 0.0852641 0.0844528 0.0834203 0.0821746 0.0807251 0.0790825 0.0772591 0.0752682 0.0731242 0.0708423 0.0684387 0.0659296 0.063332 0.060663 0.0579394 0.0551782 0.0523958 0.0496082 0.0468308 0.0440781 0.041364 0.038701 0.0361009 0.0335741 0.0311301 0.028777 0.0265218 0.0243703 0.0223272 0.0203959 0.018579 0.0168779 0.0152934 0.0138253 0.0124727 0.0112343 0.0101081 0.00909191 0.00818326 0.00737951 0.00667801 0.00607617 0.00557155 0.00516195 0.00484545 0.00462053 0.00448604 
0.0049207 0.00496992 0.00511785 0.00536521 0.00571323 0.00616355 0.00671819 0.00737951 0.00815007 0.00903265 0.01003 0.011145 0.01238 0.0137376 0.0152195 0.0168273 0.0185616 0.0204225 0.0224091 0.0245196 0.0267512 0.0290999 0.0315604 0.0341264 0.0367902 0.0395426 0.0423736 0.0452715 0.0482236 0.0512161 0.0542341 0.0572618 0.0602825 0.0632789 0.0662332 0.0691272 0.0719427 0.0746612 0.0772647 0.0797354 0.0820562 0.0842107 0.0861834 0.0879602 0.0895278 0.0908748 0.0919909 0.092868 0.0934992 0.0938799 0.0940071 0.0938799 0.0934992 0.092868 0.0919909 0.0908748 0.0895278 0.0879602 0.0861834 0.0842107 0.0820562 0.0797354 0.0772647 0.0746612 0.0719427 0.0691272 0.0662332 0.0632789 0.0602825 0.0572618 0.0542341 0.0512161 0.0482236 0.0452715 0.0423736 0.0395426 0.0367902 0.0341264 0.0315604 0.0290999 0.0267512 0.0245196 0.0224091 0.0204225 0.0185616 0.0168273 0.0152195 0.0137376 0.01238 0.011145 0.01003 0.00903265 0.00815007 0.00737951 0.00671819 0.00616355 0.00571323 0.00536521 0.00511785 0.00496992 
0.00547088 0.00552521 0.00568848 0.00596148 0.00634551 0.00684231 0.00745406 0.00818326 0.00903265 0.0100051 0.0111037 0.0123312 0.0136905 0.0151837 0.0168131 0.0185798 0.0204846 0.0225274 0.0247071 0.0270215 0.0294673 0.03204 0.0347338 0.0375415 0.0404546 0.0434631 0.0465558 0.04972 0.0529418 0.056206 0.0594964 0.0627958 0.0660861 0.0693485 0.0725637 0.0757121 0.0787737 0.0817289 0.084558 0.087242 0.0897623 0.0921014 0.0942427 0.0961708 0.0978716 0.0993327 0.100543 0.101494 0.102179 0.102592 0.10273 0.102592 0.102179 0.101494 0.100543 0.0993327 0.0978716 0.0961708 0.0942427 0.0921014 0.0897623 0.087242 0.084558 0.0817289 0.0787737 0.0757121 0.0725637 0.0693485 0.0660861 0.0627958 0.0594964 0.056206 0.0529418 0.04972 0.0465558 0.0434631 0.0404546 0.0375415 0.0347338 0.03204 0.0294673 0.0270215 0.0247071 0.0225274 0.0204846 0.0185798 0.0168131 0.0151837 0.0136905 0.0123312 0.0111037 0.0100051 0.00903265 0.00818326 0.00745406 0.00684231 0.00634551 0.00596148 0.00568848 0.00552521 
0.00609397 0.00615406 0.00633462 0.00663649 0.00706107 0.00761024 0.00828629 0.00909191 0.01003 0.0111037 0.0123161 0.0136703 0.015169 0.0168149 0.0186098 0.0205551 0.0226513 0.0248982 0.0272944 0.0298373 0.0325232 0.0353468 0.0383018 0.0413801 0.0445721 0.047867 0.0512523 0.0547141 0.058237 0.0618045 0.065399 0.0690015 0.0725924 0.0761513 0.0796572 0.0830888 0.0864246 0.0896431 0.0927233 0.0956445 0.0983868 0.100931 0.10326 0.105356 0.107205 0.108793 0.110108 0.111142 0.111885 0.112334 0.112484 0.112334 0.111885 0.111142 0.110108 0.108793 0.107205 0.105356 0.10326 0.100931 0.0983868 0.0956445 0.0927233 0.0896431 0.0864246 0.0830888 0.0796572 0.0761513 0.0725924 0.0690015 0.065399 0.0618045 0.058237 0.0547141 0.0512523 0.047867 0.0445721 0.0413801 0.0383018 0.0353468 0.0325232 0.0298373 0.0272944 0.0248982 0.0226513 0.0205551 0.0186098 0.0168149 0.015169 0.0136703 0.0123161 0.0111037 0.01003 0.00909191 0.00828629 0.00761024 0.00706107 0.00663649 0.00633462 0.00615406 
0.00679212 0.00685862 0.00705844 0.00739249 0.00786224 0.00846972 0.00921739 0.0101081 0.011145 0.0123312 0.0136703 0.0151653 0.0168191 0.0186345 0.0206133 0.0227568 0.0250656 0.0275389 0.0301752 0.0329714 0.0359232 0.0390248 0.0422688 0.0456464 0.049147 0.0527584 0.0564669 0.0602572 0.0641125 0.0680147 0.0719444 0.075881 0.0798032 0.0836886 0.0875145 0.0912578 0.0948951 0.0984033 0.101759 0.104941 0.107927 0.110697 0.113232 0.115512 0.117524 0.119251 0.120681 0.121805 0.122614 0.123101 0.123264 0.123101 0.122614 0.121805 0.120681 0.119251 0.117524 0.115512 0.113232 0.110697 0.107927 0.104941 0.101759 0.0984033 0.0948951 0.0912578 0.0875145 0.0836886 0.0798032 0.075881 0.0719444 0.0680147 0.0641125 0.0602572 0.0564669 0.0527584 0.049147 0.0456464 0.0422688 0.0390248 0.0359232 0.0329714 0.0301752 0.0275389 0.0250656 0.0227568 0.0206133 0.0186345 0.0168191 0.0151653 0.0136703 0.0123312 0.011145 0.0101081 0.00921739 0.00846972 0.00786224 0.00739249 0.00705844 0.00685862 
0.00756739 0.00764097 0.00786206 0.00823161 0.00875123 0.00942306 0.0102497 0.0112343 0.01238 0.0136905 0.015169 0.0168191 0.0186438 0.0206458 0.0228269 0.0251885 0.0277308 0.030453 0.033353 0.0364272 0.0396708 0.0430772 0.0466381 0.0503435 0.0541819 0.0581397 0.0622018 0.0663513 0.0705699 0.0748376 0.0791333 0.0834345 0.0877179 0.0919593 0.096134 0.100217 0.104182 0.108006 0.111662 0.115128 0.118379 0.121394 0.124151 0.126633 0.12882 0.130699 0.132254 0.133476 0.134355 0.134885 0.135062 0.134885 0.134355 0.133476 0.132254 0.130699 0.12882 0.126633 0.124151 0.121394 0.118379 0.115128 0.111662 0.108006 0.104182 0.100217 0.096134 0.0919593 0.0877179 0.0834345 0.0791333 0.0748376 0.0705699 0.0663513 0.0622018 0.0581397 0.0541819 0.0503435 0.0466381 0.0430772 0.0396708 0.0364272 0.033353 0.030453 0.0277308 0.0251885 0.0228269 0.0206458 0.0186438 0.0168191 0.015169 0.0136905 0.01238 0.0112343 0.0102497 0.00942306 0.00875123 0.00823161 0.00786206 0.00764097 
0.00842172 0.00850306 0.00874742 0.00915586 0.00973007 0.0104723 0.0113855 0.0124727 0.0137376 0.0151837 0.0168149 0.0186345 0.0206458 0.0228514 0.0252534 0.0278529 0.0306498 0.0336432 0.0368303 0.0402073 0.0437684 0.0475062 0.0514115 0.0554732 0.0596783 0.064012 0.0684576 0.0729965 0.0776086 0.0822721 0.0869639 0.0916595 0.0963335 0.10096 0.105511 0.10996 0.11428 0.118444 0.122424 0.126195 0.129732 0.13301 0.136009 0.138706 0.141083 0.143124 0.144814 0.146141 0.147096 0.147672 0.147864 0.147672 0.147096 0.146141 0.144814 0.143124 0.141083 0.138706 0.136009 0.13301 0.129732 0.126195 0.122424 0.118444 0.11428 0.10996 0.105511 0.10096 0.0963335 0.0916595 0.0869639 0.0822721 0.0776086 0.0729965 0.0684576 0.064012 0.0596783 0.0554732 0.0514115 0.0475062 0.0437684 0.0402073 0.0368303 0.0336432 0.0306498 0.0278529 0.0252534 0.0228514 0.0206458 0.0186345 0.0168149 0.0151837 0.0137376 0.0124727 0.0113855 0.0104723 0.00973007 0.00915586 0.00874742 0.00850306 
0.0093568 0.00944657 0.00971626 0.010167 0.0108005 0.0116194 0.0126265 0.0138253 0.0152195 0.0168131 0.0186098 0.0206133 0.0228269 0.0252534 0.0278947 0.0307517 0.0338243 0.037111 0.0406087 0.0443128 0.0482169 0.0523125 0.0565893 0.0610351 0.0656355 0.0703741 0.0752324 0.0801902 0.0852255 0.0903143 0.0954315 0.10055 0.105644 0.110682 0.115637 0.120479 0.125178 0.129706 0.134032 0.13813 0.141972 0.145533 0.148788 0.151716 0.154296 0.156511 0.158344 0.159784 0.16082 0.161444 0.161652 0.161444 0.16082 0.159784 0.158344 0.156511 0.154296 0.151716 0.148788 0.145533 0.141972 0.13813 0.134032 0.129706 0.125178 0.120479 0.115637 0.110682 0.105644 0.10055 0.0954315 0.0903143 0.0852255 0.0801902 0.0752324 0.0703741 0.0656355 0.0610351 0.0565893 0.0523125 0.0482169 0.0443128 0.0406087 0.037111 0.0338243 0.0307517 0.0278947 0.0252534 0.0228269 0.0206133 0.0186098 0.0168131 0.0152195 0.0138253 0.0126265 0.0116194 0.0108005 0.010167 0.00971626 0.00944657 
0.010374 0.0104729 0.01077 0.0112664 0.011964 0.0128656 0.0139742 0.0152934 0.0168273 0.0185798 0.0205551 0.0227568 0.0251885 0.0278529 0.0307517 0.0338859 0.037255 0.0408569 0.0446883 0.0487436 0.0530156 0.0574949 0.0621699 0.0670272 0.0720506 0.0772223 0.0825219 0.0879274 0.0934144 0.0989572 0.104528 0.110098 0.115638 0.121116 0.1265 0.13176 0.136862 0.141776 0.146471 0.150916 0.155082 0.158942 0.16247 0.165642 0.168437 0.170835 0.172821 0.17438 0.175501 0.176177 0.176403 0.176177 0.175501 0.17438 0.172821 0.170835 0.168437 0.165642 0.16247 0.158942 0.155082 0.150916 0.146471 0.141776 0.136862 0.13176 0.1265 0.121116 0.115638 0.110098 0.104528 0.0989572 0.0934144 0.0879274 0.0825219 0.0772223 0.0720506 0.0670272 0.0621699 0.0574949 0.0530156 0.0487436 0.0446883 0.0408569 0.037255 0.0338859 0.0307517 0.0278529 0.0251885 0.0227568 0.0205551 0.0185798 0.0168273 0.0152934 0.0139742 0.0128656 0.011964 0.0112664 0.01077 0.0104729 
0.0114744 0.0115831 0.0119095 0.012455 0.0132215 0.0142119 0.0154294 0.0168779 0.0185616 0.0204846 0.0226513 0.0250656 0.0277308 0.0306498 0.0338243 0.037255 0.0409409 0.0448797 0.0490673 0.0534974 0.0581618 0.06305 0.0681493 0.0734444 0.078918 0.0845501 0.0903187 0.0961994 0.102166 0.10819 0.114242 0.12029 0.126302 0.132245 0.138084 0.143784 0.149313 0.154635 0.159718 0.164529 0.169036 0.173212 0.177027 0.180456 0.183477 0.186069 0.188215 0.189899 0.19111 0.191841 0.192084 0.191841 0.19111 0.189899 0.188215 0.186069 0.183477 0.180456 0.177027 0.173212 0.169036 0.164529 0.159718 0.154635 0.149313 0.143784 0.138084 0.132245 0.126302 0.12029 0.114242 0.10819 0.102166 0.0961994 0.0903187 0.0845501 0.078918 0.0734444 0.0681493 0.06305 0.0581618 0.0534974 0.0490673 0.0448797 0.0409409 0.037255 0.0338243 0.0306498 0.0277308 0.0250656 0.0226513 0.0204846 0.0185616 0.0168779 0.0154294 0.0142119 0.0132215 0.012455 0.0119095 0.0115831 
0.0126584 0.0127776 0.0131354 0.0137333 0.0145734 0.0156586 0.0169925 0.018579 0.0204225 0.0225274 0.0248982 0.0275389 0.030453 0.0336432 0.037111 0.0408569 0.0448797 0.0491765 0.0537423 0.0585701 0.0636506 0.0689723 0.0745208 0.0802795 0.0862291 0.092348 0.0986119 0.104994 0.111467 0.117998 0.124557 0.131108 0.137618 0.144049 0.150365 0.15653 0.162505 0.168256 0.173746 0.17894 0.183806 0.188311 0.192427 0.196126 0.199383 0.202178 0.204491 0.206306 0.207611 0.208398 0.208661 0.208398 0.207611 0.206306 0.204491 0.202178 0.199383 0.196126 0.192427 0.188311 0.183806 0.17894 0.173746 0.168256 0.162505 0.15653 0.150365 0.144049 0.137618 0.131108 0.124557 0.117998 0.111467 0.104994 0.0986119 0.092348 0.0862291 0.0802795 0.0745208 0.0689723 0.0636506 0.0585701 0.0537423 0.0491765 0.0448797 0.0408569 0.037111 0.0336432 0.030453 0.0275389 0.0248982 0.0225274 0.0204225 0.018579 0.0169925 0.0156586 0.0145734 0.0137333 0.0131354 0.0127776 
0.0139261 0.0140564 0.0144476 0.0151012 0.0160195 0.0172055 0.0186629 0.0203959 0.0224091 0.0247071 0.0272944 0.0301752 0.033353 0.0368303 0.0406087 0.0446883 0.0490673 0.0537423 0.0587075 0.0639551 0.0694747 0.0752532 0.0812749 0.0875216 0.0939721 0.100603 0.107387 0.114296 0.121299 0.128363 0.135452 0.142531 0.14956 0.156503 0.163318 0.169966 0.176409 0.182607 0.188521 0.194115 0.199353 0.204202 0.208631 0.21261 0.216114 0.219119 0.221606 0.223557 0.22496 0.225806 0.226089 0.225806 0.22496 0.223557 0.221606 0.219119 0.216114 0.21261 0.208631 0.204202 0.199353 0.194115 0.188521 0.182607 0.176409 0.169966 0.163318 0.156503 0.14956 0.142531 0.135452 0.128363 0.121299 0.114296 0.107387 0.100603 0.0939721 0.0875216 0.0812749 0.0752532 0.0694747 0.0639551 0.0587075 0.0537423 0.0490673 0.0446883 0.0406087 0.0368303 0.033353 0.0301752 0.0272944 0.0247071 0.0224091 0.0203959 0.0186629 0.0172055 0.0160195 0.0151012 0.0144476 0.0140564 
0.0152768 0.0154188 0.0158453 0.0165579 0.0175588 0.0188513 0.0204393 0.0223272 0.0245196 0.0270215 0.0298373 0.0329714 0.0364272 0.0402073 0.0443128 0.0487436 0.0534974 0.0585701 0.0639551 0.0696436 0.0756238 0.0818815 0.0883992 0.095157 0.102132 0.109297 0.116626 0.124085 0.131642 0.13926 0.146903 0.15453 0.162102 0.169575 0.176909 0.184061 0.190988 0.197649 0.204003 0.210011 0.215636 0.220841 0.225593 0.229863 0.233621 0.236844 0.23951 0.241602 0.243106 0.244013 0.244316 0.244013 0.243106 0.241602 0.23951 0.236844 0.233621 0.229863 0.225593 0.220841 0.215636 0.210011 0.204003 0.197649 0.190988 0.184061 0.176909 0.169575 0.162102 0.15453 0.146903 0.13926 0.131642 0.124085 0.116626 0.109297 0.102132 0.095157 0.0883992 0.0818815 0.0756238 0.0696436 0.0639551 0.0585701 0.0534974 0.0487436 0.0443128 0.0402073 0.0364272 0.0329714 0.0298373 0.0270215 0.0245196 0.0223272 0.0204393 0.0188513 0.0175588 0.0165579 0.0158453 0.0154188 
0.016709 0.0168634 0.0173271 0.0181017 0.0191896 0.0205943 0.0223196 0.0243703 0.0267512 0.0294673 0.0325232 0.0359232 0.0396708 0.0437684 0.0482169 0.0530156 0.0581618 0.0636506 0.0694747 0.0756238 0.0820852 0.0888429 0.0958779 0.103168 0.110689 0.118411 0.126305 0.134336 0.142468 0.150663 0.158879 0.167075 0.175207 0.18323 0.1911 0.198771 0.206199 0.213338 0.220147 0.226582 0.232604 0.238176 0.243261 0.247829 0.251849 0.255295 0.258146 0.260383 0.261992 0.262961 0.263284 0.262961 0.261992 0.260383 0.258146 0.255295 0.251849 0.247829 0.243261 0.238176 0.232604 0.226582 0.220147 0.213338 0.206199 0.198771 0.1911 0.18323 0.175207 0.167075 0.158879 0.150663 0.142468 0.134336 0.126305 0.118411 0.110689 0.103168 0.0958779 0.0888429 0.0820852 0.0756238 0.0694747 0.0636506 0.0581618 0.0530156 0.0482169 0.0437684 0.0396708 0.0359232 0.0325232 0.0294673 0.0267512 0.0243703 0.0223196 0.0205943 0.0191896 0.0181017 0.0173271 0.0168634 
0.0182208 0.0183882 0.0188908 0.0197304 0.0209095 0.0224315 0.0243007 0.0265218 0.0290999 0.03204 0.0353468 0.0390248 0.0430772 0.0475062 0.0523125 0.0574949 0.06305 0.0689723 0.0752532 0.0818815 0.0888429 0.0961199 0.103692 0.111534 0.119621 0.12792 0.136399 0.145021 0.153747 0.162536 0.171344 0.180126 0.188836 0.197425 0.205847 0.214052 0.221994 0.229625 0.236899 0.243772 0.250202 0.256149 0.261576 0.266449 0.270736 0.274412 0.277452 0.279836 0.281551 0.282584 0.282929 0.282584 0.281551 0.279836 0.277452 0.274412 0.270736 0.266449 0.261576 0.256149 0.250202 0.243772 0.236899 0.229625 0.221994 0.214052 0.205847 0.197425 0.188836 0.180126 0.171344 0.162536 0.153747 0.145021 0.136399 0.12792 0.119621 0.111534 0.103692 0.0961199 0.0888429 0.0818815 0.0752532 0.0689723 0.06305 0.0574949 0.0523125 0.0475062 0.0430772 0.0390248 0.0353468 0.03204 0.0290999 0.0265218 0.0243007 0.0224315 0.0209095 0.0197304 0.0188908 0.0183882 
0.0198092 0.0199901 0.0205334 0.0214407 0.0227148 0.0243592 0.0263783 0.028777 0.0315604 0.0347338 0.0383018 0.0422688 0.0466381 0.0514115 0.0565893 0.0621699 0.0681493 0.0745208 0.0812749 0.0883992 0.0958779 0.103692 0.111818 0.120231 0.128901 0.137794 0.146876 0.156106 0.165444 0.174843 0.184259 0.193642 0.202944 0.212113 0.2211 0.229851 0.238319 0.246451 0.2542 0.26152 0.268366 0.274696 0.28047 0.285654 0.290214 0.294123 0.297355 0.29989 0.301712 0.30281 0.303177 0.30281 0.301712 0.29989 0.297355 0.294123 0.290214 0.285654 0.28047 0.274696 0.268366 0.26152 0.2542 0.246451 0.238319 0.229851 0.2211 0.212113 0.202944 0.193642 0.184259 0.174843 0.165444 0.156106 0.146876 0.137794 0.128901 0.120231 0.111818 0.103692 0.0958779 0.0883992 0.0812749 0.0745208 0.0681493 0.0621699 0.0565893 0.0514115 0.0466381 0.0422688 0.0383018 0.0347338 0.0315604 0.028777 0.0263783 0.0243592 0.0227148 0.0214407 0.0205334 0.0199901 
0.0214704 0.0216653 0.0222508 0.0232285 0.0246012 0.0263726 0.0285473 0.0311301 0.0341264 0.0375415 0.0413801 0.0456464 0.0503435 0.0554732 0.0610351 0.0670272 0.0734444 0.0802795 0.0875216 0.095157 0.103168 0.111534 0.120231 0.12923 0.138498 0.148002 0.157701 0.167554 0.177517 0.187541 0.197577 0.207575 0.217481 0.227241 0.236803 0.246111 0.255112 0.263755 0.271987 0.27976 0.287028 0.293746 0.299873 0.305371 0.310207 0.314351 0.317778 0.320465 0.322397 0.32356 0.323949 0.32356 0.322397 0.320465 0.317778 0.314351 0.310207 0.305371 0.299873 0.293746 0.287028 0.27976 0.271987 0.263755 0.255112 0.246111 0.236803 0.227241 0.217481 0.207575 0.197577 0.187541 0.177517 0.167554 0.157701 0.148002 0.138498 0.12923 0.120231 0.111534 0.103168 0.095157 0.0875216 0.0802795 0.0734444 0.0670272 0.0610351 0.0554732 0.0503435 0.0456464 0.0413801 0.0375415 0.0341264 0.0311301 0.0285473 0.0263726 0.0246012 0.0232285 0.0222508 0.0216653 
0.0231998 0.0234093 0.0240383 0.0250887 0.0265633 0.0284659 0.0308011 0.0335741 0.0367902 0.0404546 0.0445721 0.049147 0.0541819 0.0596783 0.0656355 0.0720506 0.078918 0.0862291 0.0939721 0.102132 0.110689 0.119621 0.128901 0.138498 0.148379 0.158505 0.168835 0.179323 0.189922 0.200582 0.21125 0.221871 0.23239 0.24275 0.252895 0.262766 0.272309 0.281467 0.290188 0.298419 0.306113 0.313222 0.319704 0.32552 0.330634 0.335016 0.338638 0.341478 0.343519 0.344749 0.34516 0.344749 0.343519 0.341478 0.338638 0.335016 0.330634 0.32552 0.319704 0.313222 0.306113 0.298419 0.290188 0.281467 0.272309 0.262766 0.252895 0.24275 0.23239 0.221871 0.21125 0.200582 0.189922 0.179323 0.168835 0.158505 0.148379 0.138498 0.128901 0.119621 0.110689 0.102132 0.0939721 0.0862291 0.078918 0.0720506 0.0656355 0.0596783 0.0541819 0.049147 0.0445721 0.0404546 0.0367902 0.0335741 0.0308011 0.0284659 0.0265633 0.0250887 0.0240383 0.0234093 
0.0249918 0.0252162 0.0258901 0.0270153 0.0285946 0.0306322 0.0331325 0.0361009 0.0395426 0.0434631 0.047867 0.0527584 0.0581397 0.064012 0.0703741 0.0772223 0.0845501 0.092348 0.100603 0.109297 0.118411 0.12792 0.137794 0.148002 0.158505 0.169264 0.180233 0.191366 0.202611 0.213914 0.225221 0.236473 0.247612 0.258578 0.26931 0.27975 0.289837 0.299515 0.308727 0.317419 0.32554 0.333042 0.339881 0.346015 0.351408 0.356027 0.359845 0.362839 0.364991 0.366287 0.366719 0.366287 0.364991 0.362839 0.359845 0.356027 0.351408 0.346015 0.339881 0.333042 0.32554 0.317419 0.308727 0.299515 0.289837 0.27975 0.26931 0.258578 0.247612 0.236473 0.225221 0.213914 0.202611 0.191366 0.180233 0.169264 0.158505 0.148002 0.137794 0.12792 0.118411 0.109297 0.100603 0.092348 0.0845501 0.0772223 0.0703741 0.064012 0.0581397 0.0527584 0.047867 0.0434631 0.0395426 0.0361009 0.0331325 0.0306322 0.0285946 0.0270153 0.0258901 0.0252162 
0.02684 0.0270798 0.0277995 0.0290013 0.0306879 0.0328635 0.0355328 0.038701 0.0423736 0.0465558 0.0512523 0.0564669 0.0622018 0.0684576 0.0752324 0.0825219 0.0903187 0.0986119 0.107387 0.116626 0.126305 0.136399 0.146876 0.157701 0.168835 0.180233 0.191849 0.203633 0.215529 0.227482 0.239433 0.25132 0.263082 0.274656 0.285979 0.296988 0.307622 0.31782 0.327523 0.336676 0.345224 0.353119 0.360314 0.366766 0.372437 0.377293 0.381307 0.384453 0.386714 0.388076 0.388531 0.388076 0.386714 0.384453 0.381307 0.377293 0.372437 0.366766 0.360314 0.353119 0.345224 0.336676 0.327523 0.31782 0.307622 0.296988 0.285979 0.274656 0.263082 0.25132 0.239433 0.227482 0.215529 0.203633 0.191849 0.180233 0.168835 0.157701 0.146876 0.136399 0.126305 0.116626 0.107387 0.0986119 0.0903187 0.0825219 0.0752324 0.0684576 0.0622018 0.0564669 0.0512523 0.0465558 0.0423736 0.038701 0.0355328 0.0328635 0.0306879 0.0290013 0.0277995 0.0270798 
0.0287371 0.0289924 0.029759 0.0310388 0.0328347 0.035151 0.0379923 0.041364 0.0452715 0.04972 0.0547141 0.0602572 0.0663513 0.0729965 0.0801902 0.0879274 0.0961994 0.104994 0.114296 0.124085 0.134336 0.145021 0.156106 0.167554 0.179323 0.191366 0.203633 0.21607 0.228621 0.241225 0.253821 0.266344 0.27873 0.290913 0.302826 0.314404 0.325583 0.336299 0.346492 0.356103 0.365077 0.373362 0.38091 0.387678 0.393625 0.398717 0.402924 0.406222 0.408592 0.410019 0.410496 0.410019 0.408592 0.406222 0.402924 0.398717 0.393625 0.387678 0.38091 0.373362 0.365077 0.356103 0.346492 0.336299 0.325583 0.314404 0.302826 0.290913 0.27873 0.266344 0.253821 0.241225 0.228621 0.21607 0.203633 0.191366 0.179323 0.167554 0.156106 0.145021 0.134336 0.124085 0.114296 0.104994 0.0961994 0.0879274 0.0801902 0.0729965 0.0663513 0.0602572 0.0547141 0.04972 0.0452715 0.041364 0.0379923 0.035151 0.0328347 0.0310388 0.029759 0.0289924 
0.0306749 0.030946 0.03176 0.0331189 0.0350257 0.0374845 0.0405003 0.0440781 0.0482236 0.0529418 0.058237 0.0641125 0.0705699 0.0776086 0.0852255 0.0934144 0.102166 0.111467 0.121299 0.131642 0.142468 0.153747 0.165444 0.177517 0.189922 0.202611 0.215529 0.228621 0.241825 0.25508 0.26832 0.281478 0.294485 0.307273 0.319773 0.331916 0.343636 0.354867 0.365545 0.37561 0.385005 0.393677 0.401574 0.408653 0.414873 0.420197 0.424595 0.428043 0.43052 0.432011 0.432509 0.432011 0.43052 0.428043 0.424595 0.420197 0.414873 0.408653 0.401574 0.393677 0.385005 0.37561 0.365545 0.354867 0.343636 0.331916 0.319773 0.307273 0.294485 0.281478 0.26832 0.25508 0.241825 0.228621 0.215529 0.202611 0.189922 0.177517 0.165444 0.153747 0.142468 0.131642 0.121299 0.111467 0.102166 0.0934144 0.0852255 0.0776086 0.0705699 0.0641125 0.058237 0.0529418 0.0482236 0.0440781 0.0405003 0.0374845 0.0350257 0.0331189 0.03176 0.030946 
0.0326443 0.0329313 0.0337933 0.035232 0.0372507 0.0398534 0.043045 0.0468308 0.0512161 0.056206 0.0618045 0.0680147 0.0748376 0.0822721 0.0903143 0.0989572 0.10819 0.117998 0.128363 0.13926 0.150663 0.162536 0.174843 0.187541 0.200582 0.213914 0.227482 0.241225 0.25508 0.268982 0.282861 0.296648 0.310271 0.323659 0.336739 0.349441 0.361696 0.373434 0.384591 0.395104 0.404913 0.413965 0.422206 0.429592 0.436079 0.441631 0.446217 0.449811 0.452393 0.453948 0.454468 0.453948 0.452393 0.449811 0.446217 0.441631 0.436079 0.429592 0.422206 0.413965 0.404913 0.395104 0.384591 0.373434 0.361696 0.349441 0.336739 0.323659 0.310271 0.296648 0.282861 0.268982 0.25508 0.241225 0.227482 0.213914 0.200582 0.187541 0.174843 0.162536 0.150663 0.13926 0.128363 0.117998 0.10819 0.0989572 0.0903143 0.0822721 0.0748376 0.0680147 0.0618045 0.056206 0.0512161 0.0468308 0.043045 0.0398534 0.0372507 0.035232 0.0337933 0.0329313 
0.0346354 0.0349386 0.0358486 0.0373675 0.0394985 0.0422456 0.0456138 0.0496082 0.0542341 0.0594964 0.065399 0.0719444 0.0791333 0.0869639 0.0954315 0.104528 0.114242 0.124557 0.135452 0.146903 0.158879 0.171344 0.184259 0.197577 0.21125 0.225221 0.239433 0.253821 0.26832 0.282861 0.297372 0.31178 0.326011 0.339989 0.353642 0.366894 0.379673 0.39191 0.403537 0.414489 0.424705 0.434128 0.442706 0.450391 0.45714 0.462915 0.467685 0.471422 0.474107 0.475723 0.476263 0.475723 0.474107 0.471422 0.467685 0.462915 0.45714 0.450391 0.442706 0.434128 0.424705 0.414489 0.403537 0.39191 0.379673 0.366894 0.353642 0.339989 0.326011 0.31178 0.297372 0.282861 0.26832 0.253821 0.239433 0.225221 0.21125 0.197577 0.184259 0.171344 0.158879 0.146903 0.135452 0.124557 0.114242 0.104528 0.0954315 0.0869639 0.0791333 0.0719444 0.065399 0.0594964 0.0542341 0.0496082 0.0456138 0.0422456 0.0394985 0.0373675 0.0358486 0.0349386 
0.0366379 0.036957 0.0379152 0.0395142 0.0417573 0.0446487 0.0481931 0.0523958 0.0572618 0.0627958 0.0690015 0.075881 0.0834345 0.0916595 0.10055 0.110098 0.12029 0.131108 0.142531 0.15453 0.167075 0.180126 0.193642 0.207575 0.221871 0.236473 0.25132 0.266344 0.281478 0.296648 0.31178 0.326798 0.341625 0.356183 0.370396 0.384186 0.397479 0.410203 0.422289 0.433669 0.444281 0.454067 0.462972 0.470949 0.477952 0.483944 0.488892 0.492768 0.495553 0.497229 0.497789 0.497229 0.495553 0.492768 0.488892 0.483944 0.477952 0.470949 0.462972 0.454067 0.444281 0.433669 0.422289 0.410203 0.397479 0.384186 0.370396 0.356183 0.341625 0.326798 0.31178 0.296648 0.281478 0.266344 0.25132 0.236473 0.221871 0.207575 0.193642 0.180126 0.167075 0.15453 0.142531 0.131108 0.12029 0.110098 0.10055 0.0916595 0.0834345 0.075881 0.0690015 0.0627958 0.0572618 0.0523958 0.0481931 0.0446487 0.0417573 0.0395142 0.0379152 0.036957 
0.0386405 0.0389756 0.0399815 0.0416601 0.0440147 0.0470493 0.0507688 0.0551782 0.0602825 0.0660861 0.0725924 0.0798032 0.0877179 0.0963335 0.105644 0.115638 0.126302 0.137618 0.14956 0.162102 0.175207 0.188836 0.202944 0.217481 0.23239 0.247612 0.263082 0.27873 0.294485 0.310271 0.326011 0.341625 0.357034 0.372158 0.386916 0.40123 0.415023 0.428221 0.440752 0.452547 0.463544 0.473681 0.482904 0.491162 0.498412 0.504613 0.509733 0.513744 0.516625 0.518359 0.518938 0.518359 0.516625 0.513744 0.509733 0.504613 0.498412 0.491162 0.482904 0.473681 0.463544 0.452547 0.440752 0.428221 0.415023 0.40123 0.386916 0.372158 0.357034 0.341625 0.326011 0.310271 0.294485 0.27873 0.263082 0.247612 0.23239 0.217481 0.202944 0.188836 0.175207 0.162102 0.14956 0.137618 0.126302 0.115638 0.105644 0.0963335 0.0877179 0.0798032 0.0725924 0.0660861 0.0602825 0.0551782 0.0507688 0.0470493 0.0440147 0.0416601 0.0399815 0.0389756 
0.0406316 0.0409824 0.0420355 0.0437928 0.0462575 0.0494336 0.0533259 0.0579394 0.0632789 0.0693485 0.0761513 0.0836886 0.0919593 0.10096 0.110682 0.121116 0.132245 0.144049 0.156503 0.169575 0.18323 0.197425 0.212113 0.227241 0.24275 0.258578 0.274656 0.290913 0.307273 0.323659 0.339989 0.356183 0.372158 0.387829 0.403117 0.417938 0.432215 0.445871 0.458832 0.471029 0.482396 0.492872 0.5024 0.51093 0.518417 0.52482 0.530105 0.534245 0.537218 0.539008 0.539606 0.539008 0.537218 0.534245 0.530105 0.52482 0.518417 0.51093 0.5024 0.492872 0.482396 0.471029 0.458832 0.445871 0.432215 0.417938 0.403117 0.387829 0.372158 0.356183 0.339989 0.323659 0.307273 0.290913 0.274656 0.258578 0.24275 0.227241 0.212113 0.197425 0.18323 0.169575 0.156503 0.144049 0.132245 0.121116 0.110682 0.10096 0.0919593 0.0836886 0.0761513 0.0693485 0.0632789 0.0579394 0.0533259 0.0494336 0.0462575 0.0437928 0.0420355 0.0409824 
0.042599 0.0429653 0.0440647 0.0458993 0.0484721 0.0517872 0.0558492 0.060663 0.0662332 0.0725637 0.0796572 0.0875145 0.096134 0.105511 0.115637 0.1265 0.138084 0.150365 0.163318 0.176909 0.1911 0.205847 0.2211 0.236803 0.252895 0.26931 0.285979 0.302826 0.319773 0.336739 0.353642 0.370396 0.386916 0.403117 0.418914 0.434225 0.448967 0.463063 0.476438 0.489019 0.500742 0.511542 0.521363 0.530153 0.537866 0.544462 0.549905 0.554169 0.55723 0.559073 0.559688 0.559073 0.55723 0.554169 0.549905 0.544462 0.537866 0.530153 0.521363 0.511542 0.500742 0.489019 0.476438 0.463063 0.448967 0.434225 0.418914 0.403117 0.386916 0.370396 0.353642 0.336739 0.319773 0.302826 0.285979 0.26931 0.252895 0.236803 0.2211 0.205847 0.1911 0.176909 0.163318 0.150365 0.138084 0.1265 0.115637 0.105511 0.096134 0.0875145 0.0796572 0.0725637 0.0662332 0.060663 0.0558492 0.0517872 0.0484721 0.0458993 0.0440647 0.0429653 
0.0445303 0.0449117 0.0460564 0.0479664 0.0506447 0.0540954 0.0583229 0.063332 0.0691272 0.0757121 0.0830888 0.0912578 0.100217 0.10996 0.120479 0.13176 0.143784 0.15653 0.169966 0.184061 0.198771 0.214052 0.229851 0.246111 0.262766 0.27975 0.296988 0.314404 0.331916 0.349441 0.366894 0.384186 0.40123 0.417938 0.434225 0.450003 0.465191 0.479707 0.493477 0.506426 0.518487 0.529596 0.539696 0.548734 0.556662 0.563441 0.569035 0.573416 0.576561 0.578454 0.579086 0.578454 0.576561 0.573416 0.569035 0.563441 0.556662 0.548734 0.539696 0.529596 0.518487 0.506426 0.493477 0.479707 0.465191 0.450003 0.434225 0.417938 0.40123 0.384186 0.366894 0.349441 0.331916 0.314404 0.296988 0.27975 0.262766 0.246111 0.229851 0.214052 0.198771 0.184061 0.169966 0.15653 0.143784 0.13176 0.120479 0.10996 0.100217 0.0912578 0.0830888 0.0757121 0.0691272 0.063332 0.0583229 0.0540954 0.0506447 0.0479664 0.0460564 0.0449117 
0.046413 0.046809 0.0479975 0.0499806 0.0527612 0.0563433 0.0607312 0.0659296 0.0719427 0.0787737 0.0864246 0.0948951 0.104182 0.11428 0.125178 0.136862 0.149313 0.162505 0.176409 0.190988 0.206199 0.221994 0.238319 0.255112 0.272309 0.289837 0.307622 0.325583 0.343636 0.361696 0.379673 0.397479 0.415023 0.432215 0.448967 0.465191 0.480802 0.495718 0.509862 0.52316 0.535542 0.546944 0.557307 0.566579 0.574711 0.581663 0.587399 0.59189 0.595114 0.597055 0.597703 0.597055 0.595114 0.59189 0.587399 0.581663 0.574711 0.566579 0.557307 0.546944 0.535542 0.52316 0.509862 0.495718 0.480802 0.465191 0.448967 0.432215 0.415023 0.397479 0.379673 0.361696 0.343636 0.325583 0.307622 0.289837 0.272309 0.255112 0.238319 0.221994 0.206199 0.190988 0.176409 0.162505 0.149313 0.136862 0.125178 0.11428 0.104182 0.0948951 0.0864246 0.0787737 0.0719427 0.0659296 0.0607312 0.0563433 0.0527612 0.0499806 0.0479975 0.046809 
0.0482343 0.0486443 0.0498751 0.0519285 0.0548076 0.058516 0.0630583 0.0684387 0.0746612 0.0817289 0.0896431 0.0984033 0.108006 0.118444 0.129706 0.141776 0.154635 0.168256 0.182607 0.197649 0.213338 0.229625 0.246451 0.263755 0.281467 0.299515 0.31782 0.336299 0.354867 0.373434 0.39191 0.410203 0.428221 0.445871 0.463063 0.479707 0.495718 0.511012 0.525509 0.539135 0.551819 0.563497 0.574108 0.583599 0.591923 0.599037 0.604906 0.6095 0.612799 0.614784 0.615447 0.614784 0.612799 0.6095 0.604906 0.599037 0.591923 0.583599 0.574108 0.563497 0.551819 0.539135 0.525509 0.511012 0.495718 0.479707 0.463063 0.445871 0.428221 0.410203 0.39191 0.373434 0.354867 0.336299 0.31782 0.299515 0.281467 0.263755 0.246451 0.229625 0.213338 0.197649 0.182607 0.168256 0.154635 0.141776 0.129706 0.118444 0.108006 0.0984033 0.0896431 0.0817289 0.0746612 0.0684387 0.0630583 0.058516 0.0548076 0.0519285 0.0498751 0.0486443 
0.0499816 0.0504051 0.0516762 0.0537968 0.0567697 0.0605989 0.0652883 0.0708423 0.0772647 0.084558 0.0927233 0.101759 0.111662 0.122424 0.134032 0.146471 0.159718 0.173746 0.188521 0.204003 0.220147 0.236899 0.2542 0.271987 0.290188 0.308727 0.327523 0.346492 0.365545 0.384591 0.403537 0.422289 0.440752 0.458832 0.476438 0.493477 0.509862 0.525509 0.540337 0.55427 0.567236 0.579171 0.590014 0.59971 0.608212 0.615477 0.62147 0.626161 0.629528 0.631555 0.632232 0.631555 0.629528 0.626161 0.62147 0.615477 0.608212 0.59971 0.590014 0.579171 0.567236 0.55427 0.540337 0.525509 0.509862 0.493477 0.476438 0.458832 0.440752 0.422289 0.403537 0.384591 0.365545 0.346492 0.327523 0.308727 0.290188 0.271987 0.2542 0.236899 0.220147 0.204003 0.188521 0.173746 0.159718 0.146471 0.134032 0.122424 0.111662 0.101759 0.0927233 0.084558 0.0772647 0.0708423 0.0652883 0.0605989 0.0567697 0.0537968 0.0516762 0.0504051 
0.0516426 0.0520788 0.053388 0.0555721 0.058634 0.0625772 0.0674059 0.0731242 0.0797354 0.087242 0.0956445 0.104941 0.115128 0.126195 0.13813 0.150916 0.164529 0.17894 0.194115 0.210011 0.226582 0.243772 0.26152 0.27976 0.298419 0.317419 0.336676 0.356103 0.37561 0.395104 0.414489 0.433669 0.452547 0.471029 0.489019 0.506426 0.52316 0.539135 0.55427 0.568487 0.581716 0.593889 0.604946 0.614831 0.623498 0.630903 0.63701 0.641791 0.645222 0.647287 0.647977 0.647287 0.645222 0.641791 0.63701 0.630903 0.623498 0.614831 0.604946 0.593889 0.581716 0.568487 0.55427 0.539135 0.52316 0.506426 0.489019 0.471029 0.452547 0.433669 0.414489 0.395104 0.37561 0.356103 0.336676 0.317419 0.298419 0.27976 0.26152 0.243772 0.226582 0.210011 0.194115 0.17894 0.164529 0.150916 0.13813 0.126195 0.115128 0.104941 0.0956445 0.087242 0.0797354 0.0731242 0.0674059 0.0625772 0.058634 0.0555721 0.053388 0.0520788 
0.0532051 0.0536533 0.0549982 0.0572419 0.060387 0.0644371 0.0693962 0.0752682 0.0820562 0.0897623 0.0983868 0.107927 0.118379 0.129732 0.141972 0.155082 0.169036 0.183806 0.199353 0.215636 0.232604 0.250202 0.268366 0.287028 0.306113 0.32554 0.345224 0.365077 0.385005 0.404913 0.424705 0.444281 0.463544 0.482396 0.500742 0.518487 0.535542 0.551819 0.567236 0.581716 0.595185 0.607577 0.61883 0.62889 0.637707 0.64524 0.651452 0.656315 0.659804 0.661904 0.662605 0.661904 0.659804 0.656315 0.651452 0.64524 0.637707 0.62889 0.61883 0.607577 0.595185 0.581716 0.567236 0.551819 0.535542 0.518487 0.500742 0.482396 0.463544 0.444281 0.424705 0.404913 0.385005 0.365077 0.345224 0.32554 0.306113 0.287028 0.268366 0.250202 0.232604 0.215636 0.199353 0.183806 0.169036 0.155082 0.141972 0.129732 0.118379 0.107927 0.0983868 0.0897623 0.0820562 0.0752682 0.0693962 0.0644371 0.060387 0.0572419 0.0549982 0.0536533 
0.0546578 0.055117 0.0564951 0.0587938 0.062016 0.0661651 0.0712449 0.0772591 0.0842107 0.0921014 0.100931 0.110697 0.121394 0.13301 0.145533 0.158942 0.173212 0.188311 0.204202 0.220841 0.238176 0.256149 0.274696 0.293746 0.313222 0.333042 0.353119 0.373362 0.393677 0.413965 0.434128 0.454067 0.473681 0.492872 0.511542 0.529596 0.546944 0.563497 0.579171 0.593889 0.607577 0.620167 0.631599 0.641816 0.650771 0.65842 0.664727 0.669664 0.673206 0.675338 0.67605 0.675338 0.673206 0.669664 0.664727 0.65842 0.650771 0.641816 0.631599 0.620167 0.607577 0.593889 0.579171 0.563497 0.546944 0.529596 0.511542 0.492872 0.473681 0.454067 0.434128 0.413965 0.393677 0.373362 0.353119 0.333042 0.313222 0.293746 0.274696 0.256149 0.238176 0.220841 0.204202 0.188311 0.173212 0.158942 0.145533 0.13301 0.121394 0.110697 0.100931 0.0921014 0.0842107 0.0772591 0.0712449 0.0661651 0.062016 0.0587938 0.0564951 0.055117 
