1.41974e-13 1.92301e-13 3.74621e-13 7.99632e-13 1.71468e-12 3.62584e-12 7.53336e-12 1.53681e-11 3.07783e-11 6.05135e-11 1.16803e-10 2.2134e-10 4.1181e-10 7.52298e-10 1.3495e-09 2.3773e-09 4.11308e-09 6.98987e-09 1.16691e-08 1.91394e-08 3.08456e-08 4.88522e-08 7.6042e-08 1.16346e-07 1.74996e-07 2.58775e-07 3.76252e-07 5.37938e-07 7.56337e-07 1.04582e-06 1.42227e-06 1.90246e-06 2.50314e-06 3.23975e-06 4.12504e-06 5.16735e-06 6.36905e-06 7.72506e-06 9.22176e-06 1.08365e-05 1.25379e-05 1.42866e-05 1.60369e-05 1.77392e-05 1.93425e-05 2.07969e-05 2.20563e-05 2.30802e-05 2.38359e-05 2.42992e-05 2.44553e-05 2.42992e-05 2.38359e-05 2.30802e-05 2.20563e-05 2.07969e-05 1.93425e-05 1.77392e-05 1.60369e-05 1.42866e-05 1.25379e-05 1.08365e-05 9.22176e-06 7.72506e-06 6.36905e-06 5.16735e-06 4.12504e-06 3.23975e-06 2.50314e-06 1.90246e-06 1.42227e-06 1.04582e-06 7.56337e-07 5.37938e-07 3.76252e-07 2.58775e-07 1.74996e-07 1.16346e-07 7.6042e-08 4.88522e-08 3.08456e-08 1.91394e-08 1.16691e-08 6.98987e-09 4.11308e-09 2.3773e-09 1.3495e-09 7.52298e-10 4.1181e-10 2.2134e-10 1.16803e-10 6.05135e-11 3.07783e-11 1.53681e-11 7.53336e-12 3.62584e-12 1.71468e-12 7.99632e-13 3.74621e-13 1.92301e-13 
1.92301e-13 2.6012e-13 5.05567e-13 1.07678e-12 2.3042e-12 4.8624e-12 1.00816e-11 2.05233e-11 4.10152e-11 8.04659e-11 1.54973e-10 2.93018e-10 5.43933e-10 9.91376e-10 1.77422e-09 3.11812e-09 5.38192e-09 9.12411e-09 1.51951e-08 2.48618e-08 3.99698e-08 6.31478e-08 9.80544e-08 1.49662e-07 2.24566e-07 3.31293e-07 4.80572e-07 6.85527e-07 9.61714e-07 1.32695e-06 1.80086e-06 2.40409e-06 3.15714e-06 4.07882e-06 5.1845e-06 6.48404e-06 7.97988e-06 9.66524e-06 1.15229e-05 1.35244e-05 1.56308e-05 1.77934e-05 1.99558e-05 2.20572e-05 2.40348e-05 2.58276e-05 2.73791e-05 2.864e-05 2.95702e-05 3.01404e-05 3.03325e-05 3.01404e-05 2.95702e-05 2.864e-05 2.73791e-05 2.58276e-05 2.40348e-05 2.20572e-05 1.99558e-05 1.77934e-05 1.56308e-05 1.35244e-05 1.15229e-05 9.66524e-06 7.97988e-06 6.48404e-06 5.1845e-06 4.07882e-06 3.15714e-06 2.40409e-06 1.80086e-06 1.32695e-06 9.61714e-07 6.85527e-07 4.80572e-07 3.31293e-07 2.24566e-07 1.49662e-07 9.80544e-08 6.31478e-08 3.99698e-08 2.48618e-08 1.51951e-08 9.12411e-09 5.38192e-09 3.11812e-09 1.77422e-09 9.91376e-10 5.43933e-10 2.93018e-10 1.54973e-10 8.04659e-11 4.10152e-11 2.05233e-11 1.00816e-11 4.8624e-12 2.3042e-12 1.07678e-12 5.05567e-13 2.6012e-13 
3.74621e-13 5.05567e-13 9.78636e-13 2.07639e-12 4.42707e-12 9.30833e-12 1.92291e-11 3.89998e-11 7.76454e-11 1.51744e-10 2.91107e-10 5.4822e-10 1.01354e-09 1.83965e-09 3.27852e-09 5.73727e-09 9.85974e-09 1.66421e-08 2.75925e-08 4.4944e-08 7.19301e-08 1.13128e-07 1.74868e-07 2.65701e-07 3.96895e-07 5.82928e-07 8.419e-07 1.19581e-06 1.67055e-06 2.29559e-06 3.10314e-06 4.12683e-06 5.39971e-06 6.95179e-06 8.80705e-06 1.09802e-05 1.34737e-05 1.62748e-05 1.93536e-05 2.26624e-05 2.61364e-05 2.96953e-05 3.32472e-05 3.66927e-05 3.99303e-05 4.28615e-05 4.53953e-05 4.74527e-05 4.89696e-05 4.98988e-05 5.02118e-05 4.98988e-05 4.89696e-05 4.74527e-05 4.53953e-05 4.28615e-05 3.99303e-05 3.66927e-05 3.32472e-05 2.96953e-05 2.61364e-05 2.26624e-05 1.93536e-05 1.62748e-05 1.34737e-05 1.09802e-05 8.80705e-06 6.95179e-06 5.39971e-06 4.12683e-06 3.10314e-06 2.29559e-06 1.67055e-06 1.19581e-06 8.419e-07 5.82928e-07 3.96895e-07 2.65701e-07 1.74868e-07 1.13128e-07 7.19301e-08 4.4944e-08 2.75925e-08 1.66421e-08 9.85974e-09 5.73727e-09 3.27852e-09 1.83965e-09 1.01354e-09 5.4822e-10 2.91107e-10 1.51744e-10 7.76454e-11 3.89998e-11 1.92291e-11 9.30833e-12 4.42707e-12 2.07639e-12 9.78636e-13 5.05567e-13 
7.99632e-13 1.07678e-12 2.07639e-12 4.3896e-12 9.32682e-12 1.95434e-11 4.02329e-11 8.13117e-11 1.61305e-10 3.14091e-10 6.00315e-10 1.12624e-09 2.07413e-09 3.74988e-09 6.65598e-09 1.16001e-08 1.98524e-08 3.33674e-08 5.50864e-08 8.93395e-08 1.42359e-07 2.22911e-07 3.4305e-07 5.18948e-07 7.71789e-07 1.12861e-06 1.62299e-06 2.29548e-06 3.1935e-06 4.3706e-06 5.88491e-06 7.79655e-06 1.01641e-05 1.304e-05 1.64651e-05 2.04635e-05 2.50364e-05 3.01577e-05 3.5771e-05 4.17879e-05 4.80897e-05 5.45315e-05 6.09476e-05 6.71606e-05 7.29895e-05 7.82594e-05 8.28098e-05 8.65012e-05 8.92209e-05 9.08863e-05 9.1447e-05 9.08863e-05 8.92209e-05 8.65012e-05 8.28098e-05 7.82594e-05 7.29895e-05 6.71606e-05 6.09476e-05 5.45315e-05 4.80897e-05 4.17879e-05 3.5771e-05 3.01577e-05 2.50364e-05 2.04635e-05 1.64651e-05 1.304e-05 1.01641e-05 7.79655e-06 5.88491e-06 4.3706e-06 3.1935e-06 2.29548e-06 1.62299e-06 1.12861e-06 7.71789e-07 5.18948e-07 3.4305e-07 2.22911e-07 1.42359e-07 8.93395e-08 5.50864e-08 3.33674e-08 1.98524e-08 1.16001e-08 6.65598e-09 3.74988e-09 2.07413e-09 1.12624e-09 6.00315e-10 3.14091e-10 1.61305e-10 8.13117e-11 4.02329e-11 1.95434e-11 9.32682e-12 4.3896e-12 2.07639e-12 1.07678e-12 
1.71468e-12 2.3042e-12 4.42707e-12 9.32682e-12 1.97522e-11 4.12538e-11 8.46474e-11 1.70503e-10 3.37091e-10 6.54103e-10 1.24576e-09 2.32874e-09 4.27296e-09 7.69632e-09 1.36088e-08 2.36255e-08 4.02732e-08 6.74186e-08 1.10849e-07 1.79036e-07 2.84099e-07 4.42992e-07 6.78873e-07 1.02264e-06 1.5145e-06 2.20544e-06 3.15842e-06 4.44891e-06 6.16462e-06 8.4039e-06 1.12727e-05 1.48796e-05 1.93295e-05 2.47147e-05 3.11058e-05 3.85415e-05 4.70188e-05 5.64846e-05 6.6831e-05 7.78929e-05 8.94513e-05 0.000101241 0.000112961 0.000124289 0.000134901 0.000144483 0.000152747 0.000159445 0.000164376 0.000167394 0.00016841 0.000167394 0.000164376 0.000159445 0.000152747 0.000144483 0.000134901 0.000124289 0.000112961 0.000101241 8.94513e-05 7.78929e-05 6.6831e-05 5.64846e-05 4.70188e-05 3.85415e-05 3.11058e-05 2.47147e-05 1.93295e-05 1.48796e-05 1.12727e-05 8.4039e-06 6.16462e-06 4.44891e-06 3.15842e-06 2.20544e-06 1.5145e-06 1.02264e-06 6.78873e-07 4.42992e-07 2.84099e-07 1.79036e-07 1.10849e-07 6.74186e-08 4.02732e-08 2.36255e-08 1.36088e-08 7.69632e-09 4.27296e-09 2.32874e-09 1.24576e-09 6.54103e-10 3.37091e-10 1.70503e-10 8.46474e-11 4.12538e-11 1.97522e-11 9.32682e-12 4.42707e-12 2.3042e-12 
3.62584e-12 4.8624e-12 9.30833e-12 1.95434e-11 4.12538e-11 8.58825e-11 1.75644e-10 3.52622e-10 6.94799e-10 1.34359e-09 2.54996e-09 4.74975e-09 8.68358e-09 1.55827e-08 2.74499e-08 4.74714e-08 8.06059e-08 1.34401e-07 2.2009e-07 3.54023e-07 5.59455e-07 8.68719e-07 1.32572e-06 1.98865e-06 2.93279e-06 4.25299e-06 6.06555e-06 8.50904e-06 1.17433e-05 1.59463e-05 2.13081e-05 2.80223e-05 3.6273e-05 4.62205e-05 5.7984e-05 7.16236e-05 8.71239e-05 0.00010438 0.000123188 0.000143244 0.000164151 0.000185428 0.000206537 0.000226906 0.000245956 0.000263133 0.000277932 0.000289915 0.000298731 0.000304125 0.00030594 0.000304125 0.000298731 0.000289915 0.000277932 0.000263133 0.000245956 0.000226906 0.000206537 0.000185428 0.000164151 0.000143244 0.000123188 0.00010438 8.71239e-05 7.16236e-05 5.7984e-05 4.62205e-05 3.6273e-05 2.80223e-05 2.13081e-05 1.59463e-05 1.17433e-05 8.50904e-06 6.06555e-06 4.25299e-06 2.93279e-06 1.98865e-06 1.32572e-06 8.68719e-07 5.59455e-07 3.54023e-07 2.2009e-07 1.34401e-07 8.06059e-08 4.74714e-08 2.74499e-08 1.55827e-08 8.68358e-09 4.74975e-09 2.54996e-09 1.34359e-09 6.94799e-10 3.52622e-10 1.75644e-10 8.58825e-11 4.12538e-11 1.95434e-11 9.30833e-12 4.8624e-12 
7.53336e-12 1.00816e-11 1.92291e-11 4.02329e-11 8.46474e-11 1.75644e-10 3.58039e-10 7.16394e-10 1.40677e-09 2.71097e-09 5.12695e-09 9.51561e-09 1.7333e-08 3.09883e-08 5.43803e-08 9.36806e-08 1.58442e-07 2.63126e-07 4.29133e-07 6.87428e-07 1.0818e-06 1.67273e-06 2.54186e-06 3.79671e-06 5.57542e-06 8.05089e-06 1.14337e-05 1.5973e-05 2.19541e-05 2.9692e-05 3.95209e-05 5.17769e-05 6.67768e-05 8.47915e-05 0.000106016 0.000130539 0.000158314 0.000189139 0.000222639 0.000258266 0.00029531 0.000332925 0.000370166 0.000406034 0.000439526 0.000469682 0.00049563 0.000516622 0.000532056 0.000541493 0.000544669 0.000541493 0.000532056 0.000516622 0.00049563 0.000469682 0.000439526 0.000406034 0.000370166 0.000332925 0.00029531 0.000258266 0.000222639 0.000189139 0.000158314 0.000130539 0.000106016 8.47915e-05 6.67768e-05 5.17769e-05 3.95209e-05 2.9692e-05 2.19541e-05 1.5973e-05 1.14337e-05 8.05089e-06 5.57542e-06 3.79671e-06 2.54186e-06 1.67273e-06 1.0818e-06 6.87428e-07 4.29133e-07 2.63126e-07 1.58442e-07 9.36806e-08 5.43803e-08 3.09883e-08 1.7333e-08 9.51561e-09 5.12695e-09 2.71097e-09 1.40677e-09 7.16394e-10 3.58039e-10 1.75644e-10 8.46474e-11 4.02329e-11 1.92291e-11 1.00816e-11 
1.53681e-11 2.05233e-11 3.89998e-11 8.13117e-11 1.70503e-10 3.52622e-10 7.16394e-10 1.42856e-09 2.79556e-09 5.36842e-09 1.01165e-08 1.87079e-08 3.39508e-08 6.04687e-08 1.05706e-07 1.81385e-07 3.05553e-07 5.05372e-07 8.2081e-07 1.30935e-06 2.05175e-06 3.15893e-06 4.77952e-06 7.10803e-06 1.03926e-05 1.49418e-05 2.11285e-05 2.93906e-05 4.02257e-05 5.41791e-05 7.18233e-05 9.37286e-05 0.000120425 0.000152358 0.000189835 0.000232977 0.000281671 0.000335536 0.000393895 0.000455785 0.000519968 0.000584985 0.000649216 0.000710959 0.000768512 0.000820256 0.000864725 0.000900664 0.000927066 0.000943203 0.000948631 0.000943203 0.000927066 0.000900664 0.000864725 0.000820256 0.000768512 0.000710959 0.000649216 0.000584985 0.000519968 0.000455785 0.000393895 0.000335536 0.000281671 0.000232977 0.000189835 0.000152358 0.000120425 9.37286e-05 7.18233e-05 5.41791e-05 4.02257e-05 2.93906e-05 2.11285e-05 1.49418e-05 1.03926e-05 7.10803e-06 4.77952e-06 3.15893e-06 2.05175e-06 1.30935e-06 8.2081e-07 5.05372e-07 3.05553e-07 1.81385e-07 1.05706e-07 6.04687e-08 3.39508e-08 1.87079e-08 1.01165e-08 5.36842e-09 2.79556e-09 1.42856e-09 7.16394e-10 3.52622e-10 1.70503e-10 8.13117e-11 3.89998e-11 2.05233e-11 
3.07783e-11 4.10152e-11 7.76454e-11 1.61305e-10 3.37091e-10 6.94799e-10 1.40677e-09 2.79556e-09 5.45152e-09 1.04315e-08 1.95862e-08 3.60861e-08 6.52424e-08 1.15756e-07 2.01564e-07 3.44495e-07 5.77967e-07 9.51987e-07 1.5397e-06 2.44564e-06 3.81577e-06 5.84917e-06 8.81087e-06 1.30452e-05 1.89884e-05 2.71787e-05 3.82619e-05 5.29901e-05 7.2211e-05 9.68452e-05 0.00012785 0.000166167 0.000212661 0.000268038 0.000332767 0.000406994 0.00049047 0.000582492 0.000681875 0.000786954 0.000895628 0.00100544 0.00111367 0.0012175 0.00131411 0.00140083 0.00147526 0.00153535 0.00157946 0.00160641 0.00161547 0.00160641 0.00157946 0.00153535 0.00147526 0.00140083 0.00131411 0.0012175 0.00111367 0.00100544 0.000895628 0.000786954 0.000681875 0.000582492 0.00049047 0.000406994 0.000332767 0.000268038 0.000212661 0.000166167 0.00012785 9.68452e-05 7.2211e-05 5.29901e-05 3.82619e-05 2.71787e-05 1.89884e-05 1.30452e-05 8.81087e-06 5.84917e-06 3.81577e-06 2.44564e-06 1.5397e-06 9.51987e-07 5.77967e-07 3.44495e-07 2.01564e-07 1.15756e-07 6.52424e-08 3.60861e-08 1.95862e-08 1.04315e-08 5.45152e-09 2.79556e-09 1.40677e-09 6.94799e-10 3.37091e-10 1.61305e-10 7.76454e-11 4.10152e-11 
6.05135e-11 8.04659e-11 1.51744e-10 3.14091e-10 6.54103e-10 1.34359e-09 2.71097e-09 5.36842e-09 1.04315e-08 1.98883e-08 3.7205e-08 6.82903e-08 1.22995e-07 2.17373e-07 3.77007e-07 6.4174e-07 1.07222e-06 1.75868e-06 2.83227e-06 4.47922e-06 6.95788e-06 1.06181e-05 1.59226e-05 2.34677e-05 3.40036e-05 4.84484e-05 6.78949e-05 9.36051e-05 0.000126989 0.000169562 0.000222884 0.00028847 0.000367686 0.000461621 0.000570955 0.000695826 0.00083572 0.00098938 0.00115477 0.0013291 0.00150886 0.00169003 0.00186816 0.00203868 0.00219704 0.00233895 0.00246059 0.00255867 0.00263062 0.00267454 0.0026893 0.00267454 0.00263062 0.00255867 0.00246059 0.00233895 0.00219704 0.00203868 0.00186816 0.00169003 0.00150886 0.0013291 0.00115477 0.00098938 0.00083572 0.000695826 0.000570955 0.000461621 0.000367686 0.00028847 0.000222884 0.000169562 0.000126989 9.36051e-05 6.78949e-05 4.84484e-05 3.40036e-05 2.34677e-05 1.59226e-05 1.06181e-05 6.95788e-06 4.47922e-06 2.83227e-06 1.75868e-06 1.07222e-06 6.4174e-07 3.77007e-07 2.17373e-07 1.22995e-07 6.82903e-08 3.7205e-08 1.98883e-08 1.04315e-08 5.36842e-09 2.71097e-09 1.34359e-09 6.54103e-10 3.14091e-10 1.51744e-10 8.04659e-11 
1.16803e-10 1.54973e-10 2.91107e-10 6.00315e-10 1.24576e-09 2.54996e-09 5.12695e-09 1.01165e-08 1.95862e-08 3.7205e-08 6.93383e-08 1.26786e-07 2.27462e-07 4.00411e-07 6.91663e-07 1.17251e-06 1.95083e-06 3.18614e-06 5.10883e-06 8.04393e-06 1.24392e-05 1.88967e-05 2.82065e-05 4.13799e-05 5.9678e-05 8.4632e-05 0.000118049 0.000161996 0.00021876 0.000290777 0.00038052 0.00049036 0.000622389 0.000778227 0.000958806 0.00116417 0.00139333 0.00164408 0.00191301 0.00219554 0.002486 0.0027779 0.00306419 0.00333761 0.00359101 0.00381772 0.00401174 0.00416802 0.00428254 0.00435241 0.00437589 0.00435241 0.00428254 0.00416802 0.00401174 0.00381772 0.00359101 0.00333761 0.00306419 0.0027779 0.002486 0.00219554 0.00191301 0.00164408 0.00139333 0.00116417 0.000958806 0.000778227 0.000622389 0.00049036 0.00038052 0.000290777 0.00021876 0.000161996 0.000118049 8.4632e-05 5.9678e-05 4.13799e-05 2.82065e-05 1.88967e-05 1.24392e-05 8.04393e-06 5.10883e-06 3.18614e-06 1.95083e-06 1.17251e-06 6.91663e-07 4.00411e-07 2.27462e-07 1.26786e-07 6.93383e-08 3.7205e-08 1.95862e-08 1.01165e-08 5.12695e-09 2.54996e-09 1.24576e-09 6.00315e-10 2.91107e-10 1.54973e-10 
2.2134e-10 2.93018e-10 5.4822e-10 1.12624e-09 2.32874e-09 4.74975e-09 9.51561e-09 1.87079e-08 3.60861e-08 6.82903e-08 1.26786e-07 2.3093e-07 4.12665e-07 7.23509e-07 1.24465e-06 2.10112e-06 3.48097e-06 5.66054e-06 9.03634e-06 1.41639e-05 2.18032e-05 3.29684e-05 4.89803e-05 7.15157e-05 0.000102648 0.000144874 0.00020111 0.000274663 0.000369154 0.000488391 0.000636195 0.000816165 0.00103141 0.00128424 0.00157585 0.00190601 0.00227286 0.00267269 0.00309991 0.00354716 0.00400549 0.00446472 0.00491393 0.00534191 0.00573773 0.00609118 0.00639321 0.00663618 0.00681406 0.00692252 0.00695896 0.00692252 0.00681406 0.00663618 0.00639321 0.00609118 0.00573773 0.00534191 0.00491393 0.00446472 0.00400549 0.00354716 0.00309991 0.00267269 0.00227286 0.00190601 0.00157585 0.00128424 0.00103141 0.000816165 0.000636195 0.000488391 0.000369154 0.000274663 0.00020111 0.000144874 0.000102648 7.15157e-05 4.89803e-05 3.29684e-05 2.18032e-05 1.41639e-05 9.03634e-06 5.66054e-06 3.48097e-06 2.10112e-06 1.24465e-06 7.23509e-07 4.12665e-07 2.3093e-07 1.26786e-07 6.82903e-08 3.60861e-08 1.87079e-08 9.51561e-09 4.74975e-09 2.32874e-09 1.12624e-09 5.4822e-10 2.93018e-10 
4.1181e-10 5.43933e-10 1.01354e-09 2.07413e-09 4.27296e-09 8.68358e-09 1.7333e-08 3.39508e-08 6.52424e-08 1.22995e-07 2.27462e-07 4.12665e-07 7.34455e-07 1.28242e-06 2.19694e-06 3.69292e-06 6.09165e-06 9.86215e-06 1.56729e-05 2.44541e-05 3.74683e-05 5.63883e-05 8.33744e-05 0.000121146 0.000173037 0.000243022 0.000335703 0.00045624 0.000610218 0.000803442 0.00104164 0.00133013 0.00167335 0.00207447 0.00253485 0.00305367 0.00362758 0.00425045 0.00491339 0.00560486 0.00631104 0.00701643 0.00770445 0.00835829 0.00896163 0.00949935 0.00995809 0.0103266 0.0105962 0.0107604 0.0108156 0.0107604 0.0105962 0.0103266 0.00995809 0.00949935 0.00896163 0.00835829 0.00770445 0.00701643 0.00631104 0.00560486 0.00491339 0.00425045 0.00362758 0.00305367 0.00253485 0.00207447 0.00167335 0.00133013 0.00104164 0.000803442 0.000610218 0.00045624 0.000335703 0.000243022 0.000173037 0.000121146 8.33744e-05 5.63883e-05 3.74683e-05 2.44541e-05 1.56729e-05 9.86215e-06 6.09165e-06 3.69292e-06 2.19694e-06 1.28242e-06 7.34455e-07 4.12665e-07 2.27462e-07 1.22995e-07 6.52424e-08 3.39508e-08 1.7333e-08 8.68358e-09 4.27296e-09 2.07413e-09 1.01354e-09 5.43933e-10 
7.52298e-10 9.91376e-10 1.83965e-09 3.74988e-09 7.69632e-09 1.55827e-08 3.09883e-08 6.04687e-08 1.15756e-07 2.17373e-07 4.00411e-07 7.23509e-07 1.28242e-06 2.22986e-06 3.80381e-06 6.36632e-06 1.04553e-05 1.68507e-05 2.66567e-05 4.13983e-05 6.31301e-05 9.45517e-05 0.000139121 0.000201152 0.000285883 0.000399499 0.000549085 0.000742497 0.000988132 0.00129459 0.00167024 0.00212263 0.00265792 0.00328018 0.00399073 0.00478757 0.00566488 0.00661285 0.00761761 0.00866155 0.00972388 0.0107815 0.01181 0.0127848 0.0136821 0.0144802 0.0151599 0.0157052 0.0161035 0.0163461 0.0164275 0.0163461 0.0161035 0.0157052 0.0151599 0.0144802 0.0136821 0.0127848 0.01181 0.0107815 0.00972388 0.00866155 0.00761761 0.00661285 0.00566488 0.00478757 0.00399073 0.00328018 0.00265792 0.00212263 0.00167024 0.00129459 0.000988132 0.000742497 0.000549085 0.000399499 0.000285883 0.000201152 0.000139121 9.45517e-05 6.31301e-05 4.13983e-05 2.66567e-05 1.68507e-05 1.04553e-05 6.36632e-06 3.80381e-06 2.22986e-06 1.28242e-06 7.23509e-07 4.00411e-07 2.17373e-07 1.15756e-07 6.04687e-08 3.09883e-08 1.55827e-08 7.69632e-09 3.74988e-09 1.83965e-09 9.91376e-10 
1.3495e-09 1.77422e-09 3.27852e-09 6.65598e-09 1.36088e-08 2.74499e-08 5.43803e-08 1.05706e-07 2.01564e-07 3.77007e-07 6.91663e-07 1.24465e-06 2.19694e-06 3.80381e-06 6.46067e-06 1.07654e-05 1.76006e-05 2.82372e-05 4.44616e-05 6.87226e-05 0.000104293 0.000155439 0.000227574 0.00032739 0.000462935 0.000643609 0.000880056 0.00118394 0.00156755 0.00204328 0.00262295 0.00331699 0.00413352 0.00507744 0.00614952 0.00734559 0.00865601 0.0100654 0.0115526 0.0130915 0.0146516 0.0161994 0.0176998 0.0191177 0.0204197 0.0215752 0.0225573 0.0233441 0.0239183 0.0242677 0.0243849 0.0242677 0.0239183 0.0233441 0.0225573 0.0215752 0.0204197 0.0191177 0.0176998 0.0161994 0.0146516 0.0130915 0.0115526 0.0100654 0.00865601 0.00734559 0.00614952 0.00507744 0.00413352 0.00331699 0.00262295 0.00204328 0.00156755 0.00118394 0.000880056 0.000643609 0.000462935 0.00032739 0.000227574 0.000155439 0.000104293 6.87226e-05 4.44616e-05 2.82372e-05 1.76006e-05 1.07654e-05 6.46067e-06 3.80381e-06 2.19694e-06 1.24465e-06 6.91663e-07 3.77007e-07 2.01564e-07 1.05706e-07 5.43803e-08 2.74499e-08 1.36088e-08 6.65598e-09 3.27852e-09 1.77422e-09 
2.3773e-09 3.11812e-09 5.73727e-09 1.16001e-08 2.36255e-08 4.74714e-08 9.36806e-08 1.81385e-07 3.44495e-07 6.4174e-07 1.17251e-06 2.10112e-06 3.69292e-06 6.36632e-06 1.07654e-05 1.7858e-05 2.90631e-05 4.64101e-05 7.27304e-05 0.000111875 0.000168949 0.000250548 0.000364967 0.000522357 0.000734797 0.00101624 0.00138229 0.00184981 0.00243633 0.00315917 0.00403452 0.0050762 0.00629444 0.00769456 0.00927584 0.0110305 0.0129429 0.0149897 0.0171395 0.0193545 0.0215909 0.0238015 0.0259371 0.0279493 0.029792 0.0314236 0.0328077 0.0339147 0.0347216 0.0352122 0.0353768 0.0352122 0.0347216 0.0339147 0.0328077 0.0314236 0.029792 0.0279493 0.0259371 0.0238015 0.0215909 0.0193545 0.0171395 0.0149897 0.0129429 0.0110305 0.00927584 0.00769456 0.00629444 0.0050762 0.00403452 0.00315917 0.00243633 0.00184981 0.00138229 0.00101624 0.000734797 0.000522357 0.000364967 0.000250548 0.000168949 0.000111875 7.27304e-05 4.64101e-05 2.90631e-05 1.7858e-05 1.07654e-05 6.36632e-06 3.69292e-06 2.10112e-06 1.17251e-06 6.4174e-07 3.44495e-07 1.81385e-07 9.36806e-08 4.74714e-08 2.36255e-08 1.16001e-08 5.73727e-09 3.11812e-09 
4.11308e-09 5.38192e-09 9.85974e-09 1.98524e-08 4.02732e-08 8.06059e-08 1.58442e-07 3.05553e-07 5.77967e-07 1.07222e-06 1.95083e-06 3.48097e-06 6.09165e-06 1.04553e-05 1.76006e-05 2.90631e-05 4.70789e-05 7.48234e-05 0.000116693 0.000178618 0.000268397 0.00039601 0.000573888 0.000817089 0.00114333 0.00157283 0.0021279 0.0028323 0.00371028 0.0047854 0.00607901 0.00760869 0.00938651 0.0114174 0.0136975 0.0162131 0.0189402 0.0218436 0.0248785 0.027991 0.0311202 0.0342012 0.0371671 0.0399526 0.0424963 0.0447428 0.0466448 0.0481634 0.0492688 0.0499403 0.0501655 0.0499403 0.0492688 0.0481634 0.0466448 0.0447428 0.0424963 0.0399526 0.0371671 0.0342012 0.0311202 0.027991 0.0248785 0.0218436 0.0189402 0.0162131 0.0136975 0.0114174 0.00938651 0.00760869 0.00607901 0.0047854 0.00371028 0.0028323 0.0021279 0.00157283 0.00114333 0.000817089 0.000573888 0.00039601 0.000268397 0.000178618 0.000116693 7.48234e-05 4.70789e-05 2.90631e-05 1.76006e-05 1.04553e-05 6.09165e-06 3.48097e-06 1.95083e-06 1.07222e-06 5.77967e-07 3.05553e-07 1.58442e-07 8.06059e-08 4.02732e-08 1.98524e-08 9.85974e-09 5.38192e-09 
6.98987e-09 9.12411e-09 1.66421e-08 3.33674e-08 6.74186e-08 1.34401e-07 2.63126e-07 5.05372e-07 9.51987e-07 1.75868e-06 3.18614e-06 5.66054e-06 9.86215e-06 1.68507e-05 2.82372e-05 4.64101e-05 7.48234e-05 0.000118345 0.000183664 0.000279726 0.000418192 0.000613843 0.000884907 0.00125322 0.00174417 0.00238635 0.00321086 0.00425029 0.00553726 0.00710269 0.00897376 0.0111717 0.0137097 0.0165904 0.0198047 0.02333 0.0271295 0.0311528 0.0353366 0.0396064 0.0438801 0.0480703 0.0520888 0.0558499 0.0592742 0.0622905 0.0648385 0.0668692 0.0683455 0.0692414 0.0695417 0.0692414 0.0683455 0.0668692 0.0648385 0.0622905 0.0592742 0.0558499 0.0520888 0.0480703 0.0438801 0.0396064 0.0353366 0.0311528 0.0271295 0.02333 0.0198047 0.0165904 0.0137097 0.0111717 0.00897376 0.00710269 0.00553726 0.00425029 0.00321086 0.00238635 0.00174417 0.00125322 0.000884907 0.000613843 0.000418192 0.000279726 0.000183664 0.000118345 7.48234e-05 4.64101e-05 2.82372e-05 1.68507e-05 9.86215e-06 5.66054e-06 3.18614e-06 1.75868e-06 9.51987e-07 5.05372e-07 2.63126e-07 1.34401e-07 6.74186e-08 3.33674e-08 1.66421e-08 9.12411e-09 
1.16691e-08 1.51951e-08 2.75925e-08 5.50864e-08 1.10849e-07 2.2009e-07 4.29133e-07 8.2081e-07 1.5397e-06 2.83227e-06 5.10883e-06 9.03634e-06 1.56729e-05 2.66567e-05 4.44616e-05 7.27304e-05 0.000116693 0.000183664 0.00028361 0.000429756 0.00063917 0.000933282 0.00133823 0.00188499 0.00260907 0.00354995 0.00474988 0.00625231 0.00809978 0.0103315 0.0129806 0.0160712 0.0196157 0.0236123 0.0280428 0.0328715 0.0380445 0.0434906 0.049123 0.054842 0.0605386 0.0660995 0.071411 0.0763644 0.0808595 0.0848081 0.0881357 0.0907827 0.0927043 0.0938692 0.0942595 0.0938692 0.0927043 0.0907827 0.0881357 0.0848081 0.0808595 0.0763644 0.071411 0.0660995 0.0605386 0.054842 0.049123 0.0434906 0.0380445 0.0328715 0.0280428 0.0236123 0.0196157 0.0160712 0.0129806 0.0103315 0.00809978 0.00625231 0.00474988 0.00354995 0.00260907 0.00188499 0.00133823 0.000933282 0.00063917 0.000429756 0.00028361 0.000183664 0.000116693 7.27304e-05 4.44616e-05 2.66567e-05 1.56729e-05 9.03634e-06 5.10883e-06 2.83227e-06 1.5397e-06 8.2081e-07 4.29133e-07 2.2009e-07 1.10849e-07 5.50864e-08 2.75925e-08 1.51951e-08 
1.91394e-08 2.48618e-08 4.4944e-08 8.93395e-08 1.79036e-07 3.54023e-07 6.87428e-07 1.30935e-06 2.44564e-06 4.47922e-06 8.04393e-06 1.41639e-05 2.44541e-05 4.13983e-05 6.87226e-05 0.000111875 0.000178618 0.000279726 0.000429756 0.000647848 0.000958474 0.00139204 0.00198524 0.00278095 0.00382778 0.00517883 0.00689 0.00901756 0.0116153 0.0147309 0.0184028 0.0226563 0.0275002 0.0329239 0.0388957 0.0453614 0.0522441 0.0594464 0.066852 0.0743307 0.0817425 0.0889438 0.0957928 0.102155 0.107909 0.112949 0.117185 0.120548 0.122985 0.124462 0.124956 0.124462 0.122985 0.120548 0.117185 0.112949 0.107909 0.102155 0.0957928 0.0889438 0.0817425 0.0743307 0.066852 0.0594464 0.0522441 0.0453614 0.0388957 0.0329239 0.0275002 0.0226563 0.0184028 0.0147309 0.0116153 0.00901756 0.00689 0.00517883 0.00382778 0.00278095 0.00198524 0.00139204 0.000958474 0.000647848 0.000429756 0.000279726 0.000178618 0.000111875 6.87226e-05 4.13983e-05 2.44541e-05 1.41639e-05 8.04393e-06 4.47922e-06 2.44564e-06 1.30935e-06 6.87428e-07 3.54023e-07 1.79036e-07 8.93395e-08 4.4944e-08 2.48618e-08 
3.08456e-08 3.99698e-08 7.19301e-08 1.42359e-07 2.84099e-07 5.59455e-07 1.0818e-06 2.05175e-06 3.81577e-06 6.95788e-06 1.24392e-05 2.18032e-05 3.74683e-05 6.31301e-05 0.000104293 0.000168949 0.000268397 0.000418192 0.00063917 0.000958474 0.00141047 0.00203738 0.00288956 0.00402513 0.00550893 0.00741068 0.00980234 0.0127546 0.016333 0.0205934 0.0255774 0.0313081 0.0377863 0.0449876 0.0528603 0.0613252 0.0702759 0.0795822 0.089093 0.0986424 0.108056 0.117156 0.125772 0.133743 0.140925 0.147195 0.152452 0.156616 0.159629 0.161451 0.162061 0.161451 0.159629 0.156616 0.152452 0.147195 0.140925 0.133743 0.125772 0.117156 0.108056 0.0986424 0.089093 0.0795822 0.0702759 0.0613252 0.0528603 0.0449876 0.0377863 0.0313081 0.0255774 0.0205934 0.016333 0.0127546 0.00980234 0.00741068 0.00550893 0.00402513 0.00288956 0.00203738 0.00141047 0.000958474 0.00063917 0.000418192 0.000268397 0.000168949 0.000104293 6.31301e-05 3.74683e-05 2.18032e-05 1.24392e-05 6.95788e-06 3.81577e-06 2.05175e-06 1.0818e-06 5.59455e-07 2.84099e-07 1.42359e-07 7.19301e-08 3.99698e-08 
4.88522e-08 6.31478e-08 1.13128e-07 2.22911e-07 4.42992e-07 8.68719e-07 1.67273e-06 3.15893e-06 5.84917e-06 1.06181e-05 1.88967e-05 3.29684e-05 5.63883e-05 9.45517e-05 0.000155439 0.000250548 0.00039601 0.000613843 0.000933282 0.00139204 0.00203738 0.00292672 0.00412765 0.00571712 0.00777964 0.0104044 0.0136814 0.0176967 0.0225272 0.0282347 0.0348605 0.0424208 0.0509021 0.0602588 0.070412 0.0812496 0.0926289 0.10438 0.116312 0.12822 0.139891 0.151114 0.161689 0.171428 0.18017 0.187776 0.194134 0.199159 0.202789 0.204982 0.205715 0.204982 0.202789 0.199159 0.194134 0.187776 0.18017 0.171428 0.161689 0.151114 0.139891 0.12822 0.116312 0.10438 0.0926289 0.0812496 0.070412 0.0602588 0.0509021 0.0424208 0.0348605 0.0282347 0.0225272 0.0176967 0.0136814 0.0104044 0.00777964 0.00571712 0.00412765 0.00292672 0.00203738 0.00139204 0.000933282 0.000613843 0.00039601 0.000250548 0.000155439 9.45517e-05 5.63883e-05 3.29684e-05 1.88967e-05 1.06181e-05 5.84917e-06 3.15893e-06 1.67273e-06 8.68719e-07 4.42992e-07 2.22911e-07 1.13128e-07 6.31478e-08 
7.6042e-08 9.80544e-08 1.74868e-07 3.4305e-07 6.78873e-07 1.32572e-06 2.54186e-06 4.77952e-06 8.81087e-06 1.59226e-05 2.82065e-05 4.89803e-05 8.33744e-05 0.000139121 0.000227574 0.000364967 0.000573888 0.000884907 0.00133823 0.00198524 0.00288956 0.00412765 0.00578828 0.00797102 0.0107833 0.0143363 0.0187394 0.0240936 0.0304852 0.0379782 0.0466083 0.0563775 0.06725 0.0791504 0.0919634 0.105536 0.119682 0.134186 0.148813 0.163316 0.177444 0.190955 0.203618 0.215227 0.225603 0.234598 0.242094 0.248004 0.252264 0.254835 0.255694 0.254835 0.252264 0.248004 0.242094 0.234598 0.225603 0.215227 0.203618 0.190955 0.177444 0.163316 0.148813 0.134186 0.119682 0.105536 0.0919634 0.0791504 0.06725 0.0563775 0.0466083 0.0379782 0.0304852 0.0240936 0.0187394 0.0143363 0.0107833 0.00797102 0.00578828 0.00412765 0.00288956 0.00198524 0.00133823 0.000884907 0.000573888 0.000364967 0.000227574 0.000139121 8.33744e-05 4.89803e-05 2.82065e-05 1.59226e-05 8.81087e-06 4.77952e-06 2.54186e-06 1.32572e-06 6.78873e-07 3.4305e-07 1.74868e-07 9.80544e-08 
1.16346e-07 1.49662e-07 2.65701e-07 5.18948e-07 1.02264e-06 1.98865e-06 3.79671e-06 7.10803e-06 1.30452e-05 2.34677e-05 4.13799e-05 7.15157e-05 0.000121146 0.000201152 0.00032739 0.000522357 0.000817089 0.00125322 0.00188499 0.00278095 0.00402513 0.00571712 0.00797102 0.0109127 0.0146755 0.0193941 0.0251972 0.0321993 0.0404919 0.0501354 0.061152 0.0735203 0.0871724 0.101993 0.11782 0.134452 0.151652 0.169155 0.18668 0.203936 0.220639 0.236515 0.251313 0.264813 0.276824 0.287197 0.295812 0.302585 0.307459 0.310396 0.311377 0.310396 0.307459 0.302585 0.295812 0.287197 0.276824 0.264813 0.251313 0.236515 0.220639 0.203936 0.18668 0.169155 0.151652 0.134452 0.11782 0.101993 0.0871724 0.0735203 0.061152 0.0501354 0.0404919 0.0321993 0.0251972 0.0193941 0.0146755 0.0109127 0.00797102 0.00571712 0.00402513 0.00278095 0.00188499 0.00125322 0.000817089 0.000522357 0.00032739 0.000201152 0.000121146 7.15157e-05 4.13799e-05 2.34677e-05 1.30452e-05 7.10803e-06 3.79671e-06 1.98865e-06 1.02264e-06 5.18948e-07 2.65701e-07 1.49662e-07 
1.74996e-07 2.24566e-07 3.96895e-07 7.71789e-07 1.5145e-06 2.93279e-06 5.57542e-06 1.03926e-05 1.89884e-05 3.40036e-05 5.9678e-05 0.000102648 0.000173037 0.000285883 0.000462935 0.000734797 0.00114333 0.00174417 0.00260907 0.00382778 0.00550893 0.00777964 0.0107833 0.0146755 0.0196173 0.0257677 0.0332729 0.042257 0.0528105 0.0649818 0.0787697 0.0941181 0.110915 0.128994 0.148139 0.168089 0.188551 0.209209 0.229735 0.2498 0.269089 0.287305 0.304186 0.319502 0.333065 0.344728 0.354381 0.361948 0.367381 0.37065 0.371741 0.37065 0.367381 0.361948 0.354381 0.344728 0.333065 0.319502 0.304186 0.287305 0.269089 0.2498 0.229735 0.209209 0.188551 0.168089 0.148139 0.128994 0.110915 0.0941181 0.0787697 0.0649818 0.0528105 0.042257 0.0332729 0.0257677 0.0196173 0.0146755 0.0107833 0.00777964 0.00550893 0.00382778 0.00260907 0.00174417 0.00114333 0.000734797 0.000462935 0.000285883 0.000173037 0.000102648 5.9678e-05 3.40036e-05 1.89884e-05 1.03926e-05 5.57542e-06 2.93279e-06 1.5145e-06 7.71789e-07 3.96895e-07 2.24566e-07 
2.58775e-07 3.31293e-07 5.82928e-07 1.12861e-06 2.20544e-06 4.25299e-06 8.05089e-06 1.49418e-05 2.71787e-05 4.84484e-05 8.4632e-05 0.000144874 0.000243022 0.000399499 0.000643609 0.00101624 0.00157283 0.00238635 0.00354995 0.00517883 0.00741068 0.0104044 0.0143363 0.0193941 0.0257677 0.0336386 0.0431675 0.0544813 0.0676612 0.0827326 0.0996584 0.118335 0.138594 0.160207 0.182891 0.206324 0.230153 0.254008 0.27752 0.300328 0.322093 0.342509 0.361308 0.378267 0.393208 0.405998 0.416544 0.424786 0.430689 0.434235 0.435418 0.434235 0.430689 0.424786 0.416544 0.405998 0.393208 0.378267 0.361308 0.342509 0.322093 0.300328 0.27752 0.254008 0.230153 0.206324 0.182891 0.160207 0.138594 0.118335 0.0996584 0.0827326 0.0676612 0.0544813 0.0431675 0.0336386 0.0257677 0.0193941 0.0143363 0.0104044 0.00741068 0.00517883 0.00354995 0.00238635 0.00157283 0.00101624 0.000643609 0.000399499 0.000243022 0.000144874 8.4632e-05 4.84484e-05 2.71787e-05 1.49418e-05 8.05089e-06 4.25299e-06 2.20544e-06 1.12861e-06 5.82928e-07 3.31293e-07 
3.76252e-07 4.80572e-07 8.419e-07 1.62299e-06 3.15842e-06 6.06555e-06 1.14337e-05 2.11285e-05 3.82619e-05 6.78949e-05 0.000118049 0.00020111 0.000335703 0.000549085 0.000880056 0.00138229 0.0021279 0.00321086 0.00474988 0.00689 0.00980234 0.0136814 0.0187394 0.0251972 0.0332729 0.0431675 0.0550496 0.0690403 0.0852001 0.103519 0.123908 0.146205 0.17017 0.195502 0.221846 0.248811 0.275985 0.302951 0.329302 0.354655 0.378662 0.401017 0.421463 0.439795 0.455856 0.469539 0.480775 0.489526 0.495778 0.499528 0.500777 0.499528 0.495778 0.489526 0.480775 0.469539 0.455856 0.439795 0.421463 0.401017 0.378662 0.354655 0.329302 0.302951 0.275985 0.248811 0.221846 0.195502 0.17017 0.146205 0.123908 0.103519 0.0852001 0.0690403 0.0550496 0.0431675 0.0332729 0.0251972 0.0187394 0.0136814 0.00980234 0.00689 0.00474988 0.00321086 0.0021279 0.00138229 0.000880056 0.000549085 0.000335703 0.00020111 0.000118049 6.78949e-05 3.82619e-05 2.11285e-05 1.14337e-05 6.06555e-06 3.15842e-06 1.62299e-06 8.419e-07 4.80572e-07 
5.37938e-07 6.85527e-07 1.19581e-06 2.29548e-06 4.44891e-06 8.50904e-06 1.5973e-05 2.93906e-05 5.29901e-05 9.36051e-05 0.000161996 0.000274663 0.00045624 0.000742497 0.00118394 0.00184981 0.0028323 0.00425029 0.00625231 0.00901756 0.0127546 0.0176967 0.0240936 0.0321993 0.042257 0.0544813 0.0690403 0.0860381 0.105501 0.127367 0.151484 0.177612 0.205431 0.234558 0.264559 0.294975 0.325339 0.355192 0.384102 0.411677 0.437573 0.461499 0.483225 0.502575 0.519429 0.533712 0.545389 0.554451 0.560907 0.564772 0.566058 0.564772 0.560907 0.554451 0.545389 0.533712 0.519429 0.502575 0.483225 0.461499 0.437573 0.411677 0.384102 0.355192 0.325339 0.294975 0.264559 0.234558 0.205431 0.177612 0.151484 0.127367 0.105501 0.0860381 0.0690403 0.0544813 0.042257 0.0321993 0.0240936 0.0176967 0.0127546 0.00901756 0.00625231 0.00425029 0.0028323 0.00184981 0.00118394 0.000742497 0.00045624 0.000274663 0.000161996 9.36051e-05 5.29901e-05 2.93906e-05 1.5973e-05 8.50904e-06 4.44891e-06 2.29548e-06 1.19581e-06 6.85527e-07 
7.56337e-07 9.61714e-07 1.67055e-06 3.1935e-06 6.16462e-06 1.17433e-05 2.19541e-05 4.02257e-05 7.2211e-05 0.000126989 0.00021876 0.000369154 0.000610218 0.000988132 0.00156755 0.00243633 0.00371028 0.00553726 0.00809978 0.0116153 0.016333 0.0225272 0.0304852 0.0404919 0.0528105 0.0676612 0.0852001 0.105501 0.128539 0.154187 0.182212 0.212285 0.243994 0.276867 0.310393 0.344046 0.377309 0.409696 0.440763 0.470123 0.497454 0.522497 0.545061 0.565016 0.582286 0.596839 0.608679 0.617832 0.624334 0.628218 0.62951 0.628218 0.624334 0.617832 0.608679 0.596839 0.582286 0.565016 0.545061 0.522497 0.497454 0.470123 0.440763 0.409696 0.377309 0.344046 0.310393 0.276867 0.243994 0.212285 0.182212 0.154187 0.128539 0.105501 0.0852001 0.0676612 0.0528105 0.0404919 0.0304852 0.0225272 0.016333 0.0116153 0.00809978 0.00553726 0.00371028 0.00243633 0.00156755 0.000988132 0.000610218 0.000369154 0.00021876 0.000126989 7.2211e-05 4.02257e-05 2.19541e-05 1.17433e-05 6.16462e-06 3.1935e-06 1.67055e-06 9.61714e-07 
1.04582e-06 1.32695e-06 2.29559e-06 4.3706e-06 8.4039e-06 1.59463e-05 2.9692e-05 5.41791e-05 9.68452e-05 0.000169562 0.000290777 0.000488391 0.000803442 0.00129459 0.00204328 0.00315917 0.0047854 0.00710269 0.0103315 0.0147309 0.0205934 0.0282347 0.0379782 0.0501354 0.0649818 0.0827326 0.103519 0.127367 0.154187 0.183769 0.215784 0.249803 0.285317 0.321761 0.358548 0.395094 0.430846 0.465301 0.498022 0.528646 0.556886 0.582534 0.605452 0.625566 0.642853 0.657333 0.669052 0.678073 0.684459 0.688267 0.689532 0.688267 0.684459 0.678073 0.669052 0.657333 0.642853 0.625566 0.605452 0.582534 0.556886 0.528646 0.498022 0.465301 0.430846 0.395094 0.358548 0.321761 0.285317 0.249803 0.215784 0.183769 0.154187 0.127367 0.103519 0.0827326 0.0649818 0.0501354 0.0379782 0.0282347 0.0205934 0.0147309 0.0103315 0.00710269 0.0047854 0.00315917 0.00204328 0.00129459 0.000803442 0.000488391 0.000290777 0.000169562 9.68452e-05 5.41791e-05 2.9692e-05 1.59463e-05 8.4039e-06 4.3706e-06 2.29559e-06 1.32695e-06 
1.42227e-06 1.80086e-06 3.10314e-06 5.88491e-06 1.12727e-05 2.13081e-05 3.95209e-05 7.18233e-05 0.00012785 0.000222884 0.00038052 0.000636195 0.00104164 0.00167024 0.00262295 0.00403452 0.00607901 0.00897376 0.0129806 0.0184028 0.0255774 0.0348605 0.0466083 0.061152 0.0787697 0.0996584 0.123908 0.151484 0.182212 0.215784 0.251765 0.289617 0.328727 0.368444 0.408111 0.447096 0.484826 0.5208 0.554604 0.585916 0.614505 0.640225 0.663004 0.682831 0.699745 0.713819 0.725146 0.733824 0.739947 0.743588 0.744796 0.743588 0.739947 0.733824 0.725146 0.713819 0.699745 0.682831 0.663004 0.640225 0.614505 0.585916 0.554604 0.5208 0.484826 0.447096 0.408111 0.368444 0.328727 0.289617 0.251765 0.215784 0.182212 0.151484 0.123908 0.0996584 0.0787697 0.061152 0.0466083 0.0348605 0.0255774 0.0184028 0.0129806 0.00897376 0.00607901 0.00403452 0.00262295 0.00167024 0.00104164 0.000636195 0.00038052 0.000222884 0.00012785 7.18233e-05 3.95209e-05 2.13081e-05 1.12727e-05 5.88491e-06 3.10314e-06 1.80086e-06 
1.90246e-06 2.40409e-06 4.12683e-06 7.79655e-06 1.48796e-05 2.80223e-05 5.17769e-05 9.37286e-05 0.000166167 0.00028847 0.00049036 0.000816165 0.00133013 0.00212263 0.00331699 0.0050762 0.00760869 0.0111717 0.0160712 0.0226563 0.0313081 0.0424208 0.0563775 0.0735203 0.0941181 0.118335 0.146205 0.177612 0.212285 0.249803 0.289617 0.331074 0.373462 0.416047 0.458113 0.499001 0.53813 0.575023 0.609306 0.640719 0.669098 0.694372 0.716542 0.73567 0.751855 0.765227 0.775923 0.784077 0.789806 0.793205 0.794331 0.793205 0.789806 0.784077 0.775923 0.765227 0.751855 0.73567 0.716542 0.694372 0.669098 0.640719 0.609306 0.575023 0.53813 0.499001 0.458113 0.416047 0.373462 0.331074 0.289617 0.249803 0.212285 0.177612 0.146205 0.118335 0.0941181 0.0735203 0.0563775 0.0424208 0.0313081 0.0226563 0.0160712 0.0111717 0.00760869 0.0050762 0.00331699 0.00212263 0.00133013 0.000816165 0.00049036 0.00028847 0.000166167 9.37286e-05 5.17769e-05 2.80223e-05 1.48796e-05 7.79655e-06 4.12683e-06 2.40409e-06 
2.50314e-06 3.15714e-06 5.39971e-06 1.01641e-05 1.93295e-05 3.6273e-05 6.67768e-05 0.000120425 0.000212661 0.000367686 0.000622389 0.00103141 0.00167335 0.00265792 0.00413352 0.00629444 0.00938651 0.0137097 0.0196157 0.0275002 0.0377863 0.0509021 0.06725 0.0871724 0.110915 0.138594 0.17017 0.205431 0.243994 0.285317 0.328727 0.373462 0.418713 0.463677 0.507595 0.549795 0.589713 0.626912 0.66108 0.692028 0.719676 0.744034 0.765183 0.783256 0.798416 0.810843 0.820716 0.828201 0.833439 0.836537 0.837562 0.836537 0.833439 0.828201 0.820716 0.810843 0.798416 0.783256 0.765183 0.744034 0.719676 0.692028 0.66108 0.626912 0.589713 0.549795 0.507595 0.463677 0.418713 0.373462 0.328727 0.285317 0.243994 0.205431 0.17017 0.138594 0.110915 0.0871724 0.06725 0.0509021 0.0377863 0.0275002 0.0196157 0.0137097 0.00938651 0.00629444 0.00413352 0.00265792 0.00167335 0.00103141 0.000622389 0.000367686 0.000212661 0.000120425 6.67768e-05 3.6273e-05 1.93295e-05 1.01641e-05 5.39971e-06 3.15714e-06 
3.23975e-06 4.07882e-06 6.95179e-06 1.304e-05 2.47147e-05 4.62205e-05 8.47915e-05 0.000152358 0.000268038 0.000461621 0.000778227 0.00128424 0.00207447 0.00328018 0.00507744 0.00769456 0.0114174 0.0165904 0.0236123 0.0329239 0.0449876 0.0602588 0.0791504 0.101993 0.128994 0.160207 0.195502 0.234558 0.276867 0.321761 0.368444 0.416047 0.463677 0.510474 0.555659 0.598566 0.638667 0.675585 0.709084 0.739061 0.765525 0.788573 0.808366 0.825105 0.839014 0.85032 0.859236 0.865955 0.870635 0.873394 0.874305 0.873394 0.870635 0.865955 0.859236 0.85032 0.839014 0.825105 0.808366 0.788573 0.765525 0.739061 0.709084 0.675585 0.638667 0.598566 0.555659 0.510474 0.463677 0.416047 0.368444 0.321761 0.276867 0.234558 0.195502 0.160207 0.128994 0.101993 0.0791504 0.0602588 0.0449876 0.0329239 0.0236123 0.0165904 0.0114174 0.00769456 0.00507744 0.00328018 0.00207447 0.00128424 0.000778227 0.000461621 0.000268038 0.000152358 8.47915e-05 4.62205e-05 2.47147e-05 1.304e-05 6.95179e-06 4.07882e-06 
4.12504e-06 5.1845e-06 8.80705e-06 1.64651e-05 3.11058e-05 5.7984e-05 0.000106016 0.000189835 0.000332767 0.000570955 0.000958806 0.00157585 0.00253485 0.00399073 0.00614952 0.00927584 0.0136975 0.0198047 0.0280428 0.0388957 0.0528603 0.070412 0.0919634 0.11782 0.148139 0.182891 0.221846 0.264559 0.310393 0.358548 0.408111 0.458113 0.507595 0.555659 0.601522 0.644548 0.684266 0.720372 0.75272 0.781302 0.80622 0.827656 0.845849 0.861065 0.873579 0.883656 0.89154 0.897442 0.901531 0.903933 0.904725 0.903933 0.901531 0.897442 0.89154 0.883656 0.873579 0.861065 0.845849 0.827656 0.80622 0.781302 0.75272 0.720372 0.684266 0.644548 0.601522 0.555659 0.507595 0.458113 0.408111 0.358548 0.310393 0.264559 0.221846 0.182891 0.148139 0.11782 0.0919634 0.070412 0.0528603 0.0388957 0.0280428 0.0198047 0.0136975 0.00927584 0.00614952 0.00399073 0.00253485 0.00157585 0.000958806 0.000570955 0.000332767 0.000189835 0.000106016 5.7984e-05 3.11058e-05 1.64651e-05 8.80705e-06 5.1845e-06 
5.16735e-06 6.48404e-06 1.09802e-05 2.04635e-05 3.85415e-05 7.16236e-05 0.000130539 0.000232977 0.000406994 0.000695826 0.00116417 0.00190601 0.00305367 0.00478757 0.00734559 0.0110305 0.0162131 0.02333 0.0328715 0.0453614 0.0613252 0.0812496 0.105536 0.134452 0.168089 0.206324 0.248811 0.294975 0.344046 0.395094 0.447096 0.499001 0.549795 0.598566 0.644548 0.687156 0.725989 0.760834 0.791643 0.818505 0.841614 0.861238 0.877683 0.891274 0.902327 0.911138 0.917971 0.923048 0.926545 0.928592 0.929266 0.928592 0.926545 0.923048 0.917971 0.911138 0.902327 0.891274 0.877683 0.861238 0.841614 0.818505 0.791643 0.760834 0.725989 0.687156 0.644548 0.598566 0.549795 0.499001 0.447096 0.395094 0.344046 0.294975 0.248811 0.206324 0.168089 0.134452 0.105536 0.0812496 0.0613252 0.0453614 0.0328715 0.02333 0.0162131 0.0110305 0.00734559 0.00478757 0.00305367 0.00190601 0.00116417 0.000695826 0.000406994 0.000232977 0.000130539 7.16236e-05 3.85415e-05 2.04635e-05 1.09802e-05 6.48404e-06 
