8.51001e-24 1.90497e-23 7.48145e-23 2.99022e-22 1.16342e-21 4.39466e-21 1.61106e-20 5.73063e-20 1.97749e-19 6.61865e-19 2.14834e-18 6.76183e-18 2.06353e-17 6.10546e-17 1.75138e-16 4.87084e-16 1.31346e-15 3.43444e-15 8.70923e-15 2.14216e-14 5.11147e-14 1.18341e-13 2.65884e-13 5.79804e-13 1.22732e-12 2.52211e-12 5.0318e-12 9.74654e-12 1.83291e-11 3.34639e-11 5.93105e-11 1.02038e-10 1.70378e-10 2.76066e-10 4.33984e-10 6.61745e-10 9.78472e-10 1.40258e-09 1.94859e-09 2.62333e-09 3.4223e-09 4.32709e-09 5.30513e-09 6.31214e-09 7.29725e-09 8.20962e-09 9.00475e-09 9.64877e-09 1.01197e-08 1.04055e-08 1.05012e-08 1.04055e-08 1.01197e-08 9.64877e-09 9.00475e-09 8.20962e-09 7.29725e-09 6.31214e-09 5.30513e-09 4.32709e-09 3.4223e-09 2.62333e-09 1.94859e-09 1.40258e-09 9.78472e-10 6.61745e-10 4.33984e-10 2.76066e-10 1.70378e-10 1.02038e-10 5.93105e-11 3.34639e-11 1.83291e-11 9.74654e-12 5.0318e-12 2.52211e-12 1.22732e-12 5.79804e-13 2.65884e-13 1.18341e-13 5.11147e-14 2.14216e-14 8.70923e-15 3.43444e-15 1.31346e-15 4.87084e-16 1.75138e-16 6.10546e-17 2.06353e-17 6.76183e-18 2.14834e-18 6.61865e-19 1.97749e-19 5.73063e-20 1.61106e-20 4.39466e-21 1.16342e-21 2.99022e-22 7.48145e-23 1.90497e-23 
1.90497e-23 4.24209e-23 1.65555e-22 6.57883e-22 2.54515e-21 9.55972e-21 3.48485e-20 1.23262e-19 4.22957e-19 1.40767e-18 4.54332e-18 1.42185e-17 4.31422e-17 1.26907e-16 3.61905e-16 1.00054e-15 2.68183e-15 6.96984e-15 1.75658e-14 4.29373e-14 1.01813e-13 2.34235e-13 5.22957e-13 1.13324e-12 2.38388e-12 4.86862e-12 9.65442e-12 1.85895e-11 3.47565e-11 6.30994e-11 1.11228e-10 1.90357e-10 3.16259e-10 5.10001e-10 7.98131e-10 1.21187e-09 1.78488e-09 2.54928e-09 3.53007e-09 4.73843e-09 6.16542e-09 7.77766e-09 9.51694e-09 1.13047e-08 1.30512e-08 1.4667e-08 1.60739e-08 1.72126e-08 1.80448e-08 1.85498e-08 1.87189e-08 1.85498e-08 1.80448e-08 1.72126e-08 1.60739e-08 1.4667e-08 1.30512e-08 1.13047e-08 9.51694e-09 7.77766e-09 6.16542e-09 4.73843e-09 3.53007e-09 2.54928e-09 1.78488e-09 1.21187e-09 7.98131e-10 5.10001e-10 3.16259e-10 1.90357e-10 1.11228e-10 6.30994e-11 3.47565e-11 1.85895e-11 9.65442e-12 4.86862e-12 2.38388e-12 1.13324e-12 5.22957e-13 2.34235e-13 1.01813e-13 4.29373e-14 1.75658e-14 6.96984e-15 2.68183e-15 1.00054e-15 3.61905e-16 1.26907e-16 4.31422e-17 1.42185e-17 4.54332e-18 1.40767e-18 4.22957e-19 1.23262e-19 3.48485e-20 9.55972e-21 2.54515e-21 6.57883e-22 1.65555e-22 4.24209e-23 
7.48145e-23 1.65555e-22 6.41194e-22 2.53014e-21 9.72081e-21 3.62608e-20 1.31275e-19 4.61136e-19 1.5714e-18 5.19357e-18 1.66453e-17 5.17246e-17 1.55824e-16 4.55055e-16 1.28817e-15 3.53478e-15 9.40268e-15 2.42484e-14 6.06334e-14 1.47033e-13 3.45837e-13 7.89185e-13 1.74754e-12 3.75586e-12 7.83622e-12 1.58741e-11 3.12254e-11 5.96493e-11 1.10663e-10 1.9939e-10 3.48902e-10 5.92897e-10 9.78351e-10 1.56747e-09 2.43796e-09 3.68036e-09 5.39131e-09 7.66193e-09 1.05615e-08 1.41188e-08 1.83039e-08 2.30169e-08 2.8087e-08 3.32861e-08 3.83551e-08 4.30371e-08 4.71088e-08 5.04014e-08 5.28061e-08 5.42646e-08 5.47528e-08 5.42646e-08 5.28061e-08 5.04014e-08 4.71088e-08 4.30371e-08 3.83551e-08 3.32861e-08 2.8087e-08 2.30169e-08 1.83039e-08 1.41188e-08 1.05615e-08 7.66193e-09 5.39131e-09 3.68036e-09 2.43796e-09 1.56747e-09 9.78351e-10 5.92897e-10 3.48902e-10 1.9939e-10 1.10663e-10 5.96493e-11 3.12254e-11 1.58741e-11 7.83622e-12 3.75586e-12 1.74754e-12 7.89185e-13 3.45837e-13 1.47033e-13 6.06334e-14 2.42484e-14 9.40268e-15 3.53478e-15 1.28817e-15 4.55055e-16 1.55824e-16 5.17246e-17 1.66453e-17 5.19357e-18 1.5714e-18 4.61136e-19 1.31275e-19 3.62608e-20 9.72081e-21 2.53014e-21 6.41194e-22 1.65555e-22 
2.99022e-22 6.57883e-22 2.53014e-21 9.91967e-21 3.78698e-20 1.4037e-19 5.04975e-19 1.76265e-18 5.9685e-18 1.96007e-17 6.2417e-17 1.92703e-16 5.76727e-16 1.67305e-15 4.70414e-15 1.28198e-14 3.38634e-14 8.67093e-14 2.15251e-13 5.18136e-13 1.20963e-12 2.7395e-12 6.02011e-12 1.28397e-11 2.65841e-11 5.34427e-11 1.04334e-10 1.97828e-10 3.64345e-10 6.51807e-10 1.13269e-09 1.91198e-09 3.13478e-09 4.99165e-09 7.71861e-09 1.15883e-08 1.68889e-08 2.38885e-08 3.2787e-08 4.36597e-08 5.64054e-08 7.07138e-08 8.60648e-08 1.01771e-07 1.17054e-07 1.31149e-07 1.43392e-07 1.53282e-07 1.60501e-07 1.64877e-07 1.66342e-07 1.64877e-07 1.60501e-07 1.53282e-07 1.43392e-07 1.31149e-07 1.17054e-07 1.01771e-07 8.60648e-08 7.07138e-08 5.64054e-08 4.36597e-08 3.2787e-08 2.38885e-08 1.68889e-08 1.15883e-08 7.71861e-09 4.99165e-09 3.13478e-09 1.91198e-09 1.13269e-09 6.51807e-10 3.64345e-10 1.97828e-10 1.04334e-10 5.34427e-11 2.65841e-11 1.28397e-11 6.02011e-12 2.7395e-12 1.20963e-12 5.18136e-13 2.15251e-13 8.67093e-14 3.38634e-14 1.28198e-14 4.70414e-15 1.67305e-15 5.76727e-16 1.92703e-16 6.2417e-17 1.96007e-17 5.9685e-18 1.76265e-18 5.04975e-19 1.4037e-19 3.78698e-20 9.91967e-21 2.53014e-21 6.57883e-22 
1.16342e-21 2.54515e-21 9.72081e-21 3.78698e-20 1.4367e-19 5.29225e-19 1.89203e-18 6.5632e-18 2.2085e-17 7.20729e-17 2.28062e-16 6.99616e-16 2.08032e-15 5.99538e-15 1.67452e-14 4.53255e-14 1.18901e-13 3.02313e-13 7.45097e-13 1.78045e-12 4.12577e-12 9.27348e-12 2.02236e-11 4.28027e-11 8.79409e-11 1.75436e-10 3.39895e-10 6.39643e-10 1.16937e-09 2.07692e-09 3.58395e-09 6.00873e-09 9.78742e-09 1.54879e-08 2.38072e-08 3.55435e-08 5.15313e-08 7.25373e-08 9.91186e-08 1.31462e-07 1.69238e-07 2.11509e-07 2.56733e-07 3.02892e-07 3.47723e-07 3.89e-07 4.24805e-07 4.53704e-07 4.7478e-07 4.87553e-07 4.91826e-07 4.87553e-07 4.7478e-07 4.53704e-07 4.24805e-07 3.89e-07 3.47723e-07 3.02892e-07 2.56733e-07 2.11509e-07 1.69238e-07 1.31462e-07 9.91186e-08 7.25373e-08 5.15313e-08 3.55435e-08 2.38072e-08 1.54879e-08 9.78742e-09 6.00873e-09 3.58395e-09 2.07692e-09 1.16937e-09 6.39643e-10 3.39895e-10 1.75436e-10 8.79409e-11 4.28027e-11 2.02236e-11 9.27348e-12 4.12577e-12 1.78045e-12 7.45097e-13 3.02313e-13 1.18901e-13 4.53255e-14 1.67452e-14 5.99538e-15 2.08032e-15 6.99616e-16 2.28062e-16 7.20729e-17 2.2085e-17 6.5632e-18 1.89203e-18 5.29225e-19 1.4367e-19 3.78698e-20 9.72081e-21 2.54515e-21 
4.39466e-21 9.55972e-21 3.62608e-20 1.4037e-19 5.29225e-19 1.93737e-18 6.8834e-18 2.37296e-17 7.93531e-17 2.57346e-16 8.09197e-16 2.46656e-15 7.28713e-15 2.08639e-14 5.78862e-14 1.55624e-13 4.05427e-13 1.02355e-12 2.50454e-12 5.94078e-12 1.36632e-11 3.04771e-11 6.59518e-11 1.38498e-10 2.82325e-10 5.58811e-10 1.07423e-09 2.006e-09 3.63948e-09 6.41613e-09 1.09918e-08 1.82994e-08 2.96063e-08 4.65474e-08 7.11113e-08 1.05552e-07 1.52201e-07 2.13168e-07 2.89945e-07 3.82959e-07 4.91175e-07 6.11854e-07 7.40587e-07 8.71654e-07 9.9868e-07 1.11543e-06 1.21658e-06 1.29812e-06 1.35754e-06 1.39354e-06 1.40557e-06 1.39354e-06 1.35754e-06 1.29812e-06 1.21658e-06 1.11543e-06 9.9868e-07 8.71654e-07 7.40587e-07 6.11854e-07 4.91175e-07 3.82959e-07 2.89945e-07 2.13168e-07 1.52201e-07 1.05552e-07 7.11113e-08 4.65474e-08 2.96063e-08 1.82994e-08 1.09918e-08 6.41613e-09 3.63948e-09 2.006e-09 1.07423e-09 5.58811e-10 2.82325e-10 1.38498e-10 6.59518e-11 3.04771e-11 1.36632e-11 5.94078e-12 2.50454e-12 1.02355e-12 4.05427e-13 1.55624e-13 5.78862e-14 2.08639e-14 7.28713e-15 2.46656e-15 8.09197e-16 2.57346e-16 7.93531e-17 2.37296e-17 6.8834e-18 1.93737e-18 5.29225e-19 1.4037e-19 3.62608e-20 9.55972e-21 
1.61106e-20 3.48485e-20 1.31275e-19 5.04975e-19 1.89203e-18 6.8834e-18 2.43052e-17 8.32702e-17 2.7673e-16 8.91846e-16 2.78667e-15 8.44019e-15 2.47749e-14 7.04699e-14 1.94216e-13 5.18598e-13 1.34167e-12 3.36325e-12 8.16993e-12 1.92355e-11 4.39052e-11 9.7179e-11 2.08645e-10 4.34675e-10 8.78992e-10 1.72585e-09 3.29115e-09 6.09711e-09 1.09754e-08 1.92004e-08 3.26469e-08 5.39571e-08 8.6685e-08 1.35372e-07 2.05488e-07 3.03168e-07 4.34681e-07 6.05607e-07 8.19763e-07 1.07802e-06 1.37726e-06 1.70977e-06 2.06336e-06 2.4224e-06 2.7696e-06 3.08814e-06 3.36367e-06 3.58555e-06 3.74711e-06 3.84491e-06 3.87762e-06 3.84491e-06 3.74711e-06 3.58555e-06 3.36367e-06 3.08814e-06 2.7696e-06 2.4224e-06 2.06336e-06 1.70977e-06 1.37726e-06 1.07802e-06 8.19763e-07 6.05607e-07 4.34681e-07 3.03168e-07 2.05488e-07 1.35372e-07 8.6685e-08 5.39571e-08 3.26469e-08 1.92004e-08 1.09754e-08 6.09711e-09 3.29115e-09 1.72585e-09 8.78992e-10 4.34675e-10 2.08645e-10 9.7179e-11 4.39052e-11 1.92355e-11 8.16993e-12 3.36325e-12 1.34167e-12 5.18598e-13 1.94216e-13 7.04699e-14 2.47749e-14 8.44019e-15 2.78667e-15 8.91846e-16 2.7673e-16 8.32702e-17 2.43052e-17 6.8834e-18 1.89203e-18 5.04975e-19 1.31275e-19 3.48485e-20 
5.73063e-20 1.23262e-19 4.61136e-19 1.76265e-18 6.5632e-18 2.37296e-17 8.32702e-17 2.83518e-16 9.3635e-16 2.9988e-15 9.31103e-15 2.80215e-14 8.17225e-14 2.3093e-13 6.322e-13 1.67663e-12 4.30746e-12 1.07209e-11 2.5853e-11 6.04141e-11 1.36841e-10 3.00514e-10 6.4007e-10 1.32269e-09 2.65286e-09 5.16593e-09 9.77028e-09 1.79522e-08 3.20548e-08 5.56314e-08 9.38571e-08 1.53952e-07 2.45531e-07 3.80753e-07 5.7411e-07 8.41671e-07 1.19964e-06 1.66217e-06 2.23859e-06 2.93035e-06 3.72841e-06 4.61182e-06 5.54814e-06 6.49621e-06 7.41081e-06 8.24826e-06 8.97148e-06 9.55317e-06 9.97632e-06 1.02323e-05 1.03179e-05 1.02323e-05 9.97632e-06 9.55317e-06 8.97148e-06 8.24826e-06 7.41081e-06 6.49621e-06 5.54814e-06 4.61182e-06 3.72841e-06 2.93035e-06 2.23859e-06 1.66217e-06 1.19964e-06 8.41671e-07 5.7411e-07 3.80753e-07 2.45531e-07 1.53952e-07 9.38571e-08 5.56314e-08 3.20548e-08 1.79522e-08 9.77028e-09 5.16593e-09 2.65286e-09 1.32269e-09 6.4007e-10 3.00514e-10 1.36841e-10 6.04141e-11 2.5853e-11 1.07209e-11 4.30746e-12 1.67663e-12 6.322e-13 2.3093e-13 8.17225e-14 2.80215e-14 9.31103e-15 2.9988e-15 9.3635e-16 2.83518e-16 8.32702e-17 2.37296e-17 6.5632e-18 1.76265e-18 4.61136e-19 1.23262e-19 
1.97749e-19 4.22957e-19 1.5714e-18 5.9685e-18 2.2085e-17 7.93531e-17 2.7673e-16 9.3635e-16 3.07312e-15 9.78038e-15 3.01754e-14 9.02327e-14 2.61454e-13 7.33957e-13 1.99586e-12 5.25695e-12 1.34114e-11 3.31406e-11 7.933e-11 1.83983e-10 4.13507e-10 9.00903e-10 1.90332e-09 3.90076e-09 7.7582e-09 1.49803e-08 2.80927e-08 5.11833e-08 9.06275e-08 1.5599e-07 2.61055e-07 4.24845e-07 6.72423e-07 1.03514e-06 1.54994e-06 2.25728e-06 3.19735e-06 4.40456e-06 5.90051e-06 7.68661e-06 9.73773e-06 1.1999e-05 1.43873e-05 1.67982e-05 1.91181e-05 2.12378e-05 2.30652e-05 2.45331e-05 2.55998e-05 2.62447e-05 2.64602e-05 2.62447e-05 2.55998e-05 2.45331e-05 2.30652e-05 2.12378e-05 1.91181e-05 1.67982e-05 1.43873e-05 1.1999e-05 9.73773e-06 7.68661e-06 5.90051e-06 4.40456e-06 3.19735e-06 2.25728e-06 1.54994e-06 1.03514e-06 6.72423e-07 4.24845e-07 2.61055e-07 1.5599e-07 9.06275e-08 5.11833e-08 2.80927e-08 1.49803e-08 7.7582e-09 3.90076e-09 1.90332e-09 9.00903e-10 4.13507e-10 1.83983e-10 7.933e-11 3.31406e-11 1.34114e-11 5.25695e-12 1.99586e-12 7.33957e-13 2.61454e-13 9.02327e-14 3.01754e-14 9.78038e-15 3.07312e-15 9.3635e-16 2.7673e-16 7.93531e-17 2.2085e-17 5.9685e-18 1.5714e-18 4.22957e-19 
6.61865e-19 1.40767e-18 5.19357e-18 1.96007e-17 7.20729e-17 2.57346e-16 8.91846e-16 2.9988e-15 9.78038e-15 3.09304e-14 9.48232e-14 2.81728e-13 8.11014e-13 2.26165e-12 6.10875e-12 1.59795e-11 4.04798e-11 9.93075e-11 2.35956e-10 5.43067e-10 1.21101e-09 2.61723e-09 5.4839e-09 1.11446e-08 2.19762e-08 4.20672e-08 7.82031e-08 1.41243e-07 2.47931e-07 4.23104e-07 7.0215e-07 1.13336e-06 1.77962e-06 2.71871e-06 4.04111e-06 5.84461e-06 8.2248e-06 1.12615e-05 1.5002e-05 1.94437e-05 2.45196e-05 3.00915e-05 3.59542e-05 4.18534e-05 4.75143e-05 5.26748e-05 5.71156e-05 6.06774e-05 6.3263e-05 6.48252e-05 6.5347e-05 6.48252e-05 6.3263e-05 6.06774e-05 5.71156e-05 5.26748e-05 4.75143e-05 4.18534e-05 3.59542e-05 3.00915e-05 2.45196e-05 1.94437e-05 1.5002e-05 1.12615e-05 8.2248e-06 5.84461e-06 4.04111e-06 2.71871e-06 1.77962e-06 1.13336e-06 7.0215e-07 4.23104e-07 2.47931e-07 1.41243e-07 7.82031e-08 4.20672e-08 2.19762e-08 1.11446e-08 5.4839e-09 2.61723e-09 1.21101e-09 5.43067e-10 2.35956e-10 9.93075e-11 4.04798e-11 1.59795e-11 6.10875e-12 2.26165e-12 8.11014e-13 2.81728e-13 9.48232e-14 3.09304e-14 9.78038e-15 2.9988e-15 8.91846e-16 2.57346e-16 7.20729e-17 1.96007e-17 5.19357e-18 1.40767e-18 
2.14834e-18 4.54332e-18 1.66453e-17 6.2417e-17 2.28062e-16 8.09197e-16 2.78667e-15 9.31103e-15 3.01754e-14 9.48232e-14 2.88838e-13 8.52613e-13 2.43836e-12 6.75456e-12 1.81206e-11 4.70728e-11 1.18402e-10 2.88359e-10 6.80026e-10 1.55309e-09 3.43589e-09 7.3652e-09 1.53034e-08 3.08341e-08 6.02715e-08 1.14351e-07 2.10679e-07 3.77096e-07 6.56018e-07 1.10962e-06 1.8254e-06 2.92135e-06 4.54927e-06 6.89446e-06 1.01697e-05 1.46016e-05 2.04075e-05 2.77638e-05 3.67675e-05 4.73975e-05 5.94822e-05 7.26866e-05 8.65244e-05 0.0001004 0.000113676 0.000125749 0.000136117 0.00014442 0.00015044 0.000154075 0.000155288 0.000154075 0.00015044 0.00014442 0.000136117 0.000125749 0.000113676 0.0001004 8.65244e-05 7.26866e-05 5.94822e-05 4.73975e-05 3.67675e-05 2.77638e-05 2.04075e-05 1.46016e-05 1.01697e-05 6.89446e-06 4.54927e-06 2.92135e-06 1.8254e-06 1.10962e-06 6.56018e-07 3.77096e-07 2.10679e-07 1.14351e-07 6.02715e-08 3.08341e-08 1.53034e-08 7.3652e-09 3.43589e-09 1.55309e-09 6.80026e-10 2.88359e-10 1.18402e-10 4.70728e-11 1.81206e-11 6.75456e-12 2.43836e-12 8.52613e-13 2.88838e-13 9.48232e-14 3.01754e-14 9.31103e-15 2.78667e-15 8.09197e-16 2.28062e-16 6.2417e-17 1.66453e-17 4.54332e-18 
6.76183e-18 1.42185e-17 5.17246e-17 1.92703e-16 6.99616e-16 2.46656e-15 8.44019e-15 2.80215e-14 9.02327e-14 2.81728e-13 8.52613e-13 2.50037e-12 7.10345e-12 1.95454e-11 5.20765e-11 1.34338e-10 3.35484e-10 8.11055e-10 1.89825e-09 4.30167e-09 9.44036e-09 2.00694e-08 4.13461e-08 8.25801e-08 1.59981e-07 3.0077e-07 5.49042e-07 9.73648e-07 1.67815e-06 2.81243e-06 4.58475e-06 7.2723e-06 1.1227e-05 1.68727e-05 2.46889e-05 3.5178e-05 4.88116e-05 6.596e-05 8.68074e-05 0.000111269 0.000138924 0.000168992 0.000200367 0.000231711 0.000261606 0.000288719 0.000311954 0.000330528 0.000343978 0.000352092 0.0003548 0.000352092 0.000343978 0.000330528 0.000311954 0.000288719 0.000261606 0.000231711 0.000200367 0.000168992 0.000138924 0.000111269 8.68074e-05 6.596e-05 4.88116e-05 3.5178e-05 2.46889e-05 1.68727e-05 1.1227e-05 7.2723e-06 4.58475e-06 2.81243e-06 1.67815e-06 9.73648e-07 5.49042e-07 3.0077e-07 1.59981e-07 8.25801e-08 4.13461e-08 2.00694e-08 9.44036e-09 4.30167e-09 1.89825e-09 8.11055e-10 3.35484e-10 1.34338e-10 5.20765e-11 1.95454e-11 7.10345e-12 2.50037e-12 8.52613e-13 2.81728e-13 9.02327e-14 2.80215e-14 8.44019e-15 2.46656e-15 6.99616e-16 1.92703e-16 5.17246e-17 1.42185e-17 
2.06353e-17 4.31422e-17 1.55824e-16 5.76727e-16 2.08032e-15 7.28713e-15 2.47749e-14 8.17225e-14 2.61454e-13 8.11014e-13 2.43836e-12 7.10345e-12 2.00456e-11 5.47817e-11 1.44951e-10 3.71281e-10 9.20511e-10 2.2089e-09 5.13045e-09 1.15348e-08 2.51089e-08 5.29327e-08 1.08109e-07 2.14007e-07 4.10817e-07 7.6517e-07 1.38359e-06 2.43019e-06 4.14855e-06 6.88634e-06 1.11202e-05 1.74755e-05 2.67354e-05 3.98285e-05 5.77895e-05 8.16814e-05 0.000112479 0.000150916 0.00019731 0.000251388 0.000312164 0.000377897 0.000446168 0.000514099 0.000578666 0.000637059 0.000686981 0.000726816 0.000755622 0.000772981 0.000778773 0.000772981 0.000755622 0.000726816 0.000686981 0.000637059 0.000578666 0.000514099 0.000446168 0.000377897 0.000312164 0.000251388 0.00019731 0.000150916 0.000112479 8.16814e-05 5.77895e-05 3.98285e-05 2.67354e-05 1.74755e-05 1.11202e-05 6.88634e-06 4.14855e-06 2.43019e-06 1.38359e-06 7.6517e-07 4.10817e-07 2.14007e-07 1.08109e-07 5.29327e-08 2.51089e-08 1.15348e-08 5.13045e-09 2.2089e-09 9.20511e-10 3.71281e-10 1.44951e-10 5.47817e-11 2.00456e-11 7.10345e-12 2.43836e-12 8.11014e-13 2.61454e-13 8.17225e-14 2.47749e-14 7.28713e-15 2.08032e-15 5.76727e-16 1.55824e-16 4.31422e-17 
6.10546e-17 1.26907e-16 4.55055e-16 1.67305e-15 5.99538e-15 2.08639e-14 7.04699e-14 2.3093e-13 7.33957e-13 2.26165e-12 6.75456e-12 1.95454e-11 5.47817e-11 1.48679e-10 3.90645e-10 9.93457e-10 2.44505e-09 5.82322e-09 1.34207e-08 2.99338e-08 6.4624e-08 1.35079e-07 2.73463e-07 5.36442e-07 1.0202e-06 1.8821e-06 3.37021e-06 5.86139e-06 9.90692e-06 1.62824e-05 2.60353e-05 4.052e-05 6.14055e-05 9.06402e-05 0.000130355 0.000182695 0.000249571 0.000332347 0.000431493 0.000546252 0.000674407 0.000812228 0.000954658 0.00109577 0.00122939 0.00134987 0.0014526 0.00153441 0.00159348 0.00162904 0.0016409 0.00162904 0.00159348 0.00153441 0.0014526 0.00134987 0.00122939 0.00109577 0.000954658 0.000812228 0.000674407 0.000546252 0.000431493 0.000332347 0.000249571 0.000182695 0.000130355 9.06402e-05 6.14055e-05 4.052e-05 2.60353e-05 1.62824e-05 9.90692e-06 5.86139e-06 3.37021e-06 1.8821e-06 1.0202e-06 5.36442e-07 2.73463e-07 1.35079e-07 6.4624e-08 2.99338e-08 1.34207e-08 5.82322e-09 2.44505e-09 9.93457e-10 3.90645e-10 1.48679e-10 5.47817e-11 1.95454e-11 6.75456e-12 2.26165e-12 7.33957e-13 2.3093e-13 7.04699e-14 2.08639e-14 5.99538e-15 1.67305e-15 4.55055e-16 1.26907e-16 
1.75138e-16 3.61905e-16 1.28817e-15 4.70414e-15 1.67452e-14 5.78862e-14 1.94216e-13 6.322e-13 1.99586e-12 6.10875e-12 1.81206e-11 5.20765e-11 1.44951e-10 3.90645e-10 1.01909e-09 2.57285e-09 6.28515e-09 1.4855e-08 3.39681e-08 7.51514e-08 1.60892e-07 3.33402e-07 6.68947e-07 1.30017e-06 2.4492e-06 4.47432e-06 7.9322e-06 1.36559e-05 2.28453e-05 3.71624e-05 5.88163e-05 9.06171e-05 0.00013597 0.000198778 0.000283227 0.000393427 0.000532918 0.000704058 0.000907368 0.00114093 0.00139997 0.00167686 0.00196148 0.00224213 0.00250684 0.0027447 0.00294697 0.00310768 0.00322354 0.00329321 0.00331643 0.00329321 0.00322354 0.00310768 0.00294697 0.0027447 0.00250684 0.00224213 0.00196148 0.00167686 0.00139997 0.00114093 0.000907368 0.000704058 0.000532918 0.000393427 0.000283227 0.000198778 0.00013597 9.06171e-05 5.88163e-05 3.71624e-05 2.28453e-05 1.36559e-05 7.9322e-06 4.47432e-06 2.4492e-06 1.30017e-06 6.68947e-07 3.33402e-07 1.60892e-07 7.51514e-08 3.39681e-08 1.4855e-08 6.28515e-09 2.57285e-09 1.01909e-09 3.90645e-10 1.44951e-10 5.20765e-11 1.81206e-11 6.10875e-12 1.99586e-12 6.322e-13 1.94216e-13 5.78862e-14 1.67452e-14 4.70414e-15 1.28817e-15 3.61905e-16 
4.87084e-16 1.00054e-15 3.53478e-15 1.28198e-14 4.53255e-14 1.55624e-13 5.18598e-13 1.67663e-12 5.25695e-12 1.59795e-11 4.70728e-11 1.34338e-10 3.71281e-10 9.93457e-10 2.57285e-09 6.44751e-09 1.56315e-08 3.6659e-08 8.31592e-08 1.82474e-07 3.8735e-07 7.95642e-07 1.58193e-06 3.04584e-06 5.68207e-06 1.02769e-05 1.8033e-05 3.07219e-05 5.08532e-05 8.18449e-05 0.000128163 0.000195386 0.000290151 0.000419914 0.000592491 0.000815342 0.00109462 0.00143406 0.00183378 0.00228928 0.00279079 0.00332332 0.00386754 0.00440147 0.00490289 0.0053518 0.0057324 0.00603408 0.00625117 0.00638155 0.00642498 0.00638155 0.00625117 0.00603408 0.0057324 0.0053518 0.00490289 0.00440147 0.00386754 0.00332332 0.00279079 0.00228928 0.00183378 0.00143406 0.00109462 0.000815342 0.000592491 0.000419914 0.000290151 0.000195386 0.000128163 8.18449e-05 5.08532e-05 3.07219e-05 1.8033e-05 1.02769e-05 5.68207e-06 3.04584e-06 1.58193e-06 7.95642e-07 3.8735e-07 1.82474e-07 8.31592e-08 3.6659e-08 1.56315e-08 6.44751e-09 2.57285e-09 9.93457e-10 3.71281e-10 1.34338e-10 4.70728e-11 1.59795e-11 5.25695e-12 1.67663e-12 5.18598e-13 1.55624e-13 4.53255e-14 1.28198e-14 3.53478e-15 1.00054e-15 
1.31346e-15 2.68183e-15 9.40268e-15 3.38634e-14 1.18901e-13 4.05427e-13 1.34167e-12 4.30746e-12 1.34114e-11 4.04798e-11 1.18402e-10 3.35484e-10 9.20511e-10 2.44505e-09 6.28515e-09 1.56315e-08 3.7605e-08 8.74951e-08 1.9687e-07 4.2838e-07 9.0152e-07 1.83529e-06 3.61537e-06 6.89454e-06 1.27349e-05 2.27985e-05 3.95862e-05 6.6719e-05 0.000109237 0.000173879 0.000269286 0.000406046 0.000596491 0.000854169 0.00119291 0.00162548 0.00216186 0.00280724 0.00356013 0.00441067 0.00533975 0.00631933 0.00731412 0.00828478 0.00919205 0.0100011 0.0106847 0.0112252 0.0116134 0.0118462 0.0119237 0.0118462 0.0116134 0.0112252 0.0106847 0.0100011 0.00919205 0.00828478 0.00731412 0.00631933 0.00533975 0.00441067 0.00356013 0.00280724 0.00216186 0.00162548 0.00119291 0.000854169 0.000596491 0.000406046 0.000269286 0.000173879 0.000109237 6.6719e-05 3.95862e-05 2.27985e-05 1.27349e-05 6.89454e-06 3.61537e-06 1.83529e-06 9.0152e-07 4.2838e-07 1.9687e-07 8.74951e-08 3.7605e-08 1.56315e-08 6.28515e-09 2.44505e-09 9.20511e-10 3.35484e-10 1.18402e-10 4.04798e-11 1.34114e-11 4.30746e-12 1.34167e-12 4.05427e-13 1.18901e-13 3.38634e-14 9.40268e-15 2.68183e-15 
3.43444e-15 6.96984e-15 2.42484e-14 8.67093e-14 3.02313e-13 1.02355e-12 3.36325e-12 1.07209e-11 3.31406e-11 9.93075e-11 2.88359e-10 8.11055e-10 2.2089e-09 5.82322e-09 1.4855e-08 3.6659e-08 8.74951e-08 2.01931e-07 4.50596e-07 9.72131e-07 2.02788e-06 4.09084e-06 7.98296e-06 1.50755e-05 2.75657e-05 4.88356e-05 8.38873e-05 0.000139831 0.000226376 0.00035625 0.000545434 0.000813092 0.00118103 0.0016726 0.00231092 0.00311641 0.00410392 0.00527943 0.00663702 0.00815645 0.00980213 0.011524 0.0132607 0.0149452 0.0165117 0.0179025 0.0190736 0.0199968 0.0206583 0.0210546 0.0211864 0.0210546 0.0206583 0.0199968 0.0190736 0.0179025 0.0165117 0.0149452 0.0132607 0.011524 0.00980213 0.00815645 0.00663702 0.00527943 0.00410392 0.00311641 0.00231092 0.0016726 0.00118103 0.000813092 0.000545434 0.00035625 0.000226376 0.000139831 8.38873e-05 4.88356e-05 2.75657e-05 1.50755e-05 7.98296e-06 4.09084e-06 2.02788e-06 9.72131e-07 4.50596e-07 2.01931e-07 8.74951e-08 3.6659e-08 1.4855e-08 5.82322e-09 2.2089e-09 8.11055e-10 2.88359e-10 9.93075e-11 3.31406e-11 1.07209e-11 3.36325e-12 1.02355e-12 3.02313e-13 8.67093e-14 2.42484e-14 6.96984e-15 
8.70923e-15 1.75658e-14 6.06334e-14 2.15251e-13 7.45097e-13 2.50454e-12 8.16993e-12 2.5853e-11 7.933e-11 2.35956e-10 6.80026e-10 1.89825e-09 5.13045e-09 1.34207e-08 3.39681e-08 8.31592e-08 1.9687e-07 4.50596e-07 9.96954e-07 2.13213e-06 4.40778e-06 8.80952e-06 1.70265e-05 3.1835e-05 5.7613e-05 0.000100983 0.000171563 0.000282755 0.000452487 0.000703752 0.00106477 0.00156855 0.0022517 0.00315222 0.00430638 0.00574453 0.00748644 0.00953626 0.0118782 0.0144731 0.017258 0.0201477 0.0230409 0.0258291 0.0284074 0.0306857 0.0325967 0.0340984 0.0351721 0.0358141 0.0360275 0.0358141 0.0351721 0.0340984 0.0325967 0.0306857 0.0284074 0.0258291 0.0230409 0.0201477 0.017258 0.0144731 0.0118782 0.00953626 0.00748644 0.00574453 0.00430638 0.00315222 0.0022517 0.00156855 0.00106477 0.000703752 0.000452487 0.000282755 0.000171563 0.000100983 5.7613e-05 3.1835e-05 1.70265e-05 8.80952e-06 4.40778e-06 2.13213e-06 9.96954e-07 4.50596e-07 1.9687e-07 8.31592e-08 3.39681e-08 1.34207e-08 5.13045e-09 1.89825e-09 6.80026e-10 2.35956e-10 7.933e-11 2.5853e-11 8.16993e-12 2.50454e-12 7.45097e-13 2.15251e-13 6.06334e-14 1.75658e-14 
2.14216e-14 4.29373e-14 1.47033e-13 5.18136e-13 1.78045e-12 5.94078e-12 1.92355e-11 6.04141e-11 1.83983e-10 5.43067e-10 1.55309e-09 4.30167e-09 1.15348e-08 2.99338e-08 7.51514e-08 1.82474e-07 4.2838e-07 9.72131e-07 2.13213e-06 4.51917e-06 9.25675e-06 1.83257e-05 3.50724e-05 6.49127e-05 0.000116244 0.000201542 0.000338568 0.000551562 0.00087222 0.00134022 0.00200304 0.0029147 0.00413327 0.00571693 0.00771864 0.0101796 0.013122 0.0165421 0.0204047 0.0246386 0.0291376 0.0337643 0.0383597 0.0427571 0.0467989 0.0503521 0.0533196 0.0556437 0.0573009 0.0582902 0.0586187 0.0582902 0.0573009 0.0556437 0.0533196 0.0503521 0.0467989 0.0427571 0.0383597 0.0337643 0.0291376 0.0246386 0.0204047 0.0165421 0.013122 0.0101796 0.00771864 0.00571693 0.00413327 0.0029147 0.00200304 0.00134022 0.00087222 0.000551562 0.000338568 0.000201542 0.000116244 6.49127e-05 3.50724e-05 1.83257e-05 9.25675e-06 4.51917e-06 2.13213e-06 9.72131e-07 4.2838e-07 1.82474e-07 7.51514e-08 2.99338e-08 1.15348e-08 4.30167e-09 1.55309e-09 5.43067e-10 1.83983e-10 6.04141e-11 1.92355e-11 5.94078e-12 1.78045e-12 5.18136e-13 1.47033e-13 4.29373e-14 
5.11147e-14 1.01813e-13 3.45837e-13 1.20963e-12 4.12577e-12 1.36632e-11 4.39052e-11 1.36841e-10 4.13507e-10 1.21101e-09 3.43589e-09 9.44036e-09 2.51089e-08 6.4624e-08 1.60892e-07 3.8735e-07 9.0152e-07 2.02788e-06 4.40778e-06 9.25675e-06 1.87822e-05 3.68227e-05 6.97676e-05 0.000127792 0.000226399 0.000388181 0.00064464 0.00103779 0.00162125 0.00246035 0.00363099 0.00521687 0.0073047 0.00997759 0.0133066 0.0173411 0.0220988 0.0275568 0.0336444 0.0402404 0.0471749 0.0542372 0.061191 0.0677945 0.0738238 0.0790945 0.0834757 0.0868942 0.0893249 0.0907732 0.0912536 0.0907732 0.0893249 0.0868942 0.0834757 0.0790945 0.0738238 0.0677945 0.061191 0.0542372 0.0471749 0.0402404 0.0336444 0.0275568 0.0220988 0.0173411 0.0133066 0.00997759 0.0073047 0.00521687 0.00363099 0.00246035 0.00162125 0.00103779 0.00064464 0.000388181 0.000226399 0.000127792 6.97676e-05 3.68227e-05 1.87822e-05 9.25675e-06 4.40778e-06 2.02788e-06 9.0152e-07 3.8735e-07 1.60892e-07 6.4624e-08 2.51089e-08 9.44036e-09 3.43589e-09 1.21101e-09 4.13507e-10 1.36841e-10 4.39052e-11 1.36632e-11 4.12577e-12 1.20963e-12 3.45837e-13 1.01813e-13 
1.18341e-13 2.34235e-13 7.89185e-13 2.7395e-12 9.27348e-12 3.04771e-11 9.7179e-11 3.00514e-10 9.00903e-10 2.61723e-09 7.3652e-09 2.00694e-08 5.29327e-08 1.35079e-07 3.33402e-07 7.95642e-07 1.83529e-06 4.09084e-06 8.80952e-06 1.83257e-05 3.68227e-05 7.14722e-05 0.000134028 0.0002429 0.00042562 0.000721513 0.00118419 0.00188344 0.00290587 0.00435392 0.00634271 0.0089944 0.01243 0.0167591 0.0220671 0.0284027 0.0357647 0.044092 0.0532569 0.063064 0.073256 0.0835273 0.0935457 0.102981 0.111533 0.118963 0.125108 0.129883 0.133268 0.13528 0.135947 0.13528 0.133268 0.129883 0.125108 0.118963 0.111533 0.102981 0.0935457 0.0835273 0.073256 0.063064 0.0532569 0.044092 0.0357647 0.0284027 0.0220671 0.0167591 0.01243 0.0089944 0.00634271 0.00435392 0.00290587 0.00188344 0.00118419 0.000721513 0.00042562 0.0002429 0.000134028 7.14722e-05 3.68227e-05 1.83257e-05 8.80952e-06 4.09084e-06 1.83529e-06 7.95642e-07 3.33402e-07 1.35079e-07 5.29327e-08 2.00694e-08 7.3652e-09 2.61723e-09 9.00903e-10 3.00514e-10 9.7179e-11 3.04771e-11 9.27348e-12 2.7395e-12 7.89185e-13 2.34235e-13 
2.65884e-13 5.22957e-13 1.74754e-12 6.02011e-12 2.02236e-11 6.59518e-11 2.08645e-10 6.4007e-10 1.90332e-09 5.4839e-09 1.53034e-08 4.13461e-08 1.08109e-07 2.73463e-07 6.68947e-07 1.58193e-06 3.61537e-06 7.98296e-06 1.70265e-05 3.50724e-05 6.97676e-05 0.000134028 0.000248688 0.000445807 0.000772422 0.00129428 0.00209893 0.00329723 0.00502276 0.00742813 0.0106782 0.0149401 0.0203701 0.0270983 0.0352123 0.0447412 0.0556412 0.067786 0.0809624 0.0948739 0.109152 0.123379 0.137115 0.149933 0.161461 0.171409 0.17959 0.185919 0.19039 0.193042 0.19392 0.193042 0.19039 0.185919 0.17959 0.171409 0.161461 0.149933 0.137115 0.123379 0.109152 0.0948739 0.0809624 0.067786 0.0556412 0.0447412 0.0352123 0.0270983 0.0203701 0.0149401 0.0106782 0.00742813 0.00502276 0.00329723 0.00209893 0.00129428 0.000772422 0.000445807 0.000248688 0.000134028 6.97676e-05 3.50724e-05 1.70265e-05 7.98296e-06 3.61537e-06 1.58193e-06 6.68947e-07 2.73463e-07 1.08109e-07 4.13461e-08 1.53034e-08 5.4839e-09 1.90332e-09 6.4007e-10 2.08645e-10 6.59518e-11 2.02236e-11 6.02011e-12 1.74754e-12 5.22957e-13 
5.79804e-13 1.13324e-12 3.75586e-12 1.28397e-11 4.28027e-11 1.38498e-10 4.34675e-10 1.32269e-09 3.90076e-09 1.11446e-08 3.08341e-08 8.25801e-08 2.14007e-07 5.36442e-07 1.30017e-06 3.04584e-06 6.89454e-06 1.50755e-05 3.1835e-05 6.49127e-05 0.000127792 0.0002429 0.000445807 0.000790261 0.00135353 0.0022412 0.00359024 0.00556917 0.00837415 0.0122206 0.0173306 0.023916 0.0321598 0.0421956 0.054088 0.0678155 0.0832574 0.100188 0.118276 0.1371 0.156163 0.174924 0.192837 0.20939 0.224149 0.236792 0.247126 0.25508 0.260679 0.263991 0.265086 0.263991 0.260679 0.25508 0.247126 0.236792 0.224149 0.20939 0.192837 0.174924 0.156163 0.1371 0.118276 0.100188 0.0832574 0.0678155 0.054088 0.0421956 0.0321598 0.023916 0.0173306 0.0122206 0.00837415 0.00556917 0.00359024 0.0022412 0.00135353 0.000790261 0.000445807 0.0002429 0.000127792 6.49127e-05 3.1835e-05 1.50755e-05 6.89454e-06 3.04584e-06 1.30017e-06 5.36442e-07 2.14007e-07 8.25801e-08 3.08341e-08 1.11446e-08 3.90076e-09 1.32269e-09 4.34675e-10 1.38498e-10 4.28027e-11 1.28397e-11 3.75586e-12 1.13324e-12 
1.22732e-12 2.38388e-12 7.83622e-12 2.65841e-11 8.79409e-11 2.82325e-10 8.78992e-10 2.65286e-09 7.7582e-09 2.19762e-08 6.02715e-08 1.59981e-07 4.10817e-07 1.0202e-06 2.4492e-06 5.68207e-06 1.27349e-05 2.75657e-05 5.7613e-05 0.000116244 0.000226399 0.00042562 0.000772422 0.00135353 0.00229098 0.00374753 0.00592856 0.00907864 0.0134717 0.0193947 0.0271263 0.036912 0.0489383 0.0633092 0.0800262 0.098973 0.119909 0.142471 0.166184 0.190481 0.214732 0.238285 0.260503 0.280815 0.298757 0.314003 0.326381 0.335857 0.342499 0.346419 0.347713 0.346419 0.342499 0.335857 0.326381 0.314003 0.298757 0.280815 0.260503 0.238285 0.214732 0.190481 0.166184 0.142471 0.119909 0.098973 0.0800262 0.0633092 0.0489383 0.036912 0.0271263 0.0193947 0.0134717 0.00907864 0.00592856 0.00374753 0.00229098 0.00135353 0.000772422 0.00042562 0.000226399 0.000116244 5.7613e-05 2.75657e-05 1.27349e-05 5.68207e-06 2.4492e-06 1.0202e-06 4.10817e-07 1.59981e-07 6.02715e-08 2.19762e-08 7.7582e-09 2.65286e-09 8.78992e-10 2.82325e-10 8.79409e-11 2.65841e-11 7.83622e-12 2.38388e-12 
2.52211e-12 4.86862e-12 1.58741e-11 5.34427e-11 1.75436e-10 5.58811e-10 1.72585e-09 5.16593e-09 1.49803e-08 4.20672e-08 1.14351e-07 3.0077e-07 7.6517e-07 1.8821e-06 4.47432e-06 1.02769e-05 2.27985e-05 4.88356e-05 0.000100983 0.000201542 0.000388181 0.000721513 0.00129428 0.0022412 0.00374753 0.00605409 0.00945564 0.0142907 0.0209219 0.029708 0.0409707 0.0549605 0.0718266 0.0915921 0.114139 0.139204 0.166381 0.195134 0.224827 0.254748 0.284152 0.312301 0.338511 0.362195 0.382902 0.400344 0.414401 0.425099 0.432563 0.436954 0.438402 0.436954 0.432563 0.425099 0.414401 0.400344 0.382902 0.362195 0.338511 0.312301 0.284152 0.254748 0.224827 0.195134 0.166381 0.139204 0.114139 0.0915921 0.0718266 0.0549605 0.0409707 0.029708 0.0209219 0.0142907 0.00945564 0.00605409 0.00374753 0.0022412 0.00129428 0.000721513 0.000388181 0.000201542 0.000100983 4.88356e-05 2.27985e-05 1.02769e-05 4.47432e-06 1.8821e-06 7.6517e-07 3.0077e-07 1.14351e-07 4.20672e-08 1.49803e-08 5.16593e-09 1.72585e-09 5.58811e-10 1.75436e-10 5.34427e-11 1.58741e-11 4.86862e-12 
5.0318e-12 9.65442e-12 3.12254e-11 1.04334e-10 3.39895e-10 1.07423e-09 3.29115e-09 9.77028e-09 2.80927e-08 7.82031e-08 2.10679e-07 5.49042e-07 1.38359e-06 3.37021e-06 7.9322e-06 1.8033e-05 3.95862e-05 8.38873e-05 0.000171563 0.000338568 0.00064464 0.00118419 0.00209893 0.00359024 0.00592856 0.00945564 0.0145762 0.0217362 0.031389 0.043951 0.0597554 0.0790096 0.101763 0.127891 0.157091 0.188893 0.222688 0.257751 0.293284 0.328455 0.362445 0.394483 0.423895 0.450139 0.47283 0.49176 0.506895 0.518338 0.526283 0.530942 0.532474 0.530942 0.526283 0.518338 0.506895 0.49176 0.47283 0.450139 0.423895 0.394483 0.362445 0.328455 0.293284 0.257751 0.222688 0.188893 0.157091 0.127891 0.101763 0.0790096 0.0597554 0.043951 0.031389 0.0217362 0.0145762 0.00945564 0.00592856 0.00359024 0.00209893 0.00118419 0.00064464 0.000338568 0.000171563 8.38873e-05 3.95862e-05 1.8033e-05 7.9322e-06 3.37021e-06 1.38359e-06 5.49042e-07 2.10679e-07 7.82031e-08 2.80927e-08 9.77028e-09 3.29115e-09 1.07423e-09 3.39895e-10 1.04334e-10 3.12254e-11 9.65442e-12 
9.74654e-12 1.85895e-11 5.96493e-11 1.97828e-10 6.39643e-10 2.006e-09 6.09711e-09 1.79522e-08 5.11833e-08 1.41243e-07 3.77096e-07 9.73648e-07 2.43019e-06 5.86139e-06 1.36559e-05 3.07219e-05 6.6719e-05 0.000139831 0.000282755 0.000551562 0.00103779 0.00188344 0.00329723 0.00556917 0.00907864 0.0142907 0.0217362 0.0319732 0.045533 0.0628573 0.0842376 0.109768 0.139322 0.172545 0.208884 0.24762 0.287914 0.328859 0.369526 0.409017 0.446498 0.481243 0.512656 0.540302 0.563918 0.583416 0.598867 0.610466 0.618477 0.623156 0.624693 0.623156 0.618477 0.610466 0.598867 0.583416 0.563918 0.540302 0.512656 0.481243 0.446498 0.409017 0.369526 0.328859 0.287914 0.24762 0.208884 0.172545 0.139322 0.109768 0.0842376 0.0628573 0.045533 0.0319732 0.0217362 0.0142907 0.00907864 0.00556917 0.00329723 0.00188344 0.00103779 0.000551562 0.000282755 0.000139831 6.6719e-05 3.07219e-05 1.36559e-05 5.86139e-06 2.43019e-06 9.73648e-07 3.77096e-07 1.41243e-07 5.11833e-08 1.79522e-08 6.09711e-09 2.006e-09 6.39643e-10 1.97828e-10 5.96493e-11 1.85895e-11 
1.83291e-11 3.47565e-11 1.10663e-10 3.64345e-10 1.16937e-09 3.63948e-09 1.09754e-08 3.20548e-08 9.06275e-08 2.47931e-07 6.56018e-07 1.67815e-06 4.14855e-06 9.90692e-06 2.28453e-05 5.08532e-05 0.000109237 0.000226376 0.000452487 0.00087222 0.00162125 0.00290587 0.00502276 0.00837415 0.0134717 0.0209219 0.031389 0.045533 0.0639319 0.0869983 0.114908 0.147556 0.184548 0.22523 0.26874 0.314082 0.360198 0.406034 0.450594 0.492987 0.532452 0.568381 0.600334 0.62804 0.651397 0.670463 0.685427 0.696574 0.704226 0.708678 0.710137 0.708678 0.704226 0.696574 0.685427 0.670463 0.651397 0.62804 0.600334 0.568381 0.532452 0.492987 0.450594 0.406034 0.360198 0.314082 0.26874 0.22523 0.184548 0.147556 0.114908 0.0869983 0.0639319 0.045533 0.031389 0.0209219 0.0134717 0.00837415 0.00502276 0.00290587 0.00162125 0.00087222 0.000452487 0.000226376 0.000109237 5.08532e-05 2.28453e-05 9.90692e-06 4.14855e-06 1.67815e-06 6.56018e-07 2.47931e-07 9.06275e-08 3.20548e-08 1.09754e-08 3.63948e-09 1.16937e-09 3.64345e-10 1.10663e-10 3.47565e-11 
3.34639e-11 6.30994e-11 1.9939e-10 6.51807e-10 2.07692e-09 6.41613e-09 1.92004e-08 5.56314e-08 1.5599e-07 4.23104e-07 1.10962e-06 2.81243e-06 6.88634e-06 1.62824e-05 3.71624e-05 8.18449e-05 0.000173879 0.00035625 0.000703752 0.00134022 0.00246035 0.00435392 0.00742813 0.0122206 0.0193947 0.029708 0.043951 0.0628573 0.0869983 0.116682 0.151878 0.192188 0.236869 0.284899 0.335085 0.386162 0.436894 0.486151 0.532958 0.576522 0.616243 0.651711 0.682696 0.709133 0.731104 0.748816 0.762572 0.772733 0.779663 0.783677 0.784989 0.783677 0.779663 0.772733 0.762572 0.748816 0.731104 0.709133 0.682696 0.651711 0.616243 0.576522 0.532958 0.486151 0.436894 0.386162 0.335085 0.284899 0.236869 0.192188 0.151878 0.116682 0.0869983 0.0628573 0.043951 0.029708 0.0193947 0.0122206 0.00742813 0.00435392 0.00246035 0.00134022 0.000703752 0.00035625 0.000173879 8.18449e-05 3.71624e-05 1.62824e-05 6.88634e-06 2.81243e-06 1.10962e-06 4.23104e-07 1.5599e-07 5.56314e-08 1.92004e-08 6.41613e-09 2.07692e-09 6.51807e-10 1.9939e-10 6.30994e-11 
5.93105e-11 1.11228e-10 3.48902e-10 1.13269e-09 3.58395e-09 1.09918e-08 3.26469e-08 9.38571e-08 2.61055e-07 7.0215e-07 1.8254e-06 4.58475e-06 1.11202e-05 2.60353e-05 5.88163e-05 0.000128163 0.000269286 0.000545434 0.00106477 0.00200304 0.00363099 0.00634271 0.0106782 0.0173306 0.0271263 0.0409707 0.0597554 0.0842376 0.114908 0.151878 0.194814 0.242935 0.295083 0.349843 0.405695 0.461156 0.51489 0.56579 0.612999 0.655921 0.694193 0.727662 0.756342 0.780387 0.800063 0.815711 0.827726 0.836518 0.842472 0.845904 0.847023 0.845904 0.842472 0.836518 0.827726 0.815711 0.800063 0.780387 0.756342 0.727662 0.694193 0.655921 0.612999 0.56579 0.51489 0.461156 0.405695 0.349843 0.295083 0.242935 0.194814 0.151878 0.114908 0.0842376 0.0597554 0.0409707 0.0271263 0.0173306 0.0106782 0.00634271 0.00363099 0.00200304 0.00106477 0.000545434 0.000269286 0.000128163 5.88163e-05 2.60353e-05 1.11202e-05 4.58475e-06 1.8254e-06 7.0215e-07 2.61055e-07 9.38571e-08 3.26469e-08 1.09918e-08 3.58395e-09 1.13269e-09 3.48902e-10 1.11228e-10 
1.02038e-10 1.90357e-10 5.92897e-10 1.91198e-09 6.00873e-09 1.82994e-08 5.39571e-08 1.53952e-07 4.24845e-07 1.13336e-06 2.92135e-06 7.2723e-06 1.74755e-05 4.052e-05 9.06171e-05 0.000195386 0.000406046 0.000813092 0.00156855 0.0029147 0.00521687 0.0089944 0.0149401 0.023916 0.036912 0.0549605 0.0790096 0.109768 0.147556 0.192188 0.242935 0.298565 0.357474 0.417866 0.47795 0.536107 0.591012 0.641685 0.687493 0.728114 0.763481 0.79372 0.819098 0.839976 0.856772 0.869935 0.879916 0.887146 0.892003 0.894788 0.895694 0.894788 0.892003 0.887146 0.879916 0.869935 0.856772 0.839976 0.819098 0.79372 0.763481 0.728114 0.687493 0.641685 0.591012 0.536107 0.47795 0.417866 0.357474 0.298565 0.242935 0.192188 0.147556 0.109768 0.0790096 0.0549605 0.036912 0.023916 0.0149401 0.0089944 0.00521687 0.0029147 0.00156855 0.000813092 0.000406046 0.000195386 9.06171e-05 4.052e-05 1.74755e-05 7.2723e-06 2.92135e-06 1.13336e-06 4.24845e-07 1.53952e-07 5.39571e-08 1.82994e-08 6.00873e-09 1.91198e-09 5.92897e-10 1.90357e-10 
1.70378e-10 3.16259e-10 9.78351e-10 3.13478e-09 9.78742e-09 2.96063e-08 8.6685e-08 2.45531e-07 6.72423e-07 1.77962e-06 4.54927e-06 1.1227e-05 2.67354e-05 6.14055e-05 0.00013597 0.000290151 0.000596491 0.00118103 0.0022517 0.00413327 0.0073047 0.01243 0.0203701 0.0321598 0.0489383 0.0718266 0.101763 0.139322 0.184548 0.236869 0.295083 0.357474 0.422006 0.486557 0.54916 0.60818 0.662418 0.711132 0.753992 0.791003 0.822412 0.848624 0.870132 0.887466 0.901156 0.911714 0.91961 0.925266 0.929033 0.93118 0.931877 0.93118 0.929033 0.925266 0.91961 0.911714 0.901156 0.887466 0.870132 0.848624 0.822412 0.791003 0.753992 0.711132 0.662418 0.60818 0.54916 0.486557 0.422006 0.357474 0.295083 0.236869 0.184548 0.139322 0.101763 0.0718266 0.0489383 0.0321598 0.0203701 0.01243 0.0073047 0.00413327 0.0022517 0.00118103 0.000596491 0.000290151 0.00013597 6.14055e-05 2.67354e-05 1.1227e-05 4.54927e-06 1.77962e-06 6.72423e-07 2.45531e-07 8.6685e-08 2.96063e-08 9.78742e-09 3.13478e-09 9.78351e-10 3.16259e-10 
2.76066e-10 5.10001e-10 1.56747e-09 4.99165e-09 1.54879e-08 4.65474e-08 1.35372e-07 3.80753e-07 1.03514e-06 2.71871e-06 6.89446e-06 1.68727e-05 3.98285e-05 9.06402e-05 0.000198778 0.000419914 0.000854169 0.0016726 0.00315222 0.00571693 0.00997759 0.0167591 0.0270983 0.0421956 0.0633092 0.0915921 0.127891 0.172545 0.22523 0.284899 0.349843 0.417866 0.486557 0.553571 0.61689 0.674994 0.726923 0.772259 0.811027 0.843575 0.870451 0.892302 0.9098 0.92359 0.934264 0.942351 0.94831 0.952525 0.955306 0.956881 0.957391 0.956881 0.955306 0.952525 0.94831 0.942351 0.934264 0.92359 0.9098 0.892302 0.870451 0.843575 0.811027 0.772259 0.726923 0.674994 0.61689 0.553571 0.486557 0.417866 0.349843 0.284899 0.22523 0.172545 0.127891 0.0915921 0.0633092 0.0421956 0.0270983 0.0167591 0.00997759 0.00571693 0.00315222 0.0016726 0.000854169 0.000419914 0.000198778 9.06402e-05 3.98285e-05 1.68727e-05 6.89446e-06 2.71871e-06 1.03514e-06 3.80753e-07 1.35372e-07 4.65474e-08 1.54879e-08 4.99165e-09 1.56747e-09 5.10001e-10 
4.33984e-10 7.98131e-10 2.43796e-09 7.71861e-09 2.38072e-08 7.11113e-08 2.05488e-07 5.7411e-07 1.54994e-06 4.04111e-06 1.01697e-05 2.46889e-05 5.77895e-05 0.000130355 0.000283227 0.000592491 0.00119291 0.00231092 0.00430638 0.00771864 0.0133066 0.0220671 0.0352123 0.054088 0.0800262 0.114139 0.157091 0.208884 0.26874 0.335085 0.405695 0.47795 0.54916 0.61689 0.679213 0.734844 0.783163 0.824126 0.858126 0.885834 0.908056 0.925624 0.939324 0.94986 0.957838 0.963767 0.968063 0.971061 0.973019 0.97412 0.974474 0.97412 0.973019 0.971061 0.968063 0.963767 0.957838 0.94986 0.939324 0.925624 0.908056 0.885834 0.858126 0.824126 0.783163 0.734844 0.679213 0.61689 0.54916 0.47795 0.405695 0.335085 0.26874 0.208884 0.157091 0.114139 0.0800262 0.054088 0.0352123 0.0220671 0.0133066 0.00771864 0.00430638 0.00231092 0.00119291 0.000592491 0.000283227 0.000130355 5.77895e-05 2.46889e-05 1.01697e-05 4.04111e-06 1.54994e-06 5.7411e-07 2.05488e-07 7.11113e-08 2.38072e-08 7.71861e-09 2.43796e-09 7.98131e-10 
