2.25709e-09 2.60799e-09 3.74998e-09 5.96813e-09 9.7971e-09 1.61179e-08 2.63084e-08 4.24629e-08 6.77008e-08 1.06588e-07 1.65704e-07 2.54371e-07 3.85601e-07 5.77261e-07 8.53495e-07 1.2464e-06 1.79794e-06 2.56208e-06 3.60701e-06 5.01738e-06 6.89639e-06 9.36742e-06 1.25751e-05 1.66855e-05 2.18846e-05 2.8376e-05 3.6376e-05 4.61072e-05 5.77898e-05 7.16309e-05 8.78124e-05 0.000106477 0.000127715 0.000151548 0.000177922 0.00020669 0.00023761 0.000270344 0.000304453 0.000339414 0.000374623 0.00040942 0.000443104 0.000474958 0.000504275 0.000530383 0.000552667 0.000570592 0.00058372 0.00059173 0.000594422 0.00059173 0.00058372 0.000570592 0.000552667 0.000530383 0.000504275 0.000474958 0.000443104 0.00040942 0.000374623 0.000339414 0.000304453 0.000270344 0.00023761 0.00020669 0.000177922 0.000151548 0.000127715 0.000106477 8.78124e-05 7.16309e-05 5.77898e-05 4.61072e-05 3.6376e-05 2.8376e-05 2.18846e-05 1.66855e-05 1.25751e-05 9.36742e-06 6.89639e-06 5.01738e-06 3.60701e-06 2.56208e-06 1.79794e-06 1.2464e-06 8.53495e-07 5.77261e-07 3.85601e-07 2.54371e-07 1.65704e-07 1.06588e-07 6.77008e-08 4.24629e-08 2.63084e-08 1.61179e-08 9.7971e-09 5.96813e-09 3.74998e-09 2.60799e-09 
2.60799e-09 3.01184e-09 4.32563e-09 6.87567e-09 1.12735e-08 1.85258e-08 3.0205e-08 4.86978e-08 7.75546e-08 1.21965e-07 1.89393e-07 2.90404e-07 4.39718e-07 6.57515e-07 9.71022e-07 1.41637e-06 2.04074e-06 2.90467e-06 4.08454e-06 5.675e-06 7.79123e-06 1.05707e-05 1.41743e-05 1.87861e-05 2.46123e-05 3.18779e-05 4.08213e-05 5.16875e-05 6.4718e-05 8.01392e-05 9.81486e-05 0.0001189 0.00014249 0.000168937 0.000198177 0.000230044 0.000264268 0.00030047 0.000338168 0.000376781 0.000415644 0.000454031 0.00049117 0.000526277 0.000558575 0.000587327 0.00061186 0.00063159 0.000646037 0.000654851 0.000657813 0.000654851 0.000646037 0.00063159 0.00061186 0.000587327 0.000558575 0.000526277 0.00049117 0.000454031 0.000415644 0.000376781 0.000338168 0.00030047 0.000264268 0.000230044 0.000198177 0.000168937 0.00014249 0.0001189 9.81486e-05 8.01392e-05 6.4718e-05 5.16875e-05 4.08213e-05 3.18779e-05 2.46123e-05 1.87861e-05 1.41743e-05 1.05707e-05 7.79123e-06 5.675e-06 4.08454e-06 2.90467e-06 2.04074e-06 1.41637e-06 9.71022e-07 6.57515e-07 4.39718e-07 2.90404e-07 1.89393e-07 1.21965e-07 7.75546e-08 4.86978e-08 3.0205e-08 1.85258e-08 1.12735e-08 6.87567e-09 4.32563e-09 3.01184e-09 
3.74998e-09 4.32563e-09 6.19671e-09 9.82281e-09 1.60638e-08 2.63316e-08 4.28262e-08 6.88767e-08 1.0942e-07 1.71648e-07 2.65871e-07 4.06635e-07 6.1413e-07 9.15941e-07 1.34914e-06 1.96276e-06 2.82054e-06 4.00399e-06 5.61552e-06 7.7815e-06 1.06551e-05 1.44183e-05 1.92831e-05 2.54912e-05 3.33117e-05 4.30369e-05 5.49751e-05 6.94406e-05 8.67416e-05 0.000107164 0.000130955 0.000158302 0.000189317 0.000224012 0.000262288 0.000303918 0.000348542 0.00039566 0.000444641 0.000494731 0.000545073 0.00059473 0.000642715 0.000688024 0.000729668 0.00076671 0.000798294 0.000823679 0.000842261 0.000853593 0.000857401 0.000853593 0.000842261 0.000823679 0.000798294 0.00076671 0.000729668 0.000688024 0.000642715 0.00059473 0.000545073 0.000494731 0.000444641 0.00039566 0.000348542 0.000303918 0.000262288 0.000224012 0.000189317 0.000158302 0.000130955 0.000107164 8.67416e-05 6.94406e-05 5.49751e-05 4.30369e-05 3.33117e-05 2.54912e-05 1.92831e-05 1.44183e-05 1.06551e-05 7.7815e-06 5.61552e-06 4.00399e-06 2.82054e-06 1.96276e-06 1.34914e-06 9.15941e-07 6.1413e-07 4.06635e-07 2.65871e-07 1.71648e-07 1.0942e-07 6.88767e-08 4.28262e-08 2.63316e-08 1.60638e-08 9.82281e-09 6.19671e-09 4.32563e-09 
5.96813e-09 6.87567e-09 9.82281e-09 1.55247e-08 2.53167e-08 4.13865e-08 6.71317e-08 1.07678e-07 1.706e-07 2.66892e-07 4.1226e-07 6.28769e-07 9.46936e-07 1.40828e-06 2.06837e-06 3.00039e-06 4.29906e-06 6.08496e-06 8.50889e-06 1.17561e-05 1.60499e-05 2.16544e-05 2.88758e-05 3.8061e-05 4.95943e-05 6.38904e-05 8.13841e-05 0.000102515 0.000127711 0.000157365 0.000191809 0.000231291 0.000275945 0.000325769 0.000380598 0.000440089 0.000503713 0.000570751 0.000640298 0.000711286 0.000782507 0.000852647 0.000920328 0.00098415 0.00104274 0.00109481 0.00113917 0.00117479 0.00120086 0.00121675 0.00122209 0.00121675 0.00120086 0.00117479 0.00113917 0.00109481 0.00104274 0.00098415 0.000920328 0.000852647 0.000782507 0.000711286 0.000640298 0.000570751 0.000503713 0.000440089 0.000380598 0.000325769 0.000275945 0.000231291 0.000191809 0.000157365 0.000127711 0.000102515 8.13841e-05 6.38904e-05 4.95943e-05 3.8061e-05 2.88758e-05 2.16544e-05 1.60499e-05 1.17561e-05 8.50889e-06 6.08496e-06 4.29906e-06 3.00039e-06 2.06837e-06 1.40828e-06 9.46936e-07 6.28769e-07 4.1226e-07 2.66892e-07 1.706e-07 1.07678e-07 6.71317e-08 4.13865e-08 2.53167e-08 1.55247e-08 9.82281e-09 6.87567e-09 
9.7971e-09 1.12735e-08 1.60638e-08 2.53167e-08 4.11739e-08 6.71347e-08 1.08619e-07 1.73779e-07 2.74616e-07 4.285e-07 6.60144e-07 1.00415e-06 1.50817e-06 2.23682e-06 3.2762e-06 4.73921e-06 6.77142e-06 9.55726e-06 1.33263e-05 1.83594e-05 2.49933e-05 3.36245e-05 4.47099e-05 5.87646e-05 7.63561e-05 9.80928e-05 0.000124608 0.000156538 0.000194495 0.000239036 0.000290622 0.000349589 0.0004161 0.000490117 0.000571365 0.000659311 0.000753153 0.000851816 0.000953966 0.00105804 0.00116226 0.00126474 0.00136348 0.00145647 0.00154174 0.00161744 0.00168187 0.00173359 0.00177141 0.00179446 0.0018022 0.00179446 0.00177141 0.00173359 0.00168187 0.00161744 0.00154174 0.00145647 0.00136348 0.00126474 0.00116226 0.00105804 0.000953966 0.000851816 0.000753153 0.000659311 0.000571365 0.000490117 0.0004161 0.000349589 0.000290622 0.000239036 0.000194495 0.000156538 0.000124608 9.80928e-05 7.63561e-05 5.87646e-05 4.47099e-05 3.36245e-05 2.49933e-05 1.83594e-05 1.33263e-05 9.55726e-06 6.77142e-06 4.73921e-06 3.2762e-06 2.23682e-06 1.50817e-06 1.00415e-06 6.60144e-07 4.285e-07 2.74616e-07 1.73779e-07 1.08619e-07 6.71347e-08 4.11739e-08 2.53167e-08 1.60638e-08 1.12735e-08 
1.61179e-08 1.85258e-08 2.63316e-08 4.13865e-08 6.71347e-08 1.09192e-07 1.76232e-07 2.81259e-07 4.43363e-07 6.90074e-07 1.06043e-06 1.60888e-06 2.41018e-06 3.56521e-06 5.20798e-06 7.51345e-06 1.07062e-05 1.50697e-05 2.09551e-05 2.879e-05 3.90847e-05 5.2437e-05 6.95323e-05 9.11394e-05 0.0001181 0.00015131 0.000191698 0.000240188 0.00029766 0.000364903 0.000442565 0.000531093 0.000630683 0.000741225 0.000862267 0.00099298 0.00113214 0.00127814 0.001429 0.0015824 0.00173577 0.00188632 0.00203118 0.00216741 0.0022922 0.00240286 0.00249698 0.00257247 0.00262765 0.00266126 0.00267255 0.00266126 0.00262765 0.00257247 0.00249698 0.00240286 0.0022922 0.00216741 0.00203118 0.00188632 0.00173577 0.0015824 0.001429 0.00127814 0.00113214 0.00099298 0.000862267 0.000741225 0.000630683 0.000531093 0.000442565 0.000364903 0.00029766 0.000240188 0.000191698 0.00015131 0.0001181 9.11394e-05 6.95323e-05 5.2437e-05 3.90847e-05 2.879e-05 2.09551e-05 1.50697e-05 1.07062e-05 7.51345e-06 5.20798e-06 3.56521e-06 2.41018e-06 1.60888e-06 1.06043e-06 6.90074e-07 4.43363e-07 2.81259e-07 1.76232e-07 1.09192e-07 6.71347e-08 4.13865e-08 2.63316e-08 1.85258e-08 
2.63084e-08 3.0205e-08 4.28262e-08 6.71317e-08 1.08619e-07 1.76232e-07 2.83745e-07 4.51751e-07 7.10384e-07 1.10296e-06 1.69067e-06 2.55861e-06 3.82311e-06 5.64065e-06 8.2182e-06 1.18249e-05 1.6805e-05 2.35906e-05 3.27152e-05 4.4825e-05 6.06879e-05 8.11987e-05 0.000107378 0.000140364 0.000181395 0.000231784 0.000292876 0.000366004 0.000452422 0.000553242 0.000669352 0.000801343 0.00094943 0.00111338 0.00129246 0.00148538 0.00169032 0.00190486 0.00212609 0.00235063 0.00257473 0.00279437 0.00300537 0.00320356 0.00338488 0.00354552 0.00368203 0.00379144 0.00387137 0.00392005 0.0039364 0.00392005 0.00387137 0.00379144 0.00368203 0.00354552 0.00338488 0.00320356 0.00300537 0.00279437 0.00257473 0.00235063 0.00212609 0.00190486 0.00169032 0.00148538 0.00129246 0.00111338 0.00094943 0.000801343 0.000669352 0.000553242 0.000452422 0.000366004 0.000292876 0.000231784 0.000181395 0.000140364 0.000107378 8.11987e-05 6.06879e-05 4.4825e-05 3.27152e-05 2.35906e-05 1.6805e-05 1.18249e-05 8.2182e-06 5.64065e-06 3.82311e-06 2.55861e-06 1.69067e-06 1.10296e-06 7.10384e-07 4.51751e-07 2.83745e-07 1.76232e-07 1.08619e-07 6.71317e-08 4.28262e-08 3.0205e-08 
4.24629e-08 4.86978e-08 6.88767e-08 1.07678e-07 1.73779e-07 2.81259e-07 4.51751e-07 7.17495e-07 1.12552e-06 1.7432e-06 2.66541e-06 4.02356e-06 5.9967e-06 8.8247e-06 1.28236e-05 1.84028e-05 2.60834e-05 3.65171e-05 5.05046e-05 6.90112e-05 9.31784e-05 0.000124329 0.000163965 0.00021375 0.000275486 0.000351066 0.00044242 0.000551437 0.000679883 0.000829292 0.00100087 0.00119536 0.00141298 0.00165328 0.00191509 0.00219646 0.00249465 0.00280613 0.00312667 0.00345138 0.00377486 0.00409138 0.00439501 0.00467981 0.00494005 0.00517036 0.00536592 0.00552256 0.00563692 0.00570654 0.00572992 0.00570654 0.00563692 0.00552256 0.00536592 0.00517036 0.00494005 0.00467981 0.00439501 0.00409138 0.00377486 0.00345138 0.00312667 0.00280613 0.00249465 0.00219646 0.00191509 0.00165328 0.00141298 0.00119536 0.00100087 0.000829292 0.000679883 0.000551437 0.00044242 0.000351066 0.000275486 0.00021375 0.000163965 0.000124329 9.31784e-05 6.90112e-05 5.05046e-05 3.65171e-05 2.60834e-05 1.84028e-05 1.28236e-05 8.8247e-06 5.9967e-06 4.02356e-06 2.66541e-06 1.7432e-06 1.12552e-06 7.17495e-07 4.51751e-07 2.81259e-07 1.73779e-07 1.07678e-07 6.88767e-08 4.86978e-08 
6.77008e-08 7.75546e-08 1.0942e-07 1.706e-07 2.74616e-07 4.43363e-07 7.10384e-07 1.12552e-06 1.76125e-06 2.72104e-06 4.15009e-06 6.24882e-06 9.28922e-06 1.36343e-05 1.97605e-05 2.82821e-05 3.99781e-05 5.58182e-05 7.69879e-05 0.00010491 0.000141258 0.000187961 0.000247197 0.000321366 0.000413046 0.00052493 0.00065974 0.000820118 0.0010085 0.00122696 0.00147709 0.00175983 0.00207529 0.00242268 0.00280018 0.00320488 0.00363274 0.00407867 0.00453658 0.00499952 0.00545986 0.00590952 0.00634018 0.00674358 0.00711173 0.00743721 0.00771331 0.0079343 0.00809556 0.0081937 0.00822664 0.0081937 0.00809556 0.0079343 0.00771331 0.00743721 0.00711173 0.00674358 0.00634018 0.00590952 0.00545986 0.00499952 0.00453658 0.00407867 0.00363274 0.00320488 0.00280018 0.00242268 0.00207529 0.00175983 0.00147709 0.00122696 0.0010085 0.000820118 0.00065974 0.00052493 0.000413046 0.000321366 0.000247197 0.000187961 0.000141258 0.00010491 7.69879e-05 5.58182e-05 3.99781e-05 2.82821e-05 1.97605e-05 1.36343e-05 9.28922e-06 6.24882e-06 4.15009e-06 2.72104e-06 1.76125e-06 1.12552e-06 7.10384e-07 4.43363e-07 2.74616e-07 1.706e-07 1.0942e-07 7.75546e-08 
1.06588e-07 1.21965e-07 1.71648e-07 2.66892e-07 4.285e-07 6.90074e-07 1.10296e-06 1.7432e-06 2.72104e-06 4.1933e-06 6.37932e-06 9.58065e-06 1.4205e-05 2.07945e-05 3.00575e-05 4.29037e-05 6.04812e-05 8.4213e-05 0.00011583 0.0001574 0.00021134 0.000280426 0.000367766 0.000476769 0.000611069 0.000774437 0.000970645 0.00120332 0.00147576 0.00179072 0.00215025 0.00255543 0.0030062 0.0035012 0.00403766 0.00461126 0.0052162 0.00584521 0.00648967 0.00713986 0.00778516 0.00841434 0.00901598 0.0095787 0.0100916 0.0105445 0.0109284 0.0112354 0.0114593 0.0115955 0.0116412 0.0115955 0.0114593 0.0112354 0.0109284 0.0105445 0.0100916 0.0095787 0.00901598 0.00841434 0.00778516 0.00713986 0.00648967 0.00584521 0.0052162 0.00461126 0.00403766 0.0035012 0.0030062 0.00255543 0.00215025 0.00179072 0.00147576 0.00120332 0.000970645 0.000774437 0.000611069 0.000476769 0.000367766 0.000280426 0.00021134 0.0001574 0.00011583 8.4213e-05 6.04812e-05 4.29037e-05 3.00575e-05 2.07945e-05 1.4205e-05 9.58065e-06 6.37932e-06 4.1933e-06 2.72104e-06 1.7432e-06 1.10296e-06 6.90074e-07 4.285e-07 2.66892e-07 1.71648e-07 1.21965e-07 
1.65704e-07 1.89393e-07 2.65871e-07 4.1226e-07 6.60144e-07 1.06043e-06 1.69067e-06 2.66541e-06 4.15009e-06 6.37932e-06 9.67995e-06 1.44997e-05 2.14417e-05 3.13043e-05 4.51265e-05 6.42368e-05 9.03044e-05 0.000125388 0.000171979 0.000233038 0.00031201 0.000412822 0.000539851 0.000697858 0.000891888 0.00112713 0.00140872 0.00174156 0.00213 0.00257765 0.00308702 0.0036593 0.00429407 0.0049891 0.00574021 0.00654118 0.00738372 0.00825763 0.00915095 0.0100502 0.010941 0.0118078 0.0126353 0.0134081 0.0141115 0.014732 0.0152573 0.0156771 0.015983 0.0161691 0.0162315 0.0161691 0.015983 0.0156771 0.0152573 0.014732 0.0141115 0.0134081 0.0126353 0.0118078 0.010941 0.0100502 0.00915095 0.00825763 0.00738372 0.00654118 0.00574021 0.0049891 0.00429407 0.0036593 0.00308702 0.00257765 0.00213 0.00174156 0.00140872 0.00112713 0.000891888 0.000697858 0.000539851 0.000412822 0.00031201 0.000233038 0.000171979 0.000125388 9.03044e-05 6.42368e-05 4.51265e-05 3.13043e-05 2.14417e-05 1.44997e-05 9.67995e-06 6.37932e-06 4.15009e-06 2.66541e-06 1.69067e-06 1.06043e-06 6.60144e-07 4.1226e-07 2.65871e-07 1.89393e-07 
2.54371e-07 2.90404e-07 4.06635e-07 6.28769e-07 1.00415e-06 1.60888e-06 2.55861e-06 4.02356e-06 6.24882e-06 9.58065e-06 1.44997e-05 2.1662e-05 3.19473e-05 4.65158e-05 6.68707e-05 9.49256e-05 0.000133073 0.000184249 0.000251991 0.000340475 0.000454538 0.000599656 0.000781893 0.0010078 0.00128427 0.0016183 0.00201681 0.00248623 0.00303224 0.00365939 0.0043707 0.0051673 0.00604814 0.00700969 0.00804579 0.00914755 0.0103034 0.0114992 0.0127186 0.0139434 0.0151539 0.0163297 0.0174501 0.0184948 0.0194443 0.0202808 0.0209883 0.0215532 0.0219647 0.0222148 0.0222987 0.0222148 0.0219647 0.0215532 0.0209883 0.0202808 0.0194443 0.0184948 0.0174501 0.0163297 0.0151539 0.0139434 0.0127186 0.0114992 0.0103034 0.00914755 0.00804579 0.00700969 0.00604814 0.0051673 0.0043707 0.00365939 0.00303224 0.00248623 0.00201681 0.0016183 0.00128427 0.0010078 0.000781893 0.000599656 0.000454538 0.000340475 0.000251991 0.000184249 0.000133073 9.49256e-05 6.68707e-05 4.65158e-05 3.19473e-05 2.1662e-05 1.44997e-05 9.58065e-06 6.24882e-06 4.02356e-06 2.55861e-06 1.60888e-06 1.00415e-06 6.28769e-07 4.06635e-07 2.90404e-07 
3.85601e-07 4.39718e-07 6.1413e-07 9.46936e-07 1.50817e-06 2.41018e-06 3.82311e-06 5.9967e-06 9.28922e-06 1.4205e-05 2.14417e-05 3.19473e-05 4.69885e-05 6.82282e-05 9.78117e-05 0.000138457 0.000193546 0.000267209 0.000364394 0.000490912 0.000653447 0.000859523 0.00111742 0.00143599 0.00182451 0.00229228 0.00284838 0.00350115 0.00425782 0.00512395 0.00610299 0.00719581 0.0084003 0.00971102 0.0111191 0.012612 0.0141738 0.0157852 0.0174244 0.0190668 0.0206865 0.0222566 0.0237498 0.0251398 0.0264013 0.0275112 0.0284489 0.029197 0.0297416 0.0300724 0.0301834 0.0300724 0.0297416 0.029197 0.0284489 0.0275112 0.0264013 0.0251398 0.0237498 0.0222566 0.0206865 0.0190668 0.0174244 0.0157852 0.0141738 0.012612 0.0111191 0.00971102 0.0084003 0.00719581 0.00610299 0.00512395 0.00425782 0.00350115 0.00284838 0.00229228 0.00182451 0.00143599 0.00111742 0.000859523 0.000653447 0.000490912 0.000364394 0.000267209 0.000193546 0.000138457 9.78117e-05 6.82282e-05 4.69885e-05 3.19473e-05 2.14417e-05 1.4205e-05 9.28922e-06 5.9967e-06 3.82311e-06 2.41018e-06 1.50817e-06 9.46936e-07 6.1413e-07 4.39718e-07 
5.77261e-07 6.57515e-07 9.15941e-07 1.40828e-06 2.23682e-06 3.56521e-06 5.64065e-06 8.8247e-06 1.36343e-05 2.07945e-05 3.13043e-05 4.65158e-05 6.82282e-05 9.87932e-05 0.000141231 0.000199349 0.000277863 0.000382499 0.000520081 0.000698576 0.00092709 0.00121581 0.00157584 0.002019 0.00255751 0.00320355 0.00396881 0.00486389 0.00589772 0.00707694 0.00840525 0.00988284 0.011506 0.0132665 0.0151517 0.0171445 0.0192231 0.0213619 0.0235316 0.0257003 0.027834 0.0298978 0.0318569 0.0336772 0.0353267 0.0367759 0.0379989 0.0389737 0.0396828 0.0401134 0.0402578 0.0401134 0.0396828 0.0389737 0.0379989 0.0367759 0.0353267 0.0336772 0.0318569 0.0298978 0.027834 0.0257003 0.0235316 0.0213619 0.0192231 0.0171445 0.0151517 0.0132665 0.011506 0.00988284 0.00840525 0.00707694 0.00589772 0.00486389 0.00396881 0.00320355 0.00255751 0.002019 0.00157584 0.00121581 0.00092709 0.000698576 0.000520081 0.000382499 0.000277863 0.000199349 0.000141231 9.87932e-05 6.82282e-05 4.65158e-05 3.13043e-05 2.07945e-05 1.36343e-05 8.8247e-06 5.64065e-06 3.56521e-06 2.23682e-06 1.40828e-06 9.15941e-07 6.57515e-07 
8.53495e-07 9.71022e-07 1.34914e-06 2.06837e-06 3.2762e-06 5.20798e-06 8.2182e-06 1.28236e-05 1.97605e-05 3.00575e-05 4.51265e-05 6.68707e-05 9.78117e-05 0.000141231 0.000201322 0.000283347 0.00039379 0.000540481 0.000732696 0.000981201 0.00129822 0.00169732 0.0021932 0.00280136 0.00353764 0.00441769 0.00545627 0.00666657 0.00805935 0.0096422 0.0114187 0.0133879 0.0155436 0.0178737 0.0203608 0.0229813 0.0257063 0.0285021 0.0313304 0.0341499 0.0369173 0.039588 0.0421179 0.0444643 0.0465869 0.0484492 0.0500189 0.0512688 0.0521773 0.0527287 0.0529136 0.0527287 0.0521773 0.0512688 0.0500189 0.0484492 0.0465869 0.0444643 0.0421179 0.039588 0.0369173 0.0341499 0.0313304 0.0285021 0.0257063 0.0229813 0.0203608 0.0178737 0.0155436 0.0133879 0.0114187 0.0096422 0.00805935 0.00666657 0.00545627 0.00441769 0.00353764 0.00280136 0.0021932 0.00169732 0.00129822 0.000981201 0.000732696 0.000540481 0.00039379 0.000283347 0.000201322 0.000141231 9.78117e-05 6.68707e-05 4.51265e-05 3.00575e-05 1.97605e-05 1.28236e-05 8.2182e-06 5.20798e-06 3.2762e-06 2.06837e-06 1.34914e-06 9.71022e-07 
1.2464e-06 1.41637e-06 1.96276e-06 3.00039e-06 4.73921e-06 7.51345e-06 1.18249e-05 1.84028e-05 2.82821e-05 4.29037e-05 6.42368e-05 9.49256e-05 0.000138457 0.000199349 0.000283347 0.000397627 0.000550978 0.000753959 0.00101901 0.00136045 0.00179446 0.00233886 0.00301276 0.00383617 0.00482929 0.00601183 0.00740211 0.00901608 0.0108664 0.0129613 0.0153037 0.0178907 0.0207123 0.0237517 0.0269846 0.0303797 0.0338989 0.0374984 0.0411293 0.0447391 0.0482729 0.0516753 0.0548913 0.0578681 0.0605563 0.0629113 0.0648938 0.0664708 0.0676161 0.068311 0.0685439 0.068311 0.0676161 0.0664708 0.0648938 0.0629113 0.0605563 0.0578681 0.0548913 0.0516753 0.0482729 0.0447391 0.0411293 0.0374984 0.0338989 0.0303797 0.0269846 0.0237517 0.0207123 0.0178907 0.0153037 0.0129613 0.0108664 0.00901608 0.00740211 0.00601183 0.00482929 0.00383617 0.00301276 0.00233886 0.00179446 0.00136045 0.00101901 0.000753959 0.000550978 0.000397627 0.000283347 0.000199349 0.000138457 9.49256e-05 6.42368e-05 4.29037e-05 2.82821e-05 1.84028e-05 1.18249e-05 7.51345e-06 4.73921e-06 3.00039e-06 1.96276e-06 1.41637e-06 
1.79794e-06 2.04074e-06 2.82054e-06 4.29906e-06 6.77142e-06 1.07062e-05 1.6805e-05 2.60834e-05 3.99781e-05 6.04812e-05 9.03044e-05 0.000133073 0.000193546 0.000277863 0.00039379 0.000550978 0.000761183 0.00103845 0.0013992 0.00186226 0.0024487 0.00318154 0.00408531 0.00518534 0.00650701 0.00807464 0.00991048 0.0120334 0.0144576 0.0171917 0.020237 0.0235875 0.0272282 0.0311355 0.0352768 0.0396107 0.0440882 0.0486531 0.0532439 0.0577948 0.0622381 0.0665054 0.0705297 0.0742471 0.077598 0.0805287 0.0829926 0.0849504 0.0863711 0.0872326 0.0875212 0.0872326 0.0863711 0.0849504 0.0829926 0.0805287 0.077598 0.0742471 0.0705297 0.0665054 0.0622381 0.0577948 0.0532439 0.0486531 0.0440882 0.0396107 0.0352768 0.0311355 0.0272282 0.0235875 0.020237 0.0171917 0.0144576 0.0120334 0.00991048 0.00807464 0.00650701 0.00518534 0.00408531 0.00318154 0.0024487 0.00186226 0.0013992 0.00103845 0.000761183 0.000550978 0.00039379 0.000277863 0.000193546 0.000133073 9.03044e-05 6.04812e-05 3.99781e-05 2.60834e-05 1.6805e-05 1.07062e-05 6.77142e-06 4.29906e-06 2.82054e-06 2.04074e-06 
2.56208e-06 2.90467e-06 4.00399e-06 6.08496e-06 9.55726e-06 1.50697e-05 2.35906e-05 3.65171e-05 5.58182e-05 8.4213e-05 0.000125388 0.000184249 0.000267209 0.000382499 0.000540481 0.000753959 0.00103845 0.00141236 0.00189711 0.00251704 0.0032992 0.00427292 0.00546912 0.00691942 0.00865504 0.0107055 0.0130971 0.0158517 0.0189845 0.0225036 0.0264079 0.0306863 0.0353173 0.0402686 0.0454967 0.0509484 0.056561 0.0622641 0.0679813 0.0736318 0.079133 0.0844026 0.0893601 0.0939295 0.0980404 0.10163 0.104643 0.107035 0.108769 0.10982 0.110172 0.10982 0.108769 0.107035 0.104643 0.10163 0.0980404 0.0939295 0.0893601 0.0844026 0.079133 0.0736318 0.0679813 0.0622641 0.056561 0.0509484 0.0454967 0.0402686 0.0353173 0.0306863 0.0264079 0.0225036 0.0189845 0.0158517 0.0130971 0.0107055 0.00865504 0.00691942 0.00546912 0.00427292 0.0032992 0.00251704 0.00189711 0.00141236 0.00103845 0.000753959 0.000540481 0.000382499 0.000267209 0.000184249 0.000125388 8.4213e-05 5.58182e-05 3.65171e-05 2.35906e-05 1.50697e-05 9.55726e-06 6.08496e-06 4.00399e-06 2.90467e-06 
3.60701e-06 4.08454e-06 5.61552e-06 8.50889e-06 1.33263e-05 2.09551e-05 3.27152e-05 5.05046e-05 7.69879e-05 0.00011583 0.000171979 0.000251991 0.000364394 0.000520081 0.000732696 0.00101901 0.0013992 0.00189711 0.00254023 0.00335963 0.00438953 0.00566669 0.0072295 0.00911675 0.0113662 0.0140128 0.0170872 0.0206134 0.0246074 0.0290752 0.0340117 0.0393992 0.0452074 0.0513925 0.0578983 0.0646567 0.0715893 0.0786091 0.0856226 0.0925325 0.0992399 0.105647 0.11166 0.117189 0.122153 0.12648 0.130106 0.132981 0.135064 0.136325 0.136748 0.136325 0.135064 0.132981 0.130106 0.12648 0.122153 0.117189 0.11166 0.105647 0.0992399 0.0925325 0.0856226 0.0786091 0.0715893 0.0646567 0.0578983 0.0513925 0.0452074 0.0393992 0.0340117 0.0290752 0.0246074 0.0206134 0.0170872 0.0140128 0.0113662 0.00911675 0.0072295 0.00566669 0.00438953 0.00335963 0.00254023 0.00189711 0.0013992 0.00101901 0.000732696 0.000520081 0.000364394 0.000251991 0.000171979 0.00011583 7.69879e-05 5.05046e-05 3.27152e-05 2.09551e-05 1.33263e-05 8.50889e-06 5.61552e-06 4.08454e-06 
5.01738e-06 5.675e-06 7.7815e-06 1.17561e-05 1.83594e-05 2.879e-05 4.4825e-05 6.90112e-05 0.00010491 0.0001574 0.000233038 0.000340475 0.000490912 0.000698576 0.000981201 0.00136045 0.00186226 0.00251704 0.00335963 0.00442909 0.00576809 0.00742203 0.00943777 0.0118621 0.0147398 0.0181115 0.0220116 0.0264661 0.03149 0.037086 0.0432428 0.0499338 0.0571171 0.0647352 0.072716 0.0809743 0.0894132 0.0979269 0.106403 0.114727 0.122781 0.130452 0.137632 0.144218 0.150119 0.155252 0.159548 0.162949 0.16541 0.1669 0.167399 0.1669 0.16541 0.162949 0.159548 0.155252 0.150119 0.144218 0.137632 0.130452 0.122781 0.114727 0.106403 0.0979269 0.0894132 0.0809743 0.072716 0.0647352 0.0571171 0.0499338 0.0432428 0.037086 0.03149 0.0264661 0.0220116 0.0181115 0.0147398 0.0118621 0.00943777 0.00742203 0.00576809 0.00442909 0.00335963 0.00251704 0.00186226 0.00136045 0.000981201 0.000698576 0.000490912 0.000340475 0.000233038 0.0001574 0.00010491 6.90112e-05 4.4825e-05 2.879e-05 1.83594e-05 1.17561e-05 7.7815e-06 5.675e-06 
6.89639e-06 7.79123e-06 1.06551e-05 1.60499e-05 2.49933e-05 3.90847e-05 6.06879e-05 9.31784e-05 0.000141258 0.00021134 0.00031201 0.000454538 0.000653447 0.00092709 0.00129822 0.00179446 0.0024487 0.0032992 0.00438953 0.00576809 0.00748731 0.00960239 0.0121696 0.0152445 0.0188789 0.0231192 0.028003 0.0335566 0.0397929 0.0467089 0.0542846 0.0624818 0.0712441 0.0804972 0.0901503 0.100098 0.110223 0.120399 0.130493 0.14037 0.149896 0.158942 0.167383 0.175108 0.182012 0.188007 0.193015 0.196975 0.199837 0.201569 0.202148 0.201569 0.199837 0.196975 0.193015 0.188007 0.182012 0.175108 0.167383 0.158942 0.149896 0.14037 0.130493 0.120399 0.110223 0.100098 0.0901503 0.0804972 0.0712441 0.0624818 0.0542846 0.0467089 0.0397929 0.0335566 0.028003 0.0231192 0.0188789 0.0152445 0.0121696 0.00960239 0.00748731 0.00576809 0.00438953 0.0032992 0.0024487 0.00179446 0.00129822 0.00092709 0.000653447 0.000454538 0.00031201 0.00021134 0.000141258 9.31784e-05 6.06879e-05 3.90847e-05 2.49933e-05 1.60499e-05 1.06551e-05 7.79123e-06 
9.36742e-06 1.05707e-05 1.44183e-05 2.16544e-05 3.36245e-05 5.2437e-05 8.11987e-05 0.000124329 0.000187961 0.000280426 0.000412822 0.000599656 0.000859523 0.00121581 0.00169732 0.00233886 0.00318154 0.00427292 0.00566669 0.00742203 0.00960239 0.0122739 0.015503 0.0193543 0.023887 0.0291523 0.0351899 0.042025 0.0496658 0.0581014 0.0672998 0.0772082 0.0877522 0.0988375 0.110352 0.122167 0.134143 0.14613 0.157975 0.169524 0.180623 0.191129 0.200904 0.209824 0.217778 0.224669 0.230416 0.234953 0.23823 0.24021 0.240872 0.24021 0.23823 0.234953 0.230416 0.224669 0.217778 0.209824 0.200904 0.191129 0.180623 0.169524 0.157975 0.14613 0.134143 0.122167 0.110352 0.0988375 0.0877522 0.0772082 0.0672998 0.0581014 0.0496658 0.042025 0.0351899 0.0291523 0.023887 0.0193543 0.015503 0.0122739 0.00960239 0.00742203 0.00566669 0.00427292 0.00318154 0.00233886 0.00169732 0.00121581 0.000859523 0.000599656 0.000412822 0.000280426 0.000187961 0.000124329 8.11987e-05 5.2437e-05 3.36245e-05 2.16544e-05 1.44183e-05 1.05707e-05 
1.25751e-05 1.41743e-05 1.92831e-05 2.88758e-05 4.47099e-05 6.95323e-05 0.000107378 0.000163965 0.000247197 0.000367766 0.000539851 0.000781893 0.00111742 0.00157584 0.0021932 0.00301276 0.00408531 0.00546912 0.0072295 0.00943777 0.0121696 0.015503 0.0195153 0.02428 0.0298633 0.0363201 0.0436906 0.0519967 0.0612393 0.0713958 0.0824195 0.0942388 0.106758 0.11986 0.133407 0.147246 0.161213 0.175134 0.188835 0.202142 0.214884 0.226903 0.238052 0.248196 0.257218 0.265017 0.271508 0.276626 0.280317 0.282546 0.283291 0.282546 0.280317 0.276626 0.271508 0.265017 0.257218 0.248196 0.238052 0.226903 0.214884 0.202142 0.188835 0.175134 0.161213 0.147246 0.133407 0.11986 0.106758 0.0942388 0.0824195 0.0713958 0.0612393 0.0519967 0.0436906 0.0363201 0.0298633 0.02428 0.0195153 0.015503 0.0121696 0.00943777 0.0072295 0.00546912 0.00408531 0.00301276 0.0021932 0.00157584 0.00111742 0.000781893 0.000539851 0.000367766 0.000247197 0.000163965 0.000107378 6.95323e-05 4.47099e-05 2.88758e-05 1.92831e-05 1.41743e-05 
1.66855e-05 1.87861e-05 2.54912e-05 3.8061e-05 5.87646e-05 9.11394e-05 0.000140364 0.00021375 0.000321366 0.000476769 0.000697858 0.0010078 0.00143599 0.002019 0.00280136 0.00383617 0.00518534 0.00691942 0.00911675 0.0118621 0.0152445 0.0193543 0.02428 0.0301039 0.036898 0.0447195 0.0536068 0.0635755 0.0746157 0.0866901 0.0997327 0.11365 0.12832 0.1436 0.159325 0.175316 0.19138 0.207322 0.222945 0.238057 0.252473 0.266021 0.278546 0.289908 0.299986 0.308676 0.315896 0.321577 0.32567 0.328139 0.328965 0.328139 0.32567 0.321577 0.315896 0.308676 0.299986 0.289908 0.278546 0.266021 0.252473 0.238057 0.222945 0.207322 0.19138 0.175316 0.159325 0.1436 0.12832 0.11365 0.0997327 0.0866901 0.0746157 0.0635755 0.0536068 0.0447195 0.036898 0.0301039 0.02428 0.0193543 0.0152445 0.0118621 0.00911675 0.00691942 0.00518534 0.00383617 0.00280136 0.002019 0.00143599 0.0010078 0.000697858 0.000476769 0.000321366 0.00021375 0.000140364 9.11394e-05 5.87646e-05 3.8061e-05 2.54912e-05 1.87861e-05 
2.18846e-05 2.46123e-05 3.33117e-05 4.95943e-05 7.63561e-05 0.0001181 0.000181395 0.000275486 0.000413046 0.000611069 0.000891888 0.00128427 0.00182451 0.00255751 0.00353764 0.00482929 0.00650701 0.00865504 0.0113662 0.0147398 0.0188789 0.023887 0.0298633 0.036898 0.0450675 0.0544291 0.0650163 0.0768354 0.0898617 0.104039 0.119277 0.135457 0.152428 0.170018 0.188032 0.206261 0.224489 0.242494 0.260061 0.27698 0.293055 0.308106 0.32197 0.334506 0.345593 0.35513 0.363035 0.369245 0.373713 0.376406 0.377306 0.376406 0.373713 0.369245 0.363035 0.35513 0.345593 0.334506 0.32197 0.308106 0.293055 0.27698 0.260061 0.242494 0.224489 0.206261 0.188032 0.170018 0.152428 0.135457 0.119277 0.104039 0.0898617 0.0768354 0.0650163 0.0544291 0.0450675 0.036898 0.0298633 0.023887 0.0188789 0.0147398 0.0113662 0.00865504 0.00650701 0.00482929 0.00353764 0.00255751 0.00182451 0.00128427 0.000891888 0.000611069 0.000413046 0.000275486 0.000181395 0.0001181 7.63561e-05 4.95943e-05 3.33117e-05 2.46123e-05 
2.8376e-05 3.18779e-05 4.30369e-05 6.38904e-05 9.80928e-05 0.00015131 0.000231784 0.000351066 0.00052493 0.000774437 0.00112713 0.0016183 0.00229228 0.00320355 0.00441769 0.00601183 0.00807464 0.0107055 0.0140128 0.0181115 0.0231192 0.0291523 0.0363201 0.0447195 0.0544291 0.0655033 0.0779677 0.0918146 0.107001 0.123446 0.141032 0.159611 0.178999 0.198991 0.219362 0.239872 0.26028 0.280343 0.299825 0.318506 0.336178 0.352657 0.367781 0.381409 0.393425 0.403733 0.412257 0.418941 0.423743 0.426635 0.427601 0.426635 0.423743 0.418941 0.412257 0.403733 0.393425 0.381409 0.367781 0.352657 0.336178 0.318506 0.299825 0.280343 0.26028 0.239872 0.219362 0.198991 0.178999 0.159611 0.141032 0.123446 0.107001 0.0918146 0.0779677 0.0655033 0.0544291 0.0447195 0.0363201 0.0291523 0.0231192 0.0181115 0.0140128 0.0107055 0.00807464 0.00601183 0.00441769 0.00320355 0.00229228 0.0016183 0.00112713 0.000774437 0.00052493 0.000351066 0.000231784 0.00015131 9.80928e-05 6.38904e-05 4.30369e-05 3.18779e-05 
3.6376e-05 4.08213e-05 5.49751e-05 8.13841e-05 0.000124608 0.000191698 0.000292876 0.00044242 0.00065974 0.000970645 0.00140872 0.00201681 0.00284838 0.00396881 0.00545627 0.00740211 0.00991048 0.0130971 0.0170872 0.0220116 0.028003 0.0351899 0.0436906 0.0536068 0.0650163 0.0779677 0.092474 0.10851 0.126007 0.144859 0.164915 0.185991 0.20787 0.230312 0.253059 0.275844 0.298397 0.320458 0.341776 0.36212 0.38128 0.39907 0.415333 0.429934 0.442764 0.45374 0.462794 0.469879 0.474962 0.478019 0.47904 0.478019 0.474962 0.469879 0.462794 0.45374 0.442764 0.429934 0.415333 0.39907 0.38128 0.36212 0.341776 0.320458 0.298397 0.275844 0.253059 0.230312 0.20787 0.185991 0.164915 0.144859 0.126007 0.10851 0.092474 0.0779677 0.0650163 0.0536068 0.0436906 0.0351899 0.028003 0.0220116 0.0170872 0.0130971 0.00991048 0.00740211 0.00545627 0.00396881 0.00284838 0.00201681 0.00140872 0.000970645 0.00065974 0.00044242 0.000292876 0.000191698 0.000124608 8.13841e-05 5.49751e-05 4.08213e-05 
4.61072e-05 5.16875e-05 6.94406e-05 0.000102515 0.000156538 0.000240188 0.000366004 0.000551437 0.000820118 0.00120332 0.00174156 0.00248623 0.00350115 0.00486389 0.00666657 0.00901608 0.0120334 0.0158517 0.0206134 0.0264661 0.0335566 0.042025 0.0519967 0.0635755 0.0768354 0.0918146 0.10851 0.126872 0.146805 0.168169 0.190777 0.214407 0.238806 0.263696 0.288787 0.313784 0.338396 0.362343 0.385365 0.407227 0.427718 0.44666 0.463902 0.479322 0.492826 0.504341 0.513815 0.521214 0.526512 0.529696 0.530758 0.529696 0.526512 0.521214 0.513815 0.504341 0.492826 0.479322 0.463902 0.44666 0.427718 0.407227 0.385365 0.362343 0.338396 0.313784 0.288787 0.263696 0.238806 0.214407 0.190777 0.168169 0.146805 0.126872 0.10851 0.0918146 0.0768354 0.0635755 0.0519967 0.042025 0.0335566 0.0264661 0.0206134 0.0158517 0.0120334 0.00901608 0.00666657 0.00486389 0.00350115 0.00248623 0.00174156 0.00120332 0.000820118 0.000551437 0.000366004 0.000240188 0.000156538 0.000102515 6.94406e-05 5.16875e-05 
5.77898e-05 6.4718e-05 8.67416e-05 0.000127711 0.000194495 0.00029766 0.000452422 0.000679883 0.0010085 0.00147576 0.00213 0.00303224 0.00425782 0.00589772 0.00805935 0.0108664 0.0144576 0.0189845 0.0246074 0.03149 0.0397929 0.0496658 0.0612393 0.0746157 0.0898617 0.107001 0.126007 0.146805 0.169265 0.193208 0.218409 0.244604 0.271501 0.298786 0.326137 0.353232 0.379761 0.405433 0.429982 0.453171 0.474798 0.494694 0.512724 0.528782 0.542793 0.554701 0.564471 0.572082 0.577524 0.58079 0.581879 0.58079 0.577524 0.572082 0.564471 0.554701 0.542793 0.528782 0.512724 0.494694 0.474798 0.453171 0.429982 0.405433 0.379761 0.353232 0.326137 0.298786 0.271501 0.244604 0.218409 0.193208 0.169265 0.146805 0.126007 0.107001 0.0898617 0.0746157 0.0612393 0.0496658 0.0397929 0.03149 0.0246074 0.0189845 0.0144576 0.0108664 0.00805935 0.00589772 0.00425782 0.00303224 0.00213 0.00147576 0.0010085 0.000679883 0.000452422 0.00029766 0.000194495 0.000127711 8.67416e-05 6.4718e-05 
7.16309e-05 8.01392e-05 0.000107164 0.000157365 0.000239036 0.000364903 0.000553242 0.000829292 0.00122696 0.00179072 0.00257765 0.00365939 0.00512395 0.00707694 0.0096422 0.0129613 0.0171917 0.0225036 0.0290752 0.037086 0.0467089 0.0581014 0.0713958 0.0866901 0.104039 0.123446 0.144859 0.168169 0.193208 0.219756 0.247545 0.276267 0.305591 0.335167 0.364642 0.393672 0.421933 0.449123 0.474977 0.499266 0.5218 0.542426 0.561029 0.577525 0.59186 0.604001 0.613933 0.62165 0.627157 0.630458 0.631558 0.630458 0.627157 0.62165 0.613933 0.604001 0.59186 0.577525 0.561029 0.542426 0.5218 0.499266 0.474977 0.449123 0.421933 0.393672 0.364642 0.335167 0.305591 0.276267 0.247545 0.219756 0.193208 0.168169 0.144859 0.123446 0.104039 0.0866901 0.0713958 0.0581014 0.0467089 0.037086 0.0290752 0.0225036 0.0171917 0.0129613 0.0096422 0.00707694 0.00512395 0.00365939 0.00257765 0.00179072 0.00122696 0.000829292 0.000553242 0.000364903 0.000239036 0.000157365 0.000107164 8.01392e-05 
8.78124e-05 9.81486e-05 0.000130955 0.000191809 0.000290622 0.000442565 0.000669352 0.00100087 0.00147709 0.00215025 0.00308702 0.0043707 0.00610299 0.00840525 0.0114187 0.0153037 0.020237 0.0264079 0.0340117 0.0432428 0.0542846 0.0672998 0.0824195 0.0997327 0.119277 0.141032 0.164915 0.190777 0.218409 0.247545 0.27787 0.309036 0.340668 0.372383 0.403801 0.43456 0.464324 0.49279 0.519699 0.544833 0.568022 0.589135 0.608081 0.624803 0.639273 0.651482 0.661436 0.669151 0.674644 0.677933 0.679028 0.677933 0.674644 0.669151 0.661436 0.651482 0.639273 0.624803 0.608081 0.589135 0.568022 0.544833 0.519699 0.49279 0.464324 0.43456 0.403801 0.372383 0.340668 0.309036 0.27787 0.247545 0.218409 0.190777 0.164915 0.141032 0.119277 0.0997327 0.0824195 0.0672998 0.0542846 0.0432428 0.0340117 0.0264079 0.020237 0.0153037 0.0114187 0.00840525 0.00610299 0.0043707 0.00308702 0.00215025 0.00147709 0.00100087 0.000669352 0.000442565 0.000290622 0.000191809 0.000130955 9.81486e-05 
0.000106477 0.0001189 0.000158302 0.000231291 0.000349589 0.000531093 0.000801343 0.00119536 0.00175983 0.00255543 0.0036593 0.0051673 0.00719581 0.00988284 0.0133879 0.0178907 0.0235875 0.0306863 0.0393992 0.0499338 0.0624818 0.0772082 0.0942388 0.11365 0.135457 0.159611 0.185991 0.214407 0.244604 0.276267 0.309036 0.342515 0.376293 0.409955 0.443097 0.475344 0.506352 0.535825 0.563516 0.589225 0.612805 0.634154 0.653209 0.669945 0.68436 0.696473 0.706315 0.713921 0.719325 0.722556 0.72363 0.722556 0.719325 0.713921 0.706315 0.696473 0.68436 0.669945 0.653209 0.634154 0.612805 0.589225 0.563516 0.535825 0.506352 0.475344 0.443097 0.409955 0.376293 0.342515 0.309036 0.276267 0.244604 0.214407 0.185991 0.159611 0.135457 0.11365 0.0942388 0.0772082 0.0624818 0.0499338 0.0393992 0.0306863 0.0235875 0.0178907 0.0133879 0.00988284 0.00719581 0.0051673 0.0036593 0.00255543 0.00175983 0.00119536 0.000801343 0.000531093 0.000349589 0.000231291 0.000158302 0.0001189 
0.000127715 0.00014249 0.000189317 0.000275945 0.0004161 0.000630683 0.00094943 0.00141298 0.00207529 0.0030062 0.00429407 0.00604814 0.0084003 0.011506 0.0155436 0.0207123 0.0272282 0.0353173 0.0452074 0.0571171 0.0712441 0.0877522 0.106758 0.12832 0.152428 0.178999 0.20787 0.238806 0.271501 0.305591 0.340668 0.376293 0.412018 0.447401 0.482018 0.515485 0.547461 0.577659 0.605848 0.631857 0.655564 0.676901 0.695838 0.712382 0.726563 0.738427 0.748031 0.755429 0.760674 0.763803 0.764843 0.763803 0.760674 0.755429 0.748031 0.738427 0.726563 0.712382 0.695838 0.676901 0.655564 0.631857 0.605848 0.577659 0.547461 0.515485 0.482018 0.447401 0.412018 0.376293 0.340668 0.305591 0.271501 0.238806 0.20787 0.178999 0.152428 0.12832 0.106758 0.0877522 0.0712441 0.0571171 0.0452074 0.0353173 0.0272282 0.0207123 0.0155436 0.011506 0.0084003 0.00604814 0.00429407 0.0030062 0.00207529 0.00141298 0.00094943 0.000630683 0.0004161 0.000275945 0.000189317 0.00014249 
0.000151548 0.000168937 0.000224012 0.000325769 0.000490117 0.000741225 0.00111338 0.00165328 0.00242268 0.0035012 0.0049891 0.00700969 0.00971102 0.0132665 0.0178737 0.0237517 0.0311355 0.0402686 0.0513925 0.0647352 0.0804972 0.0988375 0.11986 0.1436 0.170018 0.198991 0.230312 0.263696 0.298786 0.335167 0.372383 0.409955 0.447401 0.484254 0.520078 0.554486 0.587143 0.61778 0.646189 0.672228 0.69581 0.716901 0.735508 0.751671 0.765454 0.776932 0.786185 0.793289 0.798312 0.801304 0.802298 0.801304 0.798312 0.793289 0.786185 0.776932 0.765454 0.751671 0.735508 0.716901 0.69581 0.672228 0.646189 0.61778 0.587143 0.554486 0.520078 0.484254 0.447401 0.409955 0.372383 0.335167 0.298786 0.263696 0.230312 0.198991 0.170018 0.1436 0.11986 0.0988375 0.0804972 0.0647352 0.0513925 0.0402686 0.0311355 0.0237517 0.0178737 0.0132665 0.00971102 0.00700969 0.0049891 0.0035012 0.00242268 0.00165328 0.00111338 0.000741225 0.000490117 0.000325769 0.000224012 0.000168937 
0.000177922 0.000198177 0.000262288 0.000380598 0.000571365 0.000862267 0.00129246 0.00191509 0.00280018 0.00403766 0.00574021 0.00804579 0.0111191 0.0151517 0.0203608 0.0269846 0.0352768 0.0454967 0.0578983 0.072716 0.0901503 0.110352 0.133407 0.159325 0.188032 0.219362 0.253059 0.288787 0.326137 0.364642 0.403801 0.443097 0.482018 0.520078 0.556834 0.5919 0.624957 0.655756 0.684119 0.709937 0.733161 0.753795 0.771884 0.787503 0.800747 0.811721 0.820529 0.827268 0.832018 0.834843 0.83578 0.834843 0.832018 0.827268 0.820529 0.811721 0.800747 0.787503 0.771884 0.753795 0.733161 0.709937 0.684119 0.655756 0.624957 0.5919 0.556834 0.520078 0.482018 0.443097 0.403801 0.364642 0.326137 0.288787 0.253059 0.219362 0.188032 0.159325 0.133407 0.110352 0.0901503 0.072716 0.0578983 0.0454967 0.0352768 0.0269846 0.0203608 0.0151517 0.0111191 0.00804579 0.00574021 0.00403766 0.00280018 0.00191509 0.00129246 0.000862267 0.000571365 0.000380598 0.000262288 0.000198177 
0.00020669 0.000230044 0.000303918 0.000440089 0.000659311 0.00099298 0.00148538 0.00219646 0.00320488 0.00461126 0.00654118 0.00914755 0.012612 0.0171445 0.0229813 0.0303797 0.0396107 0.0509484 0.0646567 0.0809743 0.100098 0.122167 0.147246 0.175316 0.206261 0.239872 0.275844 0.313784 0.353232 0.393672 0.43456 0.475344 0.515485 0.554486 0.5919 0.627352 0.660541 0.691245 0.719319 0.744692 0.767356 0.787351 0.804763 0.819702 0.832294 0.842671 0.850961 0.857278 0.861718 0.864352 0.865225 0.864352 0.861718 0.857278 0.850961 0.842671 0.832294 0.819702 0.804763 0.787351 0.767356 0.744692 0.719319 0.691245 0.660541 0.627352 0.5919 0.554486 0.515485 0.475344 0.43456 0.393672 0.353232 0.313784 0.275844 0.239872 0.206261 0.175316 0.147246 0.122167 0.100098 0.0809743 0.0646567 0.0509484 0.0396107 0.0303797 0.0229813 0.0171445 0.012612 0.00914755 0.00654118 0.00461126 0.00320488 0.00219646 0.00148538 0.00099298 0.000659311 0.000440089 0.000303918 0.000230044 
0.00023761 0.000264268 0.000348542 0.000503713 0.000753153 0.00113214 0.00169032 0.00249465 0.00363274 0.0052162 0.00738372 0.0103034 0.0141738 0.0192231 0.0257063 0.0338989 0.0440882 0.056561 0.0715893 0.0894132 0.110223 0.134143 0.161213 0.19138 0.224489 0.26028 0.298397 0.338396 0.379761 0.421933 0.464324 0.506352 0.547461 0.587143 0.624957 0.660541 0.693618 0.723997 0.751572 0.77631 0.798244 0.817455 0.834066 0.848221 0.860077 0.869791 0.877511 0.883369 0.887473 0.889902 0.890706 0.889902 0.887473 0.883369 0.877511 0.869791 0.860077 0.848221 0.834066 0.817455 0.798244 0.77631 0.751572 0.723997 0.693618 0.660541 0.624957 0.587143 0.547461 0.506352 0.464324 0.421933 0.379761 0.338396 0.298397 0.26028 0.224489 0.19138 0.161213 0.134143 0.110223 0.0894132 0.0715893 0.056561 0.0440882 0.0338989 0.0257063 0.0192231 0.0141738 0.0103034 0.00738372 0.0052162 0.00363274 0.00249465 0.00169032 0.00113214 0.000753153 0.000503713 0.000348542 0.000264268 
