0.00136325 0.00138213 0.00143898 0.00153438 0.00166934 0.00184518 0.00206361 0.00232661 0.00263646 0.00299562 0.00340675 0.00387259 0.00439591 0.00497948 0.0056259 0.00633763 0.00711683 0.00796529 0.00888439 0.00987497 0.0109373 0.0120708 0.0132745 0.0145464 0.0158835 0.0172824 0.0187382 0.0202457 0.0217983 0.0233889 0.0250091 0.0266503 0.0283026 0.0299559 0.0315993 0.0332216 0.0348113 0.0363566 0.0378457 0.0392671 0.0406094 0.0418614 0.0430128 0.0440538 0.0449753 0.0457695 0.0464291 0.0469484 0.0473227 0.0475487 0.0476242 0.0475487 0.0473227 0.0469484 0.0464291 0.0457695 0.0449753 0.0440538 0.0430128 0.0418614 0.0406094 0.0392671 0.0378457 0.0363566 0.0348113 0.0332216 0.0315993 0.0299559 0.0283026 0.0266503 0.0250091 0.0233889 0.0217983 0.0202457 0.0187382 0.0172824 0.0158835 0.0145464 0.0132745 0.0120708 0.0109373 0.00987497 0.00888439 0.00796529 0.00711683 0.00633763 0.0056259 0.00497948 0.00439591 0.00387259 0.00340675 0.00299562 0.00263646 0.00232661 0.00206361 0.00184518 0.00166934 0.00153438 0.00143898 0.00138213 
0.00138213 0.00140125 0.00145882 0.00155544 0.0016921 0.00187016 0.00209133 0.00235763 0.00267133 0.00303494 0.00345112 0.00392265 0.00445233 0.00504292 0.00569707 0.00641725 0.00720562 0.00806399 0.00899374 0.0099957 0.0110701 0.0122165 0.0134337 0.0147197 0.0160716 0.0174857 0.0189574 0.0204811 0.0220504 0.0236577 0.0252951 0.0269534 0.0286229 0.0302932 0.0319534 0.0335923 0.035198 0.0367589 0.0382629 0.0396985 0.041054 0.0423184 0.0434811 0.0445322 0.0454628 0.0462646 0.0469307 0.047455 0.0478329 0.0480611 0.0481373 0.0480611 0.0478329 0.047455 0.0469307 0.0462646 0.0454628 0.0445322 0.0434811 0.0423184 0.041054 0.0396985 0.0382629 0.0367589 0.035198 0.0335923 0.0319534 0.0302932 0.0286229 0.0269534 0.0252951 0.0236577 0.0220504 0.0204811 0.0189574 0.0174857 0.0160716 0.0147197 0.0134337 0.0122165 0.0110701 0.0099957 0.00899374 0.00806399 0.00720562 0.00641725 0.00569707 0.00504292 0.00445233 0.00392265 0.00345112 0.00303494 0.00267133 0.00235763 0.00209133 0.00187016 0.0016921 0.00155544 0.00145882 0.00140125 
0.00143898 0.00145882 0.00151856 0.00161882 0.00176062 0.00194535 0.00217478 0.00245097 0.00277626 0.00315324 0.00358463 0.00407327 0.00462204 0.00523377 0.00591116 0.00665672 0.00747267 0.00836083 0.00932259 0.0103588 0.0114696 0.0126545 0.0139122 0.0152407 0.0166369 0.0180971 0.0196162 0.0211887 0.0228078 0.0244659 0.0261544 0.0278642 0.0295852 0.0313067 0.0330175 0.0347059 0.0363599 0.0379674 0.0395162 0.0409942 0.0423896 0.043691 0.0448877 0.0459694 0.0469269 0.0477519 0.0484372 0.0489766 0.0493654 0.0496001 0.0496786 0.0496001 0.0493654 0.0489766 0.0484372 0.0477519 0.0469269 0.0459694 0.0448877 0.043691 0.0423896 0.0409942 0.0395162 0.0379674 0.0363599 0.0347059 0.0330175 0.0313067 0.0295852 0.0278642 0.0261544 0.0244659 0.0228078 0.0211887 0.0196162 0.0180971 0.0166369 0.0152407 0.0139122 0.0126545 0.0114696 0.0103588 0.00932259 0.00836083 0.00747267 0.00665672 0.00591116 0.00523377 0.00462204 0.00407327 0.00358463 0.00315324 0.00277626 0.00245097 0.00217478 0.00194535 0.00176062 0.00161882 0.00151856 0.00145882 
0.00153438 0.00155544 0.00161882 0.00172518 0.00187558 0.00207149 0.00231475 0.00260751 0.00295223 0.00335159 0.00380844 0.00432573 0.00490646 0.00555357 0.00626986 0.0070579 0.00791999 0.00885799 0.00987328 0.0109667 0.0121383 0.0133876 0.0147132 0.0161127 0.017583 0.01912 0.0207185 0.0223724 0.0240747 0.0258174 0.0275915 0.0293873 0.0311943 0.0330012 0.0347963 0.0365673 0.0383019 0.0399872 0.0416105 0.0431593 0.0446213 0.0459845 0.0472377 0.0483704 0.0493729 0.0502366 0.0509539 0.0515184 0.0519254 0.052171 0.0522531 0.052171 0.0519254 0.0515184 0.0509539 0.0502366 0.0493729 0.0483704 0.0472377 0.0459845 0.0446213 0.0431593 0.0416105 0.0399872 0.0383019 0.0365673 0.0347963 0.0330012 0.0311943 0.0293873 0.0275915 0.0258174 0.0240747 0.0223724 0.0207185 0.01912 0.017583 0.0161127 0.0147132 0.0133876 0.0121383 0.0109667 0.00987328 0.00885799 0.00791999 0.0070579 0.00626986 0.00555357 0.00490646 0.00432573 0.00380844 0.00335159 0.00295223 0.00260751 0.00231475 0.00207149 0.00187558 0.00172518 0.00161882 0.00155544 
0.00166934 0.0016921 0.00176062 0.00187558 0.00203813 0.00224981 0.00251257 0.00282871 0.00320081 0.00363173 0.00412447 0.00468215 0.00530793 0.00600488 0.00677595 0.00762383 0.00855088 0.00955903 0.0106497 0.0118236 0.0130808 0.0144207 0.0158415 0.0173409 0.0189153 0.0205603 0.0222702 0.0240386 0.0258578 0.0277193 0.0296135 0.0315299 0.0334575 0.0353842 0.0372975 0.0391846 0.041032 0.0428264 0.0445542 0.0462022 0.0477574 0.0492072 0.0505397 0.0517437 0.0528092 0.053727 0.0544891 0.0550889 0.0555212 0.0557821 0.0558693 0.0557821 0.0555212 0.0550889 0.0544891 0.053727 0.0528092 0.0517437 0.0505397 0.0492072 0.0477574 0.0462022 0.0445542 0.0428264 0.041032 0.0391846 0.0372975 0.0353842 0.0334575 0.0315299 0.0296135 0.0277193 0.0258578 0.0240386 0.0222702 0.0205603 0.0189153 0.0173409 0.0158415 0.0144207 0.0130808 0.0118236 0.0106497 0.00955903 0.00855088 0.00762383 0.00677595 0.00600488 0.00530793 0.00468215 0.00412447 0.00363173 0.00320081 0.00282871 0.00251257 0.00224981 0.00203813 0.00187558 0.00176062 0.0016921 
0.00184518 0.00187016 0.00194535 0.00207149 0.00224981 0.00248196 0.00277005 0.00311653 0.00352418 0.00399605 0.00453535 0.00514541 0.00582959 0.00659116 0.00743323 0.00835863 0.00936983 0.0104688 0.011657 0.0129351 0.0143031 0.01576 0.0173042 0.0189326 0.0206415 0.022426 0.0242798 0.0261959 0.028166 0.0301807 0.0322298 0.0343019 0.0363849 0.038466 0.0405317 0.0425681 0.0445609 0.0464957 0.0483581 0.0501338 0.051809 0.0533701 0.0548045 0.0561004 0.0572469 0.0582343 0.0590541 0.0596992 0.0601641 0.0604446 0.0605384 0.0604446 0.0601641 0.0596992 0.0590541 0.0582343 0.0572469 0.0561004 0.0548045 0.0533701 0.051809 0.0501338 0.0483581 0.0464957 0.0445609 0.0425681 0.0405317 0.038466 0.0363849 0.0343019 0.0322298 0.0301807 0.028166 0.0261959 0.0242798 0.022426 0.0206415 0.0189326 0.0173042 0.01576 0.0143031 0.0129351 0.011657 0.0104688 0.00936983 0.00835863 0.00743323 0.00659116 0.00582959 0.00514541 0.00453535 0.00399605 0.00352418 0.00311653 0.00277005 0.00248196 0.00224981 0.00207149 0.00194535 0.00187016 
0.00206361 0.00209133 0.00217478 0.00231475 0.00251257 0.00277005 0.00308945 0.00347345 0.00392504 0.00444751 0.00504434 0.0057191 0.0064754 0.00731673 0.0082464 0.00926743 0.0103824 0.0115933 0.0129017 0.0143081 0.0158125 0.0174136 0.0191094 0.0208966 0.0227709 0.0247267 0.0267574 0.0288549 0.0310102 0.033213 0.0354521 0.037715 0.0399886 0.0422589 0.0445113 0.0467307 0.0489016 0.0510083 0.0530354 0.0549673 0.0567892 0.0584865 0.0600456 0.0614538 0.0626993 0.0637717 0.0646619 0.0653624 0.0658671 0.0661717 0.0662735 0.0661717 0.0658671 0.0653624 0.0646619 0.0637717 0.0626993 0.0614538 0.0600456 0.0584865 0.0567892 0.0549673 0.0530354 0.0510083 0.0489016 0.0467307 0.0445113 0.0422589 0.0399886 0.037715 0.0354521 0.033213 0.0310102 0.0288549 0.0267574 0.0247267 0.0227709 0.0208966 0.0191094 0.0174136 0.0158125 0.0143081 0.0129017 0.0115933 0.0103824 0.00926743 0.0082464 0.00731673 0.0064754 0.0057191 0.00504434 0.00444751 0.00392504 0.00347345 0.00308945 0.00277005 0.00251257 0.00231475 0.00217478 0.00209133 
0.00232661 0.00235763 0.00245097 0.00260751 0.00282871 0.00311653 0.00347345 0.00390237 0.00440657 0.00498962 0.00565528 0.00640743 0.00724995 0.00818662 0.00922097 0.0103562 0.011595 0.0129396 0.0143913 0.0159508 0.0176176 0.0193905 0.0212668 0.023243 0.025314 0.0274737 0.0297145 0.0320276 0.0344029 0.036829 0.0392935 0.0417828 0.0442824 0.046777 0.0492506 0.0516867 0.0540683 0.0563786 0.0586004 0.0607172 0.0627126 0.0645709 0.0662774 0.0678182 0.0691807 0.0703536 0.0713271 0.0720929 0.0726447 0.0729776 0.0730889 0.0729776 0.0726447 0.0720929 0.0713271 0.0703536 0.0691807 0.0678182 0.0662774 0.0645709 0.0627126 0.0607172 0.0586004 0.0563786 0.0540683 0.0516867 0.0492506 0.046777 0.0442824 0.0417828 0.0392935 0.036829 0.0344029 0.0320276 0.0297145 0.0274737 0.025314 0.023243 0.0212668 0.0193905 0.0176176 0.0159508 0.0143913 0.0129396 0.011595 0.0103562 0.00922097 0.00818662 0.00724995 0.00640743 0.00565528 0.00498962 0.00440657 0.00390237 0.00347345 0.00311653 0.00282871 0.00260751 0.00245097 0.00235763 
0.00263646 0.00267133 0.00277626 0.00295223 0.00320081 0.00352418 0.00392504 0.00440657 0.00497235 0.00562628 0.00637246 0.0072151 0.00815841 0.00920647 0.0103631 0.0116316 0.013015 0.0145154 0.0161342 0.0178719 0.019728 0.0217007 0.0237871 0.025983 0.0282827 0.0306791 0.0331639 0.0357271 0.0383575 0.0410425 0.0437682 0.0465197 0.049281 0.0520352 0.0547646 0.0574512 0.0600764 0.0626218 0.0650686 0.0673988 0.0695944 0.0716386 0.073515 0.0752088 0.0767062 0.0779949 0.0790643 0.0799055 0.0805115 0.0808771 0.0809993 0.0808771 0.0805115 0.0799055 0.0790643 0.0779949 0.0767062 0.0752088 0.073515 0.0716386 0.0695944 0.0673988 0.0650686 0.0626218 0.0600764 0.0574512 0.0547646 0.0520352 0.049281 0.0465197 0.0437682 0.0410425 0.0383575 0.0357271 0.0331639 0.0306791 0.0282827 0.025983 0.0237871 0.0217007 0.019728 0.0178719 0.0161342 0.0145154 0.013015 0.0116316 0.0103631 0.00920647 0.00815841 0.0072151 0.00637246 0.00562628 0.00497235 0.00440657 0.00392504 0.00352418 0.00320081 0.00295223 0.00277626 0.00267133 
0.00299562 0.00303494 0.00315324 0.00335159 0.00363173 0.00399605 0.00444751 0.00498962 0.00562628 0.00636176 0.00720055 0.00814723 0.00920636 0.0103823 0.0116793 0.0131008 0.0146499 0.0163289 0.0181391 0.020081 0.0221536 0.0243549 0.0266815 0.0291284 0.0316891 0.0343558 0.0371188 0.0399671 0.0428882 0.0458679 0.0488909 0.0519407 0.0549994 0.0580484 0.0610684 0.0640394 0.0669411 0.0697531 0.0724551 0.075027 0.0774496 0.0797041 0.081773 0.08364 0.08529 0.0867097 0.0878877 0.0888141 0.0894814 0.0898839 0.0900185 0.0898839 0.0894814 0.0888141 0.0878877 0.0867097 0.08529 0.08364 0.081773 0.0797041 0.0774496 0.075027 0.0724551 0.0697531 0.0669411 0.0640394 0.0610684 0.0580484 0.0549994 0.0519407 0.0488909 0.0458679 0.0428882 0.0399671 0.0371188 0.0343558 0.0316891 0.0291284 0.0266815 0.0243549 0.0221536 0.020081 0.0181391 0.0163289 0.0146499 0.0131008 0.0116793 0.0103823 0.00920636 0.00814723 0.00720055 0.00636176 0.00562628 0.00498962 0.00444751 0.00399605 0.00363173 0.00335159 0.00315324 0.00303494 
0.00340675 0.00345112 0.00358463 0.00380844 0.00412447 0.00453535 0.00504434 0.00565528 0.00637246 0.00720055 0.00814445 0.00920915 0.0103996 0.0117206 0.0131765 0.0147712 0.0165078 0.0183888 0.0204154 0.0225878 0.0249049 0.0273641 0.0299613 0.032691 0.0355457 0.0385164 0.0415923 0.0447611 0.0480086 0.0513192 0.0546758 0.0580599 0.061452 0.0648313 0.0681766 0.0714658 0.0746766 0.0777867 0.0807736 0.0836157 0.0862915 0.0887809 0.0910645 0.0931245 0.0949447 0.0965106 0.0978094 0.0988308 0.0995664 0.10001 0.100158 0.10001 0.0995664 0.0988308 0.0978094 0.0965106 0.0949447 0.0931245 0.0910645 0.0887809 0.0862915 0.0836157 0.0807736 0.0777867 0.0746766 0.0714658 0.0681766 0.0648313 0.061452 0.0580599 0.0546758 0.0513192 0.0480086 0.0447611 0.0415923 0.0385164 0.0355457 0.032691 0.0299613 0.0273641 0.0249049 0.0225878 0.0204154 0.0183888 0.0165078 0.0147712 0.0131765 0.0117206 0.0103996 0.00920915 0.00814445 0.00720055 0.00637246 0.00565528 0.00504434 0.00453535 0.00412447 0.00380844 0.00358463 0.00345112 
0.00387259 0.00392265 0.00407327 0.00432573 0.00468215 0.00514541 0.0057191 0.00640743 0.0072151 0.00814723 0.00920915 0.0104063 0.0117441 0.0132276 0.0148616 0.0166502 0.0185968 0.0207036 0.022972 0.0254019 0.0279918 0.0307387 0.0336377 0.0366824 0.0398643 0.0431733 0.0465972 0.050122 0.053732 0.0574097 0.0611361 0.0648908 0.068652 0.0723969 0.076102 0.079743 0.0832954 0.0867346 0.0900362 0.0931762 0.0961314 0.0988796 0.1014 0.103673 0.10568 0.107407 0.108839 0.109965 0.110775 0.111265 0.111428 0.111265 0.110775 0.109965 0.108839 0.107407 0.10568 0.103673 0.1014 0.0988796 0.0961314 0.0931762 0.0900362 0.0867346 0.0832954 0.079743 0.076102 0.0723969 0.068652 0.0648908 0.0611361 0.0574097 0.053732 0.050122 0.0465972 0.0431733 0.0398643 0.0366824 0.0336377 0.0307387 0.0279918 0.0254019 0.022972 0.0207036 0.0185968 0.0166502 0.0148616 0.0132276 0.0117441 0.0104063 0.00920915 0.00814723 0.0072151 0.00640743 0.0057191 0.00514541 0.00468215 0.00432573 0.00407327 0.00392265 
0.00439591 0.00445233 0.00462204 0.00490646 0.00530793 0.00582959 0.0064754 0.00724995 0.00815841 0.00920636 0.0103996 0.0117441 0.0132456 0.0149097 0.0167415 0.0187452 0.0209245 0.0232816 0.0258177 0.0285326 0.0314242 0.0344889 0.0377211 0.0411134 0.0446561 0.0483378 0.0521447 0.0560612 0.0600698 0.0641509 0.0682834 0.0724446 0.0766105 0.080756 0.0848551 0.0888811 0.0928071 0.0966061 0.100251 0.103717 0.106977 0.110007 0.112786 0.11529 0.117502 0.119404 0.120981 0.122221 0.123113 0.123652 0.123832 0.123652 0.123113 0.122221 0.120981 0.119404 0.117502 0.11529 0.112786 0.110007 0.106977 0.103717 0.100251 0.0966061 0.0928071 0.0888811 0.0848551 0.080756 0.0766105 0.0724446 0.0682834 0.0641509 0.0600698 0.0560612 0.0521447 0.0483378 0.0446561 0.0411134 0.0377211 0.0344889 0.0314242 0.0285326 0.0258177 0.0232816 0.0209245 0.0187452 0.0167415 0.0149097 0.0132456 0.0117441 0.0103996 0.00920636 0.00815841 0.00724995 0.0064754 0.00582959 0.00530793 0.00490646 0.00462204 0.00445233 
0.00497948 0.00504292 0.00523377 0.00555357 0.00600488 0.00659116 0.00731673 0.00818662 0.00920647 0.0103823 0.0117206 0.0132276 0.0149097 0.0167728 0.0188224 0.0210629 0.0234981 0.0261304 0.0289606 0.0319882 0.0352107 0.0386237 0.0422208 0.0459934 0.0499307 0.0540195 0.0582446 0.0625884 0.0670314 0.0715518 0.0761263 0.0807298 0.0853356 0.0899162 0.0944429 0.0988865 0.103217 0.107406 0.111424 0.115241 0.118831 0.122167 0.125224 0.127979 0.130411 0.132502 0.134236 0.135598 0.136579 0.137171 0.137368 0.137171 0.136579 0.135598 0.134236 0.132502 0.130411 0.127979 0.125224 0.122167 0.118831 0.115241 0.111424 0.107406 0.103217 0.0988865 0.0944429 0.0899162 0.0853356 0.0807298 0.0761263 0.0715518 0.0670314 0.0625884 0.0582446 0.0540195 0.0499307 0.0459934 0.0422208 0.0386237 0.0352107 0.0319882 0.0289606 0.0261304 0.0234981 0.0210629 0.0188224 0.0167728 0.0149097 0.0132276 0.0117206 0.0103823 0.00920647 0.00818662 0.00731673 0.00659116 0.00600488 0.00555357 0.00523377 0.00504292 
0.0056259 0.00569707 0.00591116 0.00626986 0.00677595 0.00743323 0.0082464 0.00922097 0.0103631 0.0116793 0.0131765 0.0148616 0.0167415 0.0188224 0.0211101 0.0236095 0.0263242 0.0292566 0.0324075 0.0357758 0.0393586 0.0431505 0.0471443 0.05133 0.0556954 0.0602258 0.064904 0.0697105 0.0746234 0.0796187 0.0846706 0.0897513 0.0948315 0.0998809 0.104868 0.109761 0.114528 0.119135 0.123552 0.127748 0.131691 0.135354 0.13871 0.141734 0.144402 0.146696 0.148597 0.15009 0.151166 0.151814 0.152031 0.151814 0.151166 0.15009 0.148597 0.146696 0.144402 0.141734 0.13871 0.135354 0.131691 0.127748 0.123552 0.119135 0.114528 0.109761 0.104868 0.0998809 0.0948315 0.0897513 0.0846706 0.0796187 0.0746234 0.0697105 0.064904 0.0602258 0.0556954 0.05133 0.0471443 0.0431505 0.0393586 0.0357758 0.0324075 0.0292566 0.0263242 0.0236095 0.0211101 0.0188224 0.0167415 0.0148616 0.0131765 0.0116793 0.0103631 0.00922097 0.0082464 0.00743323 0.00677595 0.00626986 0.00591116 0.00569707 
0.00633763 0.00641725 0.00665672 0.0070579 0.00762383 0.00835863 0.00926743 0.0103562 0.0116316 0.0131008 0.0147712 0.0166502 0.0187452 0.0210629 0.0236095 0.0263898 0.0294078 0.0326657 0.036164 0.0399012 0.0438735 0.048075 0.052497 0.0571284 0.0619553 0.0669613 0.0721271 0.0774309 0.0828487 0.0883538 0.0939177 0.0995097 0.105098 0.110649 0.116128 0.121501 0.126733 0.131787 0.13663 0.141228 0.145549 0.14956 0.153234 0.156542 0.159462 0.161971 0.164049 0.165683 0.166858 0.167567 0.167804 0.167567 0.166858 0.165683 0.164049 0.161971 0.159462 0.156542 0.153234 0.14956 0.145549 0.141228 0.13663 0.131787 0.126733 0.121501 0.116128 0.110649 0.105098 0.0995097 0.0939177 0.0883538 0.0828487 0.0774309 0.0721271 0.0669613 0.0619553 0.0571284 0.052497 0.048075 0.0438735 0.0399012 0.036164 0.0326657 0.0294078 0.0263898 0.0236095 0.0210629 0.0187452 0.0166502 0.0147712 0.0131008 0.0116316 0.0103562 0.00926743 0.00835863 0.00762383 0.0070579 0.00665672 0.00641725 
0.00711683 0.00720562 0.00747267 0.00791999 0.00855088 0.00936983 0.0103824 0.011595 0.013015 0.0146499 0.0165078 0.0185968 0.0209245 0.0234981 0.0263242 0.0294078 0.0327529 0.0363615 0.0402338 0.0443678 0.0487589 0.0534002 0.0582818 0.063391 0.0687123 0.0742272 0.0799143 0.0857496 0.0917062 0.097755 0.103864 0.110001 0.116129 0.122214 0.128216 0.134098 0.139822 0.14535 0.150644 0.155668 0.160387 0.164766 0.168776 0.172386 0.17557 0.178305 0.180572 0.182352 0.183633 0.184406 0.184664 0.184406 0.183633 0.182352 0.180572 0.178305 0.17557 0.172386 0.168776 0.164766 0.160387 0.155668 0.150644 0.14535 0.139822 0.134098 0.128216 0.122214 0.116129 0.110001 0.103864 0.097755 0.0917062 0.0857496 0.0799143 0.0742272 0.0687123 0.063391 0.0582818 0.0534002 0.0487589 0.0443678 0.0402338 0.0363615 0.0327529 0.0294078 0.0263242 0.0234981 0.0209245 0.0185968 0.0165078 0.0146499 0.013015 0.011595 0.0103824 0.00936983 0.00855088 0.00791999 0.00747267 0.00720562 
0.00796529 0.00806399 0.00836083 0.00885799 0.00955903 0.0104688 0.0115933 0.0129396 0.0145154 0.0163289 0.0183888 0.0207036 0.0232816 0.0261304 0.0292566 0.0326657 0.0363615 0.0403458 0.0446186 0.049177 0.0540157 0.0591265 0.0644984 0.0701168 0.0759646 0.0820209 0.0882622 0.0946618 0.10119 0.107815 0.114502 0.121215 0.127914 0.134561 0.141115 0.147535 0.153778 0.159804 0.165573 0.171045 0.176182 0.180948 0.185309 0.189235 0.192697 0.19567 0.198133 0.200067 0.201459 0.202298 0.202579 0.202298 0.201459 0.200067 0.198133 0.19567 0.192697 0.189235 0.185309 0.180948 0.176182 0.171045 0.165573 0.159804 0.153778 0.147535 0.141115 0.134561 0.127914 0.121215 0.114502 0.107815 0.10119 0.0946618 0.0882622 0.0820209 0.0759646 0.0701168 0.0644984 0.0591265 0.0540157 0.049177 0.0446186 0.0403458 0.0363615 0.0326657 0.0292566 0.0261304 0.0232816 0.0207036 0.0183888 0.0163289 0.0145154 0.0129396 0.0115933 0.0104688 0.00955903 0.00885799 0.00836083 0.00806399 
0.00888439 0.00899374 0.00932259 0.00987328 0.0106497 0.011657 0.0129017 0.0143913 0.0161342 0.0181391 0.0204154 0.022972 0.0258177 0.0289606 0.0324075 0.036164 0.0402338 0.0446186 0.0493176 0.0543275 0.0596419 0.0652513 0.0711432 0.0773014 0.0837065 0.0903356 0.0971625 0.104158 0.111289 0.118521 0.125816 0.133135 0.140434 0.147673 0.154805 0.161787 0.168574 0.175122 0.181387 0.187326 0.1929 0.198069 0.202797 0.207052 0.210803 0.214024 0.216691 0.218786 0.220293 0.221201 0.221505 0.221201 0.220293 0.218786 0.216691 0.214024 0.210803 0.207052 0.202797 0.198069 0.1929 0.187326 0.181387 0.175122 0.168574 0.161787 0.154805 0.147673 0.140434 0.133135 0.125816 0.118521 0.111289 0.104158 0.0971625 0.0903356 0.0837065 0.0773014 0.0711432 0.0652513 0.0596419 0.0543275 0.0493176 0.0446186 0.0402338 0.036164 0.0324075 0.0289606 0.0258177 0.022972 0.0204154 0.0181391 0.0161342 0.0143913 0.0129017 0.011657 0.0106497 0.00987328 0.00932259 0.00899374 
0.00987497 0.0099957 0.0103588 0.0109667 0.0118236 0.0129351 0.0143081 0.0159508 0.0178719 0.020081 0.0225878 0.0254019 0.0285326 0.0319882 0.0357758 0.0399012 0.0443678 0.049177 0.0543275 0.059815 0.0656323 0.0717683 0.0782089 0.0849361 0.0919281 0.0991597 0.106602 0.114223 0.121987 0.129855 0.137787 0.145738 0.153665 0.16152 0.169256 0.176825 0.184178 0.191267 0.198047 0.204472 0.210499 0.216086 0.221195 0.225791 0.229841 0.233318 0.236196 0.238456 0.240082 0.241062 0.24139 0.241062 0.240082 0.238456 0.236196 0.233318 0.229841 0.225791 0.221195 0.216086 0.210499 0.204472 0.198047 0.191267 0.184178 0.176825 0.169256 0.16152 0.153665 0.145738 0.137787 0.129855 0.121987 0.114223 0.106602 0.0991597 0.0919281 0.0849361 0.0782089 0.0717683 0.0656323 0.059815 0.0543275 0.049177 0.0443678 0.0399012 0.0357758 0.0319882 0.0285326 0.0254019 0.0225878 0.020081 0.0178719 0.0159508 0.0143081 0.0129351 0.0118236 0.0109667 0.0103588 0.0099957 
0.0109373 0.0110701 0.0114696 0.0121383 0.0130808 0.0143031 0.0158125 0.0176176 0.019728 0.0221536 0.0249049 0.0279918 0.0314242 0.0352107 0.0393586 0.0438735 0.0487589 0.0540157 0.0596419 0.0656323 0.0719783 0.0786676 0.0856841 0.0930078 0.100615 0.108477 0.116562 0.124836 0.13326 0.141791 0.150386 0.158996 0.167574 0.17607 0.184431 0.192607 0.200545 0.208196 0.215508 0.222434 0.228928 0.234946 0.240447 0.245393 0.249751 0.253491 0.256587 0.259017 0.260765 0.261819 0.262171 0.261819 0.260765 0.259017 0.256587 0.253491 0.249751 0.245393 0.240447 0.234946 0.228928 0.222434 0.215508 0.208196 0.200545 0.192607 0.184431 0.17607 0.167574 0.158996 0.150386 0.141791 0.13326 0.124836 0.116562 0.108477 0.100615 0.0930078 0.0856841 0.0786676 0.0719783 0.0656323 0.0596419 0.0540157 0.0487589 0.0438735 0.0393586 0.0352107 0.0314242 0.0279918 0.0249049 0.0221536 0.019728 0.0176176 0.0158125 0.0143031 0.0130808 0.0121383 0.0114696 0.0110701 
0.0120708 0.0122165 0.0126545 0.0133876 0.0144207 0.01576 0.0174136 0.0193905 0.0217007 0.0243549 0.0273641 0.0307387 0.0344889 0.0386237 0.0431505 0.048075 0.0534002 0.0591265 0.0652513 0.0717683 0.0786676 0.0859352 0.093553 0.101499 0.109746 0.118265 0.12702 0.135972 0.14508 0.154298 0.163579 0.172871 0.182122 0.191278 0.200285 0.209086 0.217627 0.225854 0.233713 0.241153 0.248126 0.254585 0.260487 0.265792 0.270465 0.274474 0.277792 0.280396 0.282269 0.283398 0.283775 0.283398 0.282269 0.280396 0.277792 0.274474 0.270465 0.265792 0.260487 0.254585 0.248126 0.241153 0.233713 0.225854 0.217627 0.209086 0.200285 0.191278 0.182122 0.172871 0.163579 0.154298 0.14508 0.135972 0.12702 0.118265 0.109746 0.101499 0.093553 0.0859352 0.0786676 0.0717683 0.0652513 0.0591265 0.0534002 0.048075 0.0431505 0.0386237 0.0344889 0.0307387 0.0273641 0.0243549 0.0217007 0.0193905 0.0174136 0.01576 0.0144207 0.0133876 0.0126545 0.0122165 
0.0132745 0.0134337 0.0139122 0.0147132 0.0158415 0.0173042 0.0191094 0.0212668 0.0237871 0.0266815 0.0299613 0.0336377 0.0377211 0.0422208 0.0471443 0.052497 0.0582818 0.0644984 0.0711432 0.0782089 0.0856841 0.093553 0.101796 0.110387 0.119299 0.128497 0.137944 0.147597 0.157412 0.167339 0.177326 0.187319 0.197262 0.207096 0.216764 0.226206 0.235364 0.244179 0.252597 0.260563 0.268024 0.274932 0.281243 0.286913 0.291906 0.296188 0.299731 0.302512 0.304511 0.305716 0.306119 0.305716 0.304511 0.302512 0.299731 0.296188 0.291906 0.286913 0.281243 0.274932 0.268024 0.260563 0.252597 0.244179 0.235364 0.226206 0.216764 0.207096 0.197262 0.187319 0.177326 0.167339 0.157412 0.147597 0.137944 0.128497 0.119299 0.110387 0.101796 0.093553 0.0856841 0.0782089 0.0711432 0.0644984 0.0582818 0.052497 0.0471443 0.0422208 0.0377211 0.0336377 0.0299613 0.0266815 0.0237871 0.0212668 0.0191094 0.0173042 0.0158415 0.0147132 0.0139122 0.0134337 
0.0145464 0.0147197 0.0152407 0.0161127 0.0173409 0.0189326 0.0208966 0.023243 0.025983 0.0291284 0.032691 0.0366824 0.0411134 0.0459934 0.05133 0.0571284 0.063391 0.0701168 0.0773014 0.0849361 0.0930078 0.101499 0.110387 0.119646 0.129242 0.139141 0.1493 0.159674 0.170214 0.180868 0.191579 0.202289 0.212939 0.223466 0.233808 0.243903 0.253688 0.263103 0.272088 0.280586 0.288542 0.295906 0.302629 0.308669 0.313985 0.318543 0.322314 0.325272 0.3274 0.328681 0.32911 0.328681 0.3274 0.325272 0.322314 0.318543 0.313985 0.308669 0.302629 0.295906 0.288542 0.280586 0.272088 0.263103 0.253688 0.243903 0.233808 0.223466 0.212939 0.202289 0.191579 0.180868 0.170214 0.159674 0.1493 0.139141 0.129242 0.119646 0.110387 0.101499 0.0930078 0.0849361 0.0773014 0.0701168 0.063391 0.0571284 0.05133 0.0459934 0.0411134 0.0366824 0.032691 0.0291284 0.025983 0.023243 0.0208966 0.0189326 0.0173409 0.0161127 0.0152407 0.0147197 
0.0158835 0.0160716 0.0166369 0.017583 0.0189153 0.0206415 0.0227709 0.025314 0.0282827 0.0316891 0.0355457 0.0398643 0.0446561 0.0499307 0.0556954 0.0619553 0.0687123 0.0759646 0.0837065 0.0919281 0.100615 0.109746 0.119299 0.129242 0.139542 0.150158 0.161047 0.172158 0.183439 0.194834 0.206283 0.217724 0.229092 0.240323 0.251349 0.262105 0.272525 0.282546 0.292103 0.301138 0.309594 0.317416 0.324555 0.330966 0.336607 0.341442 0.345442 0.348579 0.350834 0.352193 0.352647 0.352193 0.350834 0.348579 0.345442 0.341442 0.336607 0.330966 0.324555 0.317416 0.309594 0.301138 0.292103 0.282546 0.272525 0.262105 0.251349 0.240323 0.229092 0.217724 0.206283 0.194834 0.183439 0.172158 0.161047 0.150158 0.139542 0.129242 0.119299 0.109746 0.100615 0.0919281 0.0837065 0.0759646 0.0687123 0.0619553 0.0556954 0.0499307 0.0446561 0.0398643 0.0355457 0.0316891 0.0282827 0.025314 0.0227709 0.0206415 0.0189153 0.017583 0.0166369 0.0160716 
0.0172824 0.0174857 0.0180971 0.01912 0.0205603 0.022426 0.0247267 0.0274737 0.0306791 0.0343558 0.0385164 0.0431733 0.0483378 0.0540195 0.0602258 0.0669613 0.0742272 0.0820209 0.0903356 0.0991597 0.108477 0.118265 0.128497 0.139141 0.150158 0.161507 0.173138 0.184999 0.197034 0.209182 0.221379 0.233559 0.245654 0.257595 0.269311 0.280734 0.291793 0.302422 0.312555 0.322129 0.331085 0.339366 0.346921 0.353703 0.359669 0.364781 0.369008 0.372323 0.374706 0.376142 0.376622 0.376142 0.374706 0.372323 0.369008 0.364781 0.359669 0.353703 0.346921 0.339366 0.331085 0.322129 0.312555 0.302422 0.291793 0.280734 0.269311 0.257595 0.245654 0.233559 0.221379 0.209182 0.197034 0.184999 0.173138 0.161507 0.150158 0.139141 0.128497 0.118265 0.108477 0.0991597 0.0903356 0.0820209 0.0742272 0.0669613 0.0602258 0.0540195 0.0483378 0.0431733 0.0385164 0.0343558 0.0306791 0.0274737 0.0247267 0.022426 0.0205603 0.01912 0.0180971 0.0174857 
0.0187382 0.0189574 0.0196162 0.0207185 0.0222702 0.0242798 0.0267574 0.0297145 0.0331639 0.0371188 0.0415923 0.0465972 0.0521447 0.0582446 0.064904 0.0721271 0.0799143 0.0882622 0.0971625 0.106602 0.116562 0.12702 0.137944 0.1493 0.161047 0.173138 0.185522 0.198142 0.210939 0.223846 0.236798 0.249723 0.262549 0.275204 0.287613 0.299704 0.311403 0.322641 0.333349 0.343461 0.352915 0.361653 0.369622 0.376772 0.38306 0.388447 0.3929 0.396392 0.398902 0.400413 0.400918 0.400413 0.398902 0.396392 0.3929 0.388447 0.38306 0.376772 0.369622 0.361653 0.352915 0.343461 0.333349 0.322641 0.311403 0.299704 0.287613 0.275204 0.262549 0.249723 0.236798 0.223846 0.210939 0.198142 0.185522 0.173138 0.161047 0.1493 0.137944 0.12702 0.116562 0.106602 0.0971625 0.0882622 0.0799143 0.0721271 0.064904 0.0582446 0.0521447 0.0465972 0.0415923 0.0371188 0.0331639 0.0297145 0.0267574 0.0242798 0.0222702 0.0207185 0.0196162 0.0189574 
0.0202457 0.0204811 0.0211887 0.0223724 0.0240386 0.0261959 0.0288549 0.0320276 0.0357271 0.0399671 0.0447611 0.050122 0.0560612 0.0625884 0.0697105 0.0774309 0.0857496 0.0946618 0.104158 0.114223 0.124836 0.135972 0.147597 0.159674 0.172158 0.184999 0.198142 0.211527 0.22509 0.238761 0.25247 0.266141 0.279699 0.293067 0.306168 0.318925 0.331261 0.343104 0.354383 0.365028 0.374976 0.384167 0.392545 0.400059 0.406666 0.412323 0.416999 0.420665 0.4233 0.424886 0.425416 0.424886 0.4233 0.420665 0.416999 0.412323 0.406666 0.400059 0.392545 0.384167 0.374976 0.365028 0.354383 0.343104 0.331261 0.318925 0.306168 0.293067 0.279699 0.266141 0.25247 0.238761 0.22509 0.211527 0.198142 0.184999 0.172158 0.159674 0.147597 0.135972 0.124836 0.114223 0.104158 0.0946618 0.0857496 0.0774309 0.0697105 0.0625884 0.0560612 0.050122 0.0447611 0.0399671 0.0357271 0.0320276 0.0288549 0.0261959 0.0240386 0.0223724 0.0211887 0.0204811 
0.0217983 0.0220504 0.0228078 0.0240747 0.0258578 0.028166 0.0310102 0.0344029 0.0383575 0.0428882 0.0480086 0.053732 0.0600698 0.0670314 0.0746234 0.0828487 0.0917062 0.10119 0.111289 0.121987 0.13326 0.14508 0.157412 0.170214 0.183439 0.197034 0.210939 0.22509 0.239419 0.253853 0.268317 0.282732 0.297019 0.311097 0.324884 0.338301 0.351268 0.36371 0.375551 0.386723 0.397158 0.406794 0.415574 0.423447 0.430365 0.436289 0.441183 0.44502 0.447776 0.449436 0.449991 0.449436 0.447776 0.44502 0.441183 0.436289 0.430365 0.423447 0.415574 0.406794 0.397158 0.386723 0.375551 0.36371 0.351268 0.338301 0.324884 0.311097 0.297019 0.282732 0.268317 0.253853 0.239419 0.22509 0.210939 0.197034 0.183439 0.170214 0.157412 0.14508 0.13326 0.121987 0.111289 0.10119 0.0917062 0.0828487 0.0746234 0.0670314 0.0600698 0.053732 0.0480086 0.0428882 0.0383575 0.0344029 0.0310102 0.028166 0.0258578 0.0240747 0.0228078 0.0220504 
0.0233889 0.0236577 0.0244659 0.0258174 0.0277193 0.0301807 0.033213 0.036829 0.0410425 0.0458679 0.0513192 0.0574097 0.0641509 0.0715518 0.0796187 0.0883538 0.097755 0.107815 0.118521 0.129855 0.141791 0.154298 0.167339 0.180868 0.194834 0.209182 0.223846 0.238761 0.253853 0.269046 0.28426 0.299413 0.314421 0.329199 0.343664 0.357732 0.371321 0.384351 0.396746 0.408434 0.419346 0.429418 0.438591 0.446814 0.454037 0.46022 0.465327 0.469329 0.472204 0.473936 0.474514 0.473936 0.472204 0.469329 0.465327 0.46022 0.454037 0.446814 0.438591 0.429418 0.419346 0.408434 0.396746 0.384351 0.371321 0.357732 0.343664 0.329199 0.314421 0.299413 0.28426 0.269046 0.253853 0.238761 0.223846 0.209182 0.194834 0.180868 0.167339 0.154298 0.141791 0.129855 0.118521 0.107815 0.097755 0.0883538 0.0796187 0.0715518 0.0641509 0.0574097 0.0513192 0.0458679 0.0410425 0.036829 0.033213 0.0301807 0.0277193 0.0258174 0.0244659 0.0236577 
0.0250091 0.0252951 0.0261544 0.0275915 0.0296135 0.0322298 0.0354521 0.0392935 0.0437682 0.0488909 0.0546758 0.0611361 0.0682834 0.0761263 0.0846706 0.0939177 0.103864 0.114502 0.125816 0.137787 0.150386 0.163579 0.177326 0.191579 0.206283 0.221379 0.236798 0.25247 0.268317 0.28426 0.300214 0.316094 0.331813 0.347281 0.362411 0.377117 0.391314 0.40492 0.417856 0.430047 0.441424 0.451919 0.461475 0.470037 0.477555 0.483989 0.489303 0.493466 0.496456 0.498257 0.498858 0.498257 0.496456 0.493466 0.489303 0.483989 0.477555 0.470037 0.461475 0.451919 0.441424 0.430047 0.417856 0.40492 0.391314 0.377117 0.362411 0.347281 0.331813 0.316094 0.300214 0.28426 0.268317 0.25247 0.236798 0.221379 0.206283 0.191579 0.177326 0.163579 0.150386 0.137787 0.125816 0.114502 0.103864 0.0939177 0.0846706 0.0761263 0.0682834 0.0611361 0.0546758 0.0488909 0.0437682 0.0392935 0.0354521 0.0322298 0.0296135 0.0275915 0.0261544 0.0252951 
0.0266503 0.0269534 0.0278642 0.0293873 0.0315299 0.0343019 0.037715 0.0417828 0.0465197 0.0519407 0.0580599 0.0648908 0.0724446 0.0807298 0.0897513 0.0995097 0.110001 0.121215 0.133135 0.145738 0.158996 0.172871 0.187319 0.202289 0.217724 0.233559 0.249723 0.266141 0.282732 0.299413 0.316094 0.332688 0.349101 0.365244 0.381024 0.396353 0.411142 0.425307 0.438768 0.451447 0.463273 0.474179 0.484104 0.492993 0.500797 0.507473 0.512984 0.517302 0.520403 0.52227 0.522893 0.52227 0.520403 0.517302 0.512984 0.507473 0.500797 0.492993 0.484104 0.474179 0.463273 0.451447 0.438768 0.425307 0.411142 0.396353 0.381024 0.365244 0.349101 0.332688 0.316094 0.299413 0.282732 0.266141 0.249723 0.233559 0.217724 0.202289 0.187319 0.172871 0.158996 0.145738 0.133135 0.121215 0.110001 0.0995097 0.0897513 0.0807298 0.0724446 0.0648908 0.0580599 0.0519407 0.0465197 0.0417828 0.037715 0.0343019 0.0315299 0.0293873 0.0278642 0.0269534 
0.0283026 0.0286229 0.0295852 0.0311943 0.0334575 0.0363849 0.0399886 0.0442824 0.049281 0.0549994 0.061452 0.068652 0.0766105 0.0853356 0.0948315 0.105098 0.116129 0.127914 0.140434 0.153665 0.167574 0.182122 0.197262 0.212939 0.229092 0.245654 0.262549 0.279699 0.297019 0.314421 0.331813 0.349101 0.366192 0.38299 0.399401 0.415333 0.430696 0.445403 0.45937 0.47252 0.484779 0.496079 0.506358 0.515561 0.523638 0.530545 0.536247 0.540712 0.543918 0.545849 0.546493 0.545849 0.543918 0.540712 0.536247 0.530545 0.523638 0.515561 0.506358 0.496079 0.484779 0.47252 0.45937 0.445403 0.430696 0.415333 0.399401 0.38299 0.366192 0.349101 0.331813 0.314421 0.297019 0.279699 0.262549 0.245654 0.229092 0.212939 0.197262 0.182122 0.167574 0.153665 0.140434 0.127914 0.116129 0.105098 0.0948315 0.0853356 0.0766105 0.068652 0.061452 0.0549994 0.049281 0.0442824 0.0399886 0.0363849 0.0334575 0.0311943 0.0295852 0.0286229 
0.0299559 0.0302932 0.0313067 0.0330012 0.0353842 0.038466 0.0422589 0.046777 0.0520352 0.0580484 0.0648313 0.0723969 0.080756 0.0899162 0.0998809 0.110649 0.122214 0.134561 0.147673 0.16152 0.17607 0.191278 0.207096 0.223466 0.240323 0.257595 0.275204 0.293067 0.311097 0.329199 0.347281 0.365244 0.38299 0.400422 0.417442 0.433956 0.44987 0.465097 0.47955 0.493151 0.505824 0.517501 0.528119 0.537621 0.545958 0.553085 0.558967 0.563573 0.566879 0.56887 0.569535 0.56887 0.566879 0.563573 0.558967 0.553085 0.545958 0.537621 0.528119 0.517501 0.505824 0.493151 0.47955 0.465097 0.44987 0.433956 0.417442 0.400422 0.38299 0.365244 0.347281 0.329199 0.311097 0.293067 0.275204 0.257595 0.240323 0.223466 0.207096 0.191278 0.17607 0.16152 0.147673 0.134561 0.122214 0.110649 0.0998809 0.0899162 0.080756 0.0723969 0.0648313 0.0580484 0.0520352 0.046777 0.0422589 0.038466 0.0353842 0.0330012 0.0313067 0.0302932 
0.0315993 0.0319534 0.0330175 0.0347963 0.0372975 0.0405317 0.0445113 0.0492506 0.0547646 0.0610684 0.0681766 0.076102 0.0848551 0.0944429 0.104868 0.116128 0.128216 0.141115 0.154805 0.169256 0.184431 0.200285 0.216764 0.233808 0.251349 0.269311 0.287613 0.306168 0.324884 0.343664 0.362411 0.381024 0.399401 0.417442 0.435047 0.452118 0.46856 0.484283 0.4992 0.51323 0.526297 0.538332 0.54927 0.559056 0.567639 0.574974 0.581026 0.585764 0.589166 0.591213 0.591896 0.591213 0.589166 0.585764 0.581026 0.574974 0.567639 0.559056 0.54927 0.538332 0.526297 0.51323 0.4992 0.484283 0.46856 0.452118 0.435047 0.417442 0.399401 0.381024 0.362411 0.343664 0.324884 0.306168 0.287613 0.269311 0.251349 0.233808 0.216764 0.200285 0.184431 0.169256 0.154805 0.141115 0.128216 0.116128 0.104868 0.0944429 0.0848551 0.076102 0.0681766 0.0610684 0.0547646 0.0492506 0.0445113 0.0405317 0.0372975 0.0347963 0.0330175 0.0319534 
0.0332216 0.0335923 0.0347059 0.0365673 0.0391846 0.0425681 0.0467307 0.0516867 0.0574512 0.0640394 0.0714658 0.079743 0.0888811 0.0988865 0.109761 0.121501 0.134098 0.147535 0.161787 0.176825 0.192607 0.209086 0.226206 0.243903 0.262105 0.280734 0.299704 0.318925 0.338301 0.357732 0.377117 0.396353 0.415333 0.433956 0.452118 0.469719 0.486663 0.502857 0.518213 0.532649 0.546089 0.558461 0.569702 0.579754 0.588568 0.596099 0.602311 0.607173 0.610663 0.612763 0.613464 0.612763 0.610663 0.607173 0.602311 0.596099 0.588568 0.579754 0.569702 0.558461 0.546089 0.532649 0.518213 0.502857 0.486663 0.469719 0.452118 0.433956 0.415333 0.396353 0.377117 0.357732 0.338301 0.318925 0.299704 0.280734 0.262105 0.243903 0.226206 0.209086 0.192607 0.176825 0.161787 0.147535 0.134098 0.121501 0.109761 0.0988865 0.0888811 0.079743 0.0714658 0.0640394 0.0574512 0.0516867 0.0467307 0.0425681 0.0391846 0.0365673 0.0347059 0.0335923 
0.0348113 0.035198 0.0363599 0.0383019 0.041032 0.0445609 0.0489016 0.0540683 0.0600764 0.0669411 0.0746766 0.0832954 0.0928071 0.103217 0.114528 0.126733 0.139822 0.153778 0.168574 0.184178 0.200545 0.217627 0.235364 0.253688 0.272525 0.291793 0.311403 0.331261 0.351268 0.371321 0.391314 0.411142 0.430696 0.44987 0.46856 0.486663 0.504081 0.520719 0.536489 0.551307 0.565095 0.577783 0.589307 0.599609 0.608638 0.616352 0.622712 0.62769 0.631262 0.633412 0.63413 0.633412 0.631262 0.62769 0.622712 0.616352 0.608638 0.599609 0.589307 0.577783 0.565095 0.551307 0.536489 0.520719 0.504081 0.486663 0.46856 0.44987 0.430696 0.411142 0.391314 0.371321 0.351268 0.331261 0.311403 0.291793 0.272525 0.253688 0.235364 0.217627 0.200545 0.184178 0.168574 0.153778 0.139822 0.126733 0.114528 0.103217 0.0928071 0.0832954 0.0746766 0.0669411 0.0600764 0.0540683 0.0489016 0.0445609 0.041032 0.0383019 0.0363599 0.035198 
0.0363566 0.0367589 0.0379674 0.0399872 0.0428264 0.0464957 0.0510083 0.0563786 0.0626218 0.0697531 0.0777867 0.0867346 0.0966061 0.107406 0.119135 0.131787 0.14535 0.159804 0.175122 0.191267 0.208196 0.225854 0.244179 0.263103 0.282546 0.302422 0.322641 0.343104 0.36371 0.384351 0.40492 0.425307 0.445403 0.465097 0.484283 0.502857 0.520719 0.537773 0.553929 0.569104 0.583218 0.5962 0.607987 0.61852 0.627749 0.635631 0.642129 0.647214 0.650862 0.653058 0.653791 0.653058 0.650862 0.647214 0.642129 0.635631 0.627749 0.61852 0.607987 0.5962 0.583218 0.569104 0.553929 0.537773 0.520719 0.502857 0.484283 0.465097 0.445403 0.425307 0.40492 0.384351 0.36371 0.343104 0.322641 0.302422 0.282546 0.263103 0.244179 0.225854 0.208196 0.191267 0.175122 0.159804 0.14535 0.131787 0.119135 0.107406 0.0966061 0.0867346 0.0777867 0.0697531 0.0626218 0.0563786 0.0510083 0.0464957 0.0428264 0.0399872 0.0379674 0.0367589 
0.0378457 0.0382629 0.0395162 0.0416105 0.0445542 0.0483581 0.0530354 0.0586004 0.0650686 0.0724551 0.0807736 0.0900362 0.100251 0.111424 0.123552 0.13663 0.150644 0.165573 0.181387 0.198047 0.215508 0.233713 0.252597 0.272088 0.292103 0.312555 0.333349 0.354383 0.375551 0.396746 0.417856 0.438768 0.45937 0.47955 0.4992 0.518213 0.536489 0.553929 0.570444 0.585949 0.600364 0.613618 0.625647 0.636393 0.645806 0.653843 0.660468 0.66565 0.669368 0.671606 0.672353 0.671606 0.669368 0.66565 0.660468 0.653843 0.645806 0.636393 0.625647 0.613618 0.600364 0.585949 0.570444 0.553929 0.536489 0.518213 0.4992 0.47955 0.45937 0.438768 0.417856 0.396746 0.375551 0.354383 0.333349 0.312555 0.292103 0.272088 0.252597 0.233713 0.215508 0.198047 0.181387 0.165573 0.150644 0.13663 0.123552 0.111424 0.100251 0.0900362 0.0807736 0.0724551 0.0650686 0.0586004 0.0530354 0.0483581 0.0445542 0.0416105 0.0395162 0.0382629 
0.0392671 0.0396985 0.0409942 0.0431593 0.0462022 0.0501338 0.0549673 0.0607172 0.0673988 0.075027 0.0836157 0.0931762 0.103717 0.115241 0.127748 0.141228 0.155668 0.171045 0.187326 0.204472 0.222434 0.241153 0.260563 0.280586 0.301138 0.322129 0.343461 0.365028 0.386723 0.408434 0.430047 0.451447 0.47252 0.493151 0.51323 0.532649 0.551307 0.569104 0.585949 0.601756 0.616447 0.62995 0.642201 0.653142 0.662723 0.670901 0.677641 0.682913 0.686694 0.688969 0.689729 0.688969 0.686694 0.682913 0.677641 0.670901 0.662723 0.653142 0.642201 0.62995 0.616447 0.601756 0.585949 0.569104 0.551307 0.532649 0.51323 0.493151 0.47252 0.451447 0.430047 0.408434 0.386723 0.365028 0.343461 0.322129 0.301138 0.280586 0.260563 0.241153 0.222434 0.204472 0.187326 0.171045 0.155668 0.141228 0.127748 0.115241 0.103717 0.0931762 0.0836157 0.075027 0.0673988 0.0607172 0.0549673 0.0501338 0.0462022 0.0431593 0.0409942 0.0396985 
0.0406094 0.041054 0.0423896 0.0446213 0.0477574 0.051809 0.0567892 0.0627126 0.0695944 0.0774496 0.0862915 0.0961314 0.106977 0.118831 0.131691 0.145549 0.160387 0.176182 0.1929 0.210499 0.228928 0.248126 0.268024 0.288542 0.309594 0.331085 0.352915 0.374976 0.397158 0.419346 0.441424 0.463273 0.484779 0.505824 0.526297 0.546089 0.565095 0.583218 0.600364 0.616447 0.631389 0.645118 0.65757 0.668687 0.67842 0.686726 0.693569 0.698921 0.70276 0.705069 0.70584 0.705069 0.70276 0.698921 0.693569 0.686726 0.67842 0.668687 0.65757 0.645118 0.631389 0.616447 0.600364 0.583218 0.565095 0.546089 0.526297 0.505824 0.484779 0.463273 0.441424 0.419346 0.397158 0.374976 0.352915 0.331085 0.309594 0.288542 0.268024 0.248126 0.228928 0.210499 0.1929 0.176182 0.160387 0.145549 0.131691 0.118831 0.106977 0.0961314 0.0862915 0.0774496 0.0695944 0.0627126 0.0567892 0.051809 0.0477574 0.0446213 0.0423896 0.041054 
