3.5011e-17 5.57852e-17 1.4038e-16 3.76849e-16 1.00037e-15 2.59991e-15 6.60673e-15 1.64114e-14 3.98466e-14 9.4559e-14 2.19313e-13 4.97129e-13 1.10134e-12 2.38472e-12 5.04707e-12 1.04414e-11 2.11173e-11 4.17568e-11 8.0738e-11 1.52668e-10 2.82359e-10 5.10855e-10 9.04264e-10 1.56621e-09 2.6547e-09 4.40384e-09 7.15051e-09 1.13647e-08 1.76815e-08 2.69295e-08 4.01504e-08 5.86005e-08 8.37252e-08 1.17097e-07 1.60308e-07 2.14827e-07 2.81804e-07 3.61869e-07 4.54931e-07 5.60014e-07 6.75176e-07 7.97523e-07 9.23344e-07 1.04835e-06 1.16796e-06 1.27769e-06 1.37339e-06 1.45152e-06 1.50931e-06 1.54476e-06 1.55671e-06 1.54476e-06 1.50931e-06 1.45152e-06 1.37339e-06 1.27769e-06 1.16796e-06 1.04835e-06 9.23344e-07 7.97523e-07 6.75176e-07 5.60014e-07 4.54931e-07 3.61869e-07 2.81804e-07 2.14827e-07 1.60308e-07 1.17097e-07 8.37252e-08 5.86005e-08 4.01504e-08 2.69295e-08 1.76815e-08 1.13647e-08 7.15051e-09 4.40384e-09 2.6547e-09 1.56621e-09 9.04264e-10 5.10855e-10 2.82359e-10 1.52668e-10 8.0738e-11 4.17568e-11 2.11173e-11 1.04414e-11 5.04707e-12 2.38472e-12 1.10134e-12 4.97129e-13 2.19313e-13 9.4559e-14 3.98466e-14 1.64114e-14 6.60673e-15 2.59991e-15 1.00037e-15 3.76849e-16 1.4038e-16 5.57852e-17 
5.57852e-17 8.86853e-17 2.22422e-16 5.95266e-16 1.57548e-15 4.08238e-15 1.03427e-14 2.56133e-14 6.19968e-14 1.46661e-13 3.39071e-13 7.66099e-13 1.69162e-12 3.65054e-12 7.69968e-12 1.58738e-11 3.19909e-11 6.30315e-11 1.21432e-10 2.28777e-10 4.21563e-10 7.59888e-10 1.3401e-09 2.31255e-09 3.90539e-09 6.45521e-09 1.04441e-08 1.65417e-08 2.56488e-08 3.89355e-08 5.78666e-08 8.42006e-08 1.19951e-07 1.67299e-07 2.2844e-07 3.0538e-07 3.99676e-07 5.12149e-07 6.42611e-07 7.8965e-07 9.50518e-07 1.12116e-06 1.29641e-06 1.47031e-06 1.63655e-06 1.7889e-06 1.92168e-06 2.03002e-06 2.11011e-06 2.15924e-06 2.17579e-06 2.15924e-06 2.11011e-06 2.03002e-06 1.92168e-06 1.7889e-06 1.63655e-06 1.47031e-06 1.29641e-06 1.12116e-06 9.50518e-07 7.8965e-07 6.42611e-07 5.12149e-07 3.99676e-07 3.0538e-07 2.2844e-07 1.67299e-07 1.19951e-07 8.42006e-08 5.78666e-08 3.89355e-08 2.56488e-08 1.65417e-08 1.04441e-08 6.45521e-09 3.90539e-09 2.31255e-09 1.3401e-09 7.59888e-10 4.21563e-10 2.28777e-10 1.21432e-10 6.30315e-11 3.19909e-11 1.58738e-11 7.69968e-12 3.65054e-12 1.69162e-12 7.66099e-13 3.39071e-13 1.46661e-13 6.19968e-14 2.56133e-14 1.03427e-14 4.08238e-15 1.57548e-15 5.95266e-16 2.22422e-16 8.86853e-17 
1.4038e-16 2.22422e-16 5.55047e-16 1.47869e-15 3.89623e-15 1.00508e-14 2.53485e-14 6.24867e-14 1.50542e-13 3.54436e-13 8.15462e-13 1.83336e-12 4.02784e-12 8.64741e-12 1.81432e-11 3.72038e-11 7.45678e-11 1.46103e-10 2.79878e-10 5.24264e-10 9.60447e-10 1.72113e-09 3.01746e-09 5.17645e-09 8.69065e-09 1.42812e-08 2.29732e-08 3.61801e-08 5.57888e-08 8.42329e-08 1.24535e-07 1.80298e-07 2.55614e-07 3.54874e-07 4.82459e-07 6.42317e-07 8.37438e-07 1.06929e-06 1.33729e-06 1.63839e-06 1.96684e-06 2.31434e-06 2.67039e-06 3.02296e-06 3.35938e-06 3.66723e-06 3.93517e-06 4.15359e-06 4.31492e-06 4.41382e-06 4.44714e-06 4.41382e-06 4.31492e-06 4.15359e-06 3.93517e-06 3.66723e-06 3.35938e-06 3.02296e-06 2.67039e-06 2.31434e-06 1.96684e-06 1.63839e-06 1.33729e-06 1.06929e-06 8.37438e-07 6.42317e-07 4.82459e-07 3.54874e-07 2.55614e-07 1.80298e-07 1.24535e-07 8.42329e-08 5.57888e-08 3.61801e-08 2.29732e-08 1.42812e-08 8.69065e-09 5.17645e-09 3.01746e-09 1.72113e-09 9.60447e-10 5.24264e-10 2.79878e-10 1.46103e-10 7.45678e-11 3.72038e-11 1.81432e-11 8.64741e-12 4.02784e-12 1.83336e-12 8.15462e-13 3.54436e-13 1.50542e-13 6.24867e-14 2.53485e-14 1.00508e-14 3.89623e-15 1.47869e-15 5.55047e-16 2.22422e-16 
3.76849e-16 5.95266e-16 1.47869e-15 3.92292e-15 1.02947e-14 2.64481e-14 6.64278e-14 1.63065e-13 3.9118e-13 9.16996e-13 2.10043e-12 4.70098e-12 1.02803e-11 2.19669e-11 4.58669e-11 9.35905e-11 1.86642e-10 3.63818e-10 6.93302e-10 1.2918e-09 2.35384e-09 4.19517e-09 7.31468e-09 1.24794e-08 2.08366e-08 3.40535e-08 5.44835e-08 8.53481e-08 1.30917e-07 1.96658e-07 2.89313e-07 4.16858e-07 5.8828e-07 8.13145e-07 1.1009e-06 1.45993e-06 1.89645e-06 2.41326e-06 3.00863e-06 3.67545e-06 4.40081e-06 5.1663e-06 5.94882e-06 6.72215e-06 7.45874e-06 8.13177e-06 8.71683e-06 9.19325e-06 9.54489e-06 9.76034e-06 9.8329e-06 9.76034e-06 9.54489e-06 9.19325e-06 8.71683e-06 8.13177e-06 7.45874e-06 6.72215e-06 5.94882e-06 5.1663e-06 4.40081e-06 3.67545e-06 3.00863e-06 2.41326e-06 1.89645e-06 1.45993e-06 1.1009e-06 8.13145e-07 5.8828e-07 4.16858e-07 2.89313e-07 1.96658e-07 1.30917e-07 8.53481e-08 5.44835e-08 3.40535e-08 2.08366e-08 1.24794e-08 7.31468e-09 4.19517e-09 2.35384e-09 1.2918e-09 6.93302e-10 3.63818e-10 1.86642e-10 9.35905e-11 4.58669e-11 2.19669e-11 1.02803e-11 4.70098e-12 2.10043e-12 9.16996e-13 3.9118e-13 1.63065e-13 6.64278e-14 2.64481e-14 1.02947e-14 3.92292e-15 1.47869e-15 5.95266e-16 
1.00037e-15 1.57548e-15 3.89623e-15 1.02947e-14 2.69089e-14 6.88581e-14 1.72253e-13 4.2112e-13 1.00606e-12 2.34847e-12 5.35624e-12 1.19354e-11 2.59842e-11 5.52695e-11 1.14864e-10 2.33261e-10 4.6291e-10 8.97855e-10 1.7023e-09 3.15545e-09 5.71958e-09 1.01398e-08 1.75852e-08 2.98407e-08 4.95564e-08 8.05567e-08 1.28201e-07 1.99774e-07 3.0486e-07 4.55643e-07 6.67042e-07 9.56567e-07 1.3438e-06 1.8494e-06 2.49355e-06 3.29392e-06 4.26322e-06 5.40665e-06 6.71947e-06 8.18531e-06 9.77537e-06 1.14491e-05 1.31562e-05 1.48398e-05 1.64407e-05 1.79012e-05 1.91692e-05 2.02006e-05 2.09614e-05 2.14273e-05 2.15841e-05 2.14273e-05 2.09614e-05 2.02006e-05 1.91692e-05 1.79012e-05 1.64407e-05 1.48398e-05 1.31562e-05 1.14491e-05 9.77537e-06 8.18531e-06 6.71947e-06 5.40665e-06 4.26322e-06 3.29392e-06 2.49355e-06 1.8494e-06 1.3438e-06 9.56567e-07 6.67042e-07 4.55643e-07 3.0486e-07 1.99774e-07 1.28201e-07 8.05567e-08 4.95564e-08 2.98407e-08 1.75852e-08 1.01398e-08 5.71958e-09 3.15545e-09 1.7023e-09 8.97855e-10 4.6291e-10 2.33261e-10 1.14864e-10 5.52695e-11 2.59842e-11 1.19354e-11 5.35624e-12 2.34847e-12 1.00606e-12 4.2112e-13 1.72253e-13 6.88581e-14 2.69089e-14 1.02947e-14 3.89623e-15 1.57548e-15 
2.59991e-15 4.08238e-15 1.00508e-14 2.64481e-14 6.88581e-14 1.75503e-13 4.37265e-13 1.06466e-12 2.53295e-12 5.88779e-12 1.33709e-11 2.9664e-11 6.42918e-11 1.36127e-10 2.81584e-10 5.69093e-10 1.12386e-09 2.16894e-09 4.09127e-09 7.54438e-09 1.36028e-08 2.39864e-08 4.13743e-08 6.98268e-08 1.15329e-07 1.86453e-07 2.95125e-07 4.57429e-07 6.94376e-07 1.03247e-06 1.50393e-06 2.14625e-06 3.00103e-06 4.11173e-06 5.52035e-06 7.26306e-06 9.36511e-06 1.18354e-05 1.46619e-05 1.78076e-05 2.121e-05 2.4782e-05 2.84166e-05 3.19937e-05 3.53886e-05 3.8481e-05 4.11623e-05 4.33412e-05 4.49468e-05 4.59296e-05 4.62604e-05 4.59296e-05 4.49468e-05 4.33412e-05 4.11623e-05 3.8481e-05 3.53886e-05 3.19937e-05 2.84166e-05 2.4782e-05 2.121e-05 1.78076e-05 1.46619e-05 1.18354e-05 9.36511e-06 7.26306e-06 5.52035e-06 4.11173e-06 3.00103e-06 2.14625e-06 1.50393e-06 1.03247e-06 6.94376e-07 4.57429e-07 2.95125e-07 1.86453e-07 1.15329e-07 6.98268e-08 4.13743e-08 2.39864e-08 1.36028e-08 7.54438e-09 4.09127e-09 2.16894e-09 1.12386e-09 5.69093e-10 2.81584e-10 1.36127e-10 6.42918e-11 2.9664e-11 1.33709e-11 5.88779e-12 2.53295e-12 1.06466e-12 4.37265e-13 1.75503e-13 6.88581e-14 2.64481e-14 1.00508e-14 4.08238e-15 
6.60673e-15 1.03427e-14 2.53485e-14 6.64278e-14 1.72253e-13 4.37265e-13 1.08502e-12 2.63093e-12 6.23309e-12 1.4427e-11 3.2621e-11 7.20514e-11 1.55454e-10 3.27628e-10 6.74515e-10 1.35664e-09 2.66587e-09 5.11888e-09 9.60591e-09 1.76202e-08 3.15995e-08 5.54175e-08 9.50634e-08 1.59546e-07 2.62042e-07 4.21281e-07 6.63112e-07 1.02214e-06 1.54318e-06 2.28237e-06 3.30734e-06 4.69618e-06 6.53474e-06 8.9118e-06 1.19121e-05 1.56073e-05 2.00455e-05 2.52408e-05 3.11633e-05 3.77327e-05 4.48163e-05 5.22324e-05 5.97596e-05 6.71513e-05 7.41532e-05 8.05204e-05 8.60334e-05 9.05084e-05 9.38034e-05 9.5819e-05 9.64972e-05 9.5819e-05 9.38034e-05 9.05084e-05 8.60334e-05 8.05204e-05 7.41532e-05 6.71513e-05 5.97596e-05 5.22324e-05 4.48163e-05 3.77327e-05 3.11633e-05 2.52408e-05 2.00455e-05 1.56073e-05 1.19121e-05 8.9118e-06 6.53474e-06 4.69618e-06 3.30734e-06 2.28237e-06 1.54318e-06 1.02214e-06 6.63112e-07 4.21281e-07 2.62042e-07 1.59546e-07 9.50634e-08 5.54175e-08 3.15995e-08 1.76202e-08 9.60591e-09 5.11888e-09 2.66587e-09 1.35664e-09 6.74515e-10 3.27628e-10 1.55454e-10 7.20514e-11 3.2621e-11 1.4427e-11 6.23309e-12 2.63093e-12 1.08502e-12 4.37265e-13 1.72253e-13 6.64278e-14 2.53485e-14 1.03427e-14 
1.64114e-14 2.56133e-14 6.24867e-14 1.63065e-13 4.2112e-13 1.06466e-12 2.63093e-12 6.35278e-12 1.4987e-11 3.45391e-11 7.77535e-11 1.70969e-10 3.67188e-10 7.70253e-10 1.57821e-09 3.15868e-09 6.17592e-09 1.17979e-08 2.20236e-08 4.01818e-08 7.16679e-08 1.2499e-07 2.13202e-07 3.55786e-07 5.81007e-07 9.28721e-07 1.45348e-06 2.22771e-06 3.34447e-06 4.91927e-06 7.09009e-06 1.00149e-05 1.38656e-05 1.8818e-05 2.50376e-05 3.26615e-05 4.17779e-05 5.24049e-05 6.44728e-05 7.78114e-05 9.21476e-05 0.000107113 0.000122262 0.000137104 0.000151134 0.00016387 0.000174881 0.000183808 0.000190375 0.00019439 0.000195741 0.00019439 0.000190375 0.000183808 0.000174881 0.00016387 0.000151134 0.000137104 0.000122262 0.000107113 9.21476e-05 7.78114e-05 6.44728e-05 5.24049e-05 4.17779e-05 3.26615e-05 2.50376e-05 1.8818e-05 1.38656e-05 1.00149e-05 7.09009e-06 4.91927e-06 3.34447e-06 2.22771e-06 1.45348e-06 9.28721e-07 5.81007e-07 3.55786e-07 2.13202e-07 1.2499e-07 7.16679e-08 4.01818e-08 2.20236e-08 1.17979e-08 6.17592e-09 3.15868e-09 1.57821e-09 7.70253e-10 3.67188e-10 1.70969e-10 7.77535e-11 3.45391e-11 1.4987e-11 6.35278e-12 2.63093e-12 1.06466e-12 4.2112e-13 1.63065e-13 6.24867e-14 2.56133e-14 
3.98466e-14 6.19968e-14 1.50542e-13 3.9118e-13 1.00606e-12 2.53295e-12 6.23309e-12 1.4987e-11 3.52038e-11 8.07763e-11 1.81032e-10 3.96258e-10 8.47098e-10 1.76855e-09 3.60612e-09 7.18165e-09 1.39704e-08 2.65492e-08 4.92965e-08 8.94518e-08 1.58659e-07 2.7514e-07 4.66626e-07 7.74164e-07 1.25682e-06 1.99715e-06 3.10722e-06 4.73447e-06 7.0667e-06 1.03349e-05 1.48126e-05 2.08096e-05 2.86598e-05 3.87005e-05 5.12443e-05 6.65438e-05 8.47527e-05 0.000105886 0.000129787 0.000156107 0.000184297 0.000213633 0.000243247 0.000272189 0.000299488 0.000324223 0.000345574 0.000362863 0.000375569 0.000383332 0.000385943 0.000383332 0.000375569 0.000362863 0.000345574 0.000324223 0.000299488 0.000272189 0.000243247 0.000213633 0.000184297 0.000156107 0.000129787 0.000105886 8.47527e-05 6.65438e-05 5.12443e-05 3.87005e-05 2.86598e-05 2.08096e-05 1.48126e-05 1.03349e-05 7.0667e-06 4.73447e-06 3.10722e-06 1.99715e-06 1.25682e-06 7.74164e-07 4.66626e-07 2.7514e-07 1.58659e-07 8.94518e-08 4.92965e-08 2.65492e-08 1.39704e-08 7.18165e-09 3.60612e-09 1.76855e-09 8.47098e-10 3.96258e-10 1.81032e-10 8.07763e-11 3.52038e-11 1.4987e-11 6.23309e-12 2.53295e-12 1.00606e-12 3.9118e-13 1.50542e-13 6.19968e-14 
9.4559e-14 1.46661e-13 3.54436e-13 9.16996e-13 2.34847e-12 5.88779e-12 1.4427e-11 3.45391e-11 8.07763e-11 1.8452e-10 4.1167e-10 8.96947e-10 1.90843e-09 3.96524e-09 8.04552e-09 1.59422e-08 3.08526e-08 5.83225e-08 1.07708e-07 1.94363e-07 3.42791e-07 5.91027e-07 9.96481e-07 1.6434e-06 2.65195e-06 4.18862e-06 6.4773e-06 9.80989e-06 1.45547e-05 2.11604e-05 3.01529e-05 4.21219e-05 5.76954e-05 7.74994e-05 0.000102104 0.000131957 0.000167312 0.000208155 0.00025415 0.000304597 0.000358436 0.000414277 0.000470481 0.000525265 0.00057682 0.00062344 0.000663615 0.000696103 0.000719955 0.000734519 0.000739414 0.000734519 0.000719955 0.000696103 0.000663615 0.00062344 0.00057682 0.000525265 0.000470481 0.000414277 0.000358436 0.000304597 0.00025415 0.000208155 0.000167312 0.000131957 0.000102104 7.74994e-05 5.76954e-05 4.21219e-05 3.01529e-05 2.11604e-05 1.45547e-05 9.80989e-06 6.4773e-06 4.18862e-06 2.65195e-06 1.6434e-06 9.96481e-07 5.91027e-07 3.42791e-07 1.94363e-07 1.07708e-07 5.83225e-08 3.08526e-08 1.59422e-08 8.04552e-09 3.96524e-09 1.90843e-09 8.96947e-10 4.1167e-10 1.8452e-10 8.07763e-11 3.45391e-11 1.4427e-11 5.88779e-12 2.34847e-12 9.16996e-13 3.54436e-13 1.46661e-13 
2.19313e-13 3.39071e-13 8.15462e-13 2.10043e-12 5.35624e-12 1.33709e-11 3.2621e-11 7.77535e-11 1.81032e-10 4.1167e-10 9.14226e-10 1.98259e-09 4.19821e-09 8.68029e-09 1.75246e-08 3.45478e-08 6.651e-08 1.25054e-07 2.29678e-07 4.12132e-07 7.22683e-07 1.23871e-06 2.07599e-06 3.40292e-06 5.45751e-06 8.56638e-06 1.31646e-05 1.98138e-05 2.92157e-05 4.2216e-05 5.97956e-05 8.30422e-05 0.000113099 0.000151089 0.000198014 0.000254635 0.000321342 0.000398029 0.000483996 0.000577891 0.000677712 0.000780886 0.000884404 0.000985023 0.00107948 0.00116472 0.00123804 0.00129725 0.00134067 0.00136716 0.00137606 0.00136716 0.00134067 0.00129725 0.00123804 0.00116472 0.00107948 0.000985023 0.000884404 0.000780886 0.000677712 0.000577891 0.000483996 0.000398029 0.000321342 0.000254635 0.000198014 0.000151089 0.000113099 8.30422e-05 5.97956e-05 4.2216e-05 2.92157e-05 1.98138e-05 1.31646e-05 8.56638e-06 5.45751e-06 3.40292e-06 2.07599e-06 1.23871e-06 7.22683e-07 4.12132e-07 2.29678e-07 1.25054e-07 6.651e-08 3.45478e-08 1.75246e-08 8.68029e-09 4.19821e-09 1.98259e-09 9.14226e-10 4.1167e-10 1.81032e-10 7.77535e-11 3.2621e-11 1.33709e-11 5.35624e-12 2.10043e-12 8.15462e-13 3.39071e-13 
4.97129e-13 7.66099e-13 1.83336e-12 4.70098e-12 1.19354e-11 2.9664e-11 7.20514e-11 1.70969e-10 3.96258e-10 8.96947e-10 1.98259e-09 4.27896e-09 9.01683e-09 1.85509e-08 3.72624e-08 7.30778e-08 1.39939e-07 2.61685e-07 4.77938e-07 8.52705e-07 1.48649e-06 2.53266e-06 4.21867e-06 6.87225e-06 1.09521e-05 1.70817e-05 2.60828e-05 3.90053e-05 5.71469e-05 8.20547e-05 0.000115502 0.00015943 0.000215852 0.000286712 0.000373703 0.000478059 0.000600328 0.000740166 0.000896174 0.00106581 0.00124542 0.00143038 0.00161533 0.00179457 0.0019624 0.0021135 0.00224323 0.00234783 0.00242446 0.00247117 0.00248686 0.00247117 0.00242446 0.00234783 0.00224323 0.0021135 0.0019624 0.00179457 0.00161533 0.00143038 0.00124542 0.00106581 0.000896174 0.000740166 0.000600328 0.000478059 0.000373703 0.000286712 0.000215852 0.00015943 0.000115502 8.20547e-05 5.71469e-05 3.90053e-05 2.60828e-05 1.70817e-05 1.09521e-05 6.87225e-06 4.21867e-06 2.53266e-06 1.48649e-06 8.52705e-07 4.77938e-07 2.61685e-07 1.39939e-07 7.30778e-08 3.72624e-08 1.85509e-08 9.01683e-09 4.27896e-09 1.98259e-09 8.96947e-10 3.96258e-10 1.70969e-10 7.20514e-11 2.9664e-11 1.19354e-11 4.70098e-12 1.83336e-12 7.66099e-13 
1.10134e-12 1.69162e-12 4.02784e-12 1.02803e-11 2.59842e-11 6.42918e-11 1.55454e-10 3.67188e-10 8.47098e-10 1.90843e-09 4.19821e-09 9.01683e-09 1.89067e-08 3.87015e-08 7.7337e-08 1.5087e-07 2.87346e-07 5.34361e-07 9.70413e-07 1.72128e-06 2.98278e-06 5.05107e-06 8.36124e-06 1.35342e-05 2.14302e-05 3.32061e-05 5.03709e-05 7.48305e-05 0.000108914 0.000155364 0.000217286 0.000298033 0.000401027 0.000529509 0.000686228 0.000873077 0.00109073 0.0013383 0.00161309 0.00191048 0.002224 0.00254558 0.00286601 0.00317556 0.00346459 0.00372419 0.00394664 0.00412569 0.0042567 0.00433651 0.0043633 0.00433651 0.0042567 0.00412569 0.00394664 0.00372419 0.00346459 0.00317556 0.00286601 0.00254558 0.002224 0.00191048 0.00161309 0.0013383 0.00109073 0.000873077 0.000686228 0.000529509 0.000401027 0.000298033 0.000217286 0.000155364 0.000108914 7.48305e-05 5.03709e-05 3.32061e-05 2.14302e-05 1.35342e-05 8.36124e-06 5.05107e-06 2.98278e-06 1.72128e-06 9.70413e-07 5.34361e-07 2.87346e-07 1.5087e-07 7.7337e-08 3.87015e-08 1.89067e-08 9.01683e-09 4.19821e-09 1.90843e-09 8.47098e-10 3.67188e-10 1.55454e-10 6.42918e-11 2.59842e-11 1.02803e-11 4.02784e-12 1.69162e-12 
2.38472e-12 3.65054e-12 8.64741e-12 2.19669e-11 5.52695e-11 1.36127e-10 3.27628e-10 7.70253e-10 1.76855e-09 3.96524e-09 8.68029e-09 1.85509e-08 3.87015e-08 7.88132e-08 1.56664e-07 3.03981e-07 5.75774e-07 1.0647e-06 1.92237e-06 3.38965e-06 5.83828e-06 9.82524e-06 1.6161e-05 2.59902e-05 4.08824e-05 6.29246e-05 9.48081e-05 0.000139892 0.00020223 0.000286535 0.000398068 0.000542424 0.000725214 0.000951635 0.00122594 0.00155088 0.00192706 0.00235248 0.00282213 0.00332786 0.00385857 0.00440064 0.00493874 0.00545682 0.00593912 0.0063712 0.00674065 0.00703752 0.00725444 0.00738646 0.00743077 0.00738646 0.00725444 0.00703752 0.00674065 0.0063712 0.00593912 0.00545682 0.00493874 0.00440064 0.00385857 0.00332786 0.00282213 0.00235248 0.00192706 0.00155088 0.00122594 0.000951635 0.000725214 0.000542424 0.000398068 0.000286535 0.00020223 0.000139892 9.48081e-05 6.29246e-05 4.08824e-05 2.59902e-05 1.6161e-05 9.82524e-06 5.83828e-06 3.38965e-06 1.92237e-06 1.0647e-06 5.75774e-07 3.03981e-07 1.56664e-07 7.88132e-08 3.87015e-08 1.85509e-08 8.68029e-09 3.96524e-09 1.76855e-09 7.70253e-10 3.27628e-10 1.36127e-10 5.52695e-11 2.19669e-11 8.64741e-12 3.65054e-12 
5.04707e-12 7.69968e-12 1.81432e-11 4.58669e-11 1.14864e-10 2.81584e-10 6.74515e-10 1.57821e-09 3.60612e-09 8.04552e-09 1.75246e-08 3.72624e-08 7.7337e-08 1.56664e-07 3.09745e-07 5.97716e-07 1.1258e-06 2.06985e-06 3.71524e-06 6.51151e-06 1.11461e-05 1.86392e-05 3.04604e-05 4.86633e-05 7.60323e-05 0.000116227 0.000173909 0.000254823 0.000365808 0.000514704 0.000710128 0.000961092 0.00127645 0.00166419 0.00213059 0.00267929 0.00331041 0.00401977 0.0047984 0.00563241 0.00650333 0.00738893 0.0082645 0.00910446 0.00988395 0.0105804 0.0111745 0.011651 0.0119986 0.01221 0.012281 0.01221 0.0119986 0.011651 0.0111745 0.0105804 0.00988395 0.00910446 0.0082645 0.00738893 0.00650333 0.00563241 0.0047984 0.00401977 0.00331041 0.00267929 0.00213059 0.00166419 0.00127645 0.000961092 0.000710128 0.000514704 0.000365808 0.000254823 0.000173909 0.000116227 7.60323e-05 4.86633e-05 3.04604e-05 1.86392e-05 1.11461e-05 6.51151e-06 3.71524e-06 2.06985e-06 1.1258e-06 5.97716e-07 3.09745e-07 1.56664e-07 7.7337e-08 3.72624e-08 1.75246e-08 8.04552e-09 3.60612e-09 1.57821e-09 6.74515e-10 2.81584e-10 1.14864e-10 4.58669e-11 1.81432e-11 7.69968e-12 
1.04414e-11 1.58738e-11 3.72038e-11 9.35905e-11 2.33261e-10 5.69093e-10 1.35664e-09 3.15868e-09 7.18165e-09 1.59422e-08 3.45478e-08 7.30778e-08 1.5087e-07 3.03981e-07 5.97716e-07 1.14696e-06 2.14795e-06 3.92604e-06 7.00478e-06 1.22016e-05 2.07549e-05 3.44842e-05 5.59831e-05 8.88361e-05 0.000137846 0.000209248 0.000310881 0.000452273 0.000644602 0.000900486 0.00123356 0.0016578 0.00218663 0.00283178 0.00360197 0.00450153 0.00552911 0.00667661 0.00792852 0.00926191 0.010647 0.0120489 0.0134288 0.0147476 0.0159673 0.0170539 0.0179785 0.0187186 0.0192578 0.0195853 0.0196952 0.0195853 0.0192578 0.0187186 0.0179785 0.0170539 0.0159673 0.0147476 0.0134288 0.0120489 0.010647 0.00926191 0.00792852 0.00667661 0.00552911 0.00450153 0.00360197 0.00283178 0.00218663 0.0016578 0.00123356 0.000900486 0.000644602 0.000452273 0.000310881 0.000209248 0.000137846 8.88361e-05 5.59831e-05 3.44842e-05 2.07549e-05 1.22016e-05 7.00478e-06 3.92604e-06 2.14795e-06 1.14696e-06 5.97716e-07 3.03981e-07 1.5087e-07 7.30778e-08 3.45478e-08 1.59422e-08 7.18165e-09 3.15868e-09 1.35664e-09 5.69093e-10 2.33261e-10 9.35905e-11 3.72038e-11 1.58738e-11 
2.11173e-11 3.19909e-11 7.45678e-11 1.86642e-10 4.6291e-10 1.12386e-09 2.66587e-09 6.17592e-09 1.39704e-08 3.08526e-08 6.651e-08 1.39939e-07 2.87346e-07 5.75774e-07 1.1258e-06 2.14795e-06 3.99905e-06 7.26586e-06 1.28844e-05 2.2303e-05 3.76943e-05 6.22181e-05 0.000100329 0.000158114 0.000243624 0.000367182 0.000541577 0.000782131 0.00110653 0.00153441 0.00208655 0.00278383 0.00364573 0.0046886 0.00592373 0.00735535 0.00897883 0.0107793 0.0127309 0.0147971 0.0169316 0.0190808 0.021187 0.0231914 0.0250385 0.0266788 0.028071 0.0291831 0.0299919 0.0304827 0.0306472 0.0304827 0.0299919 0.0291831 0.028071 0.0266788 0.0250385 0.0231914 0.021187 0.0190808 0.0169316 0.0147971 0.0127309 0.0107793 0.00897883 0.00735535 0.00592373 0.0046886 0.00364573 0.00278383 0.00208655 0.00153441 0.00110653 0.000782131 0.000541577 0.000367182 0.000243624 0.000158114 0.000100329 6.22181e-05 3.76943e-05 2.2303e-05 1.28844e-05 7.26586e-06 3.99905e-06 2.14795e-06 1.1258e-06 5.75774e-07 2.87346e-07 1.39939e-07 6.651e-08 3.08526e-08 1.39704e-08 6.17592e-09 2.66587e-09 1.12386e-09 4.6291e-10 1.86642e-10 7.45678e-11 3.19909e-11 
4.17568e-11 6.30315e-11 1.46103e-10 3.63818e-10 8.97855e-10 2.16894e-09 5.11888e-09 1.17979e-08 2.65492e-08 5.83225e-08 1.25054e-07 2.61685e-07 5.34361e-07 1.0647e-06 2.06985e-06 3.92604e-06 7.26586e-06 1.31208e-05 2.31219e-05 3.97687e-05 6.67739e-05 0.00010948 0.000175333 0.000274382 0.000419752 0.000628029 0.000919467 0.00131793 0.0018505 0.00254665 0.00343692 0.00455119 0.00591643 0.00755412 0.00947753 0.011689 0.0141775 0.0169173 0.0198667 0.0229693 0.0261555 0.0293464 0.032458 0.0354064 0.0381129 0.0405083 0.0425357 0.0441514 0.0453245 0.0460355 0.0462737 0.0460355 0.0453245 0.0441514 0.0425357 0.0405083 0.0381129 0.0354064 0.032458 0.0293464 0.0261555 0.0229693 0.0198667 0.0169173 0.0141775 0.011689 0.00947753 0.00755412 0.00591643 0.00455119 0.00343692 0.00254665 0.0018505 0.00131793 0.000919467 0.000628029 0.000419752 0.000274382 0.000175333 0.00010948 6.67739e-05 3.97687e-05 2.31219e-05 1.31208e-05 7.26586e-06 3.92604e-06 2.06985e-06 1.0647e-06 5.34361e-07 2.61685e-07 1.25054e-07 5.83225e-08 2.65492e-08 1.17979e-08 5.11888e-09 2.16894e-09 8.97855e-10 3.63818e-10 1.46103e-10 6.30315e-11 
8.0738e-11 1.21432e-10 2.79878e-10 6.93302e-10 1.7023e-09 4.09127e-09 9.60591e-09 2.20236e-08 4.92965e-08 1.07708e-07 2.29678e-07 4.77938e-07 9.70413e-07 1.92237e-06 3.71524e-06 7.00478e-06 1.28844e-05 2.31219e-05 4.04864e-05 6.91814e-05 0.000115386 0.000187892 0.000298811 0.000464278 0.000705084 0.00104711 0.00152145 0.0021641 0.00301514 0.00411722 0.00551348 0.0072448 0.00934654 0.0118449 0.0147534 0.018069 0.0217697 0.0258125 0.030133 0.0346469 0.0392534 0.04384 0.0482892 0.0524852 0.0563211 0.0597038 0.0625582 0.0648274 0.066472 0.0674675 0.0678006 0.0674675 0.066472 0.0648274 0.0625582 0.0597038 0.0563211 0.0524852 0.0482892 0.04384 0.0392534 0.0346469 0.030133 0.0258125 0.0217697 0.018069 0.0147534 0.0118449 0.00934654 0.0072448 0.00551348 0.00411722 0.00301514 0.0021641 0.00152145 0.00104711 0.000705084 0.000464278 0.000298811 0.000187892 0.000115386 6.91814e-05 4.04864e-05 2.31219e-05 1.28844e-05 7.00478e-06 3.71524e-06 1.92237e-06 9.70413e-07 4.77938e-07 2.29678e-07 1.07708e-07 4.92965e-08 2.20236e-08 9.60591e-09 4.09127e-09 1.7023e-09 6.93302e-10 2.79878e-10 1.21432e-10 
1.52668e-10 2.28777e-10 5.24264e-10 1.2918e-09 3.15545e-09 7.54438e-09 1.76202e-08 4.01818e-08 8.94518e-08 1.94363e-07 4.12132e-07 8.52705e-07 1.72128e-06 3.38965e-06 6.51151e-06 1.22016e-05 2.2303e-05 3.97687e-05 6.91814e-05 0.000117427 0.000194521 0.000314552 0.000496684 0.000766113 0.00115483 0.00170204 0.00245401 0.0034633 0.00478716 0.00648502 0.00861523 0.011231 0.0143758 0.0180788 0.0223496 0.0271745 0.0325135 0.0382981 0.0444322 0.0507946 0.0572438 0.0636256 0.0697815 0.075558 0.0808152 0.0854336 0.0893179 0.0923977 0.0946255 0.0959721 0.0964224 0.0959721 0.0946255 0.0923977 0.0893179 0.0854336 0.0808152 0.075558 0.0697815 0.0636256 0.0572438 0.0507946 0.0444322 0.0382981 0.0325135 0.0271745 0.0223496 0.0180788 0.0143758 0.011231 0.00861523 0.00648502 0.00478716 0.0034633 0.00245401 0.00170204 0.00115483 0.000766113 0.000496684 0.000314552 0.000194521 0.000117427 6.91814e-05 3.97687e-05 2.2303e-05 1.22016e-05 6.51151e-06 3.38965e-06 1.72128e-06 8.52705e-07 4.12132e-07 1.94363e-07 8.94518e-08 4.01818e-08 1.76202e-08 7.54438e-09 3.15545e-09 1.2918e-09 5.24264e-10 2.28777e-10 
2.82359e-10 4.21563e-10 9.60447e-10 2.35384e-09 5.71958e-09 1.36028e-08 3.15995e-08 7.16679e-08 1.58659e-07 3.42791e-07 7.22683e-07 1.48649e-06 2.98278e-06 5.83828e-06 1.11461e-05 2.07549e-05 3.76943e-05 6.67739e-05 0.000115386 0.000194521 0.00031999 0.000513768 0.000805365 0.00123303 0.0018446 0.00269767 0.00385898 0.00540273 0.00740774 0.00995355 0.0131155 0.0169589 0.0215332 0.0268658 0.0329562 0.0397717 0.0472445 0.0552706 0.0637116 0.072399 0.0811419 0.0897365 0.0979771 0.105668 0.112635 0.118729 0.123837 0.127876 0.130791 0.13255 0.133138 0.13255 0.130791 0.127876 0.123837 0.118729 0.112635 0.105668 0.0979771 0.0897365 0.0811419 0.072399 0.0637116 0.0552706 0.0472445 0.0397717 0.0329562 0.0268658 0.0215332 0.0169589 0.0131155 0.00995355 0.00740774 0.00540273 0.00385898 0.00269767 0.0018446 0.00123303 0.000805365 0.000513768 0.00031999 0.000194521 0.000115386 6.67739e-05 3.76943e-05 2.07549e-05 1.11461e-05 5.83828e-06 2.98278e-06 1.48649e-06 7.22683e-07 3.42791e-07 1.58659e-07 7.16679e-08 3.15995e-08 1.36028e-08 5.71958e-09 2.35384e-09 9.60447e-10 4.21563e-10 
5.10855e-10 7.59888e-10 1.72113e-09 4.19517e-09 1.01398e-08 2.39864e-08 5.54175e-08 1.2499e-07 2.7514e-07 5.91027e-07 1.23871e-06 2.53266e-06 5.05107e-06 9.82524e-06 1.86392e-05 3.44842e-05 6.22181e-05 0.00010948 0.000187892 0.000314552 0.000513768 0.000818914 0.0012742 0.0019361 0.00287404 0.00417016 0.00591766 0.0082177 0.0111748 0.0148908 0.0194579 0.0249511 0.0314203 0.0388832 0.0473194 0.0566658 0.0668147 0.0776144 0.0888728 0.100365 0.111841 0.123044 0.133716 0.143619 0.152543 0.160315 0.166805 0.171921 0.175604 0.177824 0.178566 0.177824 0.175604 0.171921 0.166805 0.160315 0.152543 0.143619 0.133716 0.123044 0.111841 0.100365 0.0888728 0.0776144 0.0668147 0.0566658 0.0473194 0.0388832 0.0314203 0.0249511 0.0194579 0.0148908 0.0111748 0.0082177 0.00591766 0.00417016 0.00287404 0.0019361 0.0012742 0.000818914 0.000513768 0.000314552 0.000187892 0.00010948 6.22181e-05 3.44842e-05 1.86392e-05 9.82524e-06 5.05107e-06 2.53266e-06 1.23871e-06 5.91027e-07 2.7514e-07 1.2499e-07 5.54175e-08 2.39864e-08 1.01398e-08 4.19517e-09 1.72113e-09 7.59888e-10 
9.04264e-10 1.3401e-09 3.01746e-09 7.31468e-09 1.75852e-08 4.13743e-08 9.50634e-08 2.13202e-07 4.66626e-07 9.96481e-07 2.07599e-06 4.21867e-06 8.36124e-06 1.6161e-05 3.04604e-05 5.59831e-05 0.000100329 0.000175333 0.000298811 0.000496684 0.000805365 0.0012742 0.00196764 0.00296673 0.00436938 0.00628915 0.00885196 0.0121909 0.016439 0.0217207 0.028142 0.035781 0.0446787 0.0548313 0.0661845 0.0786304 0.092007 0.106102 0.120659 0.135387 0.149976 0.164108 0.177479 0.189809 0.200859 0.210438 0.218403 0.224661 0.229156 0.231861 0.232763 0.231861 0.229156 0.224661 0.218403 0.210438 0.200859 0.189809 0.177479 0.164108 0.149976 0.135387 0.120659 0.106102 0.092007 0.0786304 0.0661845 0.0548313 0.0446787 0.035781 0.028142 0.0217207 0.016439 0.0121909 0.00885196 0.00628915 0.00436938 0.00296673 0.00196764 0.0012742 0.000805365 0.000496684 0.000298811 0.000175333 0.000100329 5.59831e-05 3.04604e-05 1.6161e-05 8.36124e-06 4.21867e-06 2.07599e-06 9.96481e-07 4.66626e-07 2.13202e-07 9.50634e-08 4.13743e-08 1.75852e-08 7.31468e-09 3.01746e-09 1.3401e-09 
1.56621e-09 2.31255e-09 5.17645e-09 1.24794e-08 2.98407e-08 6.98268e-08 1.59546e-07 3.55786e-07 7.74164e-07 1.6434e-06 3.40292e-06 6.87225e-06 1.35342e-05 2.59902e-05 4.86633e-05 8.88361e-05 0.000158114 0.000274382 0.000464278 0.000766113 0.00123303 0.0019361 0.00296673 0.00443799 0.00648398 0.00925686 0.0129212 0.0176455 0.023592 0.0309043 0.0396951 0.0500346 0.0619406 0.0753711 0.0902204 0.106318 0.123434 0.141281 0.15953 0.177822 0.195782 0.21304 0.229247 0.244094 0.25732 0.268726 0.27817 0.285563 0.290859 0.29404 0.2951 0.29404 0.290859 0.285563 0.27817 0.268726 0.25732 0.244094 0.229247 0.21304 0.195782 0.177822 0.15953 0.141281 0.123434 0.106318 0.0902204 0.0753711 0.0619406 0.0500346 0.0396951 0.0309043 0.023592 0.0176455 0.0129212 0.00925686 0.00648398 0.00443799 0.00296673 0.0019361 0.00123303 0.000766113 0.000464278 0.000274382 0.000158114 8.88361e-05 4.86633e-05 2.59902e-05 1.35342e-05 6.87225e-06 3.40292e-06 1.6434e-06 7.74164e-07 3.55786e-07 1.59546e-07 6.98268e-08 2.98407e-08 1.24794e-08 5.17645e-09 2.31255e-09 
2.6547e-09 3.90539e-09 8.69065e-09 2.08366e-08 4.95564e-08 1.15329e-07 2.62042e-07 5.81007e-07 1.25682e-06 2.65195e-06 5.45751e-06 1.09521e-05 2.14302e-05 4.08824e-05 7.60323e-05 0.000137846 0.000243624 0.000419752 0.000705084 0.00115483 0.0018446 0.00287404 0.00436938 0.00648398 0.0093961 0.0133033 0.0184132 0.0249311 0.0330451 0.0429102 0.0546334 0.0682603 0.0837661 0.10105 0.119933 0.140166 0.161433 0.183365 0.205556 0.227576 0.248994 0.269397 0.288407 0.305695 0.320999 0.334123 0.344939 0.353374 0.359398 0.363009 0.364212 0.363009 0.359398 0.353374 0.344939 0.334123 0.320999 0.305695 0.288407 0.269397 0.248994 0.227576 0.205556 0.183365 0.161433 0.140166 0.119933 0.10105 0.0837661 0.0682603 0.0546334 0.0429102 0.0330451 0.0249311 0.0184132 0.0133033 0.0093961 0.00648398 0.00436938 0.00287404 0.0018446 0.00115483 0.000705084 0.000419752 0.000243624 0.000137846 7.60323e-05 4.08824e-05 2.14302e-05 1.09521e-05 5.45751e-06 2.65195e-06 1.25682e-06 5.81007e-07 2.62042e-07 1.15329e-07 4.95564e-08 2.08366e-08 8.69065e-09 3.90539e-09 
4.40384e-09 6.45521e-09 1.42812e-08 3.40535e-08 8.05567e-08 1.86453e-07 4.21281e-07 9.28721e-07 1.99715e-06 4.18862e-06 8.56638e-06 1.70817e-05 3.32061e-05 6.29246e-05 0.000116227 0.000209248 0.000367182 0.000628029 0.00104711 0.00170204 0.00269767 0.00417016 0.00628915 0.00925686 0.0133033 0.0186768 0.02563 0.0344023 0.0451996 0.0581753 0.0734119 0.0909084 0.110573 0.132221 0.15558 0.180303 0.205978 0.232147 0.258328 0.284032 0.308784 0.332144 0.353723 0.373197 0.390317 0.404912 0.416877 0.426171 0.432788 0.436746 0.438062 0.436746 0.432788 0.426171 0.416877 0.404912 0.390317 0.373197 0.353723 0.332144 0.308784 0.284032 0.258328 0.232147 0.205978 0.180303 0.15558 0.132221 0.110573 0.0909084 0.0734119 0.0581753 0.0451996 0.0344023 0.02563 0.0186768 0.0133033 0.00925686 0.00628915 0.00417016 0.00269767 0.00170204 0.00104711 0.000628029 0.000367182 0.000209248 0.000116227 6.29246e-05 3.32061e-05 1.70817e-05 8.56638e-06 4.18862e-06 1.99715e-06 9.28721e-07 4.21281e-07 1.86453e-07 8.05567e-08 3.40535e-08 1.42812e-08 6.45521e-09 
7.15051e-09 1.04441e-08 2.29732e-08 5.44835e-08 1.28201e-07 2.95125e-07 6.63112e-07 1.45348e-06 3.10722e-06 6.4773e-06 1.31646e-05 2.60828e-05 5.03709e-05 9.48081e-05 0.000173909 0.000310881 0.000541577 0.000919467 0.00152145 0.00245401 0.00385898 0.00591766 0.00885196 0.0129212 0.0184132 0.02563 0.0348674 0.0463911 0.0604115 0.0770602 0.0963713 0.11827 0.142569 0.168975 0.197102 0.226489 0.256621 0.286956 0.316944 0.346051 0.373782 0.399691 0.423407 0.444631 0.463153 0.478839 0.49163 0.50152 0.508538 0.512725 0.514117 0.512725 0.508538 0.50152 0.49163 0.478839 0.463153 0.444631 0.423407 0.399691 0.373782 0.346051 0.316944 0.286956 0.256621 0.226489 0.197102 0.168975 0.142569 0.11827 0.0963713 0.0770602 0.0604115 0.0463911 0.0348674 0.02563 0.0184132 0.0129212 0.00885196 0.00591766 0.00385898 0.00245401 0.00152145 0.000919467 0.000541577 0.000310881 0.000173909 9.48081e-05 5.03709e-05 2.60828e-05 1.31646e-05 6.4773e-06 3.10722e-06 1.45348e-06 6.63112e-07 2.95125e-07 1.28201e-07 5.44835e-08 2.29732e-08 1.04441e-08 
1.13647e-08 1.65417e-08 3.61801e-08 8.53481e-08 1.99774e-07 4.57429e-07 1.02214e-06 2.22771e-06 4.73447e-06 9.80989e-06 1.98138e-05 3.90053e-05 7.48305e-05 0.000139892 0.000254823 0.000452273 0.000782131 0.00131793 0.0021641 0.0034633 0.00540273 0.0082177 0.0121909 0.0176455 0.0249311 0.0344023 0.0463911 0.0611763 0.0789526 0.0998044 0.123688 0.150423 0.179699 0.211091 0.244079 0.278083 0.312485 0.346669 0.380035 0.412031 0.442164 0.470019 0.495263 0.517654 0.537038 0.553339 0.566553 0.576719 0.583907 0.588185 0.589605 0.588185 0.583907 0.576719 0.566553 0.553339 0.537038 0.517654 0.495263 0.470019 0.442164 0.412031 0.380035 0.346669 0.312485 0.278083 0.244079 0.211091 0.179699 0.150423 0.123688 0.0998044 0.0789526 0.0611763 0.0463911 0.0344023 0.0249311 0.0176455 0.0121909 0.0082177 0.00540273 0.0034633 0.0021641 0.00131793 0.000782131 0.000452273 0.000254823 0.000139892 7.48305e-05 3.90053e-05 1.98138e-05 9.80989e-06 4.73447e-06 2.22771e-06 1.02214e-06 4.57429e-07 1.99774e-07 8.53481e-08 3.61801e-08 1.65417e-08 
1.76815e-08 2.56488e-08 5.57888e-08 1.30917e-07 3.0486e-07 6.94376e-07 1.54318e-06 3.34447e-06 7.0667e-06 1.45547e-05 2.92157e-05 5.71469e-05 0.000108914 0.00020223 0.000365808 0.000644602 0.00110653 0.0018505 0.00301514 0.00478716 0.00740774 0.0111748 0.016439 0.023592 0.0330451 0.0451996 0.0604115 0.0789526 0.100976 0.126488 0.155333 0.187196 0.221617 0.258015 0.295731 0.334063 0.372305 0.409781 0.445873 0.480037 0.51182 0.540863 0.566905 0.589781 0.609412 0.625797 0.638993 0.649092 0.656204 0.660425 0.661824 0.660425 0.656204 0.649092 0.638993 0.625797 0.609412 0.589781 0.566905 0.540863 0.51182 0.480037 0.445873 0.409781 0.372305 0.334063 0.295731 0.258015 0.221617 0.187196 0.155333 0.126488 0.100976 0.0789526 0.0604115 0.0451996 0.0330451 0.023592 0.016439 0.0111748 0.00740774 0.00478716 0.00301514 0.0018505 0.00110653 0.000644602 0.000365808 0.00020223 0.000108914 5.71469e-05 2.92157e-05 1.45547e-05 7.0667e-06 3.34447e-06 1.54318e-06 6.94376e-07 3.0486e-07 1.30917e-07 5.57888e-08 2.56488e-08 
2.69295e-08 3.89355e-08 8.42329e-08 1.96658e-07 4.55643e-07 1.03247e-06 2.28237e-06 4.91927e-06 1.03349e-05 2.11604e-05 4.2216e-05 8.20547e-05 0.000155364 0.000286535 0.000514704 0.000900486 0.00153441 0.00254665 0.00411722 0.00648502 0.00995355 0.0148908 0.0217207 0.0309043 0.0429102 0.0581753 0.0770602 0.0998044 0.126488 0.157004 0.191055 0.228159 0.267684 0.308885 0.35096 0.393098 0.434524 0.474535 0.512522 0.547989 0.580552 0.609943 0.635995 0.658642 0.677894 0.693831 0.706575 0.716274 0.723073 0.727096 0.728428 0.727096 0.723073 0.716274 0.706575 0.693831 0.677894 0.658642 0.635995 0.609943 0.580552 0.547989 0.512522 0.474535 0.434524 0.393098 0.35096 0.308885 0.267684 0.228159 0.191055 0.157004 0.126488 0.0998044 0.0770602 0.0581753 0.0429102 0.0309043 0.0217207 0.0148908 0.00995355 0.00648502 0.00411722 0.00254665 0.00153441 0.000900486 0.000514704 0.000286535 0.000155364 8.20547e-05 4.2216e-05 2.11604e-05 1.03349e-05 4.91927e-06 2.28237e-06 1.03247e-06 4.55643e-07 1.96658e-07 8.42329e-08 3.89355e-08 
4.01504e-08 5.78666e-08 1.24535e-07 2.89313e-07 6.67042e-07 1.50393e-06 3.30734e-06 7.09009e-06 1.48126e-05 3.01529e-05 5.97956e-05 0.000115502 0.000217286 0.000398068 0.000710128 0.00123356 0.00208655 0.00343692 0.00551348 0.00861523 0.0131155 0.0194579 0.028142 0.0396951 0.0546334 0.0734119 0.0963713 0.123688 0.155333 0.191055 0.230379 0.272637 0.317008 0.362584 0.408431 0.453652 0.49743 0.539071 0.578016 0.613848 0.646289 0.675181 0.700478 0.722218 0.740513 0.755521 0.767431 0.776438 0.782722 0.786429 0.787653 0.786429 0.782722 0.776438 0.767431 0.755521 0.740513 0.722218 0.700478 0.675181 0.646289 0.613848 0.578016 0.539071 0.49743 0.453652 0.408431 0.362584 0.317008 0.272637 0.230379 0.191055 0.155333 0.123688 0.0963713 0.0734119 0.0546334 0.0396951 0.028142 0.0194579 0.0131155 0.00861523 0.00551348 0.00343692 0.00208655 0.00123356 0.000710128 0.000398068 0.000217286 0.000115502 5.97956e-05 3.01529e-05 1.48126e-05 7.09009e-06 3.30734e-06 1.50393e-06 6.67042e-07 2.89313e-07 1.24535e-07 5.78666e-08 
5.86005e-08 8.42006e-08 1.80298e-07 4.16858e-07 9.56567e-07 2.14625e-06 4.69618e-06 1.00149e-05 2.08096e-05 4.21219e-05 8.30422e-05 0.00015943 0.000298033 0.000542424 0.000961092 0.0016578 0.00278383 0.00455119 0.0072448 0.011231 0.0169589 0.0249511 0.035781 0.0500346 0.0682603 0.0909084 0.11827 0.150423 0.187196 0.228159 0.272637 0.319755 0.368508 0.417833 0.466687 0.514116 0.559305 0.601604 0.64054 0.675813 0.707272 0.734893 0.758755 0.779013 0.795871 0.809566 0.820343 0.828437 0.834055 0.837356 0.838445 0.837356 0.834055 0.828437 0.820343 0.809566 0.795871 0.779013 0.758755 0.734893 0.707272 0.675813 0.64054 0.601604 0.559305 0.514116 0.466687 0.417833 0.368508 0.319755 0.272637 0.228159 0.187196 0.150423 0.11827 0.0909084 0.0682603 0.0500346 0.035781 0.0249511 0.0169589 0.011231 0.0072448 0.00455119 0.00278383 0.0016578 0.000961092 0.000542424 0.000298033 0.00015943 8.30422e-05 4.21219e-05 2.08096e-05 1.00149e-05 4.69618e-06 2.14625e-06 9.56567e-07 4.16858e-07 1.80298e-07 8.42006e-08 
8.37252e-08 1.19951e-07 2.55614e-07 5.8828e-07 1.3438e-06 3.00103e-06 6.53474e-06 1.38656e-05 2.86598e-05 5.76954e-05 0.000113099 0.000215852 0.000401027 0.000725214 0.00127645 0.00218663 0.00364573 0.00591643 0.00934654 0.0143758 0.0215332 0.0314203 0.0446787 0.0619406 0.0837661 0.110573 0.142569 0.179699 0.221617 0.267684 0.317008 0.368508 0.421001 0.473293 0.524265 0.57295 0.61857 0.660564 0.698581 0.732458 0.762192 0.787902 0.809796 0.828136 0.843215 0.855334 0.864783 0.871827 0.876687 0.879533 0.880469 0.879533 0.876687 0.871827 0.864783 0.855334 0.843215 0.828136 0.809796 0.787902 0.762192 0.732458 0.698581 0.660564 0.61857 0.57295 0.524265 0.473293 0.421001 0.368508 0.317008 0.267684 0.221617 0.179699 0.142569 0.110573 0.0837661 0.0619406 0.0446787 0.0314203 0.0215332 0.0143758 0.00934654 0.00591643 0.00364573 0.00218663 0.00127645 0.000725214 0.000401027 0.000215852 0.000113099 5.76954e-05 2.86598e-05 1.38656e-05 6.53474e-06 3.00103e-06 1.3438e-06 5.8828e-07 2.55614e-07 1.19951e-07 
1.17097e-07 1.67299e-07 3.54874e-07 8.13145e-07 1.8494e-06 4.11173e-06 8.9118e-06 1.8818e-05 3.87005e-05 7.74994e-05 0.000151089 0.000286712 0.000529509 0.000951635 0.00166419 0.00283178 0.0046886 0.00755412 0.0118449 0.0180788 0.0268658 0.0388832 0.0548313 0.0753711 0.10105 0.132221 0.168975 0.211091 0.258015 0.308885 0.362584 0.417833 0.473293 0.527672 0.579821 0.628799 0.673912 0.714721 0.751024 0.782817 0.810252 0.833587 0.853151 0.869304 0.882411 0.892822 0.900858 0.906799 0.910872 0.913246 0.914025 0.913246 0.910872 0.906799 0.900858 0.892822 0.882411 0.869304 0.853151 0.833587 0.810252 0.782817 0.751024 0.714721 0.673912 0.628799 0.579821 0.527672 0.473293 0.417833 0.362584 0.308885 0.258015 0.211091 0.168975 0.132221 0.10105 0.0753711 0.0548313 0.0388832 0.0268658 0.0180788 0.0118449 0.00755412 0.0046886 0.00283178 0.00166419 0.000951635 0.000529509 0.000286712 0.000151089 7.74994e-05 3.87005e-05 1.8818e-05 8.9118e-06 4.11173e-06 1.8494e-06 8.13145e-07 3.54874e-07 1.67299e-07 
1.60308e-07 2.2844e-07 4.82459e-07 1.1009e-06 2.49355e-06 5.52035e-06 1.19121e-05 2.50376e-05 5.12443e-05 0.000102104 0.000198014 0.000373703 0.000686228 0.00122594 0.00213059 0.00360197 0.00592373 0.00947753 0.0147534 0.0223496 0.0329562 0.0473194 0.0661845 0.0902204 0.119933 0.15558 0.197102 0.244079 0.295731 0.35096 0.408431 0.466687 0.524265 0.579821 0.632217 0.680585 0.724356 0.763241 0.797206 0.826412 0.851162 0.871849 0.888903 0.902765 0.913851 0.922544 0.929179 0.93404 0.937348 0.939268 0.939896 0.939268 0.937348 0.93404 0.929179 0.922544 0.913851 0.902765 0.888903 0.871849 0.851162 0.826412 0.797206 0.763241 0.724356 0.680585 0.632217 0.579821 0.524265 0.466687 0.408431 0.35096 0.295731 0.244079 0.197102 0.15558 0.119933 0.0902204 0.0661845 0.0473194 0.0329562 0.0223496 0.0147534 0.00947753 0.00592373 0.00360197 0.00213059 0.00122594 0.000686228 0.000373703 0.000198014 0.000102104 5.12443e-05 2.50376e-05 1.19121e-05 5.52035e-06 2.49355e-06 1.1009e-06 4.82459e-07 2.2844e-07 
2.14827e-07 3.0538e-07 6.42317e-07 1.45993e-06 3.29392e-06 7.26306e-06 1.56073e-05 3.26615e-05 6.65438e-05 0.000131957 0.000254635 0.000478059 0.000873077 0.00155088 0.00267929 0.00450153 0.00735535 0.011689 0.018069 0.0271745 0.0397717 0.0566658 0.0786304 0.106318 0.140166 0.180303 0.226489 0.278083 0.334063 0.393098 0.453652 0.514116 0.57295 0.628799 0.680585 0.727559 0.769301 0.805699 0.836892 0.863205 0.885082 0.903027 0.917556 0.929165 0.938304 0.94537 0.950697 0.954559 0.957167 0.958672 0.959164 0.958672 0.957167 0.954559 0.950697 0.94537 0.938304 0.929165 0.917556 0.903027 0.885082 0.863205 0.836892 0.805699 0.769301 0.727559 0.680585 0.628799 0.57295 0.514116 0.453652 0.393098 0.334063 0.278083 0.226489 0.180303 0.140166 0.106318 0.0786304 0.0566658 0.0397717 0.0271745 0.018069 0.011689 0.00735535 0.00450153 0.00267929 0.00155088 0.000873077 0.000478059 0.000254635 0.000131957 6.65438e-05 3.26615e-05 1.56073e-05 7.26306e-06 3.29392e-06 1.45993e-06 6.42317e-07 3.0538e-07 
