1.48855e-05 1.55497e-05 1.75812e-05 2.10984e-05 2.63009e-05 3.34743e-05 4.29951e-05 5.53374e-05 7.10798e-05 9.0912e-05 0.000115642 0.0001462 0.000183645 0.000229159 0.00028405 0.000349742 0.000427763 0.000519725 0.000627302 0.000752196 0.000896104 0.00106067 0.00124743 0.00145779 0.0016929 0.00195369 0.00224073 0.0025542 0.00289384 0.00325893 0.00364819 0.00405982 0.00449144 0.00494011 0.00540234 0.00587415 0.00635105 0.00682819 0.00730038 0.00776218 0.00820804 0.00863235 0.0090296 0.00939449 0.00972201 0.0100076 0.0102471 0.0104372 0.0105749 0.0106584 0.0106864 0.0106584 0.0105749 0.0104372 0.0102471 0.0100076 0.00972201 0.00939449 0.0090296 0.00863235 0.00820804 0.00776218 0.00730038 0.00682819 0.00635105 0.00587415 0.00540234 0.00494011 0.00449144 0.00405982 0.00364819 0.00325893 0.00289384 0.0025542 0.00224073 0.00195369 0.0016929 0.00145779 0.00124743 0.00106067 0.000896104 0.000752196 0.000627302 0.000519725 0.000427763 0.000349742 0.00028405 0.000229159 0.000183645 0.0001462 0.000115642 9.0912e-05 7.10798e-05 5.53374e-05 4.29951e-05 3.34743e-05 2.63009e-05 2.10984e-05 1.75812e-05 1.55497e-05 
1.55497e-05 1.62419e-05 1.8359e-05 2.20239e-05 2.74439e-05 3.49154e-05 4.48291e-05 5.76769e-05 7.40584e-05 9.46889e-05 0.000120405 0.000152171 0.00019108 0.000238357 0.000295354 0.000363541 0.000444495 0.000539878 0.000651416 0.000780863 0.000929961 0.0011004 0.00129376 0.00151147 0.00175473 0.00202445 0.00232122 0.00264521 0.00299615 0.00337326 0.00377521 0.00420014 0.00464558 0.00510848 0.00558526 0.00607179 0.00656346 0.00705526 0.00754186 0.00801766 0.00847694 0.00891395 0.00932304 0.00969875 0.0100359 0.0103299 0.0105765 0.0107721 0.0109139 0.0109998 0.0110286 0.0109998 0.0109139 0.0107721 0.0105765 0.0103299 0.0100359 0.00969875 0.00932304 0.00891395 0.00847694 0.00801766 0.00754186 0.00705526 0.00656346 0.00607179 0.00558526 0.00510848 0.00464558 0.00420014 0.00377521 0.00337326 0.00299615 0.00264521 0.00232122 0.00202445 0.00175473 0.00151147 0.00129376 0.0011004 0.000929961 0.000780863 0.000651416 0.000539878 0.000444495 0.000363541 0.000295354 0.000238357 0.00019108 0.000152171 0.000120405 9.46889e-05 7.40584e-05 5.76769e-05 4.48291e-05 3.49154e-05 2.74439e-05 2.20239e-05 1.8359e-05 1.62419e-05 
1.75812e-05 1.8359e-05 2.07377e-05 2.48536e-05 3.09376e-05 3.9319e-05 5.04317e-05 6.48214e-05 8.31527e-05 0.000106217 0.00013494 0.000170385 0.000213758 0.000266406 0.000329815 0.000405596 0.000495475 0.000601269 0.000724857 0.000868144 0.00103302 0.00122131 0.00143473 0.00167478 0.00194274 0.00223958 0.00256589 0.00292182 0.003307 0.00372056 0.004161 0.00462623 0.00511354 0.00561957 0.0061404 0.0066715 0.00720787 0.00774405 0.00827424 0.00879238 0.00929228 0.00976773 0.0102126 0.010621 0.0109874 0.0113068 0.0115746 0.011787 0.011941 0.0120343 0.0120655 0.0120343 0.011941 0.011787 0.0115746 0.0113068 0.0109874 0.010621 0.0102126 0.00976773 0.00929228 0.00879238 0.00827424 0.00774405 0.00720787 0.0066715 0.0061404 0.00561957 0.00511354 0.00462623 0.004161 0.00372056 0.003307 0.00292182 0.00256589 0.00223958 0.00194274 0.00167478 0.00143473 0.00122131 0.00103302 0.000868144 0.000724857 0.000601269 0.000495475 0.000405596 0.000329815 0.000266406 0.000213758 0.000170385 0.00013494 0.000106217 8.31527e-05 6.48214e-05 5.04317e-05 3.9319e-05 3.09376e-05 2.48536e-05 2.07377e-05 1.8359e-05 
2.10984e-05 2.20239e-05 2.48536e-05 2.97477e-05 3.69768e-05 4.69268e-05 6.01057e-05 7.71514e-05 9.88397e-05 0.000126093 0.000159987 0.000201757 0.000252799 0.00031467 0.000389082 0.000477889 0.000583069 0.000706699 0.00085092 0.0010179 0.00120976 0.00142858 0.00167624 0.00195443 0.00226457 0.00260767 0.00298434 0.00339466 0.00383817 0.00431376 0.00481966 0.00535342 0.00591188 0.00649118 0.00708679 0.00769355 0.00830574 0.00891717 0.00952126 0.0101112 0.0106799 0.0112204 0.0117258 0.0121896 0.0126055 0.0129678 0.0132715 0.0135124 0.0136869 0.0137927 0.0138281 0.0137927 0.0136869 0.0135124 0.0132715 0.0129678 0.0126055 0.0121896 0.0117258 0.0112204 0.0106799 0.0101112 0.00952126 0.00891717 0.00830574 0.00769355 0.00708679 0.00649118 0.00591188 0.00535342 0.00481966 0.00431376 0.00383817 0.00339466 0.00298434 0.00260767 0.00226457 0.00195443 0.00167624 0.00142858 0.00120976 0.0010179 0.00085092 0.000706699 0.000583069 0.000477889 0.000389082 0.00031467 0.000252799 0.000201757 0.000159987 0.000126093 9.88397e-05 7.71514e-05 6.01057e-05 4.69268e-05 3.69768e-05 2.97477e-05 2.48536e-05 2.20239e-05 
2.63009e-05 2.74439e-05 3.09376e-05 3.69768e-05 4.58902e-05 5.81465e-05 7.43616e-05 9.53076e-05 0.000121922 0.000155318 0.00019679 0.000247821 0.000310084 0.000385438 0.000475924 0.000583743 0.000711238 0.000860858 0.00103512 0.00123656 0.00146766 0.0017308 0.00202816 0.00236167 0.0027329 0.00314297 0.00359248 0.00408144 0.00460918 0.0051743 0.00577461 0.00640712 0.00706805 0.00775277 0.00845593 0.00917142 0.00989252 0.010612 0.0113221 0.0120149 0.0126822 0.0133159 0.0139081 0.0144512 0.0149378 0.0153616 0.0157167 0.0159982 0.0162021 0.0163257 0.016367 0.0163257 0.0162021 0.0159982 0.0157167 0.0153616 0.0149378 0.0144512 0.0139081 0.0133159 0.0126822 0.0120149 0.0113221 0.010612 0.00989252 0.00917142 0.00845593 0.00775277 0.00706805 0.00640712 0.00577461 0.0051743 0.00460918 0.00408144 0.00359248 0.00314297 0.0027329 0.00236167 0.00202816 0.0017308 0.00146766 0.00123656 0.00103512 0.000860858 0.000711238 0.000583743 0.000475924 0.000385438 0.000310084 0.000247821 0.00019679 0.000155318 0.000121922 9.53076e-05 7.43616e-05 5.81465e-05 4.58902e-05 3.69768e-05 3.09376e-05 2.74439e-05 
3.34743e-05 3.49154e-05 3.9319e-05 4.69268e-05 5.81465e-05 7.35587e-05 9.39254e-05 0.000120201 0.000153541 0.000195314 0.000247112 0.00031075 0.000388272 0.000481944 0.000594245 0.00072784 0.000885557 0.00107034 0.00128521 0.00153317 0.00181719 0.00214005 0.00250431 0.0029122 0.00336548 0.0038654 0.00441255 0.00500681 0.00564722 0.00633198 0.00705832 0.00782256 0.00862003 0.00944513 0.0102913 0.0111514 0.0120171 0.0128799 0.0137306 0.0145597 0.0153577 0.0161148 0.0168218 0.0174696 0.0180499 0.0185548 0.0189778 0.0193129 0.0195557 0.0197027 0.0197519 0.0197027 0.0195557 0.0193129 0.0189778 0.0185548 0.0180499 0.0174696 0.0168218 0.0161148 0.0153577 0.0145597 0.0137306 0.0128799 0.0120171 0.0111514 0.0102913 0.00944513 0.00862003 0.00782256 0.00705832 0.00633198 0.00564722 0.00500681 0.00441255 0.0038654 0.00336548 0.0029122 0.00250431 0.00214005 0.00181719 0.00153317 0.00128521 0.00107034 0.000885557 0.00072784 0.000594245 0.000481944 0.000388272 0.00031075 0.000247112 0.000195314 0.000153541 0.000120201 9.39254e-05 7.35587e-05 5.81465e-05 4.69268e-05 3.9319e-05 3.49154e-05 
4.29951e-05 4.48291e-05 5.04317e-05 6.01057e-05 7.43616e-05 9.39254e-05 0.000119749 0.000153022 0.000195185 0.000247938 0.000313251 0.000393373 0.000490824 0.000608392 0.000749115 0.000916253 0.00111325 0.00134368 0.00161119 0.0019194 0.00227185 0.00267185 0.00312242 0.00362614 0.00418502 0.00480042 0.00547292 0.00620218 0.00698689 0.00782468 0.00871207 0.00964442 0.010616 0.0116198 0.012648 0.0136917 0.0147411 0.0157857 0.0168146 0.0178164 0.0187796 0.0196928 0.0205448 0.021325 0.0220233 0.0226308 0.0231393 0.0235421 0.0238338 0.0240104 0.0240696 0.0240104 0.0238338 0.0235421 0.0231393 0.0226308 0.0220233 0.021325 0.0205448 0.0196928 0.0187796 0.0178164 0.0168146 0.0157857 0.0147411 0.0136917 0.012648 0.0116198 0.010616 0.00964442 0.00871207 0.00782468 0.00698689 0.00620218 0.00547292 0.00480042 0.00418502 0.00362614 0.00312242 0.00267185 0.00227185 0.0019194 0.00161119 0.00134368 0.00111325 0.000916253 0.000749115 0.000608392 0.000490824 0.000393373 0.000313251 0.000247938 0.000195185 0.000153022 0.000119749 9.39254e-05 7.43616e-05 6.01057e-05 5.04317e-05 4.48291e-05 
5.53374e-05 5.76769e-05 6.48214e-05 7.71514e-05 9.53076e-05 0.000120201 0.000153022 0.000195261 0.000248713 0.000315498 0.000398066 0.000499203 0.000622027 0.000769979 0.000946793 0.00115647 0.00140321 0.00169136 0.00202535 0.00240954 0.00284816 0.00334517 0.00390411 0.00452798 0.00521909 0.0059789 0.00680791 0.00770552 0.00866991 0.00969802 0.0107854 0.0119263 0.0131134 0.0143384 0.0155915 0.0168619 0.0181377 0.0194063 0.0206544 0.0218685 0.0230347 0.0241393 0.0251692 0.0261115 0.0269545 0.0276873 0.0283005 0.0287861 0.0291377 0.0293505 0.0294217 0.0293505 0.0291377 0.0287861 0.0283005 0.0276873 0.0269545 0.0261115 0.0251692 0.0241393 0.0230347 0.0218685 0.0206544 0.0194063 0.0181377 0.0168619 0.0155915 0.0143384 0.0131134 0.0119263 0.0107854 0.00969802 0.00866991 0.00770552 0.00680791 0.0059789 0.00521909 0.00452798 0.00390411 0.00334517 0.00284816 0.00240954 0.00202535 0.00169136 0.00140321 0.00115647 0.000946793 0.000769979 0.000622027 0.000499203 0.000398066 0.000315498 0.000248713 0.000195261 0.000153022 0.000120201 9.53076e-05 7.71514e-05 6.48214e-05 5.76769e-05 
7.10798e-05 7.40584e-05 8.31527e-05 9.88397e-05 0.000121922 0.000153541 0.000195185 0.000248713 0.000316365 0.000400776 0.000504988 0.00063245 0.000787015 0.000972919 0.00119475 0.0014574 0.00176599 0.00212582 0.00254222 0.00302046 0.00356558 0.00418229 0.00487476 0.00564645 0.00649996 0.00743686 0.00845751 0.00956092 0.0107447 0.0120047 0.0133355 0.0147298 0.0161787 0.0176717 0.019197 0.0207414 0.0222905 0.0238292 0.0253413 0.0268107 0.0282209 0.0295555 0.0307987 0.0319354 0.0329517 0.0338347 0.0345732 0.0351578 0.0355809 0.035837 0.0359227 0.035837 0.0355809 0.0351578 0.0345732 0.0338347 0.0329517 0.0319354 0.0307987 0.0295555 0.0282209 0.0268107 0.0253413 0.0238292 0.0222905 0.0207414 0.019197 0.0176717 0.0161787 0.0147298 0.0133355 0.0120047 0.0107447 0.00956092 0.00845751 0.00743686 0.00649996 0.00564645 0.00487476 0.00418229 0.00356558 0.00302046 0.00254222 0.00212582 0.00176599 0.0014574 0.00119475 0.000972919 0.000787015 0.00063245 0.000504988 0.000400776 0.000316365 0.000248713 0.000195185 0.000153541 0.000121922 9.88397e-05 8.31527e-05 7.40584e-05 
9.0912e-05 9.46889e-05 0.000106217 0.000126093 0.000155318 0.000195314 0.000247938 0.000315498 0.000400776 0.000507037 0.000638041 0.000798043 0.000991781 0.00122445 0.00150166 0.00182938 0.00221384 0.00266143 0.00317857 0.00377157 0.00444646 0.00520876 0.00606335 0.00701423 0.00806428 0.00921513 0.0104669 0.0118182 0.0132656 0.0148041 0.0164265 0.0181239 0.0198854 0.0216981 0.0235476 0.0254178 0.0272916 0.0291505 0.0309755 0.032747 0.0344454 0.0360515 0.0375463 0.0389122 0.0401325 0.0411922 0.0420781 0.0427791 0.0432863 0.0435932 0.0436959 0.0435932 0.0432863 0.0427791 0.0420781 0.0411922 0.0401325 0.0389122 0.0375463 0.0360515 0.0344454 0.032747 0.0309755 0.0291505 0.0272916 0.0254178 0.0235476 0.0216981 0.0198854 0.0181239 0.0164265 0.0148041 0.0132656 0.0118182 0.0104669 0.00921513 0.00806428 0.00701423 0.00606335 0.00520876 0.00444646 0.00377157 0.00317857 0.00266143 0.00221384 0.00182938 0.00150166 0.00122445 0.000991781 0.000798043 0.000638041 0.000507037 0.000400776 0.000315498 0.000247938 0.000195314 0.000155318 0.000126093 0.000106217 9.46889e-05 
0.000115642 0.000120405 0.00013494 0.000159987 0.00019679 0.000247112 0.000313251 0.000398066 0.000504988 0.000638041 0.000801848 0.00100163 0.00124318 0.00153284 0.00187743 0.00228418 0.00276061 0.00331442 0.00395328 0.00468472 0.00551583 0.00645313 0.00750224 0.0086677 0.00995271 0.0113589 0.012886 0.0145319 0.0162923 0.0181607 0.0201281 0.0221835 0.0243135 0.0265024 0.0287328 0.0309853 0.0332394 0.0354729 0.0376633 0.0397873 0.0418217 0.0437437 0.0455312 0.0471632 0.0486203 0.049885 0.0509418 0.0517776 0.0523822 0.052748 0.0528704 0.052748 0.0523822 0.0517776 0.0509418 0.049885 0.0486203 0.0471632 0.0455312 0.0437437 0.0418217 0.0397873 0.0376633 0.0354729 0.0332394 0.0309853 0.0287328 0.0265024 0.0243135 0.0221835 0.0201281 0.0181607 0.0162923 0.0145319 0.012886 0.0113589 0.00995271 0.0086677 0.00750224 0.00645313 0.00551583 0.00468472 0.00395328 0.00331442 0.00276061 0.00228418 0.00187743 0.00153284 0.00124318 0.00100163 0.000801848 0.000638041 0.000504988 0.000398066 0.000313251 0.000247112 0.00019679 0.000159987 0.00013494 0.000120405 
0.0001462 0.000152171 0.000170385 0.000201757 0.000247821 0.00031075 0.000393373 0.000499203 0.00063245 0.000798043 0.00100163 0.00124957 0.00154891 0.00190733 0.00233309 0.00283487 0.00342172 0.00410279 0.00488725 0.00578395 0.00680124 0.00794667 0.00922671 0.0106465 0.0122094 0.0139169 0.0157684 0.0177609 0.0198887 0.0221436 0.0245145 0.0269877 0.0295471 0.0321736 0.0348463 0.0375421 0.0402363 0.0429028 0.0455148 0.0480449 0.050466 0.0527511 0.0548746 0.0568119 0.0585404 0.0600398 0.061292 0.0622821 0.062998 0.0634311 0.063576 0.0634311 0.062998 0.0622821 0.061292 0.0600398 0.0585404 0.0568119 0.0548746 0.0527511 0.050466 0.0480449 0.0455148 0.0429028 0.0402363 0.0375421 0.0348463 0.0321736 0.0295471 0.0269877 0.0245145 0.0221436 0.0198887 0.0177609 0.0157684 0.0139169 0.0122094 0.0106465 0.00922671 0.00794667 0.00680124 0.00578395 0.00488725 0.00410279 0.00342172 0.00283487 0.00233309 0.00190733 0.00154891 0.00124957 0.00100163 0.000798043 0.00063245 0.000499203 0.000393373 0.00031075 0.000247821 0.000201757 0.000170385 0.000152171 
0.000183645 0.00019108 0.000213758 0.000252799 0.000310084 0.000388272 0.000490824 0.000622027 0.000787015 0.000991781 0.00124318 0.00154891 0.00191748 0.00235814 0.00288078 0.00349581 0.00421398 0.00504616 0.00600314 0.0070953 0.00833236 0.00972301 0.0112746 0.0129928 0.0148811 0.0169409 0.0191709 0.0215669 0.0241215 0.0268246 0.0296624 0.0326184 0.0356728 0.0388029 0.0419837 0.0451877 0.0483857 0.051547 0.05464 0.0576329 0.0604938 0.0631916 0.0656963 0.0679796 0.0700155 0.0717804 0.0732537 0.074418 0.0752597 0.0757687 0.0759391 0.0757687 0.0752597 0.074418 0.0732537 0.0717804 0.0700155 0.0679796 0.0656963 0.0631916 0.0604938 0.0576329 0.05464 0.051547 0.0483857 0.0451877 0.0419837 0.0388029 0.0356728 0.0326184 0.0296624 0.0268246 0.0241215 0.0215669 0.0191709 0.0169409 0.0148811 0.0129928 0.0112746 0.00972301 0.00833236 0.0070953 0.00600314 0.00504616 0.00421398 0.00349581 0.00288078 0.00235814 0.00191748 0.00154891 0.00124318 0.000991781 0.000787015 0.000622027 0.000490824 0.000388272 0.000310084 0.000252799 0.000213758 0.00019108 
0.000229159 0.000238357 0.000266406 0.00031467 0.000385438 0.000481944 0.000608392 0.000769979 0.000972919 0.00122445 0.00153284 0.00190733 0.00235814 0.00289631 0.00353363 0.00428245 0.00515546 0.00616548 0.0073251 0.00864641 0.0101406 0.0118176 0.0136856 0.0157507 0.0180167 0.0204845 0.0231519 0.0260131 0.029059 0.0322767 0.0356498 0.0391578 0.0427772 0.0464811 0.0502395 0.0540202 0.0577888 0.0615096 0.0651456 0.06866 0.0720158 0.0751773 0.0781098 0.080781 0.083161 0.0852229 0.0869432 0.0883022 0.0892843 0.0898782 0.0900769 0.0898782 0.0892843 0.0883022 0.0869432 0.0852229 0.083161 0.080781 0.0781098 0.0751773 0.0720158 0.06866 0.0651456 0.0615096 0.0577888 0.0540202 0.0502395 0.0464811 0.0427772 0.0391578 0.0356498 0.0322767 0.029059 0.0260131 0.0231519 0.0204845 0.0180167 0.0157507 0.0136856 0.0118176 0.0101406 0.00864641 0.0073251 0.00616548 0.00515546 0.00428245 0.00353363 0.00289631 0.00235814 0.00190733 0.00153284 0.00122445 0.000972919 0.000769979 0.000608392 0.000481944 0.000385438 0.00031467 0.000266406 0.000238357 
0.00028405 0.000295354 0.000329815 0.000389082 0.000475924 0.000594245 0.000749115 0.000946793 0.00119475 0.00150166 0.00187743 0.00233309 0.00288078 0.00353363 0.00430557 0.00521113 0.00626522 0.00748277 0.00887842 0.0104661 0.0122585 0.0142669 0.0165004 0.0189655 0.0216659 0.0246019 0.0277701 0.031163 0.034769 0.0385723 0.0425529 0.0466863 0.0509445 0.0552954 0.0597041 0.0641327 0.0685412 0.072888 0.0771306 0.0812265 0.0851334 0.0888102 0.0922177 0.0953189 0.09808 0.100471 0.102464 0.104038 0.105175 0.105863 0.106093 0.105863 0.105175 0.104038 0.102464 0.100471 0.09808 0.0953189 0.0922177 0.0888102 0.0851334 0.0812265 0.0771306 0.072888 0.0685412 0.0641327 0.0597041 0.0552954 0.0509445 0.0466863 0.0425529 0.0385723 0.034769 0.031163 0.0277701 0.0246019 0.0216659 0.0189655 0.0165004 0.0142669 0.0122585 0.0104661 0.00887842 0.00748277 0.00626522 0.00521113 0.00430557 0.00353363 0.00288078 0.00233309 0.00187743 0.00150166 0.00119475 0.000946793 0.000749115 0.000594245 0.000475924 0.000389082 0.000329815 0.000295354 
0.000349742 0.000363541 0.000405596 0.000477889 0.000583743 0.00072784 0.000916253 0.00115647 0.0014574 0.00182938 0.00228418 0.00283487 0.00349581 0.00428245 0.00521113 0.00629886 0.00756297 0.00902076 0.010689 0.0125837 0.0147192 0.0171081 0.0197601 0.0226823 0.025878 0.0293467 0.0330833 0.0370783 0.0413172 0.0457807 0.0504446 0.0552798 0.0602532 0.0653271 0.0704606 0.0756099 0.0807287 0.0857691 0.0906825 0.0954202 0.0999341 0.104178 0.108107 0.11168 0.114858 0.117608 0.1199 0.121709 0.123016 0.123805 0.124069 0.123805 0.123016 0.121709 0.1199 0.117608 0.114858 0.11168 0.108107 0.104178 0.0999341 0.0954202 0.0906825 0.0857691 0.0807287 0.0756099 0.0704606 0.0653271 0.0602532 0.0552798 0.0504446 0.0457807 0.0413172 0.0370783 0.0330833 0.0293467 0.025878 0.0226823 0.0197601 0.0171081 0.0147192 0.0125837 0.010689 0.00902076 0.00756297 0.00629886 0.00521113 0.00428245 0.00349581 0.00283487 0.00228418 0.00182938 0.0014574 0.00115647 0.000916253 0.00072784 0.000583743 0.000477889 0.000405596 0.000363541 
0.000427763 0.000444495 0.000495475 0.000583069 0.000711238 0.000885557 0.00111325 0.00140321 0.00176599 0.00221384 0.00276061 0.00342172 0.00421398 0.00515546 0.00626522 0.00756297 0.00906873 0.0108024 0.012783 0.0150287 0.0175556 0.0203775 0.0235049 0.026945 0.0307007 0.0347701 0.0391464 0.0438173 0.048765 0.053966 0.0593914 0.065007 0.0707737 0.0766476 0.0825815 0.0885247 0.0944241 0.100225 0.105873 0.111311 0.116487 0.121348 0.125844 0.129928 0.133559 0.136698 0.139313 0.141376 0.142865 0.143765 0.144066 0.143765 0.142865 0.141376 0.139313 0.136698 0.133559 0.129928 0.125844 0.121348 0.116487 0.111311 0.105873 0.100225 0.0944241 0.0885247 0.0825815 0.0766476 0.0707737 0.065007 0.0593914 0.053966 0.048765 0.0438173 0.0391464 0.0347701 0.0307007 0.026945 0.0235049 0.0203775 0.0175556 0.0150287 0.012783 0.0108024 0.00906873 0.00756297 0.00626522 0.00515546 0.00421398 0.00342172 0.00276061 0.00221384 0.00176599 0.00140321 0.00111325 0.000885557 0.000711238 0.000583069 0.000495475 0.000444495 
0.000519725 0.000539878 0.000601269 0.000706699 0.000860858 0.00107034 0.00134368 0.00169136 0.00212582 0.00266143 0.00331442 0.00410279 0.00504616 0.00616548 0.00748277 0.00902076 0.0108024 0.0128502 0.0151859 0.0178297 0.0207995 0.0241102 0.0277731 0.0317952 0.0361786 0.0409199 0.0460097 0.0514327 0.0571671 0.0631848 0.0694513 0.0759266 0.082565 0.089316 0.0961251 0.102934 0.109683 0.11631 0.122753 0.12895 0.13484 0.140365 0.14547 0.150103 0.154219 0.157775 0.160734 0.163068 0.164752 0.16577 0.16611 0.16577 0.164752 0.163068 0.160734 0.157775 0.154219 0.150103 0.14547 0.140365 0.13484 0.12895 0.122753 0.11631 0.109683 0.102934 0.0961251 0.089316 0.082565 0.0759266 0.0694513 0.0631848 0.0571671 0.0514327 0.0460097 0.0409199 0.0361786 0.0317952 0.0277731 0.0241102 0.0207995 0.0178297 0.0151859 0.0128502 0.0108024 0.00902076 0.00748277 0.00616548 0.00504616 0.00410279 0.00331442 0.00266143 0.00212582 0.00169136 0.00134368 0.00107034 0.000860858 0.000706699 0.000601269 0.000539878 
0.000627302 0.000651416 0.000724857 0.00085092 0.00103512 0.00128521 0.00161119 0.00202535 0.00254222 0.00317857 0.00395328 0.00488725 0.00600314 0.0073251 0.00887842 0.010689 0.012783 0.0151859 0.017922 0.0210137 0.0244806 0.0283387 0.0325998 0.0372705 0.0423517 0.0478379 0.053717 0.0599698 0.0665698 0.0734836 0.0806708 0.0880845 0.095672 0.103375 0.111132 0.118877 0.126541 0.134056 0.141352 0.148359 0.155012 0.161244 0.166997 0.172214 0.176843 0.180839 0.184164 0.186784 0.188674 0.189815 0.190197 0.189815 0.188674 0.186784 0.184164 0.180839 0.176843 0.172214 0.166997 0.161244 0.155012 0.148359 0.141352 0.134056 0.126541 0.118877 0.111132 0.103375 0.095672 0.0880845 0.0806708 0.0734836 0.0665698 0.0599698 0.053717 0.0478379 0.0423517 0.0372705 0.0325998 0.0283387 0.0244806 0.0210137 0.017922 0.0151859 0.012783 0.010689 0.00887842 0.0073251 0.00600314 0.00488725 0.00395328 0.00317857 0.00254222 0.00202535 0.00161119 0.00128521 0.00103512 0.00085092 0.000724857 0.000651416 
0.000752196 0.000780863 0.000868144 0.0010179 0.00123656 0.00153317 0.0019194 0.00240954 0.00302046 0.00377157 0.00468472 0.00578395 0.0070953 0.00864641 0.0104661 0.0125837 0.0150287 0.0178297 0.0210137 0.0246053 0.0286257 0.0330919 0.0380158 0.0434034 0.0492538 0.0555592 0.0623038 0.069464 0.0770082 0.0848967 0.0930825 0.101511 0.110123 0.11885 0.127624 0.136369 0.14501 0.15347 0.16167 0.169536 0.176994 0.183972 0.190406 0.196234 0.201401 0.205859 0.209564 0.212483 0.214588 0.215858 0.216283 0.215858 0.214588 0.212483 0.209564 0.205859 0.201401 0.196234 0.190406 0.183972 0.176994 0.169536 0.16167 0.15347 0.14501 0.136369 0.127624 0.11885 0.110123 0.101511 0.0930825 0.0848967 0.0770082 0.069464 0.0623038 0.0555592 0.0492538 0.0434034 0.0380158 0.0330919 0.0286257 0.0246053 0.0210137 0.0178297 0.0150287 0.0125837 0.0104661 0.00864641 0.0070953 0.00578395 0.00468472 0.00377157 0.00302046 0.00240954 0.0019194 0.00153317 0.00123656 0.0010179 0.000868144 0.000780863 
0.000896104 0.000929961 0.00103302 0.00120976 0.00146766 0.00181719 0.00227185 0.00284816 0.00356558 0.00444646 0.00551583 0.00680124 0.00833236 0.0101406 0.0122585 0.0147192 0.0175556 0.0207995 0.0244806 0.0286257 0.0332575 0.0383938 0.0440462 0.0502195 0.056911 0.0641095 0.0717952 0.0799394 0.0885044 0.0974439 0.106703 0.11622 0.125925 0.135744 0.145598 0.155403 0.165076 0.17453 0.183681 0.192446 0.200744 0.2085 0.215642 0.222105 0.227829 0.232763 0.236862 0.240089 0.242414 0.243818 0.244287 0.243818 0.242414 0.240089 0.236862 0.232763 0.227829 0.222105 0.215642 0.2085 0.200744 0.192446 0.183681 0.17453 0.165076 0.155403 0.145598 0.135744 0.125925 0.11622 0.106703 0.0974439 0.0885044 0.0799394 0.0717952 0.0641095 0.056911 0.0502195 0.0440462 0.0383938 0.0332575 0.0286257 0.0244806 0.0207995 0.0175556 0.0147192 0.0122585 0.0101406 0.00833236 0.00680124 0.00551583 0.00444646 0.00356558 0.00284816 0.00227185 0.00181719 0.00146766 0.00120976 0.00103302 0.000929961 
0.00106067 0.0011004 0.00122131 0.00142858 0.0017308 0.00214005 0.00267185 0.00334517 0.00418229 0.00520876 0.00645313 0.00794667 0.00972301 0.0118176 0.0142669 0.0171081 0.0203775 0.0241102 0.0283387 0.0330919 0.0383938 0.0442624 0.0507091 0.0577369 0.0653403 0.0735046 0.082205 0.0914069 0.101066 0.111129 0.121531 0.132203 0.143067 0.154038 0.165028 0.175945 0.186695 0.197186 0.207325 0.217021 0.226188 0.234744 0.242614 0.249727 0.256022 0.261442 0.265942 0.269483 0.272033 0.273572 0.274087 0.273572 0.272033 0.269483 0.265942 0.261442 0.256022 0.249727 0.242614 0.234744 0.226188 0.217021 0.207325 0.197186 0.186695 0.175945 0.165028 0.154038 0.143067 0.132203 0.121531 0.111129 0.101066 0.0914069 0.082205 0.0735046 0.0653403 0.0577369 0.0507091 0.0442624 0.0383938 0.0330919 0.0283387 0.0241102 0.0203775 0.0171081 0.0142669 0.0118176 0.00972301 0.00794667 0.00645313 0.00520876 0.00418229 0.00334517 0.00267185 0.00214005 0.0017308 0.00142858 0.00122131 0.0011004 
0.00124743 0.00129376 0.00143473 0.00167624 0.00202816 0.00250431 0.00312242 0.00390411 0.00487476 0.00606335 0.00750224 0.00922671 0.0112746 0.0136856 0.0165004 0.0197601 0.0235049 0.0277731 0.0325998 0.0380158 0.0440462 0.0507091 0.0580146 0.0659639 0.0745481 0.0837479 0.0935332 0.103863 0.114684 0.125936 0.137546 0.149434 0.161512 0.173687 0.18586 0.197931 0.209797 0.221357 0.232511 0.243161 0.253215 0.262587 0.271195 0.278968 0.285838 0.291749 0.296653 0.300508 0.303285 0.304959 0.305519 0.304959 0.303285 0.300508 0.296653 0.291749 0.285838 0.278968 0.271195 0.262587 0.253215 0.243161 0.232511 0.221357 0.209797 0.197931 0.18586 0.173687 0.161512 0.149434 0.137546 0.125936 0.114684 0.103863 0.0935332 0.0837479 0.0745481 0.0659639 0.0580146 0.0507091 0.0440462 0.0380158 0.0325998 0.0277731 0.0235049 0.0197601 0.0165004 0.0136856 0.0112746 0.00922671 0.00750224 0.00606335 0.00487476 0.00390411 0.00312242 0.00250431 0.00202816 0.00167624 0.00143473 0.00129376 
0.00145779 0.00151147 0.00167478 0.00195443 0.00236167 0.0029122 0.00362614 0.00452798 0.00564645 0.00701423 0.0086677 0.0106465 0.0129928 0.0157507 0.0189655 0.0226823 0.026945 0.0317952 0.0372705 0.0434034 0.0502195 0.0577369 0.0659639 0.074899 0.0845294 0.0948305 0.105766 0.117287 0.129333 0.141833 0.154707 0.167862 0.181202 0.194623 0.208017 0.221273 0.234282 0.246932 0.259117 0.270733 0.281683 0.291875 0.301225 0.309656 0.317101 0.3235 0.328804 0.332972 0.335972 0.337781 0.338385 0.337781 0.335972 0.332972 0.328804 0.3235 0.317101 0.309656 0.301225 0.291875 0.281683 0.270733 0.259117 0.246932 0.234282 0.221273 0.208017 0.194623 0.181202 0.167862 0.154707 0.141833 0.129333 0.117287 0.105766 0.0948305 0.0845294 0.074899 0.0659639 0.0577369 0.0502195 0.0434034 0.0372705 0.0317952 0.026945 0.0226823 0.0189655 0.0157507 0.0129928 0.0106465 0.0086677 0.00701423 0.00564645 0.00452798 0.00362614 0.0029122 0.00236167 0.00195443 0.00167478 0.00151147 
0.0016929 0.00175473 0.00194274 0.00226457 0.0027329 0.00336548 0.00418502 0.00521909 0.00649996 0.00806428 0.00995271 0.0122094 0.0148811 0.0180167 0.0216659 0.025878 0.0307007 0.0361786 0.0423517 0.0492538 0.056911 0.0653403 0.0745481 0.0845294 0.0952666 0.106729 0.118874 0.131643 0.144968 0.158768 0.17295 0.187415 0.202053 0.216751 0.231392 0.245854 0.260019 0.27377 0.286991 0.299575 0.311417 0.322424 0.332507 0.341588 0.349598 0.356477 0.362173 0.366646 0.369864 0.371803 0.372451 0.371803 0.369864 0.366646 0.362173 0.356477 0.349598 0.341588 0.332507 0.322424 0.311417 0.299575 0.286991 0.27377 0.260019 0.245854 0.231392 0.216751 0.202053 0.187415 0.17295 0.158768 0.144968 0.131643 0.118874 0.106729 0.0952666 0.0845294 0.0745481 0.0653403 0.056911 0.0492538 0.0423517 0.0361786 0.0307007 0.025878 0.0216659 0.0180167 0.0148811 0.0122094 0.00995271 0.00806428 0.00649996 0.00521909 0.00418502 0.00336548 0.0027329 0.00226457 0.00194274 0.00175473 
0.00195369 0.00202445 0.00223958 0.00260767 0.00314297 0.0038654 0.00480042 0.0059789 0.00743686 0.00921513 0.0113589 0.0139169 0.0169409 0.0204845 0.0246019 0.0293467 0.0347701 0.0409199 0.0478379 0.0555592 0.0641095 0.0735046 0.0837479 0.0948305 0.106729 0.119407 0.132812 0.146878 0.161527 0.176666 0.192194 0.207998 0.22396 0.239955 0.255855 0.271531 0.286855 0.301703 0.315954 0.329494 0.342215 0.354021 0.36482 0.374534 0.383092 0.390433 0.396507 0.401273 0.4047 0.406765 0.407455 0.406765 0.4047 0.401273 0.396507 0.390433 0.383092 0.374534 0.36482 0.354021 0.342215 0.329494 0.315954 0.301703 0.286855 0.271531 0.255855 0.239955 0.22396 0.207998 0.192194 0.176666 0.161527 0.146878 0.132812 0.119407 0.106729 0.0948305 0.0837479 0.0735046 0.0641095 0.0555592 0.0478379 0.0409199 0.0347701 0.0293467 0.0246019 0.0204845 0.0169409 0.0139169 0.0113589 0.00921513 0.00743686 0.0059789 0.00480042 0.0038654 0.00314297 0.00260767 0.00223958 0.00202445 
0.00224073 0.00232122 0.00256589 0.00298434 0.00359248 0.00441255 0.00547292 0.00680791 0.00845751 0.0104669 0.012886 0.0157684 0.0191709 0.0231519 0.0277701 0.0330833 0.0391464 0.0460097 0.053717 0.0623038 0.0717952 0.082205 0.0935332 0.105766 0.118874 0.132812 0.14752 0.162922 0.178929 0.195438 0.212336 0.229498 0.246796 0.264093 0.281253 0.298137 0.31461 0.33054 0.3458 0.360274 0.37385 0.386428 0.397917 0.408236 0.417317 0.425098 0.43153 0.436574 0.440198 0.442381 0.44311 0.442381 0.440198 0.436574 0.43153 0.425098 0.417317 0.408236 0.397917 0.386428 0.37385 0.360274 0.3458 0.33054 0.31461 0.298137 0.281253 0.264093 0.246796 0.229498 0.212336 0.195438 0.178929 0.162922 0.14752 0.132812 0.118874 0.105766 0.0935332 0.082205 0.0717952 0.0623038 0.053717 0.0460097 0.0391464 0.0330833 0.0277701 0.0231519 0.0191709 0.0157684 0.012886 0.0104669 0.00845751 0.00680791 0.00547292 0.00441255 0.00359248 0.00298434 0.00256589 0.00232122 
0.0025542 0.00264521 0.00292182 0.00339466 0.00408144 0.00500681 0.00620218 0.00770552 0.00956092 0.0118182 0.0145319 0.0177609 0.0215669 0.0260131 0.031163 0.0370783 0.0438173 0.0514327 0.0599698 0.069464 0.0799394 0.0914069 0.103863 0.117287 0.131643 0.146878 0.162922 0.179689 0.197078 0.214975 0.233254 0.25178 0.270413 0.289007 0.307413 0.325487 0.343085 0.360068 0.376308 0.391681 0.406075 0.419388 0.431531 0.442422 0.451992 0.460185 0.466951 0.472252 0.476058 0.478351 0.479116 0.478351 0.476058 0.472252 0.466951 0.460185 0.451992 0.442422 0.431531 0.419388 0.406075 0.391681 0.376308 0.360068 0.343085 0.325487 0.307413 0.289007 0.270413 0.25178 0.233254 0.214975 0.197078 0.179689 0.162922 0.146878 0.131643 0.117287 0.103863 0.0914069 0.0799394 0.069464 0.0599698 0.0514327 0.0438173 0.0370783 0.031163 0.0260131 0.0215669 0.0177609 0.0145319 0.0118182 0.00956092 0.00770552 0.00620218 0.00500681 0.00408144 0.00339466 0.00292182 0.00264521 
0.00289384 0.00299615 0.003307 0.00383817 0.00460918 0.00564722 0.00698689 0.00866991 0.0107447 0.0132656 0.0162923 0.0198887 0.0241215 0.029059 0.034769 0.0413172 0.048765 0.0571671 0.0665698 0.0770082 0.0885044 0.101066 0.114684 0.129333 0.144968 0.161527 0.178929 0.197078 0.21586 0.235151 0.254811 0.274694 0.294649 0.314518 0.334146 0.353378 0.372064 0.390062 0.407237 0.423464 0.438631 0.452634 0.465385 0.476805 0.486828 0.495397 0.502466 0.508001 0.511973 0.514363 0.515162 0.514363 0.511973 0.508001 0.502466 0.495397 0.486828 0.476805 0.465385 0.452634 0.438631 0.423464 0.407237 0.390062 0.372064 0.353378 0.334146 0.314518 0.294649 0.274694 0.254811 0.235151 0.21586 0.197078 0.178929 0.161527 0.144968 0.129333 0.114684 0.101066 0.0885044 0.0770082 0.0665698 0.0571671 0.048765 0.0413172 0.034769 0.029059 0.0241215 0.0198887 0.0162923 0.0132656 0.0107447 0.00866991 0.00698689 0.00564722 0.00460918 0.00383817 0.003307 0.00299615 
0.00325893 0.00337326 0.00372056 0.00431376 0.0051743 0.00633198 0.00782468 0.00969802 0.0120047 0.0148041 0.0181607 0.0221436 0.0268246 0.0322767 0.0385723 0.0457807 0.053966 0.0631848 0.0734836 0.0848967 0.0974439 0.111129 0.125936 0.141833 0.158768 0.176666 0.195438 0.214975 0.235151 0.255828 0.276856 0.298076 0.319326 0.340439 0.361249 0.381596 0.401323 0.420284 0.43834 0.455367 0.471251 0.48589 0.499198 0.511099 0.521528 0.530434 0.537774 0.543515 0.547633 0.55011 0.550937 0.55011 0.547633 0.543515 0.537774 0.530434 0.521528 0.511099 0.499198 0.48589 0.471251 0.455367 0.43834 0.420284 0.401323 0.381596 0.361249 0.340439 0.319326 0.298076 0.276856 0.255828 0.235151 0.214975 0.195438 0.176666 0.158768 0.141833 0.125936 0.111129 0.0974439 0.0848967 0.0734836 0.0631848 0.053966 0.0457807 0.0385723 0.0322767 0.0268246 0.0221436 0.0181607 0.0148041 0.0120047 0.00969802 0.00782468 0.00633198 0.0051743 0.00431376 0.00372056 0.00337326 
0.00364819 0.00377521 0.004161 0.00481966 0.00577461 0.00705832 0.00871207 0.0107854 0.0133355 0.0164265 0.0201281 0.0245145 0.0296624 0.0356498 0.0425529 0.0504446 0.0593914 0.0694513 0.0806708 0.0930825 0.106703 0.121531 0.137546 0.154707 0.17295 0.192194 0.212336 0.233254 0.254811 0.276856 0.299226 0.321751 0.344257 0.366569 0.388512 0.409919 0.430629 0.450491 0.469367 0.48713 0.503668 0.518882 0.532689 0.545015 0.555803 0.565002 0.572576 0.578495 0.582737 0.585288 0.58614 0.585288 0.582737 0.578495 0.572576 0.565002 0.555803 0.545015 0.532689 0.518882 0.503668 0.48713 0.469367 0.450491 0.430629 0.409919 0.388512 0.366569 0.344257 0.321751 0.299226 0.276856 0.254811 0.233254 0.212336 0.192194 0.17295 0.154707 0.137546 0.121531 0.106703 0.0930825 0.0806708 0.0694513 0.0593914 0.0504446 0.0425529 0.0356498 0.0296624 0.0245145 0.0201281 0.0164265 0.0133355 0.0107854 0.00871207 0.00705832 0.00577461 0.00481966 0.004161 0.00377521 
0.00405982 0.00420014 0.00462623 0.00535342 0.00640712 0.00782256 0.00964442 0.0119263 0.0147298 0.0181239 0.0221835 0.0269877 0.0326184 0.0391578 0.0466863 0.0552798 0.065007 0.0759266 0.0880845 0.101511 0.11622 0.132203 0.149434 0.167862 0.187415 0.207998 0.229498 0.25178 0.274694 0.298076 0.321751 0.345537 0.36925 0.392705 0.415721 0.438124 0.459749 0.480443 0.500067 0.518496 0.53562 0.551343 0.565585 0.57828 0.589373 0.59882 0.606589 0.612655 0.616999 0.619611 0.620482 0.619611 0.616999 0.612655 0.606589 0.59882 0.589373 0.57828 0.565585 0.551343 0.53562 0.518496 0.500067 0.480443 0.459749 0.438124 0.415721 0.392705 0.36925 0.345537 0.321751 0.298076 0.274694 0.25178 0.229498 0.207998 0.187415 0.167862 0.149434 0.132203 0.11622 0.101511 0.0880845 0.0759266 0.065007 0.0552798 0.0466863 0.0391578 0.0326184 0.0269877 0.0221835 0.0181239 0.0147298 0.0119263 0.00964442 0.00782256 0.00640712 0.00535342 0.00462623 0.00420014 
0.00449144 0.00464558 0.00511354 0.00591188 0.00706805 0.00862003 0.010616 0.0131134 0.0161787 0.0198854 0.0243135 0.0295471 0.0356728 0.0427772 0.0509445 0.0602532 0.0707737 0.082565 0.095672 0.110123 0.125925 0.143067 0.161512 0.181202 0.202053 0.22396 0.246796 0.270413 0.294649 0.319326 0.344257 0.36925 0.39411 0.418644 0.442663 0.465989 0.488454 0.509905 0.530201 0.549221 0.566856 0.583018 0.597631 0.610633 0.621976 0.631624 0.639549 0.64573 0.650154 0.652811 0.653697 0.652811 0.650154 0.64573 0.639549 0.631624 0.621976 0.610633 0.597631 0.583018 0.566856 0.549221 0.530201 0.509905 0.488454 0.465989 0.442663 0.418644 0.39411 0.36925 0.344257 0.319326 0.294649 0.270413 0.246796 0.22396 0.202053 0.181202 0.161512 0.143067 0.125925 0.110123 0.095672 0.082565 0.0707737 0.0602532 0.0509445 0.0427772 0.0356728 0.0295471 0.0243135 0.0198854 0.0161787 0.0131134 0.010616 0.00862003 0.00706805 0.00591188 0.00511354 0.00464558 
0.00494011 0.00510848 0.00561957 0.00649118 0.00775277 0.00944513 0.0116198 0.0143384 0.0176717 0.0216981 0.0265024 0.0321736 0.0388029 0.0464811 0.0552954 0.0653271 0.0766476 0.089316 0.103375 0.11885 0.135744 0.154038 0.173687 0.194623 0.216751 0.239955 0.264093 0.289007 0.314518 0.340439 0.366569 0.392705 0.418644 0.444183 0.46913 0.493301 0.516526 0.538652 0.559541 0.579072 0.597145 0.613673 0.628588 0.641836 0.653376 0.663176 0.671216 0.677481 0.681961 0.684651 0.685548 0.684651 0.681961 0.677481 0.671216 0.663176 0.653376 0.641836 0.628588 0.613673 0.597145 0.579072 0.559541 0.538652 0.516526 0.493301 0.46913 0.444183 0.418644 0.392705 0.366569 0.340439 0.314518 0.289007 0.264093 0.239955 0.216751 0.194623 0.173687 0.154038 0.135744 0.11885 0.103375 0.089316 0.0766476 0.0653271 0.0552954 0.0464811 0.0388029 0.0321736 0.0265024 0.0216981 0.0176717 0.0143384 0.0116198 0.00944513 0.00775277 0.00649118 0.00561957 0.00510848 
0.00540234 0.00558526 0.0061404 0.00708679 0.00845593 0.0102913 0.012648 0.0155915 0.019197 0.0235476 0.0287328 0.0348463 0.0419837 0.0502395 0.0597041 0.0704606 0.0825815 0.0961251 0.111132 0.127624 0.145598 0.165028 0.18586 0.208017 0.231392 0.255855 0.281253 0.307413 0.334146 0.361249 0.388512 0.415721 0.442663 0.46913 0.494923 0.519856 0.543758 0.566476 0.587875 0.607839 0.626272 0.643095 0.658246 0.671679 0.683361 0.693267 0.701383 0.707701 0.712215 0.714924 0.715828 0.714924 0.712215 0.707701 0.701383 0.693267 0.683361 0.671679 0.658246 0.643095 0.626272 0.607839 0.587875 0.566476 0.543758 0.519856 0.494923 0.46913 0.442663 0.415721 0.388512 0.361249 0.334146 0.307413 0.281253 0.255855 0.231392 0.208017 0.18586 0.165028 0.145598 0.127624 0.111132 0.0961251 0.0825815 0.0704606 0.0597041 0.0502395 0.0419837 0.0348463 0.0287328 0.0235476 0.019197 0.0155915 0.012648 0.0102913 0.00845593 0.00708679 0.0061404 0.00558526 
0.00587415 0.00607179 0.0066715 0.00769355 0.00917142 0.0111514 0.0136917 0.0168619 0.0207414 0.0254178 0.0309853 0.0375421 0.0451877 0.0540202 0.0641327 0.0756099 0.0885247 0.102934 0.118877 0.136369 0.155403 0.175945 0.197931 0.221273 0.245854 0.271531 0.298137 0.325487 0.353378 0.381596 0.409919 0.438124 0.465989 0.493301 0.519856 0.545466 0.56996 0.593186 0.615014 0.635332 0.65405 0.671098 0.686421 0.699981 0.711752 0.72172 0.729875 0.736216 0.740744 0.743459 0.744364 0.743459 0.740744 0.736216 0.729875 0.72172 0.711752 0.699981 0.686421 0.671098 0.65405 0.635332 0.615014 0.593186 0.56996 0.545466 0.519856 0.493301 0.465989 0.438124 0.409919 0.381596 0.353378 0.325487 0.298137 0.271531 0.245854 0.221273 0.197931 0.175945 0.155403 0.136369 0.118877 0.102934 0.0885247 0.0756099 0.0641327 0.0540202 0.0451877 0.0375421 0.0309853 0.0254178 0.0207414 0.0168619 0.0136917 0.0111514 0.00917142 0.00769355 0.0066715 0.00607179 
0.00635105 0.00656346 0.00720787 0.00830574 0.00989252 0.0120171 0.0147411 0.0181377 0.0222905 0.0272916 0.0332394 0.0402363 0.0483857 0.0577888 0.0685412 0.0807287 0.0944241 0.109683 0.126541 0.14501 0.165076 0.186695 0.209797 0.234282 0.260019 0.286855 0.31461 0.343085 0.372064 0.401323 0.430629 0.459749 0.488454 0.516526 0.543758 0.56996 0.594962 0.618614 0.640791 0.661387 0.68032 0.697526 0.712959 0.726591 0.738404 0.748391 0.756551 0.762889 0.767411 0.770121 0.771024 0.770121 0.767411 0.762889 0.756551 0.748391 0.738404 0.726591 0.712959 0.697526 0.68032 0.661387 0.640791 0.618614 0.594962 0.56996 0.543758 0.516526 0.488454 0.459749 0.430629 0.401323 0.372064 0.343085 0.31461 0.286855 0.260019 0.234282 0.209797 0.186695 0.165076 0.14501 0.126541 0.109683 0.0944241 0.0807287 0.0685412 0.0577888 0.0483857 0.0402363 0.0332394 0.0272916 0.0222905 0.0181377 0.0147411 0.0120171 0.00989252 0.00830574 0.00720787 0.00656346 
0.00682819 0.00705526 0.00774405 0.00891717 0.010612 0.0128799 0.0157857 0.0194063 0.0238292 0.0291505 0.0354729 0.0429028 0.051547 0.0615096 0.072888 0.0857691 0.100225 0.11631 0.134056 0.15347 0.17453 0.197186 0.221357 0.246932 0.27377 0.301703 0.33054 0.360068 0.390062 0.420284 0.450491 0.480443 0.509905 0.538652 0.566476 0.593186 0.618614 0.642615 0.665065 0.685869 0.704949 0.722251 0.737739 0.751393 0.763204 0.773173 0.781307 0.787618 0.792116 0.79481 0.795708 0.79481 0.792116 0.787618 0.781307 0.773173 0.763204 0.751393 0.737739 0.722251 0.704949 0.685869 0.665065 0.642615 0.618614 0.593186 0.566476 0.538652 0.509905 0.480443 0.450491 0.420284 0.390062 0.360068 0.33054 0.301703 0.27377 0.246932 0.221357 0.197186 0.17453 0.15347 0.134056 0.11631 0.100225 0.0857691 0.072888 0.0615096 0.051547 0.0429028 0.0354729 0.0291505 0.0238292 0.0194063 0.0157857 0.0128799 0.010612 0.00891717 0.00774405 0.00705526 
0.00730038 0.00754186 0.00827424 0.00952126 0.0113221 0.0137306 0.0168146 0.0206544 0.0253413 0.0309755 0.0376633 0.0455148 0.05464 0.0651456 0.0771306 0.0906825 0.105873 0.122753 0.141352 0.16167 0.183681 0.207325 0.232511 0.259117 0.286991 0.315954 0.3458 0.376308 0.407237 0.43834 0.469367 0.500067 0.530201 0.559541 0.587875 0.615014 0.640791 0.665065 0.687721 0.708665 0.727833 0.745176 0.76067 0.774301 0.786071 0.79599 0.804073 0.810335 0.814795 0.817465 0.818354 0.817465 0.814795 0.810335 0.804073 0.79599 0.786071 0.774301 0.76067 0.745176 0.727833 0.708665 0.687721 0.665065 0.640791 0.615014 0.587875 0.559541 0.530201 0.500067 0.469367 0.43834 0.407237 0.376308 0.3458 0.315954 0.286991 0.259117 0.232511 0.207325 0.183681 0.16167 0.141352 0.122753 0.105873 0.0906825 0.0771306 0.0651456 0.05464 0.0455148 0.0376633 0.0309755 0.0253413 0.0206544 0.0168146 0.0137306 0.0113221 0.00952126 0.00827424 0.00754186 
