0.00294721 0.00297779 0.0030697 0.00322348 0.00344001 0.00372047 0.00406634 0.00447935 0.0049614 0.00551455 0.00614092 0.00684264 0.00762177 0.00848023 0.0094197 0.0104415 0.0115467 0.0127358 0.0140086 0.0153646 0.0168023 0.0183196 0.0199136 0.0215804 0.0233154 0.0251131 0.0269669 0.0288695 0.0308126 0.0327873 0.0347837 0.0367911 0.0387986 0.0407943 0.0427661 0.0447017 0.0465883 0.0484133 0.0501641 0.0518283 0.0533938 0.0548492 0.0561834 0.0573864 0.0584489 0.0593626 0.0601203 0.060716 0.0611449 0.0614037 0.0614902 0.0614037 0.0611449 0.060716 0.0601203 0.0593626 0.0584489 0.0573864 0.0561834 0.0548492 0.0533938 0.0518283 0.0501641 0.0484133 0.0465883 0.0447017 0.0427661 0.0407943 0.0387986 0.0367911 0.0347837 0.0327873 0.0308126 0.0288695 0.0269669 0.0251131 0.0233154 0.0215804 0.0199136 0.0183196 0.0168023 0.0153646 0.0140086 0.0127358 0.0115467 0.0104415 0.0094197 0.00848023 0.00762177 0.00684264 0.00614092 0.00551455 0.0049614 0.00447935 0.00406634 0.00372047 0.00344001 0.00322348 0.0030697 0.00297779 
0.00297779 0.00300865 0.00310143 0.00325667 0.00347524 0.00375833 0.00410745 0.00452431 0.00501084 0.0055691 0.00620123 0.00690938 0.0076956 0.00856182 0.00950972 0.0105407 0.0116557 0.0128552 0.0141391 0.0155069 0.016957 0.0184872 0.0200947 0.0217756 0.0235251 0.0253377 0.0272068 0.029125 0.031084 0.0330746 0.0350869 0.0371104 0.0391338 0.0411452 0.0431325 0.0450831 0.0469843 0.0488234 0.0505876 0.0522644 0.0538419 0.0553082 0.0566526 0.0578646 0.0589351 0.0598556 0.0606189 0.061219 0.0616512 0.0619119 0.061999 0.0619119 0.0616512 0.061219 0.0606189 0.0598556 0.0589351 0.0578646 0.0566526 0.0553082 0.0538419 0.0522644 0.0505876 0.0488234 0.0469843 0.0450831 0.0431325 0.0411452 0.0391338 0.0371104 0.0350869 0.0330746 0.031084 0.029125 0.0272068 0.0253377 0.0235251 0.0217756 0.0200947 0.0184872 0.016957 0.0155069 0.0141391 0.0128552 0.0116557 0.0105407 0.00950972 0.00856182 0.0076956 0.00690938 0.00620123 0.0055691 0.00501084 0.00452431 0.00410745 0.00375833 0.00347524 0.00325667 0.00310143 0.00300865 
0.0030697 0.00310143 0.00319683 0.00335642 0.00358112 0.00387213 0.00423098 0.00465941 0.0051594 0.00573303 0.00638247 0.00710989 0.0079174 0.00880692 0.00978016 0.0108385 0.0119829 0.0132138 0.0145312 0.0159342 0.0174215 0.0189907 0.0206388 0.0223618 0.0241549 0.0260123 0.0279273 0.0298922 0.0318986 0.033937 0.0359974 0.0380689 0.04014 0.0421985 0.0442321 0.0462279 0.0481729 0.0500541 0.0518586 0.0535735 0.0551866 0.056686 0.0580605 0.0592997 0.060394 0.061335 0.0621154 0.0627288 0.0631705 0.0634369 0.063526 0.0634369 0.0631705 0.0627288 0.0621154 0.061335 0.060394 0.0592997 0.0580605 0.056686 0.0551866 0.0535735 0.0518586 0.0500541 0.0481729 0.0462279 0.0442321 0.0421985 0.04014 0.0380689 0.0359974 0.033937 0.0318986 0.0298922 0.0279273 0.0260123 0.0241549 0.0223618 0.0206388 0.0189907 0.0174215 0.0159342 0.0145312 0.0132138 0.0119829 0.0108385 0.00978016 0.00880692 0.0079174 0.00710989 0.00638247 0.00573303 0.0051594 0.00465941 0.00423098 0.00387213 0.00358112 0.00335642 0.00319683 0.00310143 
0.00322348 0.00325667 0.00335642 0.0035233 0.00375824 0.00406248 0.00443758 0.00488536 0.00540782 0.00600712 0.00668547 0.0074451 0.00828814 0.00921658 0.0102321 0.0113362 0.0125297 0.013813 0.0151861 0.0166481 0.0181973 0.0198315 0.0215474 0.0233407 0.0252065 0.0271386 0.02913 0.0311729 0.0332583 0.0353766 0.0375171 0.0396686 0.0418191 0.0439562 0.046067 0.048138 0.0501561 0.0521075 0.053979 0.0557574 0.0574299 0.0589843 0.0604091 0.0616934 0.0628275 0.0638026 0.0646112 0.0652468 0.0657044 0.0659805 0.0660727 0.0659805 0.0657044 0.0652468 0.0646112 0.0638026 0.0628275 0.0616934 0.0604091 0.0589843 0.0574299 0.0557574 0.053979 0.0521075 0.0501561 0.048138 0.046067 0.0439562 0.0418191 0.0396686 0.0375171 0.0353766 0.0332583 0.0311729 0.02913 0.0271386 0.0252065 0.0233407 0.0215474 0.0198315 0.0181973 0.0166481 0.0151861 0.013813 0.0125297 0.0113362 0.0102321 0.00921658 0.00828814 0.0074451 0.00668547 0.00600712 0.00540782 0.00488536 0.00443758 0.00406248 0.00375824 0.0035233 0.00335642 0.00325667 
0.00344001 0.00347524 0.00358112 0.00375824 0.00400756 0.00433038 0.00472833 0.00520328 0.00575731 0.00639265 0.00711161 0.00791646 0.00880941 0.00979248 0.0108674 0.0120356 0.013298 0.0146549 0.0161062 0.0176508 0.0192871 0.0210123 0.0228232 0.0247151 0.0266827 0.0287195 0.0308181 0.0329702 0.0351664 0.0373963 0.039649 0.0419125 0.0441744 0.0464214 0.0486401 0.0508165 0.0529367 0.0549864 0.0569516 0.0588188 0.0605744 0.0622057 0.0637007 0.0650482 0.066238 0.0672608 0.0681088 0.0687754 0.0692553 0.0695448 0.0696415 0.0695448 0.0692553 0.0687754 0.0681088 0.0672608 0.066238 0.0650482 0.0637007 0.0622057 0.0605744 0.0588188 0.0569516 0.0549864 0.0529367 0.0508165 0.0486401 0.0464214 0.0441744 0.0419125 0.039649 0.0373963 0.0351664 0.0329702 0.0308181 0.0287195 0.0266827 0.0247151 0.0228232 0.0210123 0.0192871 0.0176508 0.0161062 0.0146549 0.013298 0.0120356 0.0108674 0.00979248 0.00880941 0.00791646 0.00711161 0.00639265 0.00575731 0.00520328 0.00472833 0.00433038 0.00400756 0.00375824 0.00358112 0.00347524 
0.00372047 0.00375833 0.00387213 0.00406248 0.00433038 0.00467722 0.00510467 0.0056147 0.0062095 0.00689138 0.00766275 0.00852598 0.00948333 0.0105369 0.0116884 0.0129394 0.0142906 0.0157424 0.0172944 0.0189456 0.0206939 0.0225366 0.0244697 0.0264886 0.0285873 0.0307589 0.0329955 0.0352881 0.0376266 0.0400003 0.0423972 0.0448048 0.0472097 0.0495981 0.0519555 0.0542673 0.0565186 0.0586945 0.0607802 0.0627612 0.0646235 0.0663536 0.0679389 0.0693674 0.0706285 0.0717126 0.0726112 0.0733176 0.0738261 0.0741328 0.0742353 0.0741328 0.0738261 0.0733176 0.0726112 0.0717126 0.0706285 0.0693674 0.0679389 0.0663536 0.0646235 0.0627612 0.0607802 0.0586945 0.0565186 0.0542673 0.0519555 0.0495981 0.0472097 0.0448048 0.0423972 0.0400003 0.0376266 0.0352881 0.0329955 0.0307589 0.0285873 0.0264886 0.0244697 0.0225366 0.0206939 0.0189456 0.0172944 0.0157424 0.0142906 0.0129394 0.0116884 0.0105369 0.00948333 0.00852598 0.00766275 0.00689138 0.0062095 0.0056147 0.00510467 0.00467722 0.00433038 0.00406248 0.00387213 0.00375833 
0.00406634 0.00410745 0.00423098 0.00443758 0.00472833 0.00510467 0.00556837 0.00612152 0.0067664 0.00750546 0.0083412 0.0092761 0.0103125 0.0114526 0.0126982 0.0140506 0.0155108 0.0170789 0.0187545 0.0205363 0.0224219 0.0244084 0.0264914 0.0286656 0.0309248 0.0332614 0.0356667 0.0381312 0.040644 0.0431933 0.0457666 0.0483502 0.0509299 0.0534908 0.0560177 0.0584947 0.0609061 0.0632361 0.0654687 0.0675888 0.0695812 0.0714318 0.073127 0.0746544 0.0760025 0.0771612 0.0781216 0.0788764 0.0794198 0.0797475 0.079857 0.0797475 0.0794198 0.0788764 0.0781216 0.0771612 0.0760025 0.0746544 0.073127 0.0714318 0.0695812 0.0675888 0.0654687 0.0632361 0.0609061 0.0584947 0.0560177 0.0534908 0.0509299 0.0483502 0.0457666 0.0431933 0.040644 0.0381312 0.0356667 0.0332614 0.0309248 0.0286656 0.0264914 0.0244084 0.0224219 0.0205363 0.0187545 0.0170789 0.0155108 0.0140506 0.0126982 0.0114526 0.0103125 0.0092761 0.0083412 0.00750546 0.0067664 0.00612152 0.00556837 0.00510467 0.00472833 0.00443758 0.00423098 0.00410745 
0.00447935 0.00452431 0.00465941 0.00488536 0.00520328 0.0056147 0.00612152 0.00672593 0.00743035 0.00823736 0.0091496 0.0101697 0.0113 0.0125428 0.0139 0.0153729 0.0169624 0.0186685 0.0204906 0.0224272 0.0244756 0.0266324 0.0288929 0.0312512 0.0337003 0.0362321 0.0388371 0.0415048 0.0442236 0.0469806 0.0497621 0.0525537 0.0553398 0.0581045 0.0608314 0.0635034 0.0661038 0.0686154 0.0710214 0.0733053 0.0754512 0.0774437 0.0792686 0.0809125 0.0823631 0.0836097 0.0846429 0.0854547 0.0860391 0.0863916 0.0865094 0.0863916 0.0860391 0.0854547 0.0846429 0.0836097 0.0823631 0.0809125 0.0792686 0.0774437 0.0754512 0.0733053 0.0710214 0.0686154 0.0661038 0.0635034 0.0608314 0.0581045 0.0553398 0.0525537 0.0497621 0.0469806 0.0442236 0.0415048 0.0388371 0.0362321 0.0337003 0.0312512 0.0288929 0.0266324 0.0244756 0.0224272 0.0204906 0.0186685 0.0169624 0.0153729 0.0139 0.0125428 0.0113 0.0101697 0.0091496 0.00823736 0.00743035 0.00672593 0.00612152 0.0056147 0.00520328 0.00488536 0.00465941 0.00452431 
0.0049614 0.00501084 0.0051594 0.00540782 0.00575731 0.0062095 0.0067664 0.00743035 0.00820392 0.00908982 0.0100909 0.0112097 0.012449 0.013811 0.0152976 0.0169102 0.0186495 0.0205154 0.0225072 0.024623 0.0268598 0.0292136 0.0316793 0.0342504 0.0369191 0.0396763 0.0425119 0.0454143 0.0483707 0.0513673 0.0543891 0.0574204 0.0604444 0.0634439 0.0664011 0.0692978 0.0721156 0.0748363 0.0774417 0.0799142 0.0822365 0.0843923 0.0863662 0.088144 0.0897124 0.0910601 0.0921768 0.0930543 0.0936858 0.0940667 0.094194 0.0940667 0.0936858 0.0930543 0.0921768 0.0910601 0.0897124 0.088144 0.0863662 0.0843923 0.0822365 0.0799142 0.0774417 0.0748363 0.0721156 0.0692978 0.0664011 0.0634439 0.0604444 0.0574204 0.0543891 0.0513673 0.0483707 0.0454143 0.0425119 0.0396763 0.0369191 0.0342504 0.0316793 0.0292136 0.0268598 0.024623 0.0225072 0.0205154 0.0186495 0.0169102 0.0152976 0.013811 0.012449 0.0112097 0.0100909 0.00908982 0.00820392 0.00743035 0.0067664 0.0062095 0.00575731 0.00540782 0.0051594 0.00501084 
0.00551455 0.0055691 0.00573303 0.00600712 0.00639265 0.00689138 0.00750546 0.00823736 0.00908982 0.0100657 0.011168 0.0123996 0.0137631 0.0152608 0.0168949 0.0186665 0.0205763 0.0226241 0.0248089 0.0271284 0.0295793 0.0321571 0.0348558 0.0376684 0.0405862 0.0435993 0.0466963 0.0498647 0.0530904 0.0563583 0.0596522 0.0629547 0.066248 0.0695131 0.0727307 0.0758812 0.0789448 0.0819017 0.0847323 0.0874176 0.0899391 0.0922792 0.0944213 0.09635 0.0980514 0.0995129 0.100724 0.101675 0.10236 0.102773 0.102911 0.102773 0.10236 0.101675 0.100724 0.0995129 0.0980514 0.09635 0.0944213 0.0922792 0.0899391 0.0874176 0.0847323 0.0819017 0.0789448 0.0758812 0.0727307 0.0695131 0.066248 0.0629547 0.0596522 0.0563583 0.0530904 0.0498647 0.0466963 0.0435993 0.0405862 0.0376684 0.0348558 0.0321571 0.0295793 0.0271284 0.0248089 0.0226241 0.0205763 0.0186665 0.0168949 0.0152608 0.0137631 0.0123996 0.011168 0.0100657 0.00908982 0.00823736 0.00750546 0.00689138 0.00639265 0.00600712 0.00573303 0.0055691 
0.00614092 0.00620123 0.00638247 0.00668547 0.00711161 0.00766275 0.0083412 0.0091496 0.0100909 0.011168 0.0123842 0.0137425 0.0152456 0.0168959 0.0186955 0.0206457 0.0227469 0.0249989 0.0274001 0.029948 0.0326388 0.0354674 0.0384271 0.04151 0.0447065 0.0480057 0.0513949 0.0548604 0.0583869 0.0619577 0.0655551 0.0691603 0.0727537 0.0763148 0.0798226 0.0832558 0.086593 0.0898128 0.092894 0.0958161 0.098559 0.101104 0.103433 0.10553 0.107379 0.108967 0.110282 0.111316 0.11206 0.112508 0.112658 0.112508 0.11206 0.111316 0.110282 0.108967 0.107379 0.10553 0.103433 0.101104 0.098559 0.0958161 0.092894 0.0898128 0.086593 0.0832558 0.0798226 0.0763148 0.0727537 0.0691603 0.0655551 0.0619577 0.0583869 0.0548604 0.0513949 0.0480057 0.0447065 0.04151 0.0384271 0.0354674 0.0326388 0.029948 0.0274001 0.0249989 0.0227469 0.0206457 0.0186955 0.0168959 0.0152456 0.0137425 0.0123842 0.011168 0.0100909 0.0091496 0.0083412 0.00766275 0.00711161 0.00668547 0.00638247 0.00620123 
0.00684264 0.00690938 0.00710989 0.0074451 0.00791646 0.00852598 0.0092761 0.0101697 0.0112097 0.0123996 0.0137425 0.0152416 0.0168998 0.0187198 0.0207033 0.0228517 0.0251653 0.0276437 0.0302849 0.0330859 0.0360425 0.0391488 0.0423974 0.0457793 0.0492839 0.0528992 0.0566113 0.0604049 0.0642633 0.0681683 0.0721004 0.0760392 0.0799632 0.0838502 0.0876775 0.0914218 0.09506 0.0985688 0.101925 0.105108 0.108094 0.110864 0.113398 0.115679 0.11769 0.119417 0.120847 0.121971 0.12278 0.123267 0.12343 0.123267 0.12278 0.121971 0.120847 0.119417 0.11769 0.115679 0.113398 0.110864 0.108094 0.105108 0.101925 0.0985688 0.09506 0.0914218 0.0876775 0.0838502 0.0799632 0.0760392 0.0721004 0.0681683 0.0642633 0.0604049 0.0566113 0.0528992 0.0492839 0.0457793 0.0423974 0.0391488 0.0360425 0.0330859 0.0302849 0.0276437 0.0251653 0.0228517 0.0207033 0.0187198 0.0168998 0.0152416 0.0137425 0.0123996 0.0112097 0.0101697 0.0092761 0.00852598 0.00791646 0.0074451 0.00710989 0.00690938 
0.00762177 0.0076956 0.0079174 0.00828814 0.00880941 0.00948333 0.0103125 0.0113 0.012449 0.0137631 0.0152456 0.0168998 0.018729 0.0207355 0.0229213 0.0252878 0.0278349 0.0305619 0.0334667 0.0365456 0.0397938 0.0432046 0.0467697 0.0504792 0.0543212 0.0582825 0.0623477 0.0665 0.0707211 0.074991 0.0792885 0.0835913 0.0878759 0.0921182 0.0962936 0.100377 0.104343 0.108166 0.111822 0.115287 0.118538 0.121553 0.12431 0.126791 0.128978 0.130856 0.132411 0.133632 0.134511 0.135041 0.135218 0.135041 0.134511 0.133632 0.132411 0.130856 0.128978 0.126791 0.12431 0.121553 0.118538 0.115287 0.111822 0.108166 0.104343 0.100377 0.0962936 0.0921182 0.0878759 0.0835913 0.0792885 0.074991 0.0707211 0.0665 0.0623477 0.0582825 0.0543212 0.0504792 0.0467697 0.0432046 0.0397938 0.0365456 0.0334667 0.0305619 0.0278349 0.0252878 0.0229213 0.0207355 0.018729 0.0168998 0.0152456 0.0137631 0.012449 0.0113 0.0103125 0.00948333 0.00880941 0.00828814 0.0079174 0.0076956 
0.00848023 0.00856182 0.00880692 0.00921658 0.00979248 0.0105369 0.0114526 0.0125428 0.013811 0.0152608 0.0168959 0.0187198 0.0207355 0.0229457 0.0253524 0.0279566 0.0307583 0.0337563 0.0369481 0.0403296 0.043895 0.0476369 0.051546 0.0556113 0.0598197 0.0641563 0.0686044 0.0731456 0.0777595 0.0824246 0.0871175 0.091814 0.0964885 0.101115 0.105666 0.110115 0.114434 0.118597 0.122577 0.126347 0.129883 0.13316 0.136158 0.138854 0.14123 0.14327 0.14496 0.146286 0.147241 0.147816 0.148008 0.147816 0.147241 0.146286 0.14496 0.14327 0.14123 0.138854 0.136158 0.13316 0.129883 0.126347 0.122577 0.118597 0.114434 0.110115 0.105666 0.101115 0.0964885 0.091814 0.0871175 0.0824246 0.0777595 0.0731456 0.0686044 0.0641563 0.0598197 0.0556113 0.051546 0.0476369 0.043895 0.0403296 0.0369481 0.0337563 0.0307583 0.0279566 0.0253524 0.0229457 0.0207355 0.0187198 0.0168959 0.0152608 0.013811 0.0125428 0.0114526 0.0105369 0.00979248 0.00921658 0.00880692 0.00856182 
0.0094197 0.00950972 0.00978016 0.0102321 0.0108674 0.0116884 0.0126982 0.0139 0.0152976 0.0168949 0.0186955 0.0207033 0.0229213 0.0253524 0.0279983 0.0308599 0.0339372 0.0372284 0.0407305 0.0444388 0.0483468 0.0524462 0.0567264 0.0611753 0.0657785 0.0705194 0.0753797 0.0803391 0.0853755 0.0904651 0.0955827 0.100702 0.105794 0.110833 0.115787 0.120627 0.125325 0.129851 0.134176 0.138273 0.142113 0.145672 0.148926 0.151852 0.154431 0.156644 0.158477 0.159916 0.160951 0.161574 0.161783 0.161574 0.160951 0.159916 0.158477 0.156644 0.154431 0.151852 0.148926 0.145672 0.142113 0.138273 0.134176 0.129851 0.125325 0.120627 0.115787 0.110833 0.105794 0.100702 0.0955827 0.0904651 0.0853755 0.0803391 0.0753797 0.0705194 0.0657785 0.0611753 0.0567264 0.0524462 0.0483468 0.0444388 0.0407305 0.0372284 0.0339372 0.0308599 0.0279983 0.0253524 0.0229213 0.0207033 0.0186955 0.0168949 0.0152976 0.0139 0.0126982 0.0116884 0.0108674 0.0102321 0.00978016 0.00950972 
0.0104415 0.0105407 0.0108385 0.0113362 0.0120356 0.0129394 0.0140506 0.0153729 0.0169102 0.0186665 0.0206457 0.0228517 0.0252878 0.0279566 0.0308599 0.0339986 0.0373721 0.0409784 0.0448139 0.0488731 0.0531487 0.0576312 0.0623092 0.067169 0.0721946 0.077368 0.0826689 0.0880752 0.0935627 0.0991054 0.104676 0.110245 0.115784 0.12126 0.126643 0.1319 0.137001 0.141913 0.146605 0.151047 0.155211 0.159069 0.162594 0.165764 0.168557 0.170954 0.172938 0.174496 0.175617 0.176292 0.176518 0.176292 0.175617 0.174496 0.172938 0.170954 0.168557 0.165764 0.162594 0.159069 0.155211 0.151047 0.146605 0.141913 0.137001 0.1319 0.126643 0.12126 0.115784 0.110245 0.104676 0.0991054 0.0935627 0.0880752 0.0826689 0.077368 0.0721946 0.067169 0.0623092 0.0576312 0.0531487 0.0488731 0.0448139 0.0409784 0.0373721 0.0339986 0.0308599 0.0279566 0.0252878 0.0228517 0.0206457 0.0186665 0.0169102 0.0153729 0.0140506 0.0129394 0.0120356 0.0113362 0.0108385 0.0105407 
0.0115467 0.0116557 0.0119829 0.0125297 0.013298 0.0142906 0.0155108 0.0169624 0.0186495 0.0205763 0.0227469 0.0251653 0.0278349 0.0307583 0.0339372 0.0373721 0.0410622 0.0450051 0.0491965 0.0536301 0.0582977 0.0631887 0.0682903 0.0735874 0.0790624 0.0846955 0.0904646 0.0963453 0.102311 0.108335 0.114385 0.120432 0.126442 0.132382 0.138218 0.143916 0.149441 0.15476 0.15984 0.164647 0.169152 0.173324 0.177136 0.180563 0.183582 0.186172 0.188316 0.189998 0.191209 0.191938 0.192182 0.191938 0.191209 0.189998 0.188316 0.186172 0.183582 0.180563 0.177136 0.173324 0.169152 0.164647 0.15984 0.15476 0.149441 0.143916 0.138218 0.132382 0.126442 0.120432 0.114385 0.108335 0.102311 0.0963453 0.0904646 0.0846955 0.0790624 0.0735874 0.0682903 0.0631887 0.0582977 0.0536301 0.0491965 0.0450051 0.0410622 0.0373721 0.0339372 0.0307583 0.0278349 0.0251653 0.0227469 0.0205763 0.0186495 0.0169624 0.0155108 0.0142906 0.013298 0.0125297 0.0119829 0.0116557 
0.0127358 0.0128552 0.0132138 0.013813 0.0146549 0.0157424 0.0170789 0.0186685 0.0205154 0.0226241 0.0249989 0.0276437 0.0305619 0.0337563 0.0372284 0.0409784 0.0450051 0.0493055 0.0538747 0.0587056 0.0637888 0.0691127 0.0746629 0.0804229 0.0863732 0.0924923 0.0987558 0.105137 0.111608 0.118138 0.124694 0.131243 0.137749 0.144177 0.15049 0.15665 0.162622 0.168368 0.173854 0.179044 0.183906 0.188407 0.19252 0.196215 0.19947 0.202262 0.204573 0.206386 0.20769 0.208476 0.208739 0.208476 0.20769 0.206386 0.204573 0.202262 0.19947 0.196215 0.19252 0.188407 0.183906 0.179044 0.173854 0.168368 0.162622 0.15665 0.15049 0.144177 0.137749 0.131243 0.124694 0.118138 0.111608 0.105137 0.0987558 0.0924923 0.0863732 0.0804229 0.0746629 0.0691127 0.0637888 0.0587056 0.0538747 0.0493055 0.0450051 0.0409784 0.0372284 0.0337563 0.0305619 0.0276437 0.0249989 0.0226241 0.0205154 0.0186685 0.0170789 0.0157424 0.0146549 0.013813 0.0132138 0.0128552 
0.0140086 0.0141391 0.0145312 0.0151861 0.0161062 0.0172944 0.0187545 0.0204906 0.0225072 0.0248089 0.0274001 0.0302849 0.0334667 0.0369481 0.0407305 0.0448139 0.0491965 0.0538747 0.0588429 0.0640931 0.0696147 0.0753948 0.0814176 0.0876647 0.0941151 0.100745 0.107528 0.114435 0.121436 0.128497 0.135583 0.142657 0.149683 0.15662 0.163431 0.170075 0.176512 0.182704 0.188613 0.194202 0.199436 0.204281 0.208705 0.21268 0.21618 0.219182 0.221666 0.223616 0.225018 0.225863 0.226145 0.225863 0.225018 0.223616 0.221666 0.219182 0.21618 0.21268 0.208705 0.204281 0.199436 0.194202 0.188613 0.182704 0.176512 0.170075 0.163431 0.15662 0.149683 0.142657 0.135583 0.128497 0.121436 0.114435 0.107528 0.100745 0.0941151 0.0876647 0.0814176 0.0753948 0.0696147 0.0640931 0.0588429 0.0538747 0.0491965 0.0448139 0.0407305 0.0369481 0.0334667 0.0302849 0.0274001 0.0248089 0.0225072 0.0204906 0.0187545 0.0172944 0.0161062 0.0151861 0.0145312 0.0141391 
0.0153646 0.0155069 0.0159342 0.0166481 0.0176508 0.0189456 0.0205363 0.0224272 0.024623 0.0271284 0.029948 0.0330859 0.0365456 0.0403296 0.0444388 0.0488731 0.0536301 0.0587056 0.0640931 0.0697835 0.0757652 0.0820237 0.0885417 0.0952991 0.102273 0.109437 0.116763 0.124219 0.131772 0.139387 0.147025 0.154647 0.162213 0.169681 0.177009 0.184154 0.191075 0.19773 0.204079 0.210081 0.2157 0.220899 0.225647 0.229911 0.233665 0.236884 0.239548 0.241637 0.24314 0.244046 0.244348 0.244046 0.24314 0.241637 0.239548 0.236884 0.233665 0.229911 0.225647 0.220899 0.2157 0.210081 0.204079 0.19773 0.191075 0.184154 0.177009 0.169681 0.162213 0.154647 0.147025 0.139387 0.131772 0.124219 0.116763 0.109437 0.102273 0.0952991 0.0885417 0.0820237 0.0757652 0.0697835 0.0640931 0.0587056 0.0536301 0.0488731 0.0444388 0.0403296 0.0365456 0.0330859 0.029948 0.0271284 0.024623 0.0224272 0.0205363 0.0189456 0.0176508 0.0166481 0.0159342 0.0155069 
0.0168023 0.016957 0.0174215 0.0181973 0.0192871 0.0206939 0.0224219 0.0244756 0.0268598 0.0295793 0.0326388 0.0360425 0.0397938 0.043895 0.0483468 0.0531487 0.0582977 0.0637888 0.0696147 0.0757652 0.0822273 0.088985 0.0960194 0.103308 0.110827 0.118547 0.126437 0.134464 0.142592 0.150781 0.158991 0.167181 0.175306 0.183323 0.191186 0.198849 0.20627 0.213402 0.220203 0.226631 0.232647 0.238212 0.243292 0.247854 0.251869 0.255312 0.258159 0.260394 0.262 0.262968 0.263291 0.262968 0.262 0.260394 0.258159 0.255312 0.251869 0.247854 0.243292 0.238212 0.232647 0.226631 0.220203 0.213402 0.20627 0.198849 0.191186 0.183323 0.175306 0.167181 0.158991 0.150781 0.142592 0.134464 0.126437 0.118547 0.110827 0.103308 0.0960194 0.088985 0.0822273 0.0757652 0.0696147 0.0637888 0.0582977 0.0531487 0.0483468 0.043895 0.0397938 0.0360425 0.0326388 0.0295793 0.0268598 0.0244756 0.0224219 0.0206939 0.0192871 0.0181973 0.0174215 0.016957 
0.0183196 0.0184872 0.0189907 0.0198315 0.0210123 0.0225366 0.0244084 0.0266324 0.0292136 0.0321571 0.0354674 0.0391488 0.0432046 0.0476369 0.0524462 0.0576312 0.0631887 0.0691127 0.0753948 0.0820237 0.088985 0.0962612 0.103832 0.111672 0.119755 0.128051 0.136525 0.145142 0.153862 0.162645 0.171446 0.18022 0.188922 0.197503 0.205916 0.214113 0.222046 0.229668 0.236934 0.243799 0.250222 0.256162 0.261582 0.266449 0.270731 0.274402 0.277438 0.279819 0.281532 0.282563 0.282908 0.282563 0.281532 0.279819 0.277438 0.274402 0.270731 0.266449 0.261582 0.256162 0.250222 0.243799 0.236934 0.229668 0.222046 0.214113 0.205916 0.197503 0.188922 0.18022 0.171446 0.162645 0.153862 0.145142 0.136525 0.128051 0.119755 0.111672 0.103832 0.0962612 0.088985 0.0820237 0.0753948 0.0691127 0.0631887 0.0576312 0.0524462 0.0476369 0.0432046 0.0391488 0.0354674 0.0321571 0.0292136 0.0266324 0.0244084 0.0225366 0.0210123 0.0198315 0.0189907 0.0184872 
0.0199136 0.0200947 0.0206388 0.0215474 0.0228232 0.0244697 0.0264914 0.0288929 0.0316793 0.0348558 0.0384271 0.0423974 0.0467697 0.051546 0.0567264 0.0623092 0.0682903 0.0746629 0.0814176 0.0885417 0.0960194 0.103832 0.111955 0.120365 0.12903 0.137919 0.146995 0.156219 0.165549 0.174941 0.184348 0.193722 0.203015 0.212175 0.221151 0.229893 0.238351 0.246473 0.254214 0.261524 0.268362 0.274683 0.28045 0.285627 0.290181 0.294085 0.297312 0.299844 0.301664 0.30276 0.303127 0.30276 0.301664 0.299844 0.297312 0.294085 0.290181 0.285627 0.28045 0.274683 0.268362 0.261524 0.254214 0.246473 0.238351 0.229893 0.221151 0.212175 0.203015 0.193722 0.184348 0.174941 0.165549 0.156219 0.146995 0.137919 0.12903 0.120365 0.111955 0.103832 0.0960194 0.0885417 0.0814176 0.0746629 0.0682903 0.0623092 0.0567264 0.051546 0.0467697 0.0423974 0.0384271 0.0348558 0.0316793 0.0288929 0.0264914 0.0244697 0.0228232 0.0215474 0.0206388 0.0200947 
0.0215804 0.0217756 0.0223618 0.0233407 0.0247151 0.0264886 0.0286656 0.0312512 0.0342504 0.0376684 0.04151 0.0457793 0.0504792 0.0556113 0.0611753 0.067169 0.0735874 0.0804229 0.0876647 0.0952991 0.103308 0.111672 0.120365 0.129359 0.138622 0.14812 0.157812 0.167657 0.177611 0.187626 0.197653 0.20764 0.217535 0.227285 0.236835 0.246132 0.255123 0.263754 0.271976 0.279739 0.286997 0.293706 0.299825 0.305316 0.310145 0.314284 0.317705 0.320389 0.322317 0.32348 0.323868 0.32348 0.322317 0.320389 0.317705 0.314284 0.310145 0.305316 0.299825 0.293706 0.286997 0.279739 0.271976 0.263754 0.255123 0.246132 0.236835 0.227285 0.217535 0.20764 0.197653 0.187626 0.177611 0.167657 0.157812 0.14812 0.138622 0.129359 0.120365 0.111672 0.103308 0.0952991 0.0876647 0.0804229 0.0735874 0.067169 0.0611753 0.0556113 0.0504792 0.0457793 0.04151 0.0376684 0.0342504 0.0312512 0.0286656 0.0264886 0.0247151 0.0233407 0.0223618 0.0217756 
0.0233154 0.0235251 0.0241549 0.0252065 0.0266827 0.0285873 0.0309248 0.0337003 0.0369191 0.0405862 0.0447065 0.0492839 0.0543212 0.0598197 0.0657785 0.0721946 0.0790624 0.0863732 0.0941151 0.102273 0.110827 0.119755 0.12903 0.138622 0.148497 0.158615 0.168936 0.179415 0.190004 0.200654 0.21131 0.22192 0.232427 0.242775 0.252907 0.262766 0.272296 0.281442 0.290151 0.298372 0.306055 0.313154 0.319627 0.325435 0.330542 0.334917 0.338534 0.34137 0.343408 0.344636 0.345047 0.344636 0.343408 0.34137 0.338534 0.334917 0.330542 0.325435 0.319627 0.313154 0.306055 0.298372 0.290151 0.281442 0.272296 0.262766 0.252907 0.242775 0.232427 0.22192 0.21131 0.200654 0.190004 0.179415 0.168936 0.158615 0.148497 0.138622 0.12903 0.119755 0.110827 0.102273 0.0941151 0.0863732 0.0790624 0.0721946 0.0657785 0.0598197 0.0543212 0.0492839 0.0447065 0.0405862 0.0369191 0.0337003 0.0309248 0.0285873 0.0266827 0.0252065 0.0241549 0.0235251 
0.0251131 0.0253377 0.0260123 0.0271386 0.0287195 0.0307589 0.0332614 0.0362321 0.0396763 0.0435993 0.0480057 0.0528992 0.0582825 0.0641563 0.0705194 0.077368 0.0846955 0.0924923 0.100745 0.109437 0.118547 0.128051 0.137919 0.14812 0.158615 0.169365 0.180324 0.191446 0.20268 0.213971 0.225266 0.236505 0.24763 0.258582 0.269301 0.279726 0.2898 0.299465 0.308664 0.317344 0.325453 0.332945 0.339773 0.345898 0.351283 0.355896 0.359708 0.362698 0.364846 0.36614 0.366572 0.36614 0.364846 0.362698 0.359708 0.355896 0.351283 0.345898 0.339773 0.332945 0.325453 0.317344 0.308664 0.299465 0.2898 0.279726 0.269301 0.258582 0.24763 0.236505 0.225266 0.213971 0.20268 0.191446 0.180324 0.169365 0.158615 0.14812 0.137919 0.128051 0.118547 0.109437 0.100745 0.0924923 0.0846955 0.077368 0.0705194 0.0641563 0.0582825 0.0528992 0.0480057 0.0435993 0.0396763 0.0362321 0.0332614 0.0307589 0.0287195 0.0271386 0.0260123 0.0253377 
0.0269669 0.0272068 0.0279273 0.02913 0.0308181 0.0329955 0.0356667 0.0388371 0.0425119 0.0466963 0.0513949 0.0566113 0.0623477 0.0686044 0.0753797 0.0826689 0.0904646 0.0987558 0.107528 0.116763 0.126437 0.136525 0.146995 0.157812 0.168936 0.180324 0.191929 0.203701 0.215584 0.227523 0.23946 0.251332 0.26308 0.274638 0.285946 0.296941 0.30756 0.317743 0.327432 0.336572 0.345108 0.352991 0.360175 0.366617 0.372279 0.377129 0.381136 0.384278 0.386535 0.387895 0.38835 0.387895 0.386535 0.384278 0.381136 0.377129 0.372279 0.366617 0.360175 0.352991 0.345108 0.336572 0.327432 0.317743 0.30756 0.296941 0.285946 0.274638 0.26308 0.251332 0.23946 0.227523 0.215584 0.203701 0.191929 0.180324 0.168936 0.157812 0.146995 0.136525 0.126437 0.116763 0.107528 0.0987558 0.0904646 0.0826689 0.0753797 0.0686044 0.0623477 0.0566113 0.0513949 0.0466963 0.0425119 0.0388371 0.0356667 0.0329955 0.0308181 0.02913 0.0279273 0.0272068 
0.0288695 0.029125 0.0298922 0.0311729 0.0329702 0.0352881 0.0381312 0.0415048 0.0454143 0.0498647 0.0548604 0.0604049 0.0665 0.0731456 0.0803391 0.0880752 0.0963453 0.105137 0.114435 0.124219 0.134464 0.145142 0.156219 0.167657 0.179415 0.191446 0.203701 0.216124 0.228661 0.24125 0.25383 0.266337 0.278707 0.290873 0.302769 0.314331 0.325494 0.336195 0.346372 0.355969 0.36493 0.373203 0.380739 0.387496 0.393434 0.398518 0.402719 0.406012 0.408378 0.409803 0.410279 0.409803 0.408378 0.406012 0.402719 0.398518 0.393434 0.387496 0.380739 0.373203 0.36493 0.355969 0.346372 0.336195 0.325494 0.314331 0.302769 0.290873 0.278707 0.266337 0.25383 0.24125 0.228661 0.216124 0.203701 0.191446 0.179415 0.167657 0.156219 0.145142 0.134464 0.124219 0.114435 0.105137 0.0963453 0.0880752 0.0803391 0.0731456 0.0665 0.0604049 0.0548604 0.0498647 0.0454143 0.0415048 0.0381312 0.0352881 0.0329702 0.0311729 0.0298922 0.029125 
0.0308126 0.031084 0.0318986 0.0332583 0.0351664 0.0376266 0.040644 0.0442236 0.0483707 0.0530904 0.0583869 0.0642633 0.0707211 0.0777595 0.0853755 0.0935627 0.102311 0.111608 0.121436 0.131772 0.142592 0.153862 0.165549 0.177611 0.190004 0.20268 0.215584 0.228661 0.241849 0.255088 0.26831 0.28145 0.29444 0.30721 0.319692 0.331818 0.34352 0.354734 0.365396 0.375446 0.384827 0.393485 0.40137 0.408438 0.414648 0.419964 0.424355 0.427797 0.43027 0.43176 0.432257 0.43176 0.43027 0.427797 0.424355 0.419964 0.414648 0.408438 0.40137 0.393485 0.384827 0.375446 0.365396 0.354734 0.34352 0.331818 0.319692 0.30721 0.29444 0.28145 0.26831 0.255088 0.241849 0.228661 0.215584 0.20268 0.190004 0.177611 0.165549 0.153862 0.142592 0.131772 0.121436 0.111608 0.102311 0.0935627 0.0853755 0.0777595 0.0707211 0.0642633 0.0583869 0.0530904 0.0483707 0.0442236 0.040644 0.0376266 0.0351664 0.0332583 0.0318986 0.031084 
0.0327873 0.0330746 0.033937 0.0353766 0.0373963 0.0400003 0.0431933 0.0469806 0.0513673 0.0563583 0.0619577 0.0681683 0.074991 0.0824246 0.0904651 0.0991054 0.108335 0.118138 0.128497 0.139387 0.150781 0.162645 0.174941 0.187626 0.200654 0.213971 0.227523 0.24125 0.255088 0.268971 0.282831 0.296599 0.310203 0.323572 0.336633 0.349316 0.361552 0.373273 0.384412 0.394909 0.404703 0.413741 0.421969 0.429343 0.43582 0.441363 0.445942 0.449531 0.452109 0.453661 0.45418 0.453661 0.452109 0.449531 0.445942 0.441363 0.43582 0.429343 0.421969 0.413741 0.404703 0.394909 0.384412 0.373273 0.361552 0.349316 0.336633 0.323572 0.310203 0.296599 0.282831 0.268971 0.255088 0.24125 0.227523 0.213971 0.200654 0.187626 0.174941 0.162645 0.150781 0.139387 0.128497 0.118138 0.108335 0.0991054 0.0904651 0.0824246 0.074991 0.0681683 0.0619577 0.0563583 0.0513673 0.0469806 0.0431933 0.0400003 0.0373963 0.0353766 0.033937 0.0330746 
0.0347837 0.0350869 0.0359974 0.0375171 0.039649 0.0423972 0.0457666 0.0497621 0.0543891 0.0596522 0.0655551 0.0721004 0.0792885 0.0871175 0.0955827 0.104676 0.114385 0.124694 0.135583 0.147025 0.158991 0.171446 0.184348 0.197653 0.21131 0.225266 0.23946 0.25383 0.26831 0.282831 0.297322 0.31171 0.32592 0.339878 0.35351 0.366742 0.379502 0.39172 0.403328 0.414263 0.424463 0.433871 0.442436 0.450109 0.456847 0.462613 0.467375 0.471106 0.473786 0.475401 0.47594 0.475401 0.473786 0.471106 0.467375 0.462613 0.456847 0.450109 0.442436 0.433871 0.424463 0.414263 0.403328 0.39172 0.379502 0.366742 0.35351 0.339878 0.32592 0.31171 0.297322 0.282831 0.26831 0.25383 0.23946 0.225266 0.21131 0.197653 0.184348 0.171446 0.158991 0.147025 0.135583 0.124694 0.114385 0.104676 0.0955827 0.0871175 0.0792885 0.0721004 0.0655551 0.0596522 0.0543891 0.0497621 0.0457666 0.0423972 0.039649 0.0375171 0.0359974 0.0350869 
0.0367911 0.0371104 0.0380689 0.0396686 0.0419125 0.0448048 0.0483502 0.0525537 0.0574204 0.0629547 0.0691603 0.0760392 0.0835913 0.091814 0.100702 0.110245 0.120432 0.131243 0.142657 0.154647 0.167181 0.18022 0.193722 0.20764 0.22192 0.236505 0.251332 0.266337 0.28145 0.296599 0.31171 0.326706 0.341511 0.356048 0.370238 0.384007 0.39728 0.409984 0.42205 0.433412 0.444008 0.453778 0.462669 0.470633 0.477625 0.483607 0.488547 0.492418 0.495197 0.496871 0.49743 0.496871 0.495197 0.492418 0.488547 0.483607 0.477625 0.470633 0.462669 0.453778 0.444008 0.433412 0.42205 0.409984 0.39728 0.384007 0.370238 0.356048 0.341511 0.326706 0.31171 0.296599 0.28145 0.266337 0.251332 0.236505 0.22192 0.20764 0.193722 0.18022 0.167181 0.154647 0.142657 0.131243 0.120432 0.110245 0.100702 0.091814 0.0835913 0.0760392 0.0691603 0.0629547 0.0574204 0.0525537 0.0483502 0.0448048 0.0419125 0.0396686 0.0380689 0.0371104 
0.0387986 0.0391338 0.04014 0.0418191 0.0441744 0.0472097 0.0509299 0.0553398 0.0604444 0.066248 0.0727537 0.0799632 0.0878759 0.0964885 0.105794 0.115784 0.126442 0.137749 0.149683 0.162213 0.175306 0.188922 0.203015 0.217535 0.232427 0.24763 0.26308 0.278707 0.29444 0.310203 0.32592 0.341511 0.356897 0.371997 0.386733 0.401024 0.414796 0.427973 0.440484 0.452261 0.463239 0.47336 0.482568 0.490814 0.498052 0.504243 0.509355 0.513359 0.516235 0.517967 0.518545 0.517967 0.516235 0.513359 0.509355 0.504243 0.498052 0.490814 0.482568 0.47336 0.463239 0.452261 0.440484 0.427973 0.414796 0.401024 0.386733 0.371997 0.356897 0.341511 0.32592 0.310203 0.29444 0.278707 0.26308 0.24763 0.232427 0.217535 0.203015 0.188922 0.175306 0.162213 0.149683 0.137749 0.126442 0.115784 0.105794 0.0964885 0.0878759 0.0799632 0.0727537 0.066248 0.0604444 0.0553398 0.0509299 0.0472097 0.0441744 0.0418191 0.04014 0.0391338 
0.0407943 0.0411452 0.0421985 0.0439562 0.0464214 0.0495981 0.0534908 0.0581045 0.0634439 0.0695131 0.0763148 0.0838502 0.0921182 0.101115 0.110833 0.12126 0.132382 0.144177 0.15662 0.169681 0.183323 0.197503 0.212175 0.227285 0.242775 0.258582 0.274638 0.290873 0.30721 0.323572 0.339878 0.356048 0.371997 0.387645 0.402908 0.417706 0.431961 0.445595 0.458535 0.470712 0.482061 0.49252 0.502033 0.510549 0.518024 0.524416 0.529693 0.533827 0.536795 0.538582 0.539179 0.538582 0.536795 0.533827 0.529693 0.524416 0.518024 0.510549 0.502033 0.49252 0.482061 0.470712 0.458535 0.445595 0.431961 0.417706 0.402908 0.387645 0.371997 0.356048 0.339878 0.323572 0.30721 0.290873 0.274638 0.258582 0.242775 0.227285 0.212175 0.197503 0.183323 0.169681 0.15662 0.144177 0.132382 0.12126 0.110833 0.101115 0.0921182 0.0838502 0.0763148 0.0695131 0.0634439 0.0581045 0.0534908 0.0495981 0.0464214 0.0439562 0.0421985 0.0411452 
0.0427661 0.0431325 0.0442321 0.046067 0.0486401 0.0519555 0.0560177 0.0608314 0.0664011 0.0727307 0.0798226 0.0876775 0.0962936 0.105666 0.115787 0.126643 0.138218 0.15049 0.163431 0.177009 0.191186 0.205916 0.221151 0.236835 0.252907 0.269301 0.285946 0.302769 0.319692 0.336633 0.35351 0.370238 0.386733 0.402908 0.418681 0.433967 0.448685 0.462759 0.476112 0.488673 0.500377 0.511159 0.520965 0.529741 0.537442 0.544027 0.549462 0.553718 0.556774 0.558615 0.559229 0.558615 0.556774 0.553718 0.549462 0.544027 0.537442 0.529741 0.520965 0.511159 0.500377 0.488673 0.476112 0.462759 0.448685 0.433967 0.418681 0.402908 0.386733 0.370238 0.35351 0.336633 0.319692 0.302769 0.285946 0.269301 0.252907 0.236835 0.221151 0.205916 0.191186 0.177009 0.163431 0.15049 0.138218 0.126643 0.115787 0.105666 0.0962936 0.0876775 0.0798226 0.0727307 0.0664011 0.0608314 0.0560177 0.0519555 0.0486401 0.046067 0.0442321 0.0431325 
0.0447017 0.0450831 0.0462279 0.048138 0.0508165 0.0542673 0.0584947 0.0635034 0.0692978 0.0758812 0.0832558 0.0914218 0.100377 0.110115 0.120627 0.1319 0.143916 0.15665 0.170075 0.184154 0.198849 0.214113 0.229893 0.246132 0.262766 0.279726 0.296941 0.314331 0.331818 0.349316 0.366742 0.384007 0.401024 0.417706 0.433967 0.44972 0.464883 0.479376 0.493123 0.506052 0.518093 0.529185 0.539268 0.548291 0.556207 0.562975 0.56856 0.572934 0.576074 0.577964 0.578596 0.577964 0.576074 0.572934 0.56856 0.562975 0.556207 0.548291 0.539268 0.529185 0.518093 0.506052 0.493123 0.479376 0.464883 0.44972 0.433967 0.417706 0.401024 0.384007 0.366742 0.349316 0.331818 0.314331 0.296941 0.279726 0.262766 0.246132 0.229893 0.214113 0.198849 0.184154 0.170075 0.15665 0.143916 0.1319 0.120627 0.110115 0.100377 0.0914218 0.0832558 0.0758812 0.0692978 0.0635034 0.0584947 0.0542673 0.0508165 0.048138 0.0462279 0.0450831 
0.0465883 0.0469843 0.0481729 0.0501561 0.0529367 0.0565186 0.0609061 0.0661038 0.0721156 0.0789448 0.086593 0.09506 0.104343 0.114434 0.125325 0.137001 0.149441 0.162622 0.176512 0.191075 0.20627 0.222046 0.238351 0.255123 0.272296 0.2898 0.30756 0.325494 0.34352 0.361552 0.379502 0.39728 0.414796 0.431961 0.448685 0.464883 0.480468 0.495361 0.509482 0.522758 0.53512 0.546504 0.556851 0.566108 0.574227 0.581168 0.586895 0.591379 0.594598 0.596536 0.597183 0.596536 0.594598 0.591379 0.586895 0.581168 0.574227 0.566108 0.556851 0.546504 0.53512 0.522758 0.509482 0.495361 0.480468 0.464883 0.448685 0.431961 0.414796 0.39728 0.379502 0.361552 0.34352 0.325494 0.30756 0.2898 0.272296 0.255123 0.238351 0.222046 0.20627 0.191075 0.176512 0.162622 0.149441 0.137001 0.125325 0.114434 0.104343 0.09506 0.086593 0.0789448 0.0721156 0.0661038 0.0609061 0.0565186 0.0529367 0.0501561 0.0481729 0.0469843 
0.0484133 0.0488234 0.0500541 0.0521075 0.0549864 0.0586945 0.0632361 0.0686154 0.0748363 0.0819017 0.0898128 0.0985688 0.108166 0.118597 0.129851 0.141913 0.15476 0.168368 0.182704 0.19773 0.213402 0.229668 0.246473 0.263754 0.281442 0.299465 0.317743 0.336195 0.354734 0.373273 0.39172 0.409984 0.427973 0.445595 0.462759 0.479376 0.495361 0.51063 0.525104 0.538708 0.551372 0.56303 0.573625 0.583101 0.591411 0.598514 0.604374 0.608962 0.612255 0.614237 0.614899 0.614237 0.612255 0.608962 0.604374 0.598514 0.591411 0.583101 0.573625 0.56303 0.551372 0.538708 0.525104 0.51063 0.495361 0.479376 0.462759 0.445595 0.427973 0.409984 0.39172 0.373273 0.354734 0.336195 0.317743 0.299465 0.281442 0.263754 0.246473 0.229668 0.213402 0.19773 0.182704 0.168368 0.15476 0.141913 0.129851 0.118597 0.108166 0.0985688 0.0898128 0.0819017 0.0748363 0.0686154 0.0632361 0.0586945 0.0549864 0.0521075 0.0500541 0.0488234 
0.0501641 0.0505876 0.0518586 0.053979 0.0569516 0.0607802 0.0654687 0.0710214 0.0774417 0.0847323 0.092894 0.101925 0.111822 0.122577 0.134176 0.146605 0.15984 0.173854 0.188613 0.204079 0.220203 0.236934 0.254214 0.271976 0.290151 0.308664 0.327432 0.346372 0.365396 0.384412 0.403328 0.42205 0.440484 0.458535 0.476112 0.493123 0.509482 0.525104 0.539908 0.553818 0.566764 0.57868 0.589505 0.599186 0.607675 0.614928 0.620912 0.625596 0.628959 0.630982 0.631658 0.630982 0.628959 0.625596 0.620912 0.614928 0.607675 0.599186 0.589505 0.57868 0.566764 0.553818 0.539908 0.525104 0.509482 0.493123 0.476112 0.458535 0.440484 0.42205 0.403328 0.384412 0.365396 0.346372 0.327432 0.308664 0.290151 0.271976 0.254214 0.236934 0.220203 0.204079 0.188613 0.173854 0.15984 0.146605 0.134176 0.122577 0.111822 0.101925 0.092894 0.0847323 0.0774417 0.0710214 0.0654687 0.0607802 0.0569516 0.053979 0.0518586 0.0505876 
0.0518283 0.0522644 0.0535735 0.0557574 0.0588188 0.0627612 0.0675888 0.0733053 0.0799142 0.0874176 0.0958161 0.105108 0.115287 0.126347 0.138273 0.151047 0.164647 0.179044 0.194202 0.210081 0.226631 0.243799 0.261524 0.279739 0.298372 0.317344 0.336572 0.355969 0.375446 0.394909 0.414263 0.433412 0.452261 0.470712 0.488673 0.506052 0.522758 0.538708 0.553818 0.568013 0.58122 0.593374 0.604414 0.614284 0.622937 0.630331 0.636429 0.641202 0.644628 0.64669 0.647378 0.64669 0.644628 0.641202 0.636429 0.630331 0.622937 0.614284 0.604414 0.593374 0.58122 0.568013 0.553818 0.538708 0.522758 0.506052 0.488673 0.470712 0.452261 0.433412 0.414263 0.394909 0.375446 0.355969 0.336572 0.317344 0.298372 0.279739 0.261524 0.243799 0.226631 0.210081 0.194202 0.179044 0.164647 0.151047 0.138273 0.126347 0.115287 0.105108 0.0958161 0.0874176 0.0799142 0.0733053 0.0675888 0.0627612 0.0588188 0.0557574 0.0535735 0.0522644 
0.0533938 0.0538419 0.0551866 0.0574299 0.0605744 0.0646235 0.0695812 0.0754512 0.0822365 0.0899391 0.098559 0.108094 0.118538 0.129883 0.142113 0.155211 0.169152 0.183906 0.199436 0.2157 0.232647 0.250222 0.268362 0.286997 0.306055 0.325453 0.345108 0.36493 0.384827 0.404703 0.424463 0.444008 0.463239 0.482061 0.500377 0.518093 0.53512 0.551372 0.566764 0.58122 0.594668 0.60704 0.618276 0.62832 0.637124 0.644646 0.650849 0.655704 0.659188 0.661285 0.661985 0.661285 0.659188 0.655704 0.650849 0.644646 0.637124 0.62832 0.618276 0.60704 0.594668 0.58122 0.566764 0.551372 0.53512 0.518093 0.500377 0.482061 0.463239 0.444008 0.424463 0.404703 0.384827 0.36493 0.345108 0.325453 0.306055 0.286997 0.268362 0.250222 0.232647 0.2157 0.199436 0.183906 0.169152 0.155211 0.142113 0.129883 0.118538 0.108094 0.098559 0.0899391 0.0822365 0.0754512 0.0695812 0.0646235 0.0605744 0.0574299 0.0551866 0.0538419 
0.0548492 0.0553082 0.056686 0.0589843 0.0622057 0.0663536 0.0714318 0.0774437 0.0843923 0.0922792 0.101104 0.110864 0.121553 0.13316 0.145672 0.159069 0.173324 0.188407 0.204281 0.220899 0.238212 0.256162 0.274683 0.293706 0.313154 0.332945 0.352991 0.373203 0.393485 0.413741 0.433871 0.453778 0.47336 0.49252 0.511159 0.529185 0.546504 0.56303 0.57868 0.593374 0.60704 0.619611 0.631025 0.641227 0.650168 0.657806 0.664104 0.669033 0.67257 0.674698 0.675409 0.674698 0.67257 0.669033 0.664104 0.657806 0.650168 0.641227 0.631025 0.619611 0.60704 0.593374 0.57868 0.56303 0.546504 0.529185 0.511159 0.49252 0.47336 0.453778 0.433871 0.413741 0.393485 0.373203 0.352991 0.332945 0.313154 0.293706 0.274683 0.256162 0.238212 0.220899 0.204281 0.188407 0.173324 0.159069 0.145672 0.13316 0.121553 0.110864 0.101104 0.0922792 0.0843923 0.0774437 0.0714318 0.0663536 0.0622057 0.0589843 0.056686 0.0553082 
