0.00117324 0.00119035 0.0012419 0.00132846 0.00145102 0.00161093 0.00180988 0.00204986 0.00233314 0.00266222 0.00303977 0.00346859 0.0039515 0.00449134 0.00509083 0.00575253 0.00647875 0.00727146 0.00813222 0.00906209 0.0100616 0.0111304 0.0122679 0.0134722 0.0147408 0.0160705 0.017457 0.018895 0.0203786 0.0219008 0.0234538 0.025029 0.0266171 0.0282081 0.0297914 0.0313562 0.032891 0.0343844 0.0358249 0.0372009 0.0385012 0.039715 0.0408319 0.0418422 0.042737 0.0435083 0.0441493 0.044654 0.0450179 0.0452376 0.045311 0.0452376 0.0450179 0.044654 0.0441493 0.0435083 0.042737 0.0418422 0.0408319 0.039715 0.0385012 0.0372009 0.0358249 0.0343844 0.032891 0.0313562 0.0297914 0.0282081 0.0266171 0.025029 0.0234538 0.0219008 0.0203786 0.018895 0.017457 0.0160705 0.0147408 0.0134722 0.0122679 0.0111304 0.0100616 0.00906209 0.00813222 0.00727146 0.00647875 0.00575253 0.00509083 0.00449134 0.0039515 0.00346859 0.00303977 0.00266222 0.00233314 0.00204986 0.00180988 0.00161093 0.00145102 0.00132846 0.0012419 0.00119035 
0.00119035 0.0012077 0.00125993 0.00134765 0.00147185 0.00163389 0.00183547 0.00207861 0.0023656 0.00269898 0.00308142 0.00351575 0.00400484 0.00455152 0.00515856 0.00582852 0.00656374 0.00736619 0.00823745 0.00917856 0.01019 0.0112716 0.0124224 0.0136408 0.0149242 0.0162692 0.0176715 0.0191258 0.020626 0.0221652 0.0237354 0.0253279 0.0269333 0.0285415 0.0301418 0.0317233 0.0332744 0.0347836 0.0362392 0.0376296 0.0389434 0.0401697 0.0412981 0.0423188 0.0432227 0.044002 0.0446495 0.0451593 0.0455269 0.0457488 0.045823 0.0457488 0.0455269 0.0451593 0.0446495 0.044002 0.0432227 0.0423188 0.0412981 0.0401697 0.0389434 0.0376296 0.0362392 0.0347836 0.0332744 0.0317233 0.0301418 0.0285415 0.0269333 0.0253279 0.0237354 0.0221652 0.020626 0.0191258 0.0176715 0.0162692 0.0149242 0.0136408 0.0124224 0.0112716 0.01019 0.00917856 0.00823745 0.00736619 0.00656374 0.00582852 0.00515856 0.00455152 0.00400484 0.00351575 0.00308142 0.00269898 0.0023656 0.00207861 0.00183547 0.00163389 0.00147185 0.00134765 0.00125993 0.0012077 
0.0012419 0.00125993 0.00131424 0.00140545 0.00153457 0.001703 0.00191251 0.00216517 0.00246334 0.00280962 0.00320677 0.0036577 0.00416535 0.00473262 0.00536235 0.00605716 0.00681944 0.00765118 0.00855398 0.00952889 0.0105764 0.0116961 0.0128873 0.014148 0.0154756 0.0168665 0.0183163 0.0198195 0.0213698 0.02296 0.0245817 0.0262261 0.0278835 0.0295434 0.0311949 0.0328266 0.0344266 0.0359831 0.0374841 0.0389176 0.040272 0.041536 0.0426989 0.0437507 0.0446821 0.045485 0.046152 0.0466773 0.0470559 0.0472845 0.047361 0.0472845 0.0470559 0.0466773 0.046152 0.045485 0.0446821 0.0437507 0.0426989 0.041536 0.040272 0.0389176 0.0374841 0.0359831 0.0344266 0.0328266 0.0311949 0.0295434 0.0278835 0.0262261 0.0245817 0.02296 0.0213698 0.0198195 0.0183163 0.0168665 0.0154756 0.014148 0.0128873 0.0116961 0.0105764 0.00952889 0.00855398 0.00765118 0.00681944 0.00605716 0.00536235 0.00473262 0.00416535 0.0036577 0.00320677 0.00280962 0.00246334 0.00216517 0.00191251 0.001703 0.00153457 0.00140545 0.00131424 0.00125993 
0.00132846 0.00134765 0.00140545 0.00150249 0.00163986 0.00181902 0.00204182 0.00231043 0.00262733 0.00299523 0.00341704 0.00389578 0.0044345 0.00503627 0.00570399 0.00644042 0.00724798 0.00812875 0.00908434 0.0101158 0.0112235 0.0124072 0.0136657 0.0149972 0.0163987 0.0178665 0.0193957 0.0209806 0.0226146 0.0242898 0.0259977 0.0277289 0.029473 0.0312193 0.0329561 0.0346715 0.0363532 0.0379887 0.0395653 0.0410708 0.0424928 0.0438197 0.0450402 0.0461439 0.0471212 0.0479634 0.0486631 0.049214 0.0496111 0.0498508 0.049931 0.0498508 0.0496111 0.049214 0.0486631 0.0479634 0.0471212 0.0461439 0.0450402 0.0438197 0.0424928 0.0410708 0.0395653 0.0379887 0.0363532 0.0346715 0.0329561 0.0312193 0.029473 0.0277289 0.0259977 0.0242898 0.0226146 0.0209806 0.0193957 0.0178665 0.0163987 0.0149972 0.0136657 0.0124072 0.0112235 0.0101158 0.00908434 0.00812875 0.00724798 0.00644042 0.00570399 0.00503627 0.0044345 0.00389578 0.00341704 0.00299523 0.00262733 0.00231043 0.00204182 0.00181902 0.00163986 0.00150249 0.00140545 0.00134765 
0.00145102 0.00147185 0.00153457 0.00163986 0.00178888 0.00198319 0.00222475 0.00251587 0.00285921 0.00325763 0.00371421 0.00423217 0.00481474 0.00546513 0.00618642 0.00698149 0.00785286 0.0088027 0.00983263 0.0109437 0.0121362 0.0134098 0.0147632 0.0161942 0.0176997 0.0192754 0.0209163 0.0226161 0.0243675 0.0261623 0.0279912 0.0298441 0.0317101 0.0335775 0.0354341 0.037267 0.0390632 0.0408094 0.0424923 0.0440986 0.0456154 0.0470304 0.0483316 0.049508 0.0505495 0.0514469 0.0521923 0.0527791 0.0532021 0.0534575 0.0535428 0.0534575 0.0532021 0.0527791 0.0521923 0.0514469 0.0505495 0.049508 0.0483316 0.0470304 0.0456154 0.0440986 0.0424923 0.0408094 0.0390632 0.037267 0.0354341 0.0335775 0.0317101 0.0298441 0.0279912 0.0261623 0.0243675 0.0226161 0.0209163 0.0192754 0.0176997 0.0161942 0.0147632 0.0134098 0.0121362 0.0109437 0.00983263 0.0088027 0.00785286 0.00698149 0.00618642 0.00546513 0.00481474 0.00423217 0.00371421 0.00325763 0.00285921 0.00251587 0.00222475 0.00198319 0.00178888 0.00163986 0.00153457 0.00147185 
0.00161093 0.00163389 0.001703 0.00181902 0.00198319 0.00219718 0.00246313 0.00278352 0.00316119 0.00359926 0.00410101 0.00466989 0.00530937 0.00602286 0.00681365 0.00768476 0.00863887 0.00967822 0.0108045 0.0120187 0.013321 0.014711 0.0161872 0.0177469 0.0193868 0.0211022 0.0228874 0.0247355 0.0266386 0.0285878 0.0305729 0.0325829 0.0346061 0.0366298 0.0386407 0.0406251 0.0425688 0.0444577 0.0462773 0.0480135 0.0496524 0.0511808 0.0525859 0.0538559 0.0549799 0.0559483 0.0567526 0.0573857 0.0578419 0.0581173 0.0582094 0.0581173 0.0578419 0.0573857 0.0567526 0.0559483 0.0549799 0.0538559 0.0525859 0.0511808 0.0496524 0.0480135 0.0462773 0.0444577 0.0425688 0.0406251 0.0386407 0.0366298 0.0346061 0.0325829 0.0305729 0.0285878 0.0266386 0.0247355 0.0228874 0.0211022 0.0193868 0.0177469 0.0161872 0.014711 0.013321 0.0120187 0.0108045 0.00967822 0.00863887 0.00768476 0.00681365 0.00602286 0.00530937 0.00466989 0.00410101 0.00359926 0.00316119 0.00278352 0.00246313 0.00219718 0.00198319 0.00181902 0.001703 0.00163389 
0.00180988 0.00183547 0.00191251 0.00204182 0.00222475 0.00246313 0.00275927 0.00311589 0.00353608 0.0040232 0.00458083 0.00521269 0.00592252 0.006714 0.00759064 0.00855567 0.00961193 0.0107617 0.0120068 0.0133482 0.0147859 0.0163193 0.0179466 0.0196649 0.0214702 0.0233574 0.02532 0.0273505 0.0294401 0.0315788 0.0337557 0.0359586 0.0381746 0.0403899 0.0425901 0.0447601 0.0468847 0.0489483 0.0509354 0.0528306 0.054619 0.0562861 0.0578183 0.0592028 0.0604279 0.0614831 0.0623593 0.0630489 0.0635458 0.0638458 0.063946 0.0638458 0.0635458 0.0630489 0.0623593 0.0614831 0.0604279 0.0592028 0.0578183 0.0562861 0.054619 0.0528306 0.0509354 0.0489483 0.0468847 0.0447601 0.0425901 0.0403899 0.0381746 0.0359586 0.0337557 0.0315788 0.0294401 0.0273505 0.02532 0.0233574 0.0214702 0.0196649 0.0179466 0.0163193 0.0147859 0.0133482 0.0120068 0.0107617 0.00961193 0.00855567 0.00759064 0.006714 0.00592252 0.00521269 0.00458083 0.0040232 0.00353608 0.00311589 0.00275927 0.00246313 0.00222475 0.00204182 0.00191251 0.00183547 
0.00204986 0.00207861 0.00216517 0.00231043 0.00251587 0.00278352 0.00311589 0.00351598 0.00398714 0.00453307 0.00515766 0.00586497 0.00665904 0.00754387 0.00852324 0.0096006 0.010779 0.0120608 0.0134478 0.0149409 0.0165402 0.0182447 0.0200522 0.0219593 0.0239617 0.0260533 0.0282271 0.0304745 0.0327857 0.0351497 0.0375544 0.0399863 0.0424312 0.0448738 0.0472984 0.0496885 0.0520274 0.054298 0.0564834 0.0585669 0.0605321 0.0623634 0.064046 0.0655659 0.0669104 0.0680682 0.0690294 0.0697858 0.0703308 0.0706597 0.0707697 0.0706597 0.0703308 0.0697858 0.0690294 0.0680682 0.0669104 0.0655659 0.064046 0.0623634 0.0605321 0.0585669 0.0564834 0.054298 0.0520274 0.0496885 0.0472984 0.0448738 0.0424312 0.0399863 0.0375544 0.0351497 0.0327857 0.0304745 0.0282271 0.0260533 0.0239617 0.0219593 0.0200522 0.0182447 0.0165402 0.0149409 0.0134478 0.0120608 0.010779 0.0096006 0.00852324 0.00754387 0.00665904 0.00586497 0.00515766 0.00453307 0.00398714 0.00351598 0.00311589 0.00278352 0.00251587 0.00231043 0.00216517 0.00207861 
0.00233314 0.0023656 0.00246334 0.00262733 0.00285921 0.00316119 0.00353608 0.00398714 0.00451808 0.00513294 0.005836 0.00663167 0.00752437 0.00851844 0.00961796 0.0108266 0.0121477 0.0135837 0.0151363 0.0168066 0.0185943 0.0204981 0.0225154 0.0246425 0.0268741 0.0292036 0.0316227 0.0341221 0.0366907 0.0393162 0.0419851 0.0446825 0.0473925 0.0500986 0.052783 0.0554278 0.0580145 0.0605244 0.062939 0.06524 0.0674096 0.0694305 0.0712866 0.0729627 0.0744451 0.0757212 0.0767805 0.0776139 0.0782144 0.0785767 0.0786979 0.0785767 0.0782144 0.0776139 0.0767805 0.0757212 0.0744451 0.0729627 0.0712866 0.0694305 0.0674096 0.06524 0.062939 0.0605244 0.0580145 0.0554278 0.052783 0.0500986 0.0473925 0.0446825 0.0419851 0.0393162 0.0366907 0.0341221 0.0316227 0.0292036 0.0268741 0.0246425 0.0225154 0.0204981 0.0185943 0.0168066 0.0151363 0.0135837 0.0121477 0.0108266 0.00961796 0.00851844 0.00752437 0.00663167 0.005836 0.00513294 0.00451808 0.00398714 0.00353608 0.00316119 0.00285921 0.00262733 0.00246334 0.0023656 
0.00266222 0.00269898 0.00280962 0.00299523 0.00325763 0.00359926 0.0040232 0.00453307 0.00513294 0.00582727 0.00662073 0.00751817 0.00852441 0.00964417 0.0108819 0.0122415 0.0137264 0.0153394 0.0170821 0.0189555 0.020959 0.0230911 0.0253488 0.0277275 0.0302212 0.0328224 0.0355218 0.0383087 0.0411709 0.0440945 0.0470644 0.050064 0.0530759 0.0560815 0.0590614 0.0619955 0.0648637 0.0676454 0.0703201 0.0728679 0.0752691 0.0775049 0.0795576 0.0814108 0.0830492 0.0844594 0.0856297 0.0865503 0.0872135 0.0876137 0.0877475 0.0876137 0.0872135 0.0865503 0.0856297 0.0844594 0.0830492 0.0814108 0.0795576 0.0775049 0.0752691 0.0728679 0.0703201 0.0676454 0.0648637 0.0619955 0.0590614 0.0560815 0.0530759 0.050064 0.0470644 0.0440945 0.0411709 0.0383087 0.0355218 0.0328224 0.0302212 0.0277275 0.0253488 0.0230911 0.020959 0.0189555 0.0170821 0.0153394 0.0137264 0.0122415 0.0108819 0.00964417 0.00852441 0.00751817 0.00662073 0.00582727 0.00513294 0.00453307 0.0040232 0.00359926 0.00325763 0.00299523 0.00280962 0.00269898 
0.00303977 0.00308142 0.00320677 0.00341704 0.00371421 0.00410101 0.00458083 0.00515766 0.005836 0.00662073 0.007517 0.00853012 0.00966535 0.0109278 0.0123223 0.0138531 0.0155238 0.0173372 0.0192951 0.0213982 0.0236459 0.0260359 0.0285649 0.0312274 0.0340167 0.0369241 0.0399391 0.0430497 0.046242 0.0495006 0.0528086 0.0561477 0.0594982 0.0628396 0.0661505 0.0694088 0.0725921 0.0756778 0.0786435 0.081467 0.084127 0.0866029 0.0888752 0.0909259 0.0927385 0.0942982 0.0955923 0.0966102 0.0973433 0.0977857 0.0979336 0.0977857 0.0973433 0.0966102 0.0955923 0.0942982 0.0927385 0.0909259 0.0888752 0.0866029 0.084127 0.081467 0.0786435 0.0756778 0.0725921 0.0694088 0.0661505 0.0628396 0.0594982 0.0561477 0.0528086 0.0495006 0.046242 0.0430497 0.0399391 0.0369241 0.0340167 0.0312274 0.0285649 0.0260359 0.0236459 0.0213982 0.0192951 0.0173372 0.0155238 0.0138531 0.0123223 0.0109278 0.00966535 0.00853012 0.007517 0.00662073 0.005836 0.00515766 0.00458083 0.00410101 0.00371421 0.00341704 0.00320677 0.00308142 
0.00346859 0.00351575 0.0036577 0.00389578 0.00423217 0.00466989 0.00521269 0.00586497 0.00663167 0.00751817 0.00853012 0.00967331 0.0109535 0.0123763 0.0139468 0.0156696 0.0175485 0.0195866 0.0217854 0.0241456 0.0266661 0.0293444 0.0321762 0.0351555 0.0382743 0.0415228 0.0448892 0.0483598 0.0519192 0.05555 0.0592334 0.062949 0.0666749 0.0703885 0.074066 0.077683 0.0812149 0.0846367 0.0879237 0.0910519 0.0939975 0.0967382 0.0992527 0.101521 0.103526 0.10525 0.106681 0.107806 0.108616 0.109105 0.109268 0.109105 0.108616 0.107806 0.106681 0.10525 0.103526 0.101521 0.0992527 0.0967382 0.0939975 0.0910519 0.0879237 0.0846367 0.0812149 0.077683 0.074066 0.0703885 0.0666749 0.062949 0.0592334 0.05555 0.0519192 0.0483598 0.0448892 0.0415228 0.0382743 0.0351555 0.0321762 0.0293444 0.0266661 0.0241456 0.0217854 0.0195866 0.0175485 0.0156696 0.0139468 0.0123763 0.0109535 0.00967331 0.00853012 0.00751817 0.00663167 0.00586497 0.00521269 0.00466989 0.00423217 0.00389578 0.0036577 0.00351575 
0.0039515 0.00400484 0.00416535 0.0044345 0.00481474 0.00530937 0.00592252 0.00665904 0.00752437 0.00852441 0.00966535 0.0109535 0.0123952 0.0139963 0.0157626 0.0176989 0.0198092 0.0220965 0.0245626 0.0272077 0.0300305 0.0330277 0.0361945 0.0395238 0.0430065 0.0466314 0.0503852 0.0542525 0.058216 0.0622563 0.0663524 0.0704815 0.0746197 0.0787415 0.0828208 0.0868308 0.0907443 0.0945338 0.0981724 0.101633 0.104891 0.107921 0.1107 0.113206 0.11542 0.117324 0.118903 0.120145 0.121039 0.121578 0.121759 0.121578 0.121039 0.120145 0.118903 0.117324 0.11542 0.113206 0.1107 0.107921 0.104891 0.101633 0.0981724 0.0945338 0.0907443 0.0868308 0.0828208 0.0787415 0.0746197 0.0704815 0.0663524 0.0622563 0.058216 0.0542525 0.0503852 0.0466314 0.0430065 0.0395238 0.0361945 0.0330277 0.0300305 0.0272077 0.0245626 0.0220965 0.0198092 0.0176989 0.0157626 0.0139963 0.0123952 0.0109535 0.00966535 0.00852441 0.00752437 0.00665904 0.00592252 0.00530937 0.00481474 0.0044345 0.00416535 0.00400484 
0.00449134 0.00455152 0.00473262 0.00503627 0.00546513 0.00602286 0.006714 0.00754387 0.00851844 0.00964417 0.0109278 0.0123763 0.0139963 0.0157946 0.0177769 0.0199485 0.0223138 0.0248757 0.0276358 0.0305942 0.033749 0.0370964 0.0406306 0.0443435 0.0482246 0.0522614 0.0564387 0.0607394 0.065144 0.0696309 0.0741767 0.0787563 0.0833429 0.0879086 0.0924246 0.0968613 0.101189 0.105377 0.109397 0.113218 0.116814 0.120156 0.123221 0.125984 0.128424 0.130522 0.132262 0.13363 0.134615 0.135209 0.135407 0.135209 0.134615 0.13363 0.132262 0.130522 0.128424 0.125984 0.123221 0.120156 0.116814 0.113218 0.109397 0.105377 0.101189 0.0968613 0.0924246 0.0879086 0.0833429 0.0787563 0.0741767 0.0696309 0.065144 0.0607394 0.0564387 0.0522614 0.0482246 0.0443435 0.0406306 0.0370964 0.033749 0.0305942 0.0276358 0.0248757 0.0223138 0.0199485 0.0177769 0.0157946 0.0139963 0.0123763 0.0109278 0.00964417 0.00851844 0.00754387 0.006714 0.00602286 0.00546513 0.00503627 0.00473262 0.00455152 
0.00509083 0.00515856 0.00536235 0.00570399 0.00618642 0.00681365 0.00759064 0.00852324 0.00961796 0.0108819 0.0123223 0.0139468 0.0157626 0.0177769 0.0199959 0.0224254 0.0250695 0.0279316 0.0310129 0.0343132 0.0378301 0.0415591 0.0454934 0.0496235 0.0539378 0.0584218 0.0630588 0.0678293 0.0727117 0.077682 0.0827141 0.0877803 0.0928511 0.0978957 0.102882 0.107779 0.112552 0.117169 0.121598 0.125807 0.129765 0.133444 0.136815 0.139853 0.142536 0.144842 0.146754 0.148256 0.149338 0.14999 0.150208 0.14999 0.149338 0.148256 0.146754 0.144842 0.142536 0.139853 0.136815 0.133444 0.129765 0.125807 0.121598 0.117169 0.112552 0.107779 0.102882 0.0978957 0.0928511 0.0877803 0.0827141 0.077682 0.0727117 0.0678293 0.0630588 0.0584218 0.0539378 0.0496235 0.0454934 0.0415591 0.0378301 0.0343132 0.0310129 0.0279316 0.0250695 0.0224254 0.0199959 0.0177769 0.0157626 0.0139468 0.0123223 0.0108819 0.00961796 0.00852324 0.00759064 0.00681365 0.00618642 0.00570399 0.00536235 0.00515856 
0.00575253 0.00582852 0.00605716 0.00644042 0.00698149 0.00768476 0.00855567 0.0096006 0.0108266 0.0122415 0.0138531 0.0156696 0.0176989 0.0199485 0.0224254 0.0251352 0.0280826 0.0312706 0.0347005 0.0383716 0.0422808 0.0464229 0.0507897 0.0553708 0.0601526 0.0651191 0.0702513 0.0755276 0.080924 0.0864137 0.0919682 0.0975565 0.103146 0.108704 0.114194 0.119582 0.124831 0.129907 0.134772 0.139394 0.143739 0.147775 0.151473 0.154804 0.157744 0.160271 0.162366 0.164012 0.165196 0.165911 0.16615 0.165911 0.165196 0.164012 0.162366 0.160271 0.157744 0.154804 0.151473 0.147775 0.143739 0.139394 0.134772 0.129907 0.124831 0.119582 0.114194 0.108704 0.103146 0.0975565 0.0919682 0.0864137 0.080924 0.0755276 0.0702513 0.0651191 0.0601526 0.0553708 0.0507897 0.0464229 0.0422808 0.0383716 0.0347005 0.0312706 0.0280826 0.0251352 0.0224254 0.0199485 0.0176989 0.0156696 0.0138531 0.0122415 0.0108266 0.0096006 0.00855567 0.00768476 0.00698149 0.00644042 0.00605716 0.00582852 
0.00647875 0.00656374 0.00681944 0.00724798 0.00785286 0.00863887 0.00961193 0.010779 0.0121477 0.0137264 0.0155238 0.0175485 0.0198092 0.0223138 0.0250695 0.0280826 0.0313575 0.0348975 0.0387034 0.042774 0.0471057 0.051692 0.0565239 0.061589 0.0668725 0.072356 0.0780185 0.0838359 0.0897816 0.095826 0.101937 0.108082 0.114225 0.120328 0.126354 0.132264 0.138018 0.143579 0.148908 0.153967 0.158721 0.163135 0.167177 0.170818 0.17403 0.17679 0.179078 0.180875 0.182168 0.182948 0.183209 0.182948 0.182168 0.180875 0.179078 0.17679 0.17403 0.170818 0.167177 0.163135 0.158721 0.153967 0.148908 0.143579 0.138018 0.132264 0.126354 0.120328 0.114225 0.108082 0.101937 0.095826 0.0897816 0.0838359 0.0780185 0.072356 0.0668725 0.061589 0.0565239 0.051692 0.0471057 0.042774 0.0387034 0.0348975 0.0313575 0.0280826 0.0250695 0.0223138 0.0198092 0.0175485 0.0155238 0.0137264 0.0121477 0.010779 0.00961193 0.00863887 0.00785286 0.00724798 0.00681944 0.00656374 
0.00727146 0.00736619 0.00765118 0.00812875 0.0088027 0.00967822 0.0107617 0.0120608 0.0135837 0.0153394 0.0173372 0.0195866 0.0220965 0.0248757 0.0279316 0.0312706 0.0348975 0.0388152 0.0430243 0.047523 0.0523069 0.0573683 0.0626969 0.0682789 0.0740971 0.0801315 0.0863583 0.0927511 0.0992802 0.105913 0.112615 0.119349 0.126077 0.132757 0.139348 0.145808 0.152096 0.158168 0.163984 0.169503 0.174687 0.179498 0.183902 0.187868 0.191366 0.19437 0.19686 0.198815 0.200222 0.201071 0.201354 0.201071 0.200222 0.198815 0.19686 0.19437 0.191366 0.187868 0.183902 0.179498 0.174687 0.169503 0.163984 0.158168 0.152096 0.145808 0.139348 0.132757 0.126077 0.119349 0.112615 0.105913 0.0992802 0.0927511 0.0863583 0.0801315 0.0740971 0.0682789 0.0626969 0.0573683 0.0523069 0.047523 0.0430243 0.0388152 0.0348975 0.0312706 0.0279316 0.0248757 0.0220965 0.0195866 0.0173372 0.0153394 0.0135837 0.0120608 0.0107617 0.00967822 0.0088027 0.00812875 0.00765118 0.00736619 
0.00813222 0.00823745 0.00855398 0.00908434 0.00983263 0.0108045 0.0120068 0.0134478 0.0151363 0.0170821 0.0192951 0.0217854 0.0245626 0.0276358 0.0310129 0.0347005 0.0387034 0.0430243 0.0476634 0.0526183 0.0578834 0.0634502 0.0693065 0.0754369 0.0818223 0.08844 0.095264 0.102265 0.10941 0.116664 0.123988 0.131343 0.138685 0.145971 0.153156 0.160194 0.16704 0.173648 0.179973 0.185973 0.191606 0.196831 0.201613 0.205917 0.209712 0.212971 0.215671 0.217791 0.219317 0.220237 0.220544 0.220237 0.219317 0.217791 0.215671 0.212971 0.209712 0.205917 0.201613 0.196831 0.191606 0.185973 0.179973 0.173648 0.16704 0.160194 0.153156 0.145971 0.138685 0.131343 0.123988 0.116664 0.10941 0.102265 0.095264 0.08844 0.0818223 0.0754369 0.0693065 0.0634502 0.0578834 0.0526183 0.0476634 0.0430243 0.0387034 0.0347005 0.0310129 0.0276358 0.0245626 0.0217854 0.0192951 0.0170821 0.0151363 0.0134478 0.0120068 0.0108045 0.00983263 0.00908434 0.00855398 0.00823745 
0.00906209 0.00917856 0.00952889 0.0101158 0.0109437 0.0120187 0.0133482 0.0149409 0.0168066 0.0189555 0.0213982 0.0241456 0.0272077 0.0305942 0.0343132 0.0383716 0.042774 0.047523 0.0526183 0.0580565 0.0638312 0.0699324 0.0763464 0.0830557 0.090039 0.0972712 0.104724 0.112364 0.120156 0.128061 0.136037 0.144041 0.152027 0.159946 0.16775 0.17539 0.182817 0.189982 0.196838 0.203337 0.209435 0.21509 0.220263 0.224918 0.229021 0.232543 0.23546 0.237751 0.239399 0.240393 0.240725 0.240393 0.239399 0.237751 0.23546 0.232543 0.229021 0.224918 0.220263 0.21509 0.209435 0.203337 0.196838 0.189982 0.182817 0.17539 0.16775 0.159946 0.152027 0.144041 0.136037 0.128061 0.120156 0.112364 0.104724 0.0972712 0.090039 0.0830557 0.0763464 0.0699324 0.0638312 0.0580565 0.0526183 0.047523 0.042774 0.0383716 0.0343132 0.0305942 0.0272077 0.0241456 0.0213982 0.0189555 0.0168066 0.0149409 0.0133482 0.0120187 0.0109437 0.0101158 0.00952889 0.00917856 
0.0100616 0.01019 0.0105764 0.0112235 0.0121362 0.013321 0.0147859 0.0165402 0.0185943 0.020959 0.0236459 0.0266661 0.0300305 0.033749 0.0378301 0.0422808 0.0471057 0.0523069 0.0578834 0.0638312 0.0701426 0.076806 0.083806 0.0911231 0.0987335 0.10661 0.114719 0.123028 0.131495 0.14008 0.148736 0.157415 0.166069 0.174646 0.183093 0.191357 0.199386 0.207127 0.21453 0.221544 0.228123 0.234222 0.239798 0.244813 0.249233 0.253026 0.256167 0.258632 0.260406 0.261475 0.261832 0.261475 0.260406 0.258632 0.256167 0.253026 0.249233 0.244813 0.239798 0.234222 0.228123 0.221544 0.21453 0.207127 0.199386 0.191357 0.183093 0.174646 0.166069 0.157415 0.148736 0.14008 0.131495 0.123028 0.114719 0.10661 0.0987335 0.0911231 0.083806 0.076806 0.0701426 0.0638312 0.0578834 0.0523069 0.0471057 0.0422808 0.0378301 0.033749 0.0300305 0.0266661 0.0236459 0.020959 0.0185943 0.0165402 0.0147859 0.013321 0.0121362 0.0112235 0.0105764 0.01019 
0.0111304 0.0112716 0.0116961 0.0124072 0.0134098 0.014711 0.0163193 0.0182447 0.0204981 0.0230911 0.0260359 0.0293444 0.0330277 0.0370964 0.0415591 0.0464229 0.051692 0.0573683 0.0634502 0.0699324 0.076806 0.0840579 0.0916706 0.0996224 0.107887 0.116434 0.125228 0.134231 0.1434 0.152689 0.162049 0.171429 0.180774 0.190029 0.199139 0.208046 0.216695 0.225029 0.232994 0.240537 0.247609 0.254161 0.26015 0.265535 0.270278 0.274348 0.277717 0.280361 0.282263 0.28341 0.283793 0.28341 0.282263 0.280361 0.277717 0.274348 0.270278 0.265535 0.26015 0.254161 0.247609 0.240537 0.232994 0.225029 0.216695 0.208046 0.199139 0.190029 0.180774 0.171429 0.162049 0.152689 0.1434 0.134231 0.125228 0.116434 0.107887 0.0996224 0.0916706 0.0840579 0.076806 0.0699324 0.0634502 0.0573683 0.051692 0.0464229 0.0415591 0.0370964 0.0330277 0.0293444 0.0260359 0.0230911 0.0204981 0.0182447 0.0163193 0.014711 0.0134098 0.0124072 0.0116961 0.0112716 
0.0122679 0.0124224 0.0128873 0.0136657 0.0147632 0.0161872 0.0179466 0.0200522 0.0225154 0.0253488 0.0285649 0.0321762 0.0361945 0.0406306 0.0454934 0.0507897 0.0565239 0.0626969 0.0693065 0.0763464 0.083806 0.0916706 0.0999207 0.108532 0.117476 0.126718 0.136221 0.145942 0.155836 0.165852 0.175938 0.186037 0.196093 0.206045 0.215835 0.225401 0.234684 0.243624 0.252164 0.260247 0.267821 0.274836 0.281244 0.287004 0.292077 0.296428 0.300029 0.302854 0.304887 0.306111 0.30652 0.306111 0.304887 0.302854 0.300029 0.296428 0.292077 0.287004 0.281244 0.274836 0.267821 0.260247 0.252164 0.243624 0.234684 0.225401 0.215835 0.206045 0.196093 0.186037 0.175938 0.165852 0.155836 0.145942 0.136221 0.126718 0.117476 0.108532 0.0999207 0.0916706 0.083806 0.0763464 0.0693065 0.0626969 0.0565239 0.0507897 0.0454934 0.0406306 0.0361945 0.0321762 0.0285649 0.0253488 0.0225154 0.0200522 0.0179466 0.0161872 0.0147632 0.0136657 0.0128873 0.0124224 
0.0134722 0.0136408 0.014148 0.0149972 0.0161942 0.0177469 0.0196649 0.0219593 0.0246425 0.0277275 0.0312274 0.0351555 0.0395238 0.0443435 0.0496235 0.0553708 0.061589 0.0682789 0.0754369 0.0830557 0.0911231 0.0996224 0.108532 0.117825 0.127469 0.137429 0.147662 0.158123 0.168761 0.179523 0.190353 0.201189 0.211971 0.222636 0.233119 0.243357 0.253285 0.262841 0.271964 0.280595 0.288679 0.296161 0.302995 0.309134 0.314539 0.319174 0.323009 0.326017 0.328181 0.329484 0.32992 0.329484 0.328181 0.326017 0.323009 0.319174 0.314539 0.309134 0.302995 0.296161 0.288679 0.280595 0.271964 0.262841 0.253285 0.243357 0.233119 0.222636 0.211971 0.201189 0.190353 0.179523 0.168761 0.158123 0.147662 0.137429 0.127469 0.117825 0.108532 0.0996224 0.0911231 0.0830557 0.0754369 0.0682789 0.061589 0.0553708 0.0496235 0.0443435 0.0395238 0.0351555 0.0312274 0.0277275 0.0246425 0.0219593 0.0196649 0.0177469 0.0161942 0.0149972 0.014148 0.0136408 
0.0147408 0.0149242 0.0154756 0.0163987 0.0176997 0.0193868 0.0214702 0.0239617 0.0268741 0.0302212 0.0340167 0.0382743 0.0430065 0.0482246 0.0539378 0.0601526 0.0668725 0.0740971 0.0818223 0.090039 0.0987335 0.107887 0.117476 0.127469 0.137834 0.148529 0.15951 0.170728 0.182127 0.193651 0.205239 0.216826 0.228347 0.239735 0.250922 0.26184 0.272422 0.2826 0.292312 0.301496 0.310092 0.318046 0.325307 0.331828 0.337566 0.342486 0.346555 0.349747 0.352042 0.353425 0.353887 0.353425 0.352042 0.349747 0.346555 0.342486 0.337566 0.331828 0.325307 0.318046 0.310092 0.301496 0.292312 0.2826 0.272422 0.26184 0.250922 0.239735 0.228347 0.216826 0.205239 0.193651 0.182127 0.170728 0.15951 0.148529 0.137834 0.127469 0.117476 0.107887 0.0987335 0.090039 0.0818223 0.0740971 0.0668725 0.0601526 0.0539378 0.0482246 0.0430065 0.0382743 0.0340167 0.0302212 0.0268741 0.0239617 0.0214702 0.0193868 0.0176997 0.0163987 0.0154756 0.0149242 
0.0160705 0.0162692 0.0168665 0.0178665 0.0192754 0.0211022 0.0233574 0.0260533 0.0292036 0.0328224 0.0369241 0.0415228 0.0466314 0.0522614 0.0584218 0.0651191 0.072356 0.0801315 0.08844 0.0972712 0.10661 0.116434 0.126718 0.137429 0.148529 0.159976 0.171719 0.183707 0.19588 0.208178 0.220534 0.232882 0.245151 0.25727 0.269167 0.28077 0.292009 0.302813 0.313117 0.322854 0.331965 0.34039 0.348078 0.35498 0.361052 0.366255 0.370558 0.373933 0.376359 0.377821 0.378309 0.377821 0.376359 0.373933 0.370558 0.366255 0.361052 0.35498 0.348078 0.34039 0.331965 0.322854 0.313117 0.302813 0.292009 0.28077 0.269167 0.25727 0.245151 0.232882 0.220534 0.208178 0.19588 0.183707 0.171719 0.159976 0.148529 0.137429 0.126718 0.116434 0.10661 0.0972712 0.08844 0.0801315 0.072356 0.0651191 0.0584218 0.0522614 0.0466314 0.0415228 0.0369241 0.0328224 0.0292036 0.0260533 0.0233574 0.0211022 0.0192754 0.0178665 0.0168665 0.0162692 
0.017457 0.0176715 0.0183163 0.0193957 0.0209163 0.0228874 0.02532 0.0282271 0.0316227 0.0355218 0.0399391 0.0448892 0.0503852 0.0564387 0.0630588 0.0702513 0.0780185 0.0863583 0.095264 0.104724 0.114719 0.125228 0.136221 0.147662 0.15951 0.171719 0.184236 0.197003 0.20996 0.223039 0.236171 0.249285 0.262306 0.275159 0.287769 0.300059 0.311955 0.323386 0.33428 0.344569 0.354191 0.363086 0.371199 0.378479 0.384881 0.390366 0.394901 0.398457 0.401012 0.402552 0.403066 0.402552 0.401012 0.398457 0.394901 0.390366 0.384881 0.378479 0.371199 0.363086 0.354191 0.344569 0.33428 0.323386 0.311955 0.300059 0.287769 0.275159 0.262306 0.249285 0.236171 0.223039 0.20996 0.197003 0.184236 0.171719 0.15951 0.147662 0.136221 0.125228 0.114719 0.104724 0.095264 0.0863583 0.0780185 0.0702513 0.0630588 0.0564387 0.0503852 0.0448892 0.0399391 0.0355218 0.0316227 0.0282271 0.02532 0.0228874 0.0209163 0.0193957 0.0183163 0.0176715 
0.018895 0.0191258 0.0198195 0.0209806 0.0226161 0.0247355 0.0273505 0.0304745 0.0341221 0.0383087 0.0430497 0.0483598 0.0542525 0.0607394 0.0678293 0.0755276 0.0838359 0.0927511 0.102265 0.112364 0.123028 0.134231 0.145942 0.158123 0.170728 0.183707 0.197003 0.210557 0.224301 0.238165 0.252076 0.265958 0.279731 0.293318 0.306638 0.319613 0.332164 0.344217 0.355696 0.366534 0.376663 0.386021 0.394553 0.402207 0.408935 0.414697 0.41946 0.423194 0.425877 0.427493 0.428033 0.427493 0.425877 0.423194 0.41946 0.414697 0.408935 0.402207 0.394553 0.386021 0.376663 0.366534 0.355696 0.344217 0.332164 0.319613 0.306638 0.293318 0.279731 0.265958 0.252076 0.238165 0.224301 0.210557 0.197003 0.183707 0.170728 0.158123 0.145942 0.134231 0.123028 0.112364 0.102265 0.0927511 0.0838359 0.0755276 0.0678293 0.0607394 0.0542525 0.0483598 0.0430497 0.0383087 0.0341221 0.0304745 0.0273505 0.0247355 0.0226161 0.0209806 0.0198195 0.0191258 
0.0203786 0.020626 0.0213698 0.0226146 0.0243675 0.0266386 0.0294401 0.0327857 0.0366907 0.0411709 0.046242 0.0519192 0.058216 0.065144 0.0727117 0.080924 0.0897816 0.0992802 0.10941 0.120156 0.131495 0.1434 0.155836 0.168761 0.182127 0.19588 0.20996 0.224301 0.238833 0.253482 0.26817 0.282817 0.297339 0.311655 0.325681 0.339334 0.352533 0.3652 0.377258 0.388635 0.399263 0.409078 0.418022 0.426041 0.433089 0.439123 0.444109 0.448017 0.450825 0.452516 0.453081 0.452516 0.450825 0.448017 0.444109 0.439123 0.433089 0.426041 0.418022 0.409078 0.399263 0.388635 0.377258 0.3652 0.352533 0.339334 0.325681 0.311655 0.297339 0.282817 0.26817 0.253482 0.238833 0.224301 0.20996 0.19588 0.182127 0.168761 0.155836 0.1434 0.131495 0.120156 0.10941 0.0992802 0.0897816 0.080924 0.0727117 0.065144 0.058216 0.0519192 0.046242 0.0411709 0.0366907 0.0327857 0.0294401 0.0266386 0.0243675 0.0226146 0.0213698 0.020626 
0.0219008 0.0221652 0.02296 0.0242898 0.0261623 0.0285878 0.0315788 0.0351497 0.0393162 0.0440945 0.0495006 0.05555 0.0622563 0.0696309 0.077682 0.0864137 0.095826 0.105913 0.116664 0.128061 0.14008 0.152689 0.165852 0.179523 0.193651 0.208178 0.223039 0.238165 0.253482 0.268911 0.284371 0.299775 0.31504 0.330076 0.344798 0.35912 0.372956 0.386227 0.398852 0.410758 0.421874 0.432134 0.44148 0.449857 0.457216 0.463515 0.468718 0.472795 0.475724 0.477488 0.478077 0.477488 0.475724 0.472795 0.468718 0.463515 0.457216 0.449857 0.44148 0.432134 0.421874 0.410758 0.398852 0.386227 0.372956 0.35912 0.344798 0.330076 0.31504 0.299775 0.284371 0.268911 0.253482 0.238165 0.223039 0.208178 0.193651 0.179523 0.165852 0.152689 0.14008 0.128061 0.116664 0.105913 0.095826 0.0864137 0.077682 0.0696309 0.0622563 0.05555 0.0495006 0.0440945 0.0393162 0.0351497 0.0315788 0.0285878 0.0261623 0.0242898 0.02296 0.0221652 
0.0234538 0.0237354 0.0245817 0.0259977 0.0279912 0.0305729 0.0337557 0.0375544 0.0419851 0.0470644 0.0528086 0.0592334 0.0663524 0.0741767 0.0827141 0.0919682 0.101937 0.112615 0.123988 0.136037 0.148736 0.162049 0.175938 0.190353 0.205239 0.220534 0.236171 0.252076 0.26817 0.284371 0.300591 0.316744 0.332738 0.348483 0.363888 0.378864 0.393325 0.407184 0.420363 0.432784 0.444375 0.455069 0.464805 0.473527 0.481187 0.487742 0.493155 0.497396 0.500442 0.502276 0.502888 0.502276 0.500442 0.497396 0.493155 0.487742 0.481187 0.473527 0.464805 0.455069 0.444375 0.432784 0.420363 0.407184 0.393325 0.378864 0.363888 0.348483 0.332738 0.316744 0.300591 0.284371 0.26817 0.252076 0.236171 0.220534 0.205239 0.190353 0.175938 0.162049 0.148736 0.136037 0.123988 0.112615 0.101937 0.0919682 0.0827141 0.0741767 0.0663524 0.0592334 0.0528086 0.0470644 0.0419851 0.0375544 0.0337557 0.0305729 0.0279912 0.0259977 0.0245817 0.0237354 
0.025029 0.0253279 0.0262261 0.0277289 0.0298441 0.0325829 0.0359586 0.0399863 0.0446825 0.050064 0.0561477 0.062949 0.0704815 0.0787563 0.0877803 0.0975565 0.108082 0.119349 0.131343 0.144041 0.157415 0.171429 0.186037 0.201189 0.216826 0.232882 0.249285 0.265958 0.282817 0.299775 0.316744 0.333629 0.350337 0.366774 0.382846 0.39846 0.413527 0.42796 0.441675 0.454595 0.466645 0.477757 0.487869 0.496925 0.504875 0.511675 0.517289 0.521687 0.524845 0.526747 0.527382 0.526747 0.524845 0.521687 0.517289 0.511675 0.504875 0.496925 0.487869 0.477757 0.466645 0.454595 0.441675 0.42796 0.413527 0.39846 0.382846 0.366774 0.350337 0.333629 0.316744 0.299775 0.282817 0.265958 0.249285 0.232882 0.216826 0.201189 0.186037 0.171429 0.157415 0.144041 0.131343 0.119349 0.108082 0.0975565 0.0877803 0.0787563 0.0704815 0.062949 0.0561477 0.050064 0.0446825 0.0399863 0.0359586 0.0325829 0.0298441 0.0277289 0.0262261 0.0253279 
0.0266171 0.0269333 0.0278835 0.029473 0.0317101 0.0346061 0.0381746 0.0424312 0.0473925 0.0530759 0.0594982 0.0666749 0.0746197 0.0833429 0.0928511 0.103146 0.114225 0.126077 0.138685 0.152027 0.166069 0.180774 0.196093 0.211971 0.228347 0.245151 0.262306 0.279731 0.297339 0.31504 0.332738 0.350337 0.367741 0.38485 0.401568 0.417801 0.433454 0.44844 0.462672 0.476072 0.488563 0.500076 0.510548 0.519923 0.52815 0.535185 0.540992 0.54554 0.548805 0.55077 0.551427 0.55077 0.548805 0.54554 0.540992 0.535185 0.52815 0.519923 0.510548 0.500076 0.488563 0.476072 0.462672 0.44844 0.433454 0.417801 0.401568 0.38485 0.367741 0.350337 0.332738 0.31504 0.297339 0.279731 0.262306 0.245151 0.228347 0.211971 0.196093 0.180774 0.166069 0.152027 0.138685 0.126077 0.114225 0.103146 0.0928511 0.0833429 0.0746197 0.0666749 0.0594982 0.0530759 0.0473925 0.0424312 0.0381746 0.0346061 0.0317101 0.029473 0.0278835 0.0269333 
0.0282081 0.0285415 0.0295434 0.0312193 0.0335775 0.0366298 0.0403899 0.0448738 0.0500986 0.0560815 0.0628396 0.0703885 0.0787415 0.0879086 0.0978957 0.108704 0.120328 0.132757 0.145971 0.159946 0.174646 0.190029 0.206045 0.222636 0.239735 0.25727 0.275159 0.293318 0.311655 0.330076 0.348483 0.366774 0.38485 0.402609 0.419951 0.436778 0.452996 0.468512 0.48324 0.497098 0.51001 0.521906 0.532722 0.5424 0.55089 0.558148 0.564136 0.568826 0.572192 0.574218 0.574895 0.574218 0.572192 0.568826 0.564136 0.558148 0.55089 0.5424 0.532722 0.521906 0.51001 0.497098 0.48324 0.468512 0.452996 0.436778 0.419951 0.402609 0.38485 0.366774 0.348483 0.330076 0.311655 0.293318 0.275159 0.25727 0.239735 0.222636 0.206045 0.190029 0.174646 0.159946 0.145971 0.132757 0.120328 0.108704 0.0978957 0.0879086 0.0787415 0.0703885 0.0628396 0.0560815 0.0500986 0.0448738 0.0403899 0.0366298 0.0335775 0.0312193 0.0295434 0.0285415 
0.0297914 0.0301418 0.0311949 0.0329561 0.0354341 0.0386407 0.0425901 0.0472984 0.052783 0.0590614 0.0661505 0.074066 0.0828208 0.0924246 0.102882 0.114194 0.126354 0.139348 0.153156 0.16775 0.183093 0.199139 0.215835 0.233119 0.250922 0.269167 0.287769 0.306638 0.325681 0.344798 0.363888 0.382846 0.401568 0.419951 0.437891 0.455287 0.472043 0.488065 0.503265 0.517559 0.530871 0.543129 0.554269 0.564234 0.572972 0.58044 0.586601 0.591423 0.594884 0.596968 0.597663 0.596968 0.594884 0.591423 0.586601 0.58044 0.572972 0.564234 0.554269 0.543129 0.530871 0.517559 0.503265 0.488065 0.472043 0.455287 0.437891 0.419951 0.401568 0.382846 0.363888 0.344798 0.325681 0.306638 0.287769 0.269167 0.250922 0.233119 0.215835 0.199139 0.183093 0.16775 0.153156 0.139348 0.126354 0.114194 0.102882 0.0924246 0.0828208 0.074066 0.0661505 0.0590614 0.052783 0.0472984 0.0425901 0.0386407 0.0354341 0.0329561 0.0311949 0.0301418 
0.0313562 0.0317233 0.0328266 0.0346715 0.037267 0.0406251 0.0447601 0.0496885 0.0554278 0.0619955 0.0694088 0.077683 0.0868308 0.0968613 0.107779 0.119582 0.132264 0.145808 0.160194 0.17539 0.191357 0.208046 0.225401 0.243357 0.26184 0.28077 0.300059 0.319613 0.339334 0.35912 0.378864 0.39846 0.417801 0.436778 0.455287 0.473225 0.490492 0.506993 0.522639 0.537345 0.551034 0.563633 0.575078 0.585312 0.594283 0.601947 0.608268 0.613215 0.616765 0.618902 0.619615 0.618902 0.616765 0.613215 0.608268 0.601947 0.594283 0.585312 0.575078 0.563633 0.551034 0.537345 0.522639 0.506993 0.490492 0.473225 0.455287 0.436778 0.417801 0.39846 0.378864 0.35912 0.339334 0.319613 0.300059 0.28077 0.26184 0.243357 0.225401 0.208046 0.191357 0.17539 0.160194 0.145808 0.132264 0.119582 0.107779 0.0968613 0.0868308 0.077683 0.0694088 0.0619955 0.0554278 0.0496885 0.0447601 0.0406251 0.037267 0.0346715 0.0328266 0.0317233 
0.032891 0.0332744 0.0344266 0.0363532 0.0390632 0.0425688 0.0468847 0.0520274 0.0580145 0.0648637 0.0725921 0.0812149 0.0907443 0.101189 0.112552 0.124831 0.138018 0.152096 0.16704 0.182817 0.199386 0.216695 0.234684 0.253285 0.272422 0.292009 0.311955 0.332164 0.352533 0.372956 0.393325 0.413527 0.433454 0.452996 0.472043 0.490492 0.50824 0.525193 0.541258 0.55635 0.570391 0.58331 0.59504 0.605524 0.614711 0.622558 0.629027 0.63409 0.637722 0.639908 0.640638 0.639908 0.637722 0.63409 0.629027 0.622558 0.614711 0.605524 0.59504 0.58331 0.570391 0.55635 0.541258 0.525193 0.50824 0.490492 0.472043 0.452996 0.433454 0.413527 0.393325 0.372956 0.352533 0.332164 0.311955 0.292009 0.272422 0.253285 0.234684 0.216695 0.199386 0.182817 0.16704 0.152096 0.138018 0.124831 0.112552 0.101189 0.0907443 0.0812149 0.0725921 0.0648637 0.0580145 0.0520274 0.0468847 0.0425688 0.0390632 0.0363532 0.0344266 0.0332744 
0.0343844 0.0347836 0.0359831 0.0379887 0.0408094 0.0444577 0.0489483 0.054298 0.0605244 0.0676454 0.0756778 0.0846367 0.0945338 0.105377 0.117169 0.129907 0.143579 0.158168 0.173648 0.189982 0.207127 0.225029 0.243624 0.262841 0.2826 0.302813 0.323386 0.344217 0.3652 0.386227 0.407184 0.42796 0.44844 0.468512 0.488065 0.506993 0.525193 0.542567 0.559023 0.574475 0.588844 0.602058 0.614052 0.624767 0.634155 0.64217 0.648777 0.653946 0.657654 0.659885 0.66063 0.659885 0.657654 0.653946 0.648777 0.64217 0.634155 0.624767 0.614052 0.602058 0.588844 0.574475 0.559023 0.542567 0.525193 0.506993 0.488065 0.468512 0.44844 0.42796 0.407184 0.386227 0.3652 0.344217 0.323386 0.302813 0.2826 0.262841 0.243624 0.225029 0.207127 0.189982 0.173648 0.158168 0.143579 0.129907 0.117169 0.105377 0.0945338 0.0846367 0.0756778 0.0676454 0.0605244 0.054298 0.0489483 0.0444577 0.0408094 0.0379887 0.0359831 0.0347836 
0.0358249 0.0362392 0.0374841 0.0395653 0.0424923 0.0462773 0.0509354 0.0564834 0.062939 0.0703201 0.0786435 0.0879237 0.0981724 0.109397 0.121598 0.134772 0.148908 0.163984 0.179973 0.196838 0.21453 0.232994 0.252164 0.271964 0.292312 0.313117 0.33428 0.355696 0.377258 0.398852 0.420363 0.441675 0.462672 0.48324 0.503265 0.522639 0.541258 0.559023 0.575841 0.591625 0.606297 0.619783 0.632019 0.642948 0.652518 0.660688 0.66742 0.672686 0.676463 0.678736 0.679495 0.678736 0.676463 0.672686 0.66742 0.660688 0.652518 0.642948 0.632019 0.619783 0.606297 0.591625 0.575841 0.559023 0.541258 0.522639 0.503265 0.48324 0.462672 0.441675 0.420363 0.398852 0.377258 0.355696 0.33428 0.313117 0.292312 0.271964 0.252164 0.232994 0.21453 0.196838 0.179973 0.163984 0.148908 0.134772 0.121598 0.109397 0.0981724 0.0879237 0.0786435 0.0703201 0.062939 0.0564834 0.0509354 0.0462773 0.0424923 0.0395653 0.0374841 0.0362392 
0.0372009 0.0376296 0.0389176 0.0410708 0.0440986 0.0480135 0.0528306 0.0585669 0.06524 0.0728679 0.081467 0.0910519 0.101633 0.113218 0.125807 0.139394 0.153967 0.169503 0.185973 0.203337 0.221544 0.240537 0.260247 0.280595 0.301496 0.322854 0.344569 0.366534 0.388635 0.410758 0.432784 0.454595 0.476072 0.497098 0.517559 0.537345 0.55635 0.574475 0.591625 0.607714 0.622663 0.636398 0.648855 0.659977 0.669714 0.678024 0.68487 0.690224 0.694064 0.696374 0.697145 0.696374 0.694064 0.690224 0.68487 0.678024 0.669714 0.659977 0.648855 0.636398 0.622663 0.607714 0.591625 0.574475 0.55635 0.537345 0.517559 0.497098 0.476072 0.454595 0.432784 0.410758 0.388635 0.366534 0.344569 0.322854 0.301496 0.280595 0.260247 0.240537 0.221544 0.203337 0.185973 0.169503 0.153967 0.139394 0.125807 0.113218 0.101633 0.0910519 0.081467 0.0728679 0.06524 0.0585669 0.0528306 0.0480135 0.0440986 0.0410708 0.0389176 0.0376296 
0.0385012 0.0389434 0.040272 0.0424928 0.0456154 0.0496524 0.054619 0.0605321 0.0674096 0.0752691 0.084127 0.0939975 0.104891 0.116814 0.129765 0.143739 0.158721 0.174687 0.191606 0.209435 0.228123 0.247609 0.267821 0.288679 0.310092 0.331965 0.354191 0.376663 0.399263 0.421874 0.444375 0.466645 0.488563 0.51001 0.530871 0.551034 0.570391 0.588844 0.606297 0.622663 0.637862 0.651822 0.66448 0.675776 0.685664 0.694099 0.701047 0.70648 0.710376 0.71272 0.713502 0.71272 0.710376 0.70648 0.701047 0.694099 0.685664 0.675776 0.66448 0.651822 0.637862 0.622663 0.606297 0.588844 0.570391 0.551034 0.530871 0.51001 0.488563 0.466645 0.444375 0.421874 0.399263 0.376663 0.354191 0.331965 0.310092 0.288679 0.267821 0.247609 0.228123 0.209435 0.191606 0.174687 0.158721 0.143739 0.129765 0.116814 0.104891 0.0939975 0.084127 0.0752691 0.0674096 0.0605321 0.054619 0.0496524 0.0456154 0.0424928 0.040272 0.0389434 
