0.000915432 0.000929939 0.000973655 0.00104716 0.00115142 0.00128775 0.00145782 0.00166359 0.00190733 0.00219152 0.00251885 0.00289212 0.00331423 0.00378808 0.00431652 0.00490225 0.00554778 0.00625529 0.00702662 0.00786314 0.00876569 0.00973447 0.010769 0.0118682 0.0130299 0.0142513 0.0155287 0.0168575 0.0182321 0.0196462 0.0210925 0.0225629 0.0240486 0.0255401 0.0270273 0.0284998 0.0299465 0.0313565 0.0327184 0.0340212 0.0352537 0.0364055 0.0374664 0.0384269 0.0392783 0.0400127 0.0406232 0.0411042 0.0414511 0.0416606 0.0417306 0.0416606 0.0414511 0.0411042 0.0406232 0.0400127 0.0392783 0.0384269 0.0374664 0.0364055 0.0352537 0.0340212 0.0327184 0.0313565 0.0299465 0.0284998 0.0270273 0.0255401 0.0240486 0.0225629 0.0210925 0.0196462 0.0182321 0.0168575 0.0155287 0.0142513 0.0130299 0.0118682 0.010769 0.00973447 0.00876569 0.00786314 0.00702662 0.00625529 0.00554778 0.00490225 0.00431652 0.00378808 0.00331423 0.00289212 0.00251885 0.00219152 0.00190733 0.00166359 0.00145782 0.00128775 0.00115142 0.00104716 0.000973655 0.000929939 
0.000929939 0.000944658 0.000989011 0.00106359 0.00116936 0.00130766 0.00148018 0.00168891 0.00193612 0.00222434 0.00255627 0.00293476 0.00336273 0.00384311 0.00437877 0.00497245 0.00562665 0.0063436 0.00712513 0.00797261 0.00888689 0.00986816 0.010916 0.012029 0.0132053 0.014442 0.0157352 0.0170802 0.0184716 0.0199027 0.0213663 0.0228541 0.0243573 0.0258663 0.0273708 0.0288603 0.0303236 0.0317497 0.0331271 0.0344445 0.0356909 0.0368556 0.0379283 0.0388994 0.0397602 0.0405027 0.0411199 0.0416062 0.0419569 0.0421686 0.0422395 0.0421686 0.0419569 0.0416062 0.0411199 0.0405027 0.0397602 0.0388994 0.0379283 0.0368556 0.0356909 0.0344445 0.0331271 0.0317497 0.0303236 0.0288603 0.0273708 0.0258663 0.0243573 0.0228541 0.0213663 0.0199027 0.0184716 0.0170802 0.0157352 0.014442 0.0132053 0.012029 0.010916 0.00986816 0.00888689 0.00797261 0.00712513 0.0063436 0.00562665 0.00497245 0.00437877 0.00384311 0.00336273 0.00293476 0.00255627 0.00222434 0.00193612 0.00168891 0.00148018 0.00130766 0.00116936 0.00106359 0.000989011 0.000944658 
0.000973655 0.000989011 0.00103529 0.00111308 0.00122341 0.00136766 0.00154755 0.00176516 0.00202283 0.00232318 0.00266898 0.00306317 0.00350877 0.00400879 0.00456618 0.00518374 0.00586405 0.00660937 0.00742157 0.00830204 0.00925159 0.0102704 0.0113579 0.0125129 0.0137331 0.0150154 0.0163561 0.0177501 0.0191916 0.020674 0.0221895 0.0237298 0.0252856 0.026847 0.0284035 0.029944 0.0314572 0.0329316 0.0343553 0.0357168 0.0370048 0.0382081 0.0393162 0.0403193 0.0412083 0.0419751 0.0426125 0.0431146 0.0434767 0.0436953 0.0437684 0.0436953 0.0434767 0.0431146 0.0426125 0.0419751 0.0412083 0.0403193 0.0393162 0.0382081 0.0370048 0.0357168 0.0343553 0.0329316 0.0314572 0.029944 0.0284035 0.026847 0.0252856 0.0237298 0.0221895 0.020674 0.0191916 0.0177501 0.0163561 0.0150154 0.0137331 0.0125129 0.0113579 0.0102704 0.00925159 0.00830204 0.00742157 0.00660937 0.00586405 0.00518374 0.00456618 0.00400879 0.00350877 0.00306317 0.00266898 0.00232318 0.00202283 0.00176516 0.00154755 0.00136766 0.00122341 0.00111308 0.00103529 0.000989011 
0.00104716 0.00106359 0.00111308 0.00119629 0.00131427 0.00146848 0.00166075 0.00189326 0.00216849 0.00248916 0.00285823 0.00327876 0.00375392 0.00428686 0.00488066 0.00553825 0.0062623 0.00705516 0.00791873 0.00885443 0.00986304 0.0109447 0.0120988 0.0133237 0.0146173 0.0159762 0.0173962 0.018872 0.0203975 0.0219655 0.0235679 0.0251959 0.0268396 0.0284886 0.0301318 0.0317576 0.033354 0.034909 0.0364101 0.0378453 0.0392025 0.0404703 0.0416376 0.042694 0.0436301 0.0444373 0.0451083 0.0456368 0.0460179 0.046248 0.046325 0.046248 0.0460179 0.0456368 0.0451083 0.0444373 0.0436301 0.042694 0.0416376 0.0404703 0.0392025 0.0378453 0.0364101 0.034909 0.033354 0.0317576 0.0301318 0.0284886 0.0268396 0.0251959 0.0235679 0.0219655 0.0203975 0.018872 0.0173962 0.0159762 0.0146173 0.0133237 0.0120988 0.0109447 0.00986304 0.00885443 0.00791873 0.00705516 0.0062623 0.00553825 0.00488066 0.00428686 0.00375392 0.00327876 0.00285823 0.00248916 0.00216849 0.00189326 0.00166075 0.00146848 0.00131427 0.00119629 0.00111308 0.00106359 
0.00115142 0.00116936 0.00122341 0.00131427 0.00144307 0.00161137 0.00182115 0.00207472 0.00237475 0.00272417 0.0031261 0.00358383 0.00410074 0.00468016 0.00532537 0.00603945 0.00682522 0.00768512 0.00862114 0.00963469 0.0107266 0.0118968 0.0131445 0.0144682 0.0158651 0.0173316 0.0188632 0.0204541 0.0220977 0.0237861 0.0255107 0.0272619 0.0290291 0.0308011 0.032566 0.0343115 0.0360248 0.0376929 0.0393027 0.0408412 0.0422956 0.0436538 0.044904 0.0460351 0.0470373 0.0479013 0.0486194 0.0491849 0.0495926 0.0498388 0.0499211 0.0498388 0.0495926 0.0491849 0.0486194 0.0479013 0.0470373 0.0460351 0.044904 0.0436538 0.0422956 0.0408412 0.0393027 0.0376929 0.0360248 0.0343115 0.032566 0.0308011 0.0290291 0.0272619 0.0255107 0.0237861 0.0220977 0.0204541 0.0188632 0.0173316 0.0158651 0.0144682 0.0131445 0.0118968 0.0107266 0.00963469 0.00862114 0.00768512 0.00682522 0.00603945 0.00532537 0.00468016 0.00410074 0.00358383 0.0031261 0.00272417 0.00237475 0.00207472 0.00182115 0.00161137 0.00144307 0.00131427 0.00122341 0.00116936 
0.00128775 0.00130766 0.00136766 0.00146848 0.00161137 0.00179803 0.0020306 0.00231161 0.00264394 0.00303075 0.00347544 0.00398157 0.00455276 0.00519261 0.00590462 0.00669209 0.00755801 0.00850496 0.00953499 0.0106495 0.0118494 0.0131344 0.0145035 0.015955 0.0174857 0.0190917 0.0207677 0.0225075 0.0243037 0.0261478 0.0280303 0.0299406 0.0318673 0.0337981 0.0357203 0.0376203 0.0394843 0.0412983 0.0430481 0.0447197 0.0462995 0.0477742 0.0491311 0.0503586 0.0514458 0.0523829 0.0531616 0.0537748 0.0542168 0.0544837 0.054573 0.0544837 0.0542168 0.0537748 0.0531616 0.0523829 0.0514458 0.0503586 0.0491311 0.0477742 0.0462995 0.0447197 0.0430481 0.0412983 0.0394843 0.0376203 0.0357203 0.0337981 0.0318673 0.0299406 0.0280303 0.0261478 0.0243037 0.0225075 0.0207677 0.0190917 0.0174857 0.015955 0.0145035 0.0131344 0.0118494 0.0106495 0.00953499 0.00850496 0.00755801 0.00669209 0.00590462 0.00519261 0.00455276 0.00398157 0.00347544 0.00303075 0.00264394 0.00231161 0.0020306 0.00179803 0.00161137 0.00146848 0.00136766 0.00130766 
0.00145782 0.00148018 0.00154755 0.00166075 0.00182115 0.0020306 0.00229147 0.00260652 0.00297891 0.00341211 0.00390983 0.00447595 0.00511439 0.00582908 0.0066238 0.0075021 0.00846717 0.00952174 0.010668 0.0119073 0.0132404 0.0146671 0.0161861 0.0177952 0.0194909 0.0212686 0.0231226 0.0250457 0.0270298 0.0290654 0.031142 0.0332478 0.0353705 0.0374965 0.0396116 0.0417012 0.0437501 0.0457431 0.0476646 0.0494995 0.0512328 0.0528502 0.0543379 0.0556833 0.0568746 0.0579012 0.0587541 0.0594256 0.0599097 0.0602019 0.0602996 0.0602019 0.0599097 0.0594256 0.0587541 0.0579012 0.0568746 0.0556833 0.0543379 0.0528502 0.0512328 0.0494995 0.0476646 0.0457431 0.0437501 0.0417012 0.0396116 0.0374965 0.0353705 0.0332478 0.031142 0.0290654 0.0270298 0.0250457 0.0231226 0.0212686 0.0194909 0.0177952 0.0161861 0.0146671 0.0132404 0.0119073 0.010668 0.00952174 0.00846717 0.0075021 0.0066238 0.00582908 0.00511439 0.00447595 0.00390983 0.00341211 0.00297891 0.00260652 0.00229147 0.0020306 0.00182115 0.00166075 0.00154755 0.00148018 
0.00166359 0.00168891 0.00176516 0.00189326 0.00207472 0.00231161 0.00260652 0.00296252 0.00338308 0.00387204 0.00443347 0.00507162 0.00579081 0.0065953 0.00748922 0.0084764 0.00956028 0.0107438 0.0120291 0.0134177 0.0149103 0.0165063 0.0182043 0.0200015 0.0218941 0.0238767 0.0259427 0.0280843 0.0302922 0.0325557 0.0348632 0.0372017 0.0395573 0.041915 0.0442594 0.046574 0.0488424 0.0510476 0.0531728 0.0552011 0.0571164 0.0589028 0.0605455 0.0620305 0.063345 0.0644776 0.0654183 0.0661588 0.0666925 0.0670147 0.0671224 0.0670147 0.0666925 0.0661588 0.0654183 0.0644776 0.063345 0.0620305 0.0605455 0.0589028 0.0571164 0.0552011 0.0531728 0.0510476 0.0488424 0.046574 0.0442594 0.041915 0.0395573 0.0372017 0.0348632 0.0325557 0.0302922 0.0280843 0.0259427 0.0238767 0.0218941 0.0200015 0.0182043 0.0165063 0.0149103 0.0134177 0.0120291 0.0107438 0.00956028 0.0084764 0.00748922 0.0065953 0.00579081 0.00507162 0.00443347 0.00387204 0.00338308 0.00296252 0.00260652 0.00231161 0.00207472 0.00189326 0.00176516 0.00168891 
0.00190733 0.00193612 0.00202283 0.00216849 0.00237475 0.00264394 0.00297891 0.00338308 0.00386031 0.00441482 0.00505111 0.00577388 0.00658786 0.00749773 0.00850799 0.0096228 0.0108459 0.0121803 0.0136283 0.0151916 0.0168705 0.0186643 0.0205713 0.0225881 0.0247102 0.0269316 0.0292447 0.0316405 0.0341087 0.0366373 0.0392131 0.0418218 0.0444478 0.0470745 0.0496846 0.0522602 0.0547828 0.0572338 0.0595946 0.0618469 0.0639726 0.0659546 0.0677763 0.0694226 0.0708795 0.0721345 0.0731766 0.0739968 0.0745879 0.0749446 0.0750639 0.0749446 0.0745879 0.0739968 0.0731766 0.0721345 0.0708795 0.0694226 0.0677763 0.0659546 0.0639726 0.0618469 0.0595946 0.0572338 0.0547828 0.0522602 0.0496846 0.0470745 0.0444478 0.0418218 0.0392131 0.0366373 0.0341087 0.0316405 0.0292447 0.0269316 0.0247102 0.0225881 0.0205713 0.0186643 0.0168705 0.0151916 0.0136283 0.0121803 0.0108459 0.0096228 0.00850799 0.00749773 0.00658786 0.00577388 0.00505111 0.00441482 0.00386031 0.00338308 0.00297891 0.00264394 0.00237475 0.00216849 0.00202283 0.00193612 
0.00219152 0.00222434 0.00232318 0.00248916 0.00272417 0.00303075 0.00341211 0.00387204 0.00441482 0.00504513 0.00576796 0.00658848 0.00751191 0.00854339 0.00968783 0.0109497 0.0123331 0.0138413 0.0154766 0.0172406 0.0191336 0.0211546 0.0233013 0.02557 0.0279551 0.0304499 0.0330458 0.0357324 0.0384981 0.0413295 0.0442117 0.0471286 0.0500629 0.0529961 0.0559089 0.0587815 0.0615933 0.0643239 0.0669526 0.0694592 0.071824 0.0740278 0.0760528 0.0778821 0.0795005 0.0808942 0.0820512 0.0829618 0.0836178 0.0840138 0.0841462 0.0840138 0.0836178 0.0829618 0.0820512 0.0808942 0.0795005 0.0778821 0.0760528 0.0740278 0.071824 0.0694592 0.0669526 0.0643239 0.0615933 0.0587815 0.0559089 0.0529961 0.0500629 0.0471286 0.0442117 0.0413295 0.0384981 0.0357324 0.0330458 0.0304499 0.0279551 0.02557 0.0233013 0.0211546 0.0191336 0.0172406 0.0154766 0.0138413 0.0123331 0.0109497 0.00968783 0.00854339 0.00751191 0.00658848 0.00576796 0.00504513 0.00441482 0.00387204 0.00341211 0.00303075 0.00272417 0.00248916 0.00232318 0.00222434 
0.00251885 0.00255627 0.00266898 0.00285823 0.0031261 0.00347544 0.00390983 0.00443347 0.00505111 0.00576796 0.00658952 0.00752151 0.00856969 0.00973968 0.0110369 0.0124661 0.0140318 0.0157373 0.0175852 0.019577 0.0217127 0.023991 0.0264091 0.0289626 0.0316451 0.0344488 0.0373638 0.0403784 0.0434795 0.0466519 0.049879 0.0531427 0.0564235 0.059701 0.0629537 0.0661594 0.0692956 0.0723395 0.0752683 0.0780597 0.0806919 0.083144 0.0853962 0.0874301 0.0892289 0.0907776 0.092063 0.0930744 0.093803 0.0942427 0.0943897 0.0942427 0.093803 0.0930744 0.092063 0.0907776 0.0892289 0.0874301 0.0853962 0.083144 0.0806919 0.0780597 0.0752683 0.0723395 0.0692956 0.0661594 0.0629537 0.059701 0.0564235 0.0531427 0.049879 0.0466519 0.0434795 0.0403784 0.0373638 0.0344488 0.0316451 0.0289626 0.0264091 0.023991 0.0217127 0.019577 0.0175852 0.0157373 0.0140318 0.0124661 0.0110369 0.00973968 0.00856969 0.00752151 0.00658952 0.00576796 0.00505111 0.00443347 0.00390983 0.00347544 0.0031261 0.00285823 0.00266898 0.00255627 
0.00289212 0.00293476 0.00306317 0.00327876 0.00358383 0.00398157 0.00447595 0.00507162 0.00577388 0.00658848 0.00752151 0.00857929 0.00976813 0.0110942 0.0125634 0.014181 0.0159516 0.0178789 0.0199656 0.0222129 0.0246207 0.0271873 0.0299093 0.0327814 0.0357963 0.0389449 0.042216 0.0455965 0.0490713 0.0526234 0.0562342 0.0598834 0.0635493 0.067209 0.0708388 0.074414 0.0779096 0.0813003 0.0845613 0.0876677 0.0905956 0.093322 0.0958252 0.098085 0.100083 0.101803 0.10323 0.104352 0.105161 0.105649 0.105812 0.105649 0.105161 0.104352 0.10323 0.101803 0.100083 0.098085 0.0958252 0.093322 0.0905956 0.0876677 0.0845613 0.0813003 0.0779096 0.074414 0.0708388 0.067209 0.0635493 0.0598834 0.0562342 0.0526234 0.0490713 0.0455965 0.042216 0.0389449 0.0357963 0.0327814 0.0299093 0.0271873 0.0246207 0.0222129 0.0199656 0.0178789 0.0159516 0.014181 0.0125634 0.0110942 0.00976813 0.00857929 0.00752151 0.00658848 0.00577388 0.00507162 0.00447595 0.00398157 0.00358383 0.00327876 0.00306317 0.00293476 
0.00331423 0.00336273 0.00350877 0.00375392 0.00410074 0.00455276 0.00511439 0.00579081 0.00658786 0.00751191 0.00856969 0.00976813 0.0111142 0.0126146 0.0142757 0.0161033 0.0181023 0.0202766 0.0226289 0.0251603 0.0278704 0.030757 0.0338159 0.037041 0.0404239 0.0439542 0.047619 0.0514035 0.0552906 0.0592614 0.0632949 0.0673684 0.0714579 0.0755378 0.0795817 0.0835624 0.0874521 0.0912232 0.0948479 0.0982991 0.101551 0.104577 0.107354 0.109861 0.112077 0.113983 0.115565 0.116809 0.117705 0.118245 0.118426 0.118245 0.117705 0.116809 0.115565 0.113983 0.112077 0.109861 0.107354 0.104577 0.101551 0.0982991 0.0948479 0.0912232 0.0874521 0.0835624 0.0795817 0.0755378 0.0714579 0.0673684 0.0632949 0.0592614 0.0552906 0.0514035 0.047619 0.0439542 0.0404239 0.037041 0.0338159 0.030757 0.0278704 0.0251603 0.0226289 0.0202766 0.0181023 0.0161033 0.0142757 0.0126146 0.0111142 0.00976813 0.00856969 0.00751191 0.00658786 0.00579081 0.00511439 0.00455276 0.00410074 0.00375392 0.00350877 0.00336273 
0.00378808 0.00384311 0.00400879 0.00428686 0.00468016 0.00519261 0.00582908 0.0065953 0.00749773 0.00854339 0.00973968 0.0110942 0.0126146 0.0143082 0.0161819 0.0182418 0.0204933 0.0229404 0.0255858 0.0284305 0.0314736 0.0347125 0.0381421 0.0417551 0.0455421 0.0494909 0.0535872 0.0578141 0.0621524 0.0665808 0.071076 0.0756127 0.0801639 0.0847016 0.0891963 0.0936181 0.0979363 0.10212 0.10614 0.109965 0.113567 0.116919 0.119994 0.122767 0.125218 0.127326 0.129075 0.13045 0.131441 0.132038 0.132238 0.132038 0.131441 0.13045 0.129075 0.127326 0.125218 0.122767 0.119994 0.116919 0.113567 0.109965 0.10614 0.10212 0.0979363 0.0936181 0.0891963 0.0847016 0.0801639 0.0756127 0.071076 0.0665808 0.0621524 0.0578141 0.0535872 0.0494909 0.0455421 0.0417551 0.0381421 0.0347125 0.0314736 0.0284305 0.0255858 0.0229404 0.0204933 0.0182418 0.0161819 0.0143082 0.0126146 0.0110942 0.00973968 0.00854339 0.00749773 0.0065953 0.00582908 0.00519261 0.00468016 0.00428686 0.00400879 0.00384311 
0.00431652 0.00437877 0.00456618 0.00488066 0.00532537 0.00590462 0.0066238 0.00748922 0.00850799 0.00968783 0.0110369 0.0125634 0.0142757 0.0161819 0.0182892 0.0206045 0.0231331 0.0258794 0.028846 0.0320336 0.0354411 0.0390649 0.0428991 0.0469353 0.0511626 0.0555672 0.0601328 0.0648404 0.0696686 0.0745935 0.079589 0.0846271 0.089678 0.0947104 0.099692 0.10459 0.10937 0.113999 0.118444 0.122671 0.126651 0.130351 0.133745 0.136806 0.139509 0.141834 0.143762 0.145278 0.146369 0.147028 0.147248 0.147028 0.146369 0.145278 0.143762 0.141834 0.139509 0.136806 0.133745 0.130351 0.126651 0.122671 0.118444 0.113999 0.10937 0.10459 0.099692 0.0947104 0.089678 0.0846271 0.079589 0.0745935 0.0696686 0.0648404 0.0601328 0.0555672 0.0511626 0.0469353 0.0428991 0.0390649 0.0354411 0.0320336 0.028846 0.0258794 0.0231331 0.0206045 0.0182892 0.0161819 0.0142757 0.0125634 0.0110369 0.00968783 0.00850799 0.00748922 0.0066238 0.00590462 0.00532537 0.00488066 0.00456618 0.00437877 
0.00490225 0.00497245 0.00518374 0.00553825 0.00603945 0.00669209 0.0075021 0.0084764 0.0096228 0.0109497 0.0124661 0.014181 0.0161033 0.0182418 0.0206045 0.0231983 0.0260292 0.0291015 0.0324177 0.0359783 0.0397816 0.0438232 0.0480962 0.052591 0.0572948 0.0621922 0.0672648 0.0724912 0.0778475 0.0833071 0.088841 0.0944181 0.100006 0.105569 0.111072 0.11648 0.121754 0.126859 0.131758 0.136416 0.140798 0.144871 0.148604 0.15197 0.154942 0.157498 0.159617 0.161282 0.162481 0.163204 0.163446 0.163204 0.162481 0.161282 0.159617 0.157498 0.154942 0.15197 0.148604 0.144871 0.140798 0.136416 0.131758 0.126859 0.121754 0.11648 0.111072 0.105569 0.100006 0.0944181 0.088841 0.0833071 0.0778475 0.0724912 0.0672648 0.0621922 0.0572948 0.052591 0.0480962 0.0438232 0.0397816 0.0359783 0.0324177 0.0291015 0.0260292 0.0231983 0.0206045 0.0182418 0.0161033 0.014181 0.0124661 0.0109497 0.0096228 0.0084764 0.0075021 0.00669209 0.00603945 0.00553825 0.00518374 0.00497245 
0.00554778 0.00562665 0.00586405 0.0062623 0.00682522 0.00755801 0.00846717 0.00956028 0.0108459 0.0123331 0.0140318 0.0159516 0.0181023 0.0204933 0.0231331 0.0260292 0.0291877 0.0326129 0.0363074 0.0402712 0.0445018 0.0489942 0.0537401 0.0587284 0.0639447 0.0693715 0.0749882 0.0807708 0.0866928 0.0927244 0.0988338 0.104986 0.111146 0.117275 0.123335 0.129284 0.135084 0.140695 0.146076 0.151189 0.155997 0.160464 0.164557 0.168246 0.171502 0.174301 0.176621 0.178445 0.179757 0.180549 0.180813 0.180549 0.179757 0.178445 0.176621 0.174301 0.171502 0.168246 0.164557 0.160464 0.155997 0.151189 0.146076 0.140695 0.135084 0.129284 0.123335 0.117275 0.111146 0.104986 0.0988338 0.0927244 0.0866928 0.0807708 0.0749882 0.0693715 0.0639447 0.0587284 0.0537401 0.0489942 0.0445018 0.0402712 0.0363074 0.0326129 0.0291877 0.0260292 0.0231331 0.0204933 0.0181023 0.0159516 0.0140318 0.0123331 0.0108459 0.00956028 0.00846717 0.00755801 0.00682522 0.0062623 0.00586405 0.00562665 
0.00625529 0.0063436 0.00660937 0.00705516 0.00768512 0.00850496 0.00952174 0.0107438 0.0121803 0.0138413 0.0157373 0.0178789 0.0202766 0.0229404 0.0258794 0.0291015 0.0326129 0.0364182 0.0405195 0.0449164 0.0496058 0.0545815 0.0598339 0.0653503 0.0711145 0.0771067 0.0833037 0.089679 0.096203 0.102843 0.109563 0.116327 0.123093 0.129821 0.136468 0.142991 0.149346 0.155489 0.161378 0.166971 0.172227 0.177109 0.18158 0.185608 0.189163 0.192217 0.194748 0.196737 0.198168 0.199032 0.19932 0.199032 0.198168 0.196737 0.194748 0.192217 0.189163 0.185608 0.18158 0.177109 0.172227 0.166971 0.161378 0.155489 0.149346 0.142991 0.136468 0.129821 0.123093 0.116327 0.109563 0.102843 0.096203 0.089679 0.0833037 0.0771067 0.0711145 0.0653503 0.0598339 0.0545815 0.0496058 0.0449164 0.0405195 0.0364182 0.0326129 0.0291015 0.0258794 0.0229404 0.0202766 0.0178789 0.0157373 0.0138413 0.0121803 0.0107438 0.00952174 0.00850496 0.00768512 0.00705516 0.00660937 0.0063436 
0.00702662 0.00712513 0.00742157 0.00791873 0.00862114 0.00953499 0.010668 0.0120291 0.0136283 0.0154766 0.0175852 0.0199656 0.0226289 0.0255858 0.028846 0.0324177 0.0363074 0.0405195 0.0450559 0.0499156 0.0550946 0.0605855 0.0663774 0.0724557 0.0788021 0.0853944 0.0922068 0.0992099 0.106371 0.113654 0.121019 0.128427 0.135832 0.143191 0.150456 0.15758 0.164517 0.171218 0.177639 0.183733 0.189459 0.194773 0.199639 0.204021 0.207886 0.211206 0.213957 0.216118 0.217674 0.218612 0.218925 0.218612 0.217674 0.216118 0.213957 0.211206 0.207886 0.204021 0.199639 0.194773 0.189459 0.183733 0.177639 0.171218 0.164517 0.15758 0.150456 0.143191 0.135832 0.128427 0.121019 0.113654 0.106371 0.0992099 0.0922068 0.0853944 0.0788021 0.0724557 0.0663774 0.0605855 0.0550946 0.0499156 0.0450559 0.0405195 0.0363074 0.0324177 0.028846 0.0255858 0.0226289 0.0199656 0.0175852 0.0154766 0.0136283 0.0120291 0.010668 0.00953499 0.00862114 0.00791873 0.00742157 0.00712513 
0.00786314 0.00797261 0.00830204 0.00885443 0.00963469 0.0106495 0.0119073 0.0134177 0.0151916 0.0172406 0.019577 0.0222129 0.0251603 0.0284305 0.0320336 0.0359783 0.0402712 0.0449164 0.0499156 0.055267 0.0609657 0.067003 0.0733663 0.080039 0.0870006 0.0942263 0.101688 0.109352 0.117183 0.125141 0.133184 0.141266 0.149341 0.157358 0.165269 0.173021 0.180564 0.187848 0.194822 0.201438 0.20765 0.213414 0.218689 0.223437 0.227624 0.23122 0.234198 0.236537 0.238221 0.239235 0.239575 0.239235 0.238221 0.236537 0.234198 0.23122 0.227624 0.223437 0.218689 0.213414 0.20765 0.201438 0.194822 0.187848 0.180564 0.173021 0.165269 0.157358 0.149341 0.141266 0.133184 0.125141 0.117183 0.109352 0.101688 0.0942263 0.0870006 0.080039 0.0733663 0.067003 0.0609657 0.055267 0.0499156 0.0449164 0.0402712 0.0359783 0.0320336 0.0284305 0.0251603 0.0222129 0.019577 0.0172406 0.0151916 0.0134177 0.0119073 0.0106495 0.00963469 0.00885443 0.00830204 0.00797261 
0.00876569 0.00888689 0.00925159 0.00986304 0.0107266 0.0118494 0.0132404 0.0149103 0.0168705 0.0191336 0.0217127 0.0246207 0.0278704 0.0314736 0.0354411 0.0397816 0.0445018 0.0496058 0.0550946 0.0609657 0.067213 0.0738264 0.0807916 0.0880898 0.0956979 0.103589 0.11173 0.120087 0.128618 0.137282 0.146032 0.154817 0.163589 0.172292 0.180872 0.189276 0.197448 0.205334 0.21288 0.220034 0.226749 0.232976 0.238672 0.243798 0.248316 0.252195 0.255407 0.257929 0.259744 0.260838 0.261204 0.260838 0.259744 0.257929 0.255407 0.252195 0.248316 0.243798 0.238672 0.232976 0.226749 0.220034 0.21288 0.205334 0.197448 0.189276 0.180872 0.172292 0.163589 0.154817 0.146032 0.137282 0.128618 0.120087 0.11173 0.103589 0.0956979 0.0880898 0.0807916 0.0738264 0.067213 0.0609657 0.0550946 0.0496058 0.0445018 0.0397816 0.0354411 0.0314736 0.0278704 0.0246207 0.0217127 0.0191336 0.0168705 0.0149103 0.0132404 0.0118494 0.0107266 0.00986304 0.00925159 0.00888689 
0.00973447 0.00986816 0.0102704 0.0109447 0.0118968 0.0131344 0.0146671 0.0165063 0.0186643 0.0211546 0.023991 0.0271873 0.030757 0.0347125 0.0390649 0.0438232 0.0489942 0.0545815 0.0605855 0.067003 0.0738264 0.0810442 0.0886399 0.0965926 0.104877 0.113461 0.122312 0.13139 0.14065 0.150047 0.15953 0.169045 0.178536 0.187948 0.197221 0.206297 0.215116 0.223621 0.231755 0.239463 0.246693 0.253394 0.259522 0.265034 0.26989 0.274059 0.277509 0.280219 0.282167 0.283342 0.283735 0.283342 0.282167 0.280219 0.277509 0.274059 0.26989 0.265034 0.259522 0.253394 0.246693 0.239463 0.231755 0.223621 0.215116 0.206297 0.197221 0.187948 0.178536 0.169045 0.15953 0.150047 0.14065 0.13139 0.122312 0.113461 0.104877 0.0965926 0.0886399 0.0810442 0.0738264 0.067003 0.0605855 0.0545815 0.0489942 0.0438232 0.0390649 0.0347125 0.030757 0.0271873 0.023991 0.0211546 0.0186643 0.0165063 0.0146671 0.0131344 0.0118968 0.0109447 0.0102704 0.00986816 
0.010769 0.010916 0.0113579 0.0120988 0.0131445 0.0145035 0.0161861 0.0182043 0.0205713 0.0233013 0.0264091 0.0299093 0.0338159 0.0381421 0.0428991 0.0480962 0.0537401 0.0598339 0.0663774 0.0733663 0.0807916 0.0886399 0.0968928 0.105527 0.114513 0.123819 0.133406 0.14323 0.153244 0.163399 0.173637 0.183903 0.194137 0.204277 0.21426 0.224024 0.233507 0.242645 0.25138 0.259652 0.267407 0.274593 0.281159 0.287063 0.292264 0.296726 0.300419 0.303317 0.305402 0.306659 0.307079 0.306659 0.305402 0.303317 0.300419 0.296726 0.292264 0.287063 0.281159 0.274593 0.267407 0.259652 0.25138 0.242645 0.233507 0.224024 0.21426 0.204277 0.194137 0.183903 0.173637 0.163399 0.153244 0.14323 0.133406 0.123819 0.114513 0.105527 0.0968928 0.0886399 0.0807916 0.0733663 0.0663774 0.0598339 0.0537401 0.0480962 0.0428991 0.0381421 0.0338159 0.0299093 0.0264091 0.0233013 0.0205713 0.0182043 0.0161861 0.0145035 0.0131445 0.0120988 0.0113579 0.010916 
0.0118682 0.012029 0.0125129 0.0133237 0.0144682 0.015955 0.0177952 0.0200015 0.0225881 0.02557 0.0289626 0.0327814 0.037041 0.0417551 0.0469353 0.052591 0.0587284 0.0653503 0.0724557 0.080039 0.0880898 0.0965926 0.105527 0.114866 0.12458 0.13463 0.144975 0.155568 0.166359 0.177291 0.188306 0.199342 0.210334 0.221218 0.231927 0.242393 0.25255 0.262332 0.271677 0.280522 0.288809 0.296484 0.303494 0.309795 0.315342 0.320101 0.324038 0.327128 0.329349 0.330688 0.331135 0.330688 0.329349 0.327128 0.324038 0.320101 0.315342 0.309795 0.303494 0.296484 0.288809 0.280522 0.271677 0.262332 0.25255 0.242393 0.231927 0.221218 0.210334 0.199342 0.188306 0.177291 0.166359 0.155568 0.144975 0.13463 0.12458 0.114866 0.105527 0.0965926 0.0880898 0.080039 0.0724557 0.0653503 0.0587284 0.052591 0.0469353 0.0417551 0.037041 0.0327814 0.0289626 0.02557 0.0225881 0.0200015 0.0177952 0.015955 0.0144682 0.0133237 0.0125129 0.012029 
0.0130299 0.0132053 0.0137331 0.0146173 0.0158651 0.0174857 0.0194909 0.0218941 0.0247102 0.0279551 0.0316451 0.0357963 0.0404239 0.0455421 0.0511626 0.0572948 0.0639447 0.0711145 0.0788021 0.0870006 0.0956979 0.104877 0.114513 0.12458 0.13504 0.145855 0.156979 0.168361 0.179945 0.191672 0.203479 0.215299 0.227064 0.238704 0.250148 0.261325 0.272165 0.282599 0.292559 0.301981 0.310805 0.318971 0.326428 0.333126 0.339022 0.344077 0.348259 0.35154 0.353899 0.35532 0.355795 0.35532 0.353899 0.35154 0.348259 0.344077 0.339022 0.333126 0.326428 0.318971 0.310805 0.301981 0.292559 0.282599 0.272165 0.261325 0.250148 0.238704 0.227064 0.215299 0.203479 0.191672 0.179945 0.168361 0.156979 0.145855 0.13504 0.12458 0.114513 0.104877 0.0956979 0.0870006 0.0788021 0.0711145 0.0639447 0.0572948 0.0511626 0.0455421 0.0404239 0.0357963 0.0316451 0.0279551 0.0247102 0.0218941 0.0194909 0.0174857 0.0158651 0.0146173 0.0137331 0.0132053 
0.0142513 0.014442 0.0150154 0.0159762 0.0173316 0.0190917 0.0212686 0.0238767 0.0269316 0.0304499 0.0344488 0.0389449 0.0439542 0.0494909 0.0555672 0.0621922 0.0693715 0.0771067 0.0853944 0.0942263 0.103589 0.113461 0.123819 0.13463 0.145855 0.157452 0.16937 0.181555 0.193947 0.206482 0.219092 0.231707 0.244254 0.256658 0.268844 0.280738 0.292265 0.303353 0.313931 0.323932 0.333291 0.34195 0.349852 0.356947 0.36319 0.368541 0.372966 0.376437 0.378933 0.380436 0.380938 0.380436 0.378933 0.376437 0.372966 0.368541 0.36319 0.356947 0.349852 0.34195 0.333291 0.323932 0.313931 0.303353 0.292265 0.280738 0.268844 0.256658 0.244254 0.231707 0.219092 0.206482 0.193947 0.181555 0.16937 0.157452 0.145855 0.13463 0.123819 0.113461 0.103589 0.0942263 0.0853944 0.0771067 0.0693715 0.0621922 0.0555672 0.0494909 0.0439542 0.0389449 0.0344488 0.0304499 0.0269316 0.0238767 0.0212686 0.0190917 0.0173316 0.0159762 0.0150154 0.014442 
0.0155287 0.0157352 0.0163561 0.0173962 0.0188632 0.0207677 0.0231226 0.0259427 0.0292447 0.0330458 0.0373638 0.042216 0.047619 0.0535872 0.0601328 0.0672648 0.0749882 0.0833037 0.0922068 0.101688 0.11173 0.122312 0.133406 0.144975 0.156979 0.16937 0.182095 0.195094 0.208304 0.221655 0.235076 0.248492 0.261825 0.274997 0.287928 0.30054 0.312754 0.324495 0.335689 0.346266 0.356159 0.365306 0.37365 0.381139 0.387726 0.39337 0.398036 0.401695 0.404324 0.405909 0.406438 0.405909 0.404324 0.401695 0.398036 0.39337 0.387726 0.381139 0.37365 0.365306 0.356159 0.346266 0.335689 0.324495 0.312754 0.30054 0.287928 0.274997 0.261825 0.248492 0.235076 0.221655 0.208304 0.195094 0.182095 0.16937 0.156979 0.144975 0.133406 0.122312 0.11173 0.101688 0.0922068 0.0833037 0.0749882 0.0672648 0.0601328 0.0535872 0.047619 0.042216 0.0373638 0.0330458 0.0292447 0.0259427 0.0231226 0.0207677 0.0188632 0.0173962 0.0163561 0.0157352 
0.0168575 0.0170802 0.0177501 0.018872 0.0204541 0.0225075 0.0250457 0.0280843 0.0316405 0.0357324 0.0403784 0.0455965 0.0514035 0.0578141 0.0648404 0.0724912 0.0807708 0.089679 0.0992099 0.109352 0.120087 0.13139 0.14323 0.155568 0.168361 0.181555 0.195094 0.208914 0.222947 0.237119 0.251354 0.265572 0.279692 0.293631 0.307305 0.320631 0.333529 0.345918 0.357723 0.36887 0.379291 0.388921 0.397701 0.405578 0.412503 0.418434 0.423337 0.42718 0.429942 0.431606 0.432161 0.431606 0.429942 0.42718 0.423337 0.418434 0.412503 0.405578 0.397701 0.388921 0.379291 0.36887 0.357723 0.345918 0.333529 0.320631 0.307305 0.293631 0.279692 0.265572 0.251354 0.237119 0.222947 0.208914 0.195094 0.181555 0.168361 0.155568 0.14323 0.13139 0.120087 0.109352 0.0992099 0.089679 0.0807708 0.0724912 0.0648404 0.0578141 0.0514035 0.0455965 0.0403784 0.0357324 0.0316405 0.0280843 0.0250457 0.0225075 0.0204541 0.018872 0.0177501 0.0170802 
0.0182321 0.0184716 0.0191916 0.0203975 0.0220977 0.0243037 0.0270298 0.0302922 0.0341087 0.0384981 0.0434795 0.0490713 0.0552906 0.0621524 0.0696686 0.0778475 0.0866928 0.096203 0.106371 0.117183 0.128618 0.14065 0.153244 0.166359 0.179945 0.193947 0.208304 0.222947 0.237803 0.252796 0.267843 0.282861 0.297764 0.312465 0.326875 0.340909 0.354483 0.367512 0.379919 0.391627 0.402566 0.41267 0.421877 0.430133 0.437389 0.443602 0.448735 0.452758 0.455649 0.45739 0.457971 0.45739 0.455649 0.452758 0.448735 0.443602 0.437389 0.430133 0.421877 0.41267 0.402566 0.391627 0.379919 0.367512 0.354483 0.340909 0.326875 0.312465 0.297764 0.282861 0.267843 0.252796 0.237803 0.222947 0.208304 0.193947 0.179945 0.166359 0.153244 0.14065 0.128618 0.117183 0.106371 0.096203 0.0866928 0.0778475 0.0696686 0.0621524 0.0552906 0.0490713 0.0434795 0.0384981 0.0341087 0.0302922 0.0270298 0.0243037 0.0220977 0.0203975 0.0191916 0.0184716 
0.0196462 0.0199027 0.020674 0.0219655 0.0237861 0.0261478 0.0290654 0.0325557 0.0366373 0.0413295 0.0466519 0.0526234 0.0592614 0.0665808 0.0745935 0.0833071 0.0927244 0.102843 0.113654 0.125141 0.137282 0.150047 0.163399 0.177291 0.191672 0.206482 0.221655 0.237119 0.252796 0.268604 0.284458 0.300269 0.315946 0.331398 0.346535 0.361266 0.375503 0.389161 0.402157 0.414414 0.42586 0.436425 0.446048 0.454673 0.46225 0.468735 0.474092 0.47829 0.481305 0.483121 0.483728 0.483121 0.481305 0.47829 0.474092 0.468735 0.46225 0.454673 0.446048 0.436425 0.42586 0.414414 0.402157 0.389161 0.375503 0.361266 0.346535 0.331398 0.315946 0.300269 0.284458 0.268604 0.252796 0.237119 0.221655 0.206482 0.191672 0.177291 0.163399 0.150047 0.137282 0.125141 0.113654 0.102843 0.0927244 0.0833071 0.0745935 0.0665808 0.0592614 0.0526234 0.0466519 0.0413295 0.0366373 0.0325557 0.0290654 0.0261478 0.0237861 0.0219655 0.020674 0.0199027 
0.0210925 0.0213663 0.0221895 0.0235679 0.0255107 0.0280303 0.031142 0.0348632 0.0392131 0.0442117 0.049879 0.0562342 0.0632949 0.071076 0.079589 0.088841 0.0988338 0.109563 0.121019 0.133184 0.146032 0.15953 0.173637 0.188306 0.203479 0.219092 0.235076 0.251354 0.267843 0.284458 0.301107 0.317699 0.334138 0.350329 0.366178 0.381591 0.396476 0.410746 0.424316 0.437107 0.449043 0.460056 0.470081 0.479063 0.48695 0.493698 0.49927 0.503636 0.506771 0.508659 0.50929 0.508659 0.506771 0.503636 0.49927 0.493698 0.48695 0.479063 0.470081 0.460056 0.449043 0.437107 0.424316 0.410746 0.396476 0.381591 0.366178 0.350329 0.334138 0.317699 0.301107 0.284458 0.267843 0.251354 0.235076 0.219092 0.203479 0.188306 0.173637 0.15953 0.146032 0.133184 0.121019 0.109563 0.0988338 0.088841 0.079589 0.071076 0.0632949 0.0562342 0.049879 0.0442117 0.0392131 0.0348632 0.031142 0.0280303 0.0255107 0.0235679 0.0221895 0.0213663 
0.0225629 0.0228541 0.0237298 0.0251959 0.0272619 0.0299406 0.0332478 0.0372017 0.0418218 0.0471286 0.0531427 0.0598834 0.0673684 0.0756127 0.0846271 0.0944181 0.104986 0.116327 0.128427 0.141266 0.154817 0.169045 0.183903 0.199342 0.215299 0.231707 0.248492 0.265572 0.282861 0.300269 0.317699 0.335055 0.352239 0.369152 0.385694 0.40177 0.417285 0.432148 0.446274 0.45958 0.471989 0.483432 0.493845 0.503168 0.511352 0.518352 0.524131 0.528657 0.531906 0.533863 0.534516 0.533863 0.531906 0.528657 0.524131 0.518352 0.511352 0.503168 0.493845 0.483432 0.471989 0.45958 0.446274 0.432148 0.417285 0.40177 0.385694 0.369152 0.352239 0.335055 0.317699 0.300269 0.282861 0.265572 0.248492 0.231707 0.215299 0.199342 0.183903 0.169045 0.154817 0.141266 0.128427 0.116327 0.104986 0.0944181 0.0846271 0.0756127 0.0673684 0.0598834 0.0531427 0.0471286 0.0418218 0.0372017 0.0332478 0.0299406 0.0272619 0.0251959 0.0237298 0.0228541 
0.0240486 0.0243573 0.0252856 0.0268396 0.0290291 0.0318673 0.0353705 0.0395573 0.0444478 0.0500629 0.0564235 0.0635493 0.0714579 0.0801639 0.089678 0.100006 0.111146 0.123093 0.135832 0.149341 0.163589 0.178536 0.194137 0.210334 0.227064 0.244254 0.261825 0.279692 0.297764 0.315946 0.334138 0.352239 0.370147 0.387759 0.404974 0.421691 0.437813 0.453248 0.467908 0.481708 0.494571 0.506426 0.517207 0.526857 0.535324 0.542563 0.548537 0.553215 0.556574 0.558595 0.559271 0.558595 0.556574 0.553215 0.548537 0.542563 0.535324 0.526857 0.517207 0.506426 0.494571 0.481708 0.467908 0.453248 0.437813 0.421691 0.404974 0.387759 0.370147 0.352239 0.334138 0.315946 0.297764 0.279692 0.261825 0.244254 0.227064 0.210334 0.194137 0.178536 0.163589 0.149341 0.135832 0.123093 0.111146 0.100006 0.089678 0.0801639 0.0714579 0.0635493 0.0564235 0.0500629 0.0444478 0.0395573 0.0353705 0.0318673 0.0290291 0.0268396 0.0252856 0.0243573 
0.0255401 0.0258663 0.026847 0.0284886 0.0308011 0.0337981 0.0374965 0.041915 0.0470745 0.0529961 0.059701 0.067209 0.0755378 0.0847016 0.0947104 0.105569 0.117275 0.129821 0.143191 0.157358 0.172292 0.187948 0.204277 0.221218 0.238704 0.256658 0.274997 0.293631 0.312465 0.331398 0.350329 0.369152 0.387759 0.406046 0.423907 0.44124 0.457945 0.473928 0.489097 0.503368 0.516663 0.528909 0.54004 0.549999 0.558733 0.566198 0.572357 0.577179 0.580639 0.582722 0.583418 0.582722 0.580639 0.577179 0.572357 0.566198 0.558733 0.549999 0.54004 0.528909 0.516663 0.503368 0.489097 0.473928 0.457945 0.44124 0.423907 0.406046 0.387759 0.369152 0.350329 0.331398 0.312465 0.293631 0.274997 0.256658 0.238704 0.221218 0.204277 0.187948 0.172292 0.157358 0.143191 0.129821 0.117275 0.105569 0.0947104 0.0847016 0.0755378 0.067209 0.059701 0.0529961 0.0470745 0.041915 0.0374965 0.0337981 0.0308011 0.0284886 0.026847 0.0258663 
0.0270273 0.0273708 0.0284035 0.0301318 0.032566 0.0357203 0.0396116 0.0442594 0.0496846 0.0559089 0.0629537 0.0708388 0.0795817 0.0891963 0.099692 0.111072 0.123335 0.136468 0.150456 0.165269 0.180872 0.197221 0.21426 0.231927 0.250148 0.268844 0.287928 0.307305 0.326875 0.346535 0.366178 0.385694 0.404974 0.423907 0.442387 0.460308 0.477569 0.494071 0.509724 0.524442 0.538144 0.550759 0.562221 0.57247 0.581455 0.589132 0.595463 0.600419 0.603975 0.606116 0.60683 0.606116 0.603975 0.600419 0.595463 0.589132 0.581455 0.57247 0.562221 0.550759 0.538144 0.524442 0.509724 0.494071 0.477569 0.460308 0.442387 0.423907 0.404974 0.385694 0.366178 0.346535 0.326875 0.307305 0.287928 0.268844 0.250148 0.231927 0.21426 0.197221 0.180872 0.165269 0.150456 0.136468 0.123335 0.111072 0.099692 0.0891963 0.0795817 0.0708388 0.0629537 0.0559089 0.0496846 0.0442594 0.0396116 0.0357203 0.032566 0.0301318 0.0284035 0.0273708 
0.0284998 0.0288603 0.029944 0.0317576 0.0343115 0.0376203 0.0417012 0.046574 0.0522602 0.0587815 0.0661594 0.074414 0.0835624 0.0936181 0.10459 0.11648 0.129284 0.142991 0.15758 0.173021 0.189276 0.206297 0.224024 0.242393 0.261325 0.280738 0.30054 0.320631 0.340909 0.361266 0.381591 0.40177 0.421691 0.44124 0.460308 0.478787 0.496573 0.513567 0.529676 0.544813 0.558899 0.57186 0.583629 0.59415 0.603369 0.611243 0.617735 0.622815 0.62646 0.628653 0.629386 0.628653 0.62646 0.622815 0.617735 0.611243 0.603369 0.59415 0.583629 0.57186 0.558899 0.544813 0.529676 0.513567 0.496573 0.478787 0.460308 0.44124 0.421691 0.40177 0.381591 0.361266 0.340909 0.320631 0.30054 0.280738 0.261325 0.242393 0.224024 0.206297 0.189276 0.173021 0.15758 0.142991 0.129284 0.11648 0.10459 0.0936181 0.0835624 0.074414 0.0661594 0.0587815 0.0522602 0.046574 0.0417012 0.0376203 0.0343115 0.0317576 0.029944 0.0288603 
0.0299465 0.0303236 0.0314572 0.033354 0.0360248 0.0394843 0.0437501 0.0488424 0.0547828 0.0615933 0.0692956 0.0779096 0.0874521 0.0979363 0.10937 0.121754 0.135084 0.149346 0.164517 0.180564 0.197448 0.215116 0.233507 0.25255 0.272165 0.292265 0.312754 0.333529 0.354483 0.375503 0.396476 0.417285 0.437813 0.457945 0.477569 0.496573 0.514852 0.532307 0.548843 0.564373 0.578816 0.592098 0.604154 0.614925 0.624361 0.632417 0.639057 0.644252 0.647979 0.650221 0.65097 0.650221 0.647979 0.644252 0.639057 0.632417 0.624361 0.614925 0.604154 0.592098 0.578816 0.564373 0.548843 0.532307 0.514852 0.496573 0.477569 0.457945 0.437813 0.417285 0.396476 0.375503 0.354483 0.333529 0.312754 0.292265 0.272165 0.25255 0.233507 0.215116 0.197448 0.180564 0.164517 0.149346 0.135084 0.121754 0.10937 0.0979363 0.0874521 0.0779096 0.0692956 0.0615933 0.0547828 0.0488424 0.0437501 0.0394843 0.0360248 0.033354 0.0314572 0.0303236 
0.0313565 0.0317497 0.0329316 0.034909 0.0376929 0.0412983 0.0457431 0.0510476 0.0572338 0.0643239 0.0723395 0.0813003 0.0912232 0.10212 0.113999 0.126859 0.140695 0.155489 0.171218 0.187848 0.205334 0.223621 0.242645 0.262332 0.282599 0.303353 0.324495 0.345918 0.367512 0.389161 0.410746 0.432148 0.453248 0.473928 0.494071 0.513567 0.532307 0.550192 0.567125 0.583018 0.597791 0.61137 0.62369 0.634692 0.644327 0.65255 0.659325 0.664625 0.668426 0.670713 0.671476 0.670713 0.668426 0.664625 0.659325 0.65255 0.644327 0.634692 0.62369 0.61137 0.597791 0.583018 0.567125 0.550192 0.532307 0.513567 0.494071 0.473928 0.453248 0.432148 0.410746 0.389161 0.367512 0.345918 0.324495 0.303353 0.282599 0.262332 0.242645 0.223621 0.205334 0.187848 0.171218 0.155489 0.140695 0.126859 0.113999 0.10212 0.0912232 0.0813003 0.0723395 0.0643239 0.0572338 0.0510476 0.0457431 0.0412983 0.0376929 0.034909 0.0329316 0.0317497 
0.0327184 0.0331271 0.0343553 0.0364101 0.0393027 0.0430481 0.0476646 0.0531728 0.0595946 0.0669526 0.0752683 0.0845613 0.0948479 0.10614 0.118444 0.131758 0.146076 0.161378 0.177639 0.194822 0.21288 0.231755 0.25138 0.271677 0.292559 0.313931 0.335689 0.357723 0.379919 0.402157 0.424316 0.446274 0.467908 0.489097 0.509724 0.529676 0.548843 0.567125 0.584423 0.600652 0.615728 0.629579 0.64214 0.653353 0.663168 0.671543 0.678442 0.683837 0.687705 0.690032 0.690809 0.690032 0.687705 0.683837 0.678442 0.671543 0.663168 0.653353 0.64214 0.629579 0.615728 0.600652 0.584423 0.567125 0.548843 0.529676 0.509724 0.489097 0.467908 0.446274 0.424316 0.402157 0.379919 0.357723 0.335689 0.313931 0.292559 0.271677 0.25138 0.231755 0.21288 0.194822 0.177639 0.161378 0.146076 0.131758 0.118444 0.10614 0.0948479 0.0845613 0.0752683 0.0669526 0.0595946 0.0531728 0.0476646 0.0430481 0.0393027 0.0364101 0.0343553 0.0331271 
0.0340212 0.0344445 0.0357168 0.0378453 0.0408412 0.0447197 0.0494995 0.0552011 0.0618469 0.0694592 0.0780597 0.0876677 0.0982991 0.109965 0.122671 0.136416 0.151189 0.166971 0.183733 0.201438 0.220034 0.239463 0.259652 0.280522 0.301981 0.323932 0.346266 0.36887 0.391627 0.414414 0.437107 0.45958 0.481708 0.503368 0.524442 0.544813 0.564373 0.583018 0.600652 0.617185 0.632538 0.646636 0.659416 0.670819 0.680798 0.689309 0.696319 0.701799 0.705728 0.708092 0.70888 0.708092 0.705728 0.701799 0.696319 0.689309 0.680798 0.670819 0.659416 0.646636 0.632538 0.617185 0.600652 0.583018 0.564373 0.544813 0.524442 0.503368 0.481708 0.45958 0.437107 0.414414 0.391627 0.36887 0.346266 0.323932 0.301981 0.280522 0.259652 0.239463 0.220034 0.201438 0.183733 0.166971 0.151189 0.136416 0.122671 0.109965 0.0982991 0.0876677 0.0780597 0.0694592 0.0618469 0.0552011 0.0494995 0.0447197 0.0408412 0.0378453 0.0357168 0.0344445 
0.0352537 0.0356909 0.0370048 0.0392025 0.0422956 0.0462995 0.0512328 0.0571164 0.0639726 0.071824 0.0806919 0.0905956 0.101551 0.113567 0.126651 0.140798 0.155997 0.172227 0.189459 0.20765 0.226749 0.246693 0.267407 0.288809 0.310805 0.333291 0.356159 0.379291 0.402566 0.42586 0.449043 0.471989 0.494571 0.516663 0.538144 0.558899 0.578816 0.597791 0.615728 0.632538 0.648139 0.66246 0.675436 0.687011 0.697135 0.705769 0.712877 0.718433 0.722416 0.724812 0.725611 0.724812 0.722416 0.718433 0.712877 0.705769 0.697135 0.687011 0.675436 0.66246 0.648139 0.632538 0.615728 0.597791 0.578816 0.558899 0.538144 0.516663 0.494571 0.471989 0.449043 0.42586 0.402566 0.379291 0.356159 0.333291 0.310805 0.288809 0.267407 0.246693 0.226749 0.20765 0.189459 0.172227 0.155997 0.140798 0.126651 0.113567 0.101551 0.0905956 0.0806919 0.071824 0.0639726 0.0571164 0.0512328 0.0462995 0.0422956 0.0392025 0.0370048 0.0356909 
