0.000102203 0.000105199 0.000114288 0.000129776 0.000152172 0.00018219 0.000220748 0.00026897 0.000328179 0.000399897 0.000485832 0.000587875 0.000708075 0.000848624 0.00101182 0.00120006 0.00141576 0.00166133 0.00193912 0.00225137 0.00260013 0.00298718 0.00341399 0.00388165 0.00439074 0.00494136 0.00553298 0.00616443 0.00683387 0.00753873 0.00827569 0.00904072 0.00982904 0.0106352 0.0114531 0.0122761 0.013097 0.0139083 0.0147021 0.0154704 0.0162052 0.0168986 0.0175428 0.0181306 0.0186551 0.0191101 0.0194902 0.0197908 0.0200082 0.0201398 0.0201838 0.0201398 0.0200082 0.0197908 0.0194902 0.0191101 0.0186551 0.0181306 0.0175428 0.0168986 0.0162052 0.0154704 0.0147021 0.0139083 0.013097 0.0122761 0.0114531 0.0106352 0.00982904 0.00904072 0.00827569 0.00753873 0.00683387 0.00616443 0.00553298 0.00494136 0.00439074 0.00388165 0.00341399 0.00298718 0.00260013 0.00225137 0.00193912 0.00166133 0.00141576 0.00120006 0.00101182 0.000848624 0.000708075 0.000587875 0.000485832 0.000399897 0.000328179 0.00026897 0.000220748 0.00018219 0.000152172 0.000129776 0.000114288 0.000105199 
0.000105199 0.000108277 0.000117615 0.000133526 0.000156532 0.000187364 0.000226961 0.000276473 0.000337255 0.000410862 0.000499043 0.00060373 0.000727016 0.00087114 0.00103845 0.00123139 0.00145242 0.001704 0.00198853 0.00230828 0.00266533 0.0030615 0.00349827 0.00397672 0.00449747 0.00506056 0.00566545 0.00631094 0.00699512 0.00771536 0.00846826 0.00924969 0.0100548 0.0108779 0.0117129 0.012553 0.0133908 0.0142187 0.0150286 0.0158124 0.016562 0.0172692 0.0179262 0.0185256 0.0190605 0.0195244 0.019912 0.0202185 0.0204401 0.0205742 0.0206191 0.0205742 0.0204401 0.0202185 0.019912 0.0195244 0.0190605 0.0185256 0.0179262 0.0172692 0.016562 0.0158124 0.0150286 0.0142187 0.0133908 0.012553 0.0117129 0.0108779 0.0100548 0.00924969 0.00846826 0.00771536 0.00699512 0.00631094 0.00566545 0.00506056 0.00449747 0.00397672 0.00349827 0.0030615 0.00266533 0.00230828 0.00198853 0.001704 0.00145242 0.00123139 0.00103845 0.00087114 0.000727016 0.00060373 0.000499043 0.000410862 0.000337255 0.000276473 0.000226961 0.000187364 0.000156532 0.000133526 0.000117615 0.000108277 
0.000114288 0.000117615 0.000127708 0.000144902 0.000169755 0.000203051 0.000245794 0.000299214 0.000364757 0.000444086 0.000539065 0.000651752 0.000784377 0.000939318 0.00111907 0.00132622 0.00156338 0.00183314 0.00213804 0.00248045 0.00286256 0.00328627 0.0037531 0.00426417 0.00482007 0.00542082 0.00606578 0.00675362 0.00748229 0.00824892 0.00904989 0.00988078 0.0107364 0.0116108 0.0124973 0.0133889 0.0142776 0.0151555 0.016014 0.0168445 0.0176385 0.0183874 0.019083 0.0197174 0.0202833 0.0207742 0.0211842 0.0215083 0.0217427 0.0218845 0.021932 0.0218845 0.0217427 0.0215083 0.0211842 0.0207742 0.0202833 0.0197174 0.019083 0.0183874 0.0176385 0.0168445 0.016014 0.0151555 0.0142776 0.0133889 0.0124973 0.0116108 0.0107364 0.00988078 0.00904989 0.00824892 0.00748229 0.00675362 0.00606578 0.00542082 0.00482007 0.00426417 0.0037531 0.00328627 0.00286256 0.00248045 0.00213804 0.00183314 0.00156338 0.00132622 0.00111907 0.000939318 0.000784377 0.000651752 0.000539065 0.000444086 0.000364757 0.000299214 0.000245794 0.000203051 0.000169755 0.000144902 0.000127708 0.000117615 
0.000129776 0.000133526 0.000144902 0.000164276 0.000192268 0.000229748 0.000277834 0.000337888 0.000411514 0.000500551 0.000607061 0.000733315 0.00088177 0.00105504 0.00125588 0.00148709 0.00175155 0.00205208 0.00239142 0.00277215 0.00319662 0.00366685 0.00418447 0.00475061 0.00536585 0.00603013 0.00674266 0.00750192 0.00830555 0.00915037 0.0100323 0.0109465 0.0118871 0.0128477 0.013821 0.0147991 0.0157735 0.0167354 0.0176755 0.0185846 0.0194532 0.0202721 0.0210323 0.0217255 0.0223437 0.0228797 0.0233272 0.023681 0.0239368 0.0240916 0.0241434 0.0240916 0.0239368 0.023681 0.0233272 0.0228797 0.0223437 0.0217255 0.0210323 0.0202721 0.0194532 0.0185846 0.0176755 0.0167354 0.0157735 0.0147991 0.013821 0.0128477 0.0118871 0.0109465 0.0100323 0.00915037 0.00830555 0.00750192 0.00674266 0.00603013 0.00536585 0.00475061 0.00418447 0.00366685 0.00319662 0.00277215 0.00239142 0.00205208 0.00175155 0.00148709 0.00125588 0.00105504 0.00088177 0.000733315 0.000607061 0.000500551 0.000411514 0.000337888 0.000277834 0.000229748 0.000192268 0.000164276 0.000144902 0.000133526 
0.000152172 0.000156532 0.000169755 0.000192268 0.00022478 0.000268284 0.000324058 0.000393654 0.000478902 0.000581892 0.000704967 0.000850701 0.00102187 0.00122144 0.00145249 0.00171819 0.00202175 0.00236631 0.00275493 0.00319046 0.00367546 0.00421215 0.00480226 0.00544697 0.00614683 0.00690165 0.00771045 0.00857138 0.0094817 0.0104377 0.0114347 0.0124672 0.0135286 0.0146116 0.015708 0.0168088 0.0179047 0.0189857 0.0200415 0.0210617 0.0220359 0.0229539 0.0238057 0.024582 0.025274 0.0258739 0.0263746 0.0267703 0.0270564 0.0272294 0.0272873 0.0272294 0.0270564 0.0267703 0.0263746 0.0258739 0.025274 0.024582 0.0238057 0.0229539 0.0220359 0.0210617 0.0200415 0.0189857 0.0179047 0.0168088 0.015708 0.0146116 0.0135286 0.0124672 0.0114347 0.0104377 0.0094817 0.00857138 0.00771045 0.00690165 0.00614683 0.00544697 0.00480226 0.00421215 0.00367546 0.00319046 0.00275493 0.00236631 0.00202175 0.00171819 0.00145249 0.00122144 0.00102187 0.000850701 0.000704967 0.000581892 0.000478902 0.000393654 0.000324058 0.000268284 0.00022478 0.000192268 0.000169755 0.000156532 
0.00018219 0.000187364 0.000203051 0.000229748 0.000268284 0.000319817 0.000385829 0.00046813 0.000568841 0.000690386 0.000835477 0.00100708 0.00120841 0.00144286 0.00171397 0.00202535 0.00238066 0.00278348 0.00323724 0.00374515 0.00431007 0.00493443 0.0056201 0.00636832 0.00717958 0.00805351 0.00898886 0.00998337 0.0110337 0.0121356 0.0132836 0.0144711 0.0156907 0.0169339 0.0181912 0.0194525 0.0207071 0.0219436 0.0231503 0.0243156 0.0254276 0.0264748 0.0274459 0.0283305 0.0291187 0.0298016 0.0303715 0.0308218 0.0311473 0.0313441 0.0314099 0.0313441 0.0311473 0.0308218 0.0303715 0.0298016 0.0291187 0.0283305 0.0274459 0.0264748 0.0254276 0.0243156 0.0231503 0.0219436 0.0207071 0.0194525 0.0181912 0.0169339 0.0156907 0.0144711 0.0132836 0.0121356 0.0110337 0.00998337 0.00898886 0.00805351 0.00717958 0.00636832 0.0056201 0.00493443 0.00431007 0.00374515 0.00323724 0.00278348 0.00238066 0.00202535 0.00171397 0.00144286 0.00120841 0.00100708 0.000835477 0.000690386 0.000568841 0.00046813 0.000385829 0.000319817 0.000268284 0.000229748 0.000203051 0.000187364 
0.000220748 0.000226961 0.000245794 0.000277834 0.000324058 0.000385829 0.000464897 0.000563386 0.000683788 0.000828946 0.00100203 0.00120652 0.00144614 0.00172484 0.00204672 0.00241597 0.00283678 0.00331327 0.00384934 0.00444863 0.00511435 0.0058492 0.00665521 0.00753366 0.00848495 0.0095085 0.0106027 0.0117647 0.0129906 0.0142751 0.0156119 0.0169932 0.0184104 0.0198535 0.0213115 0.0227729 0.0242252 0.0256553 0.0270499 0.0283955 0.0296787 0.0308863 0.0320056 0.0330246 0.0339321 0.0347182 0.0353739 0.0358918 0.0362661 0.0364924 0.0365681 0.0364924 0.0362661 0.0358918 0.0353739 0.0347182 0.0339321 0.0330246 0.0320056 0.0308863 0.0296787 0.0283955 0.0270499 0.0256553 0.0242252 0.0227729 0.0213115 0.0198535 0.0184104 0.0169932 0.0156119 0.0142751 0.0129906 0.0117647 0.0106027 0.0095085 0.00848495 0.00753366 0.00665521 0.0058492 0.00511435 0.00444863 0.00384934 0.00331327 0.00283678 0.00241597 0.00204672 0.00172484 0.00144614 0.00120652 0.00100203 0.000828946 0.000683788 0.000563386 0.000464897 0.000385829 0.000324058 0.000277834 0.000245794 0.000226961 
0.00026897 0.000276473 0.000299214 0.000337888 0.000393654 0.00046813 0.000563386 0.000681935 0.00082672 0.0010011 0.00120879 0.00145389 0.00174077 0.00207404 0.00245847 0.00289895 0.00340031 0.00396729 0.00460438 0.0053157 0.0061049 0.00697495 0.00792807 0.00896557 0.0100877 0.0112937 0.0125813 0.0139471 0.0153862 0.0168926 0.0184584 0.0200747 0.0217312 0.0234161 0.025117 0.02682 0.0285109 0.0301745 0.0317956 0.0333585 0.0348478 0.0362485 0.037546 0.0387265 0.0397774 0.0406873 0.041446 0.0420451 0.042478 0.0427397 0.0428273 0.0427397 0.042478 0.0420451 0.041446 0.0406873 0.0397774 0.0387265 0.037546 0.0362485 0.0348478 0.0333585 0.0317956 0.0301745 0.0285109 0.02682 0.025117 0.0234161 0.0217312 0.0200747 0.0184584 0.0168926 0.0153862 0.0139471 0.0125813 0.0112937 0.0100877 0.00896557 0.00792807 0.00697495 0.0061049 0.0053157 0.00460438 0.00396729 0.00340031 0.00289895 0.00245847 0.00207404 0.00174077 0.00145389 0.00120879 0.0010011 0.00082672 0.000681935 0.000563386 0.00046813 0.000393654 0.000337888 0.000299214 0.000276473 
0.000328179 0.000337255 0.000364757 0.000411514 0.000478902 0.000568841 0.000683788 0.00082672 0.00100112 0.00121095 0.00146062 0.00175491 0.00209898 0.00249821 0.0029582 0.00348459 0.00408302 0.00475894 0.00551751 0.00636343 0.00730079 0.0083329 0.00946217 0.0106899 0.0120162 0.0134398 0.014958 0.0165664 0.0182594 0.0200293 0.0218671 0.023762 0.0257019 0.0276732 0.0296611 0.0316497 0.0336222 0.0355613 0.0374492 0.039268 0.0409999 0.0426276 0.0441345 0.0455048 0.0467241 0.0477792 0.0486588 0.0493532 0.0498548 0.050158 0.0502594 0.050158 0.0498548 0.0493532 0.0486588 0.0477792 0.0467241 0.0455048 0.0441345 0.0426276 0.0409999 0.039268 0.0374492 0.0355613 0.0336222 0.0316497 0.0296611 0.0276732 0.0257019 0.023762 0.0218671 0.0200293 0.0182594 0.0165664 0.014958 0.0134398 0.0120162 0.0106899 0.00946217 0.0083329 0.00730079 0.00636343 0.00551751 0.00475894 0.00408302 0.00348459 0.0029582 0.00249821 0.00209898 0.00175491 0.00146062 0.00121095 0.00100112 0.00082672 0.000683788 0.000568841 0.000478902 0.000411514 0.000364757 0.000337255 
0.000399897 0.000410862 0.000444086 0.000500551 0.000581892 0.000690386 0.000828946 0.0010011 0.00121095 0.00146319 0.00176301 0.00211603 0.00252828 0.0030061 0.00355597 0.00418449 0.00489815 0.00570325 0.0066057 0.00761083 0.00872325 0.00994662 0.0112835 0.0127352 0.0143016 0.0159808 0.0177695 0.0196623 0.0216522 0.0237303 0.0258856 0.0281055 0.0303757 0.0326802 0.0350019 0.0373221 0.0396214 0.0418798 0.0440768 0.0461916 0.0482041 0.0500941 0.0518428 0.0534322 0.0548456 0.0560683 0.0570872 0.0578914 0.0584721 0.0588231 0.0589405 0.0588231 0.0584721 0.0578914 0.0570872 0.0560683 0.0548456 0.0534322 0.0518428 0.0500941 0.0482041 0.0461916 0.0440768 0.0418798 0.0396214 0.0373221 0.0350019 0.0326802 0.0303757 0.0281055 0.0258856 0.0237303 0.0216522 0.0196623 0.0177695 0.0159808 0.0143016 0.0127352 0.0112835 0.00994662 0.00872325 0.00761083 0.0066057 0.00570325 0.00489815 0.00418449 0.00355597 0.0030061 0.00252828 0.00211603 0.00176301 0.00146319 0.00121095 0.0010011 0.000828946 0.000690386 0.000581892 0.000500551 0.000444086 0.000410862 
0.000485832 0.000499043 0.000539065 0.000607061 0.000704967 0.000835477 0.00100203 0.00120879 0.00146062 0.00176301 0.00212205 0.00254436 0.003037 0.00360731 0.00426288 0.00501133 0.00586017 0.00681662 0.00788741 0.0090786 0.0103953 0.0118416 0.0134202 0.0151323 0.0169774 0.018953 0.021055 0.0232767 0.0256097 0.0280432 0.0305644 0.0331583 0.0358082 0.0384953 0.0411997 0.0438998 0.0465732 0.0491966 0.0517465 0.0541992 0.0565314 0.0587203 0.0607443 0.0625828 0.064217 0.0656301 0.0668072 0.0677359 0.0684065 0.0688117 0.0689472 0.0688117 0.0684065 0.0677359 0.0668072 0.0656301 0.064217 0.0625828 0.0607443 0.0587203 0.0565314 0.0541992 0.0517465 0.0491966 0.0465732 0.0438998 0.0411997 0.0384953 0.0358082 0.0331583 0.0305644 0.0280432 0.0256097 0.0232767 0.021055 0.018953 0.0169774 0.0151323 0.0134202 0.0118416 0.0103953 0.0090786 0.00788741 0.00681662 0.00586017 0.00501133 0.00426288 0.00360731 0.003037 0.00254436 0.00212205 0.00176301 0.00146062 0.00120879 0.00100203 0.000835477 0.000704967 0.000607061 0.000539065 0.000499043 
0.000587875 0.00060373 0.000651752 0.000733315 0.000850701 0.00100708 0.00120652 0.00145389 0.00175491 0.00211603 0.00254436 0.00304765 0.00363409 0.00431224 0.00509087 0.00597877 0.00698458 0.00811655 0.00938232 0.0107887 0.0123414 0.0140449 0.0159019 0.0179136 0.0200788 0.0223945 0.0248553 0.0274534 0.0301783 0.0330174 0.0359554 0.0389749 0.0420562 0.0451776 0.0483159 0.0514461 0.0545424 0.0575782 0.0605264 0.06336 0.0660523 0.0685776 0.070911 0.0730294 0.0749115 0.0765382 0.0778928 0.0789612 0.0797325 0.0801985 0.0803543 0.0801985 0.0797325 0.0789612 0.0778928 0.0765382 0.0749115 0.0730294 0.070911 0.0685776 0.0660523 0.06336 0.0605264 0.0575782 0.0545424 0.0514461 0.0483159 0.0451776 0.0420562 0.0389749 0.0359554 0.0330174 0.0301783 0.0274534 0.0248553 0.0223945 0.0200788 0.0179136 0.0159019 0.0140449 0.0123414 0.0107887 0.00938232 0.00811655 0.00698458 0.00597877 0.00509087 0.00431224 0.00363409 0.00304765 0.00254436 0.00211603 0.00175491 0.00145389 0.00120652 0.00100708 0.000850701 0.000733315 0.000651752 0.00060373 
0.000708075 0.000727016 0.000784377 0.00088177 0.00102187 0.00120841 0.00144614 0.00174077 0.00209898 0.00252828 0.003037 0.00363409 0.00432907 0.00513184 0.0060525 0.00710115 0.00828764 0.00962137 0.011111 0.012764 0.0145869 0.0165843 0.0187591 0.0211121 0.0236417 0.0263439 0.0292119 0.0322363 0.0354047 0.038702 0.0421103 0.0456093 0.049176 0.0527853 0.0564103 0.0600225 0.0635922 0.0670889 0.0704819 0.0737403 0.0768339 0.0797334 0.082411 0.0848405 0.0869979 0.0888617 0.0904131 0.0916365 0.0925194 0.0930527 0.0932311 0.0930527 0.0925194 0.0916365 0.0904131 0.0888617 0.0869979 0.0848405 0.082411 0.0797334 0.0768339 0.0737403 0.0704819 0.0670889 0.0635922 0.0600225 0.0564103 0.0527853 0.049176 0.0456093 0.0421103 0.038702 0.0354047 0.0322363 0.0292119 0.0263439 0.0236417 0.0211121 0.0187591 0.0165843 0.0145869 0.012764 0.011111 0.00962137 0.00828764 0.00710115 0.0060525 0.00513184 0.00432907 0.00363409 0.003037 0.00252828 0.00209898 0.00174077 0.00144614 0.00120841 0.00102187 0.00088177 0.000784377 0.000727016 
0.000848624 0.00087114 0.000939318 0.00105504 0.00122144 0.00144286 0.00172484 0.00207404 0.00249821 0.0030061 0.00360731 0.00431224 0.00513184 0.0060775 0.00716079 0.00839324 0.00978606 0.0113498 0.0130943 0.0150278 0.0171574 0.019488 0.0220224 0.0247612 0.027702 0.0308396 0.0341657 0.0376689 0.0413346 0.045145 0.0490792 0.0531134 0.0572211 0.0613735 0.0655396 0.0696868 0.0737813 0.0777883 0.081673 0.0854005 0.0889368 0.092249 0.0953056 0.0980773 0.100537 0.102662 0.104429 0.105822 0.106828 0.107435 0.107638 0.107435 0.106828 0.105822 0.104429 0.102662 0.100537 0.0980773 0.0953056 0.092249 0.0889368 0.0854005 0.081673 0.0777883 0.0737813 0.0696868 0.0655396 0.0613735 0.0572211 0.0531134 0.0490792 0.045145 0.0413346 0.0376689 0.0341657 0.0308396 0.027702 0.0247612 0.0220224 0.019488 0.0171574 0.0150278 0.0130943 0.0113498 0.00978606 0.00839324 0.00716079 0.0060775 0.00513184 0.00431224 0.00360731 0.0030061 0.00249821 0.00207404 0.00172484 0.00144286 0.00122144 0.00105504 0.000939318 0.00087114 
0.00101182 0.00103845 0.00111907 0.00125588 0.00145249 0.00171397 0.00204672 0.00245847 0.0029582 0.00355597 0.00426288 0.00509087 0.0060525 0.00716079 0.00842894 0.00987 0.0114967 0.0133208 0.0153532 0.0176032 0.0200782 0.0227835 0.0257219 0.0288933 0.0322943 0.0359185 0.0397557 0.0437924 0.0480112 0.0523913 0.0569085 0.0615352 0.0662409 0.0709926 0.0757549 0.0804907 0.0851616 0.0897285 0.094152 0.0983929 0.102413 0.106176 0.109646 0.11279 0.11558 0.117987 0.11999 0.121568 0.122706 0.123394 0.123624 0.123394 0.122706 0.121568 0.11999 0.117987 0.11558 0.11279 0.109646 0.106176 0.102413 0.0983929 0.094152 0.0897285 0.0851616 0.0804907 0.0757549 0.0709926 0.0662409 0.0615352 0.0569085 0.0523913 0.0480112 0.0437924 0.0397557 0.0359185 0.0322943 0.0288933 0.0257219 0.0227835 0.0200782 0.0176032 0.0153532 0.0133208 0.0114967 0.00987 0.00842894 0.00716079 0.0060525 0.00509087 0.00426288 0.00355597 0.0029582 0.00245847 0.00204672 0.00171397 0.00145249 0.00125588 0.00111907 0.00103845 
0.00120006 0.00123139 0.00132622 0.00148709 0.00171819 0.00202535 0.00241597 0.00289895 0.00348459 0.00418449 0.00501133 0.00597877 0.00710115 0.00839324 0.00987 0.0115462 0.0134359 0.0155526 0.0179081 0.0205125 0.0233738 0.0264976 0.0298862 0.0335389 0.0374513 0.0416151 0.0460183 0.0506446 0.0554738 0.0604816 0.0656399 0.0709171 0.0762782 0.0816857 0.0870994 0.0924773 0.0977761 0.102952 0.107961 0.112758 0.117303 0.121553 0.125469 0.129017 0.132162 0.134875 0.137131 0.138908 0.140189 0.140963 0.141222 0.140963 0.140189 0.138908 0.137131 0.134875 0.132162 0.129017 0.125469 0.121553 0.117303 0.112758 0.107961 0.102952 0.0977761 0.0924773 0.0870994 0.0816857 0.0762782 0.0709171 0.0656399 0.0604816 0.0554738 0.0506446 0.0460183 0.0416151 0.0374513 0.0335389 0.0298862 0.0264976 0.0233738 0.0205125 0.0179081 0.0155526 0.0134359 0.0115462 0.00987 0.00839324 0.00710115 0.00597877 0.00501133 0.00418449 0.00348459 0.00289895 0.00241597 0.00202535 0.00171819 0.00148709 0.00132622 0.00123139 
0.00141576 0.00145242 0.00156338 0.00175155 0.00202175 0.00238066 0.00283678 0.00340031 0.00408302 0.00489815 0.00586017 0.00698458 0.00828764 0.00978606 0.0114967 0.0134359 0.0156198 0.0180628 0.0207781 0.0237768 0.0270671 0.0306547 0.0345415 0.038726 0.0432023 0.0479603 0.0529855 0.0582587 0.0637562 0.0694501 0.075308 0.0812938 0.0873677 0.0934871 0.0996067 0.105679 0.111656 0.117489 0.123128 0.128524 0.133632 0.138404 0.1428 0.146778 0.150303 0.153342 0.155868 0.157857 0.159292 0.160157 0.160447 0.160157 0.159292 0.157857 0.155868 0.153342 0.150303 0.146778 0.1428 0.138404 0.133632 0.128524 0.123128 0.117489 0.111656 0.105679 0.0996067 0.0934871 0.0873677 0.0812938 0.075308 0.0694501 0.0637562 0.0582587 0.0529855 0.0479603 0.0432023 0.038726 0.0345415 0.0306547 0.0270671 0.0237768 0.0207781 0.0180628 0.0156198 0.0134359 0.0114967 0.00978606 0.00828764 0.00698458 0.00586017 0.00489815 0.00408302 0.00340031 0.00283678 0.00238066 0.00202175 0.00175155 0.00156338 0.00145242 
0.00166133 0.001704 0.00183314 0.00205208 0.00236631 0.00278348 0.00331327 0.00396729 0.00475894 0.00570325 0.00681662 0.00811655 0.00962137 0.0113498 0.0133208 0.0155526 0.0180628 0.0208676 0.0239811 0.0274151 0.0311785 0.0352766 0.039711 0.0444788 0.0495725 0.05498 0.0606837 0.0666613 0.0728855 0.0793237 0.0859393 0.092691 0.099534 0.10642 0.113299 0.120117 0.12682 0.133355 0.139667 0.145702 0.151409 0.156737 0.161641 0.166076 0.170003 0.173388 0.1762 0.178414 0.180009 0.180972 0.181294 0.180972 0.180009 0.178414 0.1762 0.173388 0.170003 0.166076 0.161641 0.156737 0.151409 0.145702 0.139667 0.133355 0.12682 0.120117 0.113299 0.10642 0.099534 0.092691 0.0859393 0.0793237 0.0728855 0.0666613 0.0606837 0.05498 0.0495725 0.0444788 0.039711 0.0352766 0.0311785 0.0274151 0.0239811 0.0208676 0.0180628 0.0155526 0.0133208 0.0113498 0.00962137 0.00811655 0.00681662 0.00570325 0.00475894 0.00396729 0.00331327 0.00278348 0.00236631 0.00205208 0.00183314 0.001704 
0.00193912 0.00198853 0.00213804 0.00239142 0.00275493 0.00323724 0.00384934 0.00460438 0.00551751 0.0066057 0.00788741 0.00938232 0.011111 0.0130943 0.0153532 0.0179081 0.0207781 0.0239811 0.0275321 0.0314439 0.0357253 0.0403817 0.0454136 0.0508168 0.0565819 0.0626941 0.0691328 0.0758721 0.0828801 0.0901201 0.0975501 0.105123 0.11279 0.120495 0.128183 0.135795 0.143271 0.150551 0.157575 0.164285 0.170624 0.176539 0.181977 0.186893 0.191243 0.19499 0.198102 0.20055 0.202315 0.203379 0.203735 0.203379 0.202315 0.20055 0.198102 0.19499 0.191243 0.186893 0.181977 0.176539 0.170624 0.164285 0.157575 0.150551 0.143271 0.135795 0.128183 0.120495 0.11279 0.105123 0.0975501 0.0901201 0.0828801 0.0758721 0.0691328 0.0626941 0.0565819 0.0508168 0.0454136 0.0403817 0.0357253 0.0314439 0.0275321 0.0239811 0.0207781 0.0179081 0.0153532 0.0130943 0.011111 0.00938232 0.00788741 0.0066057 0.00551751 0.00460438 0.00384934 0.00323724 0.00275493 0.00239142 0.00213804 0.00198853 
0.00225137 0.00230828 0.00248045 0.00277215 0.00319046 0.00374515 0.00444863 0.0053157 0.00636343 0.00761083 0.0090786 0.0107887 0.012764 0.0150278 0.0176032 0.0205125 0.0237768 0.0274151 0.0314439 0.0358762 0.0407213 0.0459838 0.0516632 0.0577539 0.0642439 0.0711156 0.0783449 0.0859016 0.0937495 0.101847 0.110145 0.118594 0.127135 0.135709 0.144254 0.152704 0.160994 0.169057 0.17683 0.184248 0.191249 0.197775 0.203772 0.209188 0.213978 0.218102 0.221525 0.224217 0.226157 0.227327 0.227719 0.227327 0.226157 0.224217 0.221525 0.218102 0.213978 0.209188 0.203772 0.197775 0.191249 0.184248 0.17683 0.169057 0.160994 0.152704 0.144254 0.135709 0.127135 0.118594 0.110145 0.101847 0.0937495 0.0859016 0.0783449 0.0711156 0.0642439 0.0577539 0.0516632 0.0459838 0.0407213 0.0358762 0.0314439 0.0274151 0.0237768 0.0205125 0.0176032 0.0150278 0.012764 0.0107887 0.0090786 0.00761083 0.00636343 0.0053157 0.00444863 0.00374515 0.00319046 0.00277215 0.00248045 0.00230828 
0.00260013 0.00266533 0.00286256 0.00319662 0.00367546 0.00431007 0.00511435 0.0061049 0.00730079 0.00872325 0.0103953 0.0123414 0.0145869 0.0171574 0.0200782 0.0233738 0.0270671 0.0311785 0.0357253 0.0407213 0.0461754 0.0520916 0.0584683 0.0652976 0.072565 0.0802495 0.0883231 0.096751 0.105492 0.114499 0.123718 0.13309 0.142554 0.152043 0.161486 0.170815 0.179956 0.188838 0.19739 0.205543 0.213231 0.220391 0.226965 0.232898 0.238142 0.242654 0.246397 0.249341 0.25146 0.252739 0.253166 0.252739 0.25146 0.249341 0.246397 0.242654 0.238142 0.232898 0.226965 0.220391 0.213231 0.205543 0.19739 0.188838 0.179956 0.170815 0.161486 0.152043 0.142554 0.13309 0.123718 0.114499 0.105492 0.096751 0.0883231 0.0802495 0.072565 0.0652976 0.0584683 0.0520916 0.0461754 0.0407213 0.0357253 0.0311785 0.0270671 0.0233738 0.0200782 0.0171574 0.0145869 0.0123414 0.0103953 0.00872325 0.00730079 0.0061049 0.00511435 0.00431007 0.00367546 0.00319662 0.00286256 0.00266533 
0.00298718 0.0030615 0.00328627 0.00366685 0.00421215 0.00493443 0.0058492 0.00697495 0.0083329 0.00994662 0.0118416 0.0140449 0.0165843 0.019488 0.0227835 0.0264976 0.0306547 0.0352766 0.0403817 0.0459838 0.0520916 0.0587084 0.0658306 0.0734481 0.0815434 0.0900917 0.0990607 0.108411 0.118095 0.12806 0.138246 0.148588 0.159018 0.169461 0.179842 0.190083 0.200107 0.209835 0.219192 0.228103 0.236498 0.244309 0.251475 0.257937 0.263645 0.268553 0.272622 0.275821 0.278124 0.279513 0.279977 0.279513 0.278124 0.275821 0.272622 0.268553 0.263645 0.257937 0.251475 0.244309 0.236498 0.228103 0.219192 0.209835 0.200107 0.190083 0.179842 0.169461 0.159018 0.148588 0.138246 0.12806 0.118095 0.108411 0.0990607 0.0900917 0.0815434 0.0734481 0.0658306 0.0587084 0.0520916 0.0459838 0.0403817 0.0352766 0.0306547 0.0264976 0.0227835 0.019488 0.0165843 0.0140449 0.0118416 0.00994662 0.0083329 0.00697495 0.0058492 0.00493443 0.00421215 0.00366685 0.00328627 0.0030615 
0.00341399 0.00349827 0.0037531 0.00418447 0.00480226 0.0056201 0.00665521 0.00792807 0.00946217 0.0112835 0.0134202 0.0159019 0.0187591 0.0220224 0.0257219 0.0298862 0.0345415 0.039711 0.0454136 0.0516632 0.0584683 0.0658306 0.0737447 0.0821977 0.0911688 0.100629 0.110541 0.12086 0.131533 0.1425 0.153696 0.165048 0.17648 0.187912 0.199261 0.210444 0.221376 0.231973 0.242154 0.25184 0.260955 0.269429 0.277195 0.284193 0.290371 0.295679 0.300078 0.303535 0.306022 0.307522 0.308024 0.307522 0.306022 0.303535 0.300078 0.295679 0.290371 0.284193 0.277195 0.269429 0.260955 0.25184 0.242154 0.231973 0.221376 0.210444 0.199261 0.187912 0.17648 0.165048 0.153696 0.1425 0.131533 0.12086 0.110541 0.100629 0.0911688 0.0821977 0.0737447 0.0658306 0.0584683 0.0516632 0.0454136 0.039711 0.0345415 0.0298862 0.0257219 0.0220224 0.0187591 0.0159019 0.0134202 0.0112835 0.00946217 0.00792807 0.00665521 0.0056201 0.00480226 0.00418447 0.0037531 0.00349827 
0.00388165 0.00397672 0.00426417 0.00475061 0.00544697 0.00636832 0.00753366 0.00896557 0.0106899 0.0127352 0.0151323 0.0179136 0.0211121 0.0247612 0.0288933 0.0335389 0.038726 0.0444788 0.0508168 0.0577539 0.0652976 0.0734481 0.0821977 0.0915305 0.101422 0.111838 0.122736 0.134066 0.145768 0.157777 0.170018 0.182413 0.194879 0.207327 0.21967 0.231816 0.243674 0.255156 0.266174 0.276644 0.286487 0.295629 0.303999 0.311537 0.318184 0.323894 0.328622 0.332336 0.335008 0.336619 0.337157 0.336619 0.335008 0.332336 0.328622 0.323894 0.318184 0.311537 0.303999 0.295629 0.286487 0.276644 0.266174 0.255156 0.243674 0.231816 0.21967 0.207327 0.194879 0.182413 0.170018 0.157777 0.145768 0.134066 0.122736 0.111838 0.101422 0.0915305 0.0821977 0.0734481 0.0652976 0.0577539 0.0508168 0.0444788 0.038726 0.0335389 0.0288933 0.0247612 0.0211121 0.0179136 0.0151323 0.0127352 0.0106899 0.00896557 0.00753366 0.00636832 0.00544697 0.00475061 0.00426417 0.00397672 
0.00439074 0.00449747 0.00482007 0.00536585 0.00614683 0.00717958 0.00848495 0.0100877 0.0120162 0.0143016 0.0169774 0.0200788 0.0236417 0.027702 0.0322943 0.0374513 0.0432023 0.0495725 0.0565819 0.0642439 0.072565 0.0815434 0.0911688 0.101422 0.112273 0.123684 0.135607 0.147984 0.16075 0.173832 0.187149 0.200614 0.214137 0.227623 0.240976 0.254099 0.266895 0.279269 0.291129 0.302387 0.312959 0.322767 0.331741 0.339814 0.346929 0.353035 0.35809 0.362058 0.364912 0.366632 0.367207 0.366632 0.364912 0.362058 0.35809 0.353035 0.346929 0.339814 0.331741 0.322767 0.312959 0.302387 0.291129 0.279269 0.266895 0.254099 0.240976 0.227623 0.214137 0.200614 0.187149 0.173832 0.16075 0.147984 0.135607 0.123684 0.112273 0.101422 0.0911688 0.0815434 0.072565 0.0642439 0.0565819 0.0495725 0.0432023 0.0374513 0.0322943 0.027702 0.0236417 0.0200788 0.0169774 0.0143016 0.0120162 0.0100877 0.00848495 0.00717958 0.00614683 0.00536585 0.00482007 0.00449747 
0.00494136 0.00506056 0.00542082 0.00603013 0.00690165 0.00805351 0.0095085 0.0112937 0.0134398 0.0159808 0.018953 0.0223945 0.0263439 0.0308396 0.0359185 0.0416151 0.0479603 0.05498 0.0626941 0.0711156 0.0802495 0.0900917 0.100629 0.111838 0.123684 0.136124 0.149104 0.162559 0.176417 0.190597 0.205012 0.219566 0.234162 0.248698 0.263071 0.277177 0.290914 0.304181 0.316881 0.328922 0.340218 0.350686 0.360255 0.368855 0.376429 0.382925 0.388299 0.392516 0.395548 0.397375 0.397985 0.397375 0.395548 0.392516 0.388299 0.382925 0.376429 0.368855 0.360255 0.350686 0.340218 0.328922 0.316881 0.304181 0.290914 0.277177 0.263071 0.248698 0.234162 0.219566 0.205012 0.190597 0.176417 0.162559 0.149104 0.136124 0.123684 0.111838 0.100629 0.0900917 0.0802495 0.0711156 0.0626941 0.05498 0.0479603 0.0416151 0.0359185 0.0308396 0.0263439 0.0223945 0.018953 0.0159808 0.0134398 0.0112937 0.0095085 0.00805351 0.00690165 0.00603013 0.00542082 0.00506056 
0.00553298 0.00566545 0.00606578 0.00674266 0.00771045 0.00898886 0.0106027 0.0125813 0.014958 0.0177695 0.021055 0.0248553 0.0292119 0.0341657 0.0397557 0.0460183 0.0529855 0.0606837 0.0691328 0.0783449 0.0883231 0.0990607 0.110541 0.122736 0.135607 0.149104 0.163166 0.177722 0.192693 0.20799 0.223516 0.239171 0.254848 0.270439 0.285833 0.300921 0.315593 0.329746 0.343277 0.35609 0.368096 0.379212 0.389361 0.398476 0.406496 0.41337 0.419053 0.423511 0.426714 0.428644 0.429289 0.428644 0.426714 0.423511 0.419053 0.41337 0.406496 0.398476 0.389361 0.379212 0.368096 0.35609 0.343277 0.329746 0.315593 0.300921 0.285833 0.270439 0.254848 0.239171 0.223516 0.20799 0.192693 0.177722 0.163166 0.149104 0.135607 0.122736 0.110541 0.0990607 0.0883231 0.0783449 0.0691328 0.0606837 0.0529855 0.0460183 0.0397557 0.0341657 0.0292119 0.0248553 0.021055 0.0177695 0.014958 0.0125813 0.0106027 0.00898886 0.00771045 0.00674266 0.00606578 0.00566545 
0.00616443 0.00631094 0.00675362 0.00750192 0.00857138 0.00998337 0.0117647 0.0139471 0.0165664 0.0196623 0.0232767 0.0274534 0.0322363 0.0376689 0.0437924 0.0506446 0.0582587 0.0666613 0.0758721 0.0859016 0.096751 0.108411 0.12086 0.134066 0.147984 0.162559 0.177722 0.193396 0.209493 0.225916 0.242561 0.259319 0.276077 0.292719 0.309127 0.325186 0.340782 0.355805 0.37015 0.383717 0.396415 0.408158 0.418869 0.428479 0.436929 0.444165 0.450145 0.454832 0.458199 0.460227 0.460904 0.460227 0.458199 0.454832 0.450145 0.444165 0.436929 0.428479 0.418869 0.408158 0.396415 0.383717 0.37015 0.355805 0.340782 0.325186 0.309127 0.292719 0.276077 0.259319 0.242561 0.225916 0.209493 0.193396 0.177722 0.162559 0.147984 0.134066 0.12086 0.108411 0.096751 0.0859016 0.0758721 0.0666613 0.0582587 0.0506446 0.0437924 0.0376689 0.0322363 0.0274534 0.0232767 0.0196623 0.0165664 0.0139471 0.0117647 0.00998337 0.00857138 0.00750192 0.00675362 0.00631094 
0.00683387 0.00699512 0.00748229 0.00830555 0.0094817 0.0110337 0.0129906 0.0153862 0.0182594 0.0216522 0.0256097 0.0301783 0.0354047 0.0413346 0.0480112 0.0554738 0.0637562 0.0728855 0.0828801 0.0937495 0.105492 0.118095 0.131533 0.145768 0.16075 0.176417 0.192693 0.209493 0.22672 0.244271 0.262034 0.27989 0.29772 0.3154 0.332807 0.34982 0.366318 0.382189 0.397324 0.41162 0.424984 0.437329 0.448578 0.458661 0.467519 0.475098 0.481358 0.486262 0.489783 0.491904 0.492612 0.491904 0.489783 0.486262 0.481358 0.475098 0.467519 0.458661 0.448578 0.437329 0.424984 0.41162 0.397324 0.382189 0.366318 0.34982 0.332807 0.3154 0.29772 0.27989 0.262034 0.244271 0.22672 0.209493 0.192693 0.176417 0.16075 0.145768 0.131533 0.118095 0.105492 0.0937495 0.0828801 0.0728855 0.0637562 0.0554738 0.0480112 0.0413346 0.0354047 0.0301783 0.0256097 0.0216522 0.0182594 0.0153862 0.0129906 0.0110337 0.0094817 0.00830555 0.00748229 0.00699512 
0.00753873 0.00771536 0.00824892 0.00915037 0.0104377 0.0121356 0.0142751 0.0168926 0.0200293 0.0237303 0.0280432 0.0330174 0.038702 0.045145 0.0523913 0.0604816 0.0694501 0.0793237 0.0901201 0.101847 0.114499 0.12806 0.1425 0.157777 0.173832 0.190597 0.20799 0.225916 0.244271 0.262944 0.281813 0.300755 0.31964 0.338338 0.356721 0.374661 0.392034 0.408724 0.424618 0.439612 0.453611 0.466528 0.478285 0.488813 0.498054 0.505955 0.512476 0.517581 0.521247 0.523453 0.52419 0.523453 0.521247 0.517581 0.512476 0.505955 0.498054 0.488813 0.478285 0.466528 0.453611 0.439612 0.424618 0.408724 0.392034 0.374661 0.356721 0.338338 0.31964 0.300755 0.281813 0.262944 0.244271 0.225916 0.20799 0.190597 0.173832 0.157777 0.1425 0.12806 0.114499 0.101847 0.0901201 0.0793237 0.0694501 0.0604816 0.0523913 0.045145 0.038702 0.0330174 0.0280432 0.0237303 0.0200293 0.0168926 0.0142751 0.0121356 0.0104377 0.00915037 0.00824892 0.00771536 
0.00827569 0.00846826 0.00904989 0.0100323 0.0114347 0.0132836 0.0156119 0.0184584 0.0218671 0.0258856 0.0305644 0.0359554 0.0421103 0.0490792 0.0569085 0.0656399 0.075308 0.0859393 0.0975501 0.110145 0.123718 0.138246 0.153696 0.170018 0.187149 0.205012 0.223516 0.242561 0.262034 0.281813 0.301772 0.321776 0.341691 0.361381 0.380709 0.399543 0.417757 0.435229 0.451846 0.467501 0.482099 0.495553 0.507785 0.518727 0.528322 0.536521 0.543282 0.548573 0.552369 0.554654 0.555417 0.554654 0.552369 0.548573 0.543282 0.536521 0.528322 0.518727 0.507785 0.495553 0.482099 0.467501 0.451846 0.435229 0.417757 0.399543 0.380709 0.361381 0.341691 0.321776 0.301772 0.281813 0.262034 0.242561 0.223516 0.205012 0.187149 0.170018 0.153696 0.138246 0.123718 0.110145 0.0975501 0.0859393 0.075308 0.0656399 0.0569085 0.0490792 0.0421103 0.0359554 0.0305644 0.0258856 0.0218671 0.0184584 0.0156119 0.0132836 0.0114347 0.0100323 0.00904989 0.00846826 
0.00904072 0.00924969 0.00988078 0.0109465 0.0124672 0.0144711 0.0169932 0.0200747 0.023762 0.0281055 0.0331583 0.0389749 0.0456093 0.0531134 0.0615352 0.0709171 0.0812938 0.092691 0.105123 0.118594 0.13309 0.148588 0.165048 0.182413 0.200614 0.219566 0.239171 0.259319 0.27989 0.300755 0.321776 0.342815 0.363728 0.384373 0.404609 0.424299 0.443313 0.461526 0.478823 0.495098 0.510255 0.524206 0.536876 0.548199 0.558119 0.566587 0.573566 0.579024 0.582939 0.585295 0.586081 0.585295 0.582939 0.579024 0.573566 0.566587 0.558119 0.548199 0.536876 0.524206 0.510255 0.495098 0.478823 0.461526 0.443313 0.424299 0.404609 0.384373 0.363728 0.342815 0.321776 0.300755 0.27989 0.259319 0.239171 0.219566 0.200614 0.182413 0.165048 0.148588 0.13309 0.118594 0.105123 0.092691 0.0812938 0.0709171 0.0615352 0.0531134 0.0456093 0.0389749 0.0331583 0.0281055 0.023762 0.0200747 0.0169932 0.0144711 0.0124672 0.0109465 0.00988078 0.00924969 
0.00982904 0.0100548 0.0107364 0.0118871 0.0135286 0.0156907 0.0184104 0.0217312 0.0257019 0.0303757 0.0358082 0.0420562 0.049176 0.0572211 0.0662409 0.0762782 0.0873677 0.099534 0.11279 0.127135 0.142554 0.159018 0.17648 0.194879 0.214137 0.234162 0.254848 0.276077 0.29772 0.31964 0.341691 0.363728 0.3856 0.40716 0.42826 0.448761 0.468529 0.487437 0.505369 0.522218 0.537889 0.552296 0.565366 0.577033 0.587244 0.595954 0.603127 0.608734 0.612754 0.615171 0.615978 0.615171 0.612754 0.608734 0.603127 0.595954 0.587244 0.577033 0.565366 0.552296 0.537889 0.522218 0.505369 0.487437 0.468529 0.448761 0.42826 0.40716 0.3856 0.363728 0.341691 0.31964 0.29772 0.276077 0.254848 0.234162 0.214137 0.194879 0.17648 0.159018 0.142554 0.127135 0.11279 0.099534 0.0873677 0.0762782 0.0662409 0.0572211 0.049176 0.0420562 0.0358082 0.0303757 0.0257019 0.0217312 0.0184104 0.0156907 0.0135286 0.0118871 0.0107364 0.0100548 
0.0106352 0.0108779 0.0116108 0.0128477 0.0146116 0.0169339 0.0198535 0.0234161 0.0276732 0.0326802 0.0384953 0.0451776 0.0527853 0.0613735 0.0709926 0.0816857 0.0934871 0.10642 0.120495 0.135709 0.152043 0.169461 0.187912 0.207327 0.227623 0.248698 0.270439 0.292719 0.3154 0.338338 0.361381 0.384373 0.40716 0.429587 0.451503 0.472766 0.493237 0.51279 0.531307 0.548683 0.564822 0.579641 0.593068 0.605042 0.615511 0.624434 0.631777 0.637513 0.641623 0.644095 0.644919 0.644095 0.641623 0.637513 0.631777 0.624434 0.615511 0.605042 0.593068 0.579641 0.564822 0.548683 0.531307 0.51279 0.493237 0.472766 0.451503 0.429587 0.40716 0.384373 0.361381 0.338338 0.3154 0.292719 0.270439 0.248698 0.227623 0.207327 0.187912 0.169461 0.152043 0.135709 0.120495 0.10642 0.0934871 0.0816857 0.0709926 0.0613735 0.0527853 0.0451776 0.0384953 0.0326802 0.0276732 0.0234161 0.0198535 0.0169339 0.0146116 0.0128477 0.0116108 0.0108779 
0.0114531 0.0117129 0.0124973 0.013821 0.015708 0.0181912 0.0213115 0.025117 0.0296611 0.0350019 0.0411997 0.0483159 0.0564103 0.0655396 0.0757549 0.0870994 0.0996067 0.113299 0.128183 0.144254 0.161486 0.179842 0.199261 0.21967 0.240976 0.263071 0.285833 0.309127 0.332807 0.356721 0.380709 0.404609 0.42826 0.451503 0.474184 0.496155 0.517277 0.537422 0.556473 0.574324 0.590884 0.606069 0.619813 0.632055 0.642749 0.651855 0.659342 0.665188 0.669375 0.671892 0.672732 0.671892 0.669375 0.665188 0.659342 0.651855 0.642749 0.632055 0.619813 0.606069 0.590884 0.574324 0.556473 0.537422 0.517277 0.496155 0.474184 0.451503 0.42826 0.404609 0.380709 0.356721 0.332807 0.309127 0.285833 0.263071 0.240976 0.21967 0.199261 0.179842 0.161486 0.144254 0.128183 0.113299 0.0996067 0.0870994 0.0757549 0.0655396 0.0564103 0.0483159 0.0411997 0.0350019 0.0296611 0.025117 0.0213115 0.0181912 0.015708 0.013821 0.0124973 0.0117129 
0.0122761 0.012553 0.0133889 0.0147991 0.0168088 0.0194525 0.0227729 0.02682 0.0316497 0.0373221 0.0438998 0.0514461 0.0600225 0.0696868 0.0804907 0.0924773 0.105679 0.120117 0.135795 0.152704 0.170815 0.190083 0.210444 0.231816 0.254099 0.277177 0.300921 0.325186 0.34982 0.374661 0.399543 0.424299 0.448761 0.472766 0.496155 0.518778 0.540495 0.561178 0.58071 0.598987 0.615918 0.631426 0.645443 0.657916 0.668801 0.678061 0.685669 0.691606 0.695856 0.69841 0.699262 0.69841 0.695856 0.691606 0.685669 0.678061 0.668801 0.657916 0.645443 0.631426 0.615918 0.598987 0.58071 0.561178 0.540495 0.518778 0.496155 0.472766 0.448761 0.424299 0.399543 0.374661 0.34982 0.325186 0.300921 0.277177 0.254099 0.231816 0.210444 0.190083 0.170815 0.152704 0.135795 0.120117 0.105679 0.0924773 0.0804907 0.0696868 0.0600225 0.0514461 0.0438998 0.0373221 0.0316497 0.02682 0.0227729 0.0194525 0.0168088 0.0147991 0.0133889 0.012553 
0.013097 0.0133908 0.0142776 0.0157735 0.0179047 0.0207071 0.0242252 0.0285109 0.0336222 0.0396214 0.0465732 0.0545424 0.0635922 0.0737813 0.0851616 0.0977761 0.111656 0.12682 0.143271 0.160994 0.179956 0.200107 0.221376 0.243674 0.266895 0.290914 0.315593 0.340782 0.366318 0.392034 0.417757 0.443313 0.468529 0.493237 0.517277 0.540495 0.562752 0.583918 0.603878 0.62253 0.639785 0.65557 0.669821 0.682488 0.69353 0.702916 0.710622 0.716631 0.720931 0.723514 0.724376 0.723514 0.720931 0.716631 0.710622 0.702916 0.69353 0.682488 0.669821 0.65557 0.639785 0.62253 0.603878 0.583918 0.562752 0.540495 0.517277 0.493237 0.468529 0.443313 0.417757 0.392034 0.366318 0.340782 0.315593 0.290914 0.266895 0.243674 0.221376 0.200107 0.179956 0.160994 0.143271 0.12682 0.111656 0.0977761 0.0851616 0.0737813 0.0635922 0.0545424 0.0465732 0.0396214 0.0336222 0.0285109 0.0242252 0.0207071 0.0179047 0.0157735 0.0142776 0.0133908 
0.0139083 0.0142187 0.0151555 0.0167354 0.0189857 0.0219436 0.0256553 0.0301745 0.0355613 0.0418798 0.0491966 0.0575782 0.0670889 0.0777883 0.0897285 0.102952 0.117489 0.133355 0.150551 0.169057 0.188838 0.209835 0.231973 0.255156 0.279269 0.304181 0.329746 0.355805 0.382189 0.408724 0.435229 0.461526 0.487437 0.51279 0.537422 0.561178 0.583918 0.605513 0.625849 0.644826 0.66236 0.678379 0.692824 0.70565 0.716819 0.726305 0.734087 0.740151 0.744489 0.747093 0.747962 0.747093 0.744489 0.740151 0.734087 0.726305 0.716819 0.70565 0.692824 0.678379 0.66236 0.644826 0.625849 0.605513 0.583918 0.561178 0.537422 0.51279 0.487437 0.461526 0.435229 0.408724 0.382189 0.355805 0.329746 0.304181 0.279269 0.255156 0.231973 0.209835 0.188838 0.169057 0.150551 0.133355 0.117489 0.102952 0.0897285 0.0777883 0.0670889 0.0575782 0.0491966 0.0418798 0.0355613 0.0301745 0.0256553 0.0219436 0.0189857 0.0167354 0.0151555 0.0142187 
0.0147021 0.0150286 0.016014 0.0176755 0.0200415 0.0231503 0.0270499 0.0317956 0.0374492 0.0440768 0.0517465 0.0605264 0.0704819 0.081673 0.094152 0.107961 0.123128 0.139667 0.157575 0.17683 0.19739 0.219192 0.242154 0.266174 0.291129 0.316881 0.343277 0.37015 0.397324 0.424618 0.451846 0.478823 0.505369 0.531307 0.556473 0.58071 0.603878 0.625849 0.646511 0.665767 0.683535 0.699747 0.714351 0.727302 0.73857 0.74813 0.755968 0.762072 0.766436 0.769056 0.769929 0.769056 0.766436 0.762072 0.755968 0.74813 0.73857 0.727302 0.714351 0.699747 0.683535 0.665767 0.646511 0.625849 0.603878 0.58071 0.556473 0.531307 0.505369 0.478823 0.451846 0.424618 0.397324 0.37015 0.343277 0.316881 0.291129 0.266174 0.242154 0.219192 0.19739 0.17683 0.157575 0.139667 0.123128 0.107961 0.094152 0.081673 0.0704819 0.0605264 0.0517465 0.0440768 0.0374492 0.0317956 0.0270499 0.0231503 0.0200415 0.0176755 0.016014 0.0150286 
0.0154704 0.0158124 0.0168445 0.0185846 0.0210617 0.0243156 0.0283955 0.0333585 0.039268 0.0461916 0.0541992 0.06336 0.0737403 0.0854005 0.0983929 0.112758 0.128524 0.145702 0.164285 0.184248 0.205543 0.228103 0.25184 0.276644 0.302387 0.328922 0.35609 0.383717 0.41162 0.439612 0.467501 0.495098 0.522218 0.548683 0.574324 0.598987 0.62253 0.644826 0.665767 0.685257 0.703218 0.719587 0.734315 0.747362 0.758703 0.768317 0.776192 0.782322 0.786702 0.789331 0.790207 0.789331 0.786702 0.782322 0.776192 0.768317 0.758703 0.747362 0.734315 0.719587 0.703218 0.685257 0.665767 0.644826 0.62253 0.598987 0.574324 0.548683 0.522218 0.495098 0.467501 0.439612 0.41162 0.383717 0.35609 0.328922 0.302387 0.276644 0.25184 0.228103 0.205543 0.184248 0.164285 0.145702 0.128524 0.112758 0.0983929 0.0854005 0.0737403 0.06336 0.0541992 0.0461916 0.039268 0.0333585 0.0283955 0.0243156 0.0210617 0.0185846 0.0168445 0.0158124 
