0.00204916 0.00207365 0.0021473 0.00227071 0.00244482 0.00267095 0.00295072 0.00328604 0.00367906 0.00413212 0.00464767 0.00522821 0.00587626 0.00659421 0.00738428 0.00824846 0.00918838 0.0102052 0.0112998 0.0124721 0.0137216 0.0150472 0.0164467 0.0179173 0.0194552 0.0210558 0.0227136 0.024422 0.0261738 0.0279607 0.0297737 0.0316031 0.0334382 0.0352682 0.0370815 0.0388661 0.0406099 0.0423007 0.0439261 0.0454742 0.0469332 0.0482916 0.0495388 0.0506648 0.0516604 0.0525173 0.0532286 0.0537881 0.0541911 0.0544344 0.0545157 0.0544344 0.0541911 0.0537881 0.0532286 0.0525173 0.0516604 0.0506648 0.0495388 0.0482916 0.0469332 0.0454742 0.0439261 0.0423007 0.0406099 0.0388661 0.0370815 0.0352682 0.0334382 0.0316031 0.0297737 0.0279607 0.0261738 0.024422 0.0227136 0.0210558 0.0194552 0.0179173 0.0164467 0.0150472 0.0137216 0.0124721 0.0112998 0.0102052 0.00918838 0.00824846 0.00738428 0.00659421 0.00587626 0.00522821 0.00464767 0.00413212 0.00367906 0.00328604 0.00295072 0.00267095 0.00244482 0.00227071 0.0021473 0.00207365 
0.00207365 0.0020984 0.00217286 0.00229762 0.00247362 0.0027022 0.002985 0.00332393 0.00372116 0.00417905 0.00470007 0.00528673 0.00594157 0.00666698 0.00746521 0.00833826 0.00928774 0.0103149 0.0114204 0.0126044 0.0138663 0.0152048 0.0166179 0.0181027 0.0196553 0.0212712 0.0229446 0.024669 0.0264371 0.0282405 0.0300701 0.0319161 0.0337678 0.0356142 0.0374436 0.0392441 0.0410033 0.0427089 0.0443485 0.0459101 0.0473816 0.0487518 0.0500097 0.0511453 0.0521493 0.0530136 0.0537308 0.0542951 0.0547016 0.0549469 0.0550288 0.0549469 0.0547016 0.0542951 0.0537308 0.0530136 0.0521493 0.0511453 0.0500097 0.0487518 0.0473816 0.0459101 0.0443485 0.0427089 0.0410033 0.0392441 0.0374436 0.0356142 0.0337678 0.0319161 0.0300701 0.0282405 0.0264371 0.024669 0.0229446 0.0212712 0.0196553 0.0181027 0.0166179 0.0152048 0.0138663 0.0126044 0.0114204 0.0103149 0.00928774 0.00833826 0.00746521 0.00666698 0.00594157 0.00528673 0.00470007 0.00417905 0.00372116 0.00332393 0.002985 0.0027022 0.00247362 0.00229762 0.00217286 0.0020984 
0.0021473 0.00217286 0.00224974 0.00237854 0.00256024 0.0027962 0.00308808 0.00343787 0.00384776 0.00432017 0.00485761 0.00546266 0.00613788 0.00688574 0.00770849 0.00860816 0.00958639 0.0106444 0.0117829 0.0130019 0.0143009 0.0156784 0.0171324 0.0186598 0.0202566 0.0219181 0.0236384 0.0254109 0.0272278 0.0290807 0.0309602 0.0328561 0.0347576 0.0366533 0.0385313 0.0403792 0.0421846 0.0439347 0.0456169 0.0472187 0.0487281 0.0501333 0.0514234 0.0525878 0.0536173 0.0545034 0.0552388 0.0558172 0.0562339 0.0564854 0.0565694 0.0564854 0.0562339 0.0558172 0.0552388 0.0545034 0.0536173 0.0525878 0.0514234 0.0501333 0.0487281 0.0472187 0.0456169 0.0439347 0.0421846 0.0403792 0.0385313 0.0366533 0.0347576 0.0328561 0.0309602 0.0290807 0.0272278 0.0254109 0.0236384 0.0219181 0.0202566 0.0186598 0.0171324 0.0156784 0.0143009 0.0130019 0.0117829 0.0106444 0.00958639 0.00860816 0.00770849 0.00688574 0.00613788 0.00546266 0.00485761 0.00432017 0.00384776 0.00343787 0.00308808 0.0027962 0.00256024 0.00237854 0.00224974 0.00217286 
0.00227071 0.00229762 0.00237854 0.00251411 0.00270534 0.00295363 0.00326072 0.00362866 0.00405973 0.00455641 0.00512132 0.00575711 0.00646642 0.00725178 0.00811552 0.00905969 0.010086 0.0111955 0.0123891 0.0136667 0.0150275 0.0164702 0.0179924 0.0195909 0.0212616 0.0229993 0.024798 0.0266505 0.028549 0.0304844 0.032447 0.0344262 0.0364108 0.0383887 0.0403476 0.0422748 0.044157 0.0459813 0.0477344 0.0494035 0.0509759 0.0524396 0.0537831 0.0549957 0.0560676 0.0569901 0.0577556 0.0583577 0.0587914 0.0590531 0.0591406 0.0590531 0.0587914 0.0583577 0.0577556 0.0569901 0.0560676 0.0549957 0.0537831 0.0524396 0.0509759 0.0494035 0.0477344 0.0459813 0.044157 0.0422748 0.0403476 0.0383887 0.0364108 0.0344262 0.032447 0.0304844 0.028549 0.0266505 0.024798 0.0229993 0.0212616 0.0195909 0.0179924 0.0164702 0.0150275 0.0136667 0.0123891 0.0111955 0.010086 0.00905969 0.00811552 0.00725178 0.00646642 0.00575711 0.00512132 0.00455641 0.00405973 0.00362866 0.00326072 0.00295363 0.00270534 0.00251411 0.00237854 0.00229762 
0.00244482 0.00247362 0.00256024 0.00270534 0.00290998 0.00317564 0.00350414 0.00389762 0.00435848 0.00488932 0.00549287 0.00617189 0.00692915 0.00776725 0.0086886 0.00969532 0.0107891 0.0119712 0.0132421 0.0146019 0.0160497 0.0175838 0.0192018 0.0209002 0.0226744 0.024519 0.0264276 0.0283925 0.0304053 0.0324564 0.0345356 0.0366316 0.0387324 0.0408256 0.0428979 0.0449359 0.0469259 0.048854 0.0507064 0.0524696 0.0541303 0.0556758 0.0570941 0.058374 0.0595052 0.0604786 0.0612863 0.0619215 0.0623791 0.0626552 0.0627475 0.0626552 0.0623791 0.0619215 0.0612863 0.0604786 0.0595052 0.058374 0.0570941 0.0556758 0.0541303 0.0524696 0.0507064 0.048854 0.0469259 0.0449359 0.0428979 0.0408256 0.0387324 0.0366316 0.0345356 0.0324564 0.0304053 0.0283925 0.0264276 0.024519 0.0226744 0.0209002 0.0192018 0.0175838 0.0160497 0.0146019 0.0132421 0.0119712 0.0107891 0.00969532 0.0086886 0.00776725 0.00692915 0.00617189 0.00549287 0.00488932 0.00435848 0.00389762 0.00350414 0.00317564 0.00290998 0.00270534 0.00256024 0.00247362 
0.00267095 0.0027022 0.0027962 0.00295363 0.00317564 0.00346378 0.00381999 0.00424653 0.00474595 0.00532099 0.00597453 0.00670948 0.00752873 0.00843502 0.00943086 0.0105184 0.0116994 0.0129751 0.014346 0.0158119 0.0173719 0.0190241 0.0207657 0.0225928 0.0245006 0.0264831 0.0285333 0.030643 0.032803 0.0350032 0.0372325 0.0394788 0.0417293 0.0439707 0.0461889 0.0483696 0.0504981 0.0525597 0.0545398 0.0564239 0.058198 0.0598487 0.0613631 0.0627295 0.0639369 0.0649758 0.0658376 0.0665153 0.0670035 0.067298 0.0673965 0.067298 0.0670035 0.0665153 0.0658376 0.0649758 0.0639369 0.0627295 0.0613631 0.0598487 0.058198 0.0564239 0.0545398 0.0525597 0.0504981 0.0483696 0.0461889 0.0439707 0.0417293 0.0394788 0.0372325 0.0350032 0.032803 0.030643 0.0285333 0.0264831 0.0245006 0.0225928 0.0207657 0.0190241 0.0173719 0.0158119 0.014346 0.0129751 0.0116994 0.0105184 0.00943086 0.00843502 0.00752873 0.00670948 0.00597453 0.00532099 0.00474595 0.00424653 0.00381999 0.00346378 0.00317564 0.00295363 0.0027962 0.0027022 
0.00295072 0.002985 0.00308808 0.00326072 0.00350414 0.00381999 0.00421034 0.00467763 0.00522455 0.00585403 0.00656912 0.00737293 0.00826849 0.00925869 0.0103462 0.0115331 0.0128214 0.0142121 0.0157058 0.0173021 0.0189999 0.020797 0.0226903 0.0246754 0.026747 0.0288986 0.0311223 0.0334094 0.0357499 0.0381326 0.0405456 0.0429759 0.0454096 0.0478323 0.0502289 0.052584 0.0548818 0.0571066 0.0592427 0.0612745 0.0631871 0.0649662 0.066598 0.0680699 0.0693704 0.0704891 0.071417 0.0721467 0.0726721 0.0729892 0.0730951 0.0729892 0.0726721 0.0721467 0.071417 0.0704891 0.0693704 0.0680699 0.066598 0.0649662 0.0631871 0.0612745 0.0592427 0.0571066 0.0548818 0.052584 0.0502289 0.0478323 0.0454096 0.0429759 0.0405456 0.0381326 0.0357499 0.0334094 0.0311223 0.0288986 0.026747 0.0246754 0.0226903 0.020797 0.0189999 0.0173021 0.0157058 0.0142121 0.0128214 0.0115331 0.0103462 0.00925869 0.00826849 0.00737293 0.00656912 0.00585403 0.00522455 0.00467763 0.00421034 0.00381999 0.00350414 0.00326072 0.00308808 0.002985 
0.00328604 0.00332393 0.00343787 0.00362866 0.00389762 0.00424653 0.00467763 0.00519351 0.00579708 0.00649146 0.00727993 0.00816578 0.00915225 0.0102424 0.0114389 0.0127442 0.0141601 0.0156877 0.0173273 0.0190787 0.0209402 0.0229094 0.0249827 0.0271553 0.0294213 0.0317733 0.0342028 0.0367001 0.0392543 0.0418533 0.0444838 0.0471317 0.0497822 0.0524193 0.0550269 0.0575881 0.060086 0.0625036 0.0648238 0.0670301 0.0691063 0.0710368 0.0728071 0.0744036 0.0758138 0.0770266 0.0780325 0.0788234 0.0793929 0.0797364 0.0798513 0.0797364 0.0793929 0.0788234 0.0780325 0.0770266 0.0758138 0.0744036 0.0728071 0.0710368 0.0691063 0.0670301 0.0648238 0.0625036 0.060086 0.0575881 0.0550269 0.0524193 0.0497822 0.0471317 0.0444838 0.0418533 0.0392543 0.0367001 0.0342028 0.0317733 0.0294213 0.0271553 0.0249827 0.0229094 0.0209402 0.0190787 0.0173273 0.0156877 0.0141601 0.0127442 0.0114389 0.0102424 0.00915225 0.00816578 0.00727993 0.00649146 0.00579708 0.00519351 0.00467763 0.00424653 0.00389762 0.00362866 0.00343787 0.00332393 
0.00367906 0.00372116 0.00384776 0.00405973 0.00435848 0.00474595 0.00522455 0.00579708 0.00646666 0.00723667 0.00811061 0.009092 0.0101843 0.0113907 0.0127141 0.014157 0.0157212 0.0174078 0.019217 0.0211482 0.0231997 0.0253686 0.0276507 0.0300406 0.0325317 0.0351158 0.0377836 0.0405242 0.0433255 0.0461744 0.0490563 0.0519558 0.0548564 0.0577411 0.0605921 0.0633911 0.0661198 0.0687596 0.0712921 0.0736993 0.0759639 0.0780689 0.0799987 0.0817385 0.083275 0.0845962 0.0856917 0.086553 0.0871732 0.0875472 0.0876723 0.0875472 0.0871732 0.086553 0.0856917 0.0845962 0.083275 0.0817385 0.0799987 0.0780689 0.0759639 0.0736993 0.0712921 0.0687596 0.0661198 0.0633911 0.0605921 0.0577411 0.0548564 0.0519558 0.0490563 0.0461744 0.0433255 0.0405242 0.0377836 0.0351158 0.0325317 0.0300406 0.0276507 0.0253686 0.0231997 0.0211482 0.019217 0.0174078 0.0157212 0.014157 0.0127141 0.0113907 0.0101843 0.009092 0.00811061 0.00723667 0.00646666 0.00579708 0.00522455 0.00474595 0.00435848 0.00405973 0.00384776 0.00372116 
0.00413212 0.00417905 0.00432017 0.00455641 0.00488932 0.00532099 0.00585403 0.00649146 0.00723667 0.00809328 0.00906506 0.0101558 0.0113691 0.0127085 0.014177 0.0157771 0.0175107 0.0193787 0.0213815 0.0235179 0.025786 0.0281823 0.0307022 0.0333395 0.0360868 0.038935 0.0418735 0.0448905 0.0479726 0.0511052 0.0542724 0.0574571 0.0606415 0.0638068 0.0669335 0.0700018 0.0729917 0.0758829 0.0786556 0.0812902 0.0837676 0.0860699 0.0881798 0.0900816 0.0917607 0.0932043 0.0944011 0.0953419 0.0960192 0.0964277 0.0965643 0.0964277 0.0960192 0.0953419 0.0944011 0.0932043 0.0917607 0.0900816 0.0881798 0.0860699 0.0837676 0.0812902 0.0786556 0.0758829 0.0729917 0.0700018 0.0669335 0.0638068 0.0606415 0.0574571 0.0542724 0.0511052 0.0479726 0.0448905 0.0418735 0.038935 0.0360868 0.0333395 0.0307022 0.0281823 0.025786 0.0235179 0.0213815 0.0193787 0.0175107 0.0157771 0.014177 0.0127085 0.0113691 0.0101558 0.00906506 0.00809328 0.00723667 0.00649146 0.00585403 0.00532099 0.00488932 0.00455641 0.00432017 0.00417905 
0.00464767 0.00470007 0.00485761 0.00512132 0.00549287 0.00597453 0.00656912 0.00727993 0.00811061 0.00906506 0.0101473 0.0113615 0.0127115 0.0142008 0.0158329 0.0176101 0.0195345 0.0216069 0.0238274 0.0261947 0.0287062 0.0313582 0.0341452 0.0370602 0.0400949 0.0432391 0.0464812 0.0498078 0.0532043 0.0566544 0.0601406 0.0636443 0.0671458 0.0706244 0.074059 0.0774279 0.0807091 0.0838808 0.0869211 0.0898089 0.0925236 0.0950455 0.097356 0.099438 0.101276 0.102856 0.104165 0.105194 0.105935 0.106382 0.106531 0.106382 0.105935 0.105194 0.104165 0.102856 0.101276 0.099438 0.097356 0.0950455 0.0925236 0.0898089 0.0869211 0.0838808 0.0807091 0.0774279 0.074059 0.0706244 0.0671458 0.0636443 0.0601406 0.0566544 0.0532043 0.0498078 0.0464812 0.0432391 0.0400949 0.0370602 0.0341452 0.0313582 0.0287062 0.0261947 0.0238274 0.0216069 0.0195345 0.0176101 0.0158329 0.0142008 0.0127115 0.0113615 0.0101473 0.00906506 0.00811061 0.00727993 0.00656912 0.00597453 0.00549287 0.00512132 0.00485761 0.00470007 
0.00522821 0.00528673 0.00546266 0.00575711 0.00617189 0.00670948 0.00737293 0.00816578 0.009092 0.0101558 0.0113615 0.0127135 0.0142159 0.0158726 0.017687 0.0196617 0.0217987 0.0240986 0.0265614 0.0291854 0.0319676 0.0349035 0.037987 0.0412103 0.0445637 0.0480361 0.0516144 0.0552839 0.0590282 0.0628295 0.0666684 0.0705245 0.074376 0.0782006 0.0819748 0.085675 0.0892774 0.092758 0.0960931 0.0992597 0.102235 0.104999 0.10753 0.10981 0.111822 0.113552 0.114985 0.116111 0.116922 0.117411 0.117574 0.117411 0.116922 0.116111 0.114985 0.113552 0.111822 0.10981 0.10753 0.104999 0.102235 0.0992597 0.0960931 0.092758 0.0892774 0.085675 0.0819748 0.0782006 0.074376 0.0705245 0.0666684 0.0628295 0.0590282 0.0552839 0.0516144 0.0480361 0.0445637 0.0412103 0.037987 0.0349035 0.0319676 0.0291854 0.0265614 0.0240986 0.0217987 0.0196617 0.017687 0.0158726 0.0142159 0.0127135 0.0113615 0.0101558 0.009092 0.00816578 0.00737293 0.00670948 0.00617189 0.00575711 0.00546266 0.00528673 
0.00587626 0.00594157 0.00613788 0.00646642 0.00692915 0.00752873 0.00826849 0.00915225 0.0101843 0.0113691 0.0127115 0.0142159 0.0158869 0.0177286 0.0197444 0.0219372 0.0243086 0.0268596 0.0295894 0.0324962 0.0355764 0.0388248 0.0422344 0.0457963 0.0494999 0.0533325 0.0572796 0.061325 0.0654504 0.0696362 0.0738612 0.0781027 0.082337 0.0865394 0.0906845 0.0947464 0.0986991 0.102517 0.106173 0.109643 0.112903 0.11593 0.118701 0.121197 0.123399 0.125291 0.126858 0.12809 0.128977 0.129511 0.12969 0.129511 0.128977 0.12809 0.126858 0.125291 0.123399 0.121197 0.118701 0.11593 0.112903 0.109643 0.106173 0.102517 0.0986991 0.0947464 0.0906845 0.0865394 0.082337 0.0781027 0.0738612 0.0696362 0.0654504 0.061325 0.0572796 0.0533325 0.0494999 0.0457963 0.0422344 0.0388248 0.0355764 0.0324962 0.0295894 0.0268596 0.0243086 0.0219372 0.0197444 0.0177286 0.0158869 0.0142159 0.0127115 0.0113691 0.0101843 0.00915225 0.00826849 0.00752873 0.00692915 0.00646642 0.00613788 0.00594157 
0.00659421 0.00666698 0.00688574 0.00725178 0.00776725 0.00843502 0.00925869 0.0102424 0.0113907 0.0127085 0.0142008 0.0158726 0.0177286 0.0197731 0.0220096 0.0244411 0.0270694 0.0298948 0.0329166 0.0361324 0.039538 0.0431273 0.0468925 0.0508235 0.0549084 0.0591331 0.0634815 0.0679354 0.0724749 0.0770782 0.0817219 0.0863813 0.0910304 0.0956421 0.100189 0.104642 0.108973 0.113155 0.117158 0.120956 0.124523 0.127833 0.130863 0.133592 0.135998 0.138065 0.139778 0.141124 0.142092 0.142676 0.142871 0.142676 0.142092 0.141124 0.139778 0.138065 0.135998 0.133592 0.130863 0.127833 0.124523 0.120956 0.117158 0.113155 0.108973 0.104642 0.100189 0.0956421 0.0910304 0.0863813 0.0817219 0.0770782 0.0724749 0.0679354 0.0634815 0.0591331 0.0549084 0.0508235 0.0468925 0.0431273 0.039538 0.0361324 0.0329166 0.0298948 0.0270694 0.0244411 0.0220096 0.0197731 0.0177286 0.0158726 0.0142008 0.0127085 0.0113907 0.0102424 0.00925869 0.00843502 0.00776725 0.00725178 0.00688574 0.00666698 
0.00738428 0.00746521 0.00770849 0.00811552 0.0086886 0.00943086 0.0103462 0.0114389 0.0127141 0.014177 0.0158329 0.017687 0.0197444 0.0220096 0.0244864 0.0271775 0.0300847 0.0332083 0.0365471 0.040098 0.0438562 0.0478149 0.051965 0.0562954 0.0607925 0.0654407 0.0702222 0.0751169 0.0801027 0.0851558 0.0902505 0.0953596 0.100455 0.105506 0.110484 0.115357 0.120095 0.124667 0.129042 0.133191 0.137086 0.1407 0.144007 0.146984 0.149609 0.151864 0.153731 0.155198 0.156254 0.15689 0.157103 0.15689 0.156254 0.155198 0.153731 0.151864 0.149609 0.146984 0.144007 0.1407 0.137086 0.133191 0.129042 0.124667 0.120095 0.115357 0.110484 0.105506 0.100455 0.0953596 0.0902505 0.0851558 0.0801027 0.0751169 0.0702222 0.0654407 0.0607925 0.0562954 0.051965 0.0478149 0.0438562 0.040098 0.0365471 0.0332083 0.0300847 0.0271775 0.0244864 0.0220096 0.0197444 0.017687 0.0158329 0.014177 0.0127141 0.0114389 0.0103462 0.00943086 0.0086886 0.00811552 0.00770849 0.00746521 
0.00824846 0.00833826 0.00860816 0.00905969 0.00969532 0.0105184 0.0115331 0.0127442 0.014157 0.0157771 0.0176101 0.0196617 0.0219372 0.0244411 0.0271775 0.0301492 0.0333576 0.0368029 0.0404833 0.0443954 0.0485334 0.0528895 0.0574535 0.0622129 0.0671526 0.0722553 0.0775012 0.0828682 0.088332 0.0938663 0.0994431 0.105033 0.110604 0.116125 0.121562 0.126883 0.132053 0.137041 0.141811 0.146334 0.150579 0.154515 0.158116 0.161356 0.164214 0.166667 0.168699 0.170294 0.171443 0.172135 0.172366 0.172135 0.171443 0.170294 0.168699 0.166667 0.164214 0.161356 0.158116 0.154515 0.150579 0.146334 0.141811 0.137041 0.132053 0.126883 0.121562 0.116125 0.110604 0.105033 0.0994431 0.0938663 0.088332 0.0828682 0.0775012 0.0722553 0.0671526 0.0622129 0.0574535 0.0528895 0.0485334 0.0443954 0.0404833 0.0368029 0.0333576 0.0301492 0.0271775 0.0244411 0.0219372 0.0196617 0.0176101 0.0157771 0.014157 0.0127442 0.0115331 0.0105184 0.00969532 0.00905969 0.00860816 0.00833826 
0.00918838 0.00928774 0.00958639 0.010086 0.0107891 0.0116994 0.0128214 0.0141601 0.0157212 0.0175107 0.0195345 0.0217987 0.0243086 0.0270694 0.0300847 0.0333576 0.0368893 0.0406796 0.0447263 0.0490252 0.0535696 0.0583507 0.0633571 0.0685747 0.0739867 0.079574 0.0853147 0.0911845 0.0971568 0.103203 0.109292 0.115391 0.121468 0.127486 0.13341 0.139205 0.144833 0.15026 0.155449 0.160366 0.164979 0.169255 0.173166 0.176685 0.179787 0.182449 0.184654 0.186385 0.187631 0.188382 0.188633 0.188382 0.187631 0.186385 0.184654 0.182449 0.179787 0.176685 0.173166 0.169255 0.164979 0.160366 0.155449 0.15026 0.144833 0.139205 0.13341 0.127486 0.121468 0.115391 0.109292 0.103203 0.0971568 0.0911845 0.0853147 0.079574 0.0739867 0.0685747 0.0633571 0.0583507 0.0535696 0.0490252 0.0447263 0.0406796 0.0368893 0.0333576 0.0300847 0.0270694 0.0243086 0.0217987 0.0195345 0.0175107 0.0157212 0.0141601 0.0128214 0.0116994 0.0107891 0.010086 0.00958639 0.00928774 
0.0102052 0.0103149 0.0106444 0.0111955 0.0119712 0.0129751 0.0142121 0.0156877 0.0174078 0.0193787 0.0216069 0.0240986 0.0268596 0.0298948 0.0332083 0.0368029 0.0406796 0.0448379 0.0492749 0.0539856 0.0589626 0.0641957 0.069672 0.075376 0.0812892 0.0873902 0.093655 0.100057 0.106567 0.113154 0.119783 0.126421 0.13303 0.139573 0.14601 0.152303 0.158413 0.164301 0.169929 0.17526 0.180259 0.184892 0.189128 0.192938 0.196296 0.199177 0.201563 0.203437 0.204784 0.205596 0.205868 0.205596 0.204784 0.203437 0.201563 0.199177 0.196296 0.192938 0.189128 0.184892 0.180259 0.17526 0.169929 0.164301 0.158413 0.152303 0.14601 0.139573 0.13303 0.126421 0.119783 0.113154 0.106567 0.100057 0.093655 0.0873902 0.0812892 0.075376 0.069672 0.0641957 0.0589626 0.0539856 0.0492749 0.0448379 0.0406796 0.0368029 0.0332083 0.0298948 0.0268596 0.0240986 0.0216069 0.0193787 0.0174078 0.0156877 0.0142121 0.0129751 0.0119712 0.0111955 0.0106444 0.0103149 
0.0112998 0.0114204 0.0117829 0.0123891 0.0132421 0.014346 0.0157058 0.0173273 0.019217 0.0213815 0.0238274 0.0265614 0.0295894 0.0329166 0.0365471 0.0404833 0.0447263 0.0492749 0.0541256 0.0592726 0.0647074 0.0704185 0.0763915 0.0826092 0.089051 0.0956935 0.10251 0.109473 0.116548 0.123703 0.130901 0.138103 0.14527 0.152362 0.159336 0.16615 0.172763 0.179133 0.185219 0.190982 0.196384 0.201389 0.205964 0.210077 0.213701 0.216811 0.219385 0.221405 0.222859 0.223735 0.224028 0.223735 0.222859 0.221405 0.219385 0.216811 0.213701 0.210077 0.205964 0.201389 0.196384 0.190982 0.185219 0.179133 0.172763 0.16615 0.159336 0.152362 0.14527 0.138103 0.130901 0.123703 0.116548 0.109473 0.10251 0.0956935 0.089051 0.0826092 0.0763915 0.0704185 0.0647074 0.0592726 0.0541256 0.0492749 0.0447263 0.0404833 0.0365471 0.0329166 0.0295894 0.0265614 0.0238274 0.0213815 0.019217 0.0173273 0.0157058 0.014346 0.0132421 0.0123891 0.0117829 0.0114204 
0.0124721 0.0126044 0.0130019 0.0136667 0.0146019 0.0158119 0.0173021 0.0190787 0.0211482 0.0235179 0.0261947 0.0291854 0.0324962 0.0361324 0.040098 0.0443954 0.0490252 0.0539856 0.0592726 0.0648794 0.0707961 0.0770101 0.0835053 0.0902624 0.0972591 0.10447 0.111865 0.119413 0.127081 0.134829 0.14262 0.150411 0.15816 0.165824 0.173356 0.180713 0.187849 0.19472 0.201281 0.207492 0.213312 0.218702 0.223627 0.228054 0.231954 0.235299 0.238068 0.240241 0.241804 0.242746 0.243061 0.242746 0.241804 0.240241 0.238068 0.235299 0.231954 0.228054 0.223627 0.218702 0.213312 0.207492 0.201281 0.19472 0.187849 0.180713 0.173356 0.165824 0.15816 0.150411 0.14262 0.134829 0.127081 0.119413 0.111865 0.10447 0.0972591 0.0902624 0.0835053 0.0770101 0.0707961 0.0648794 0.0592726 0.0539856 0.0490252 0.0443954 0.040098 0.0361324 0.0324962 0.0291854 0.0261947 0.0235179 0.0211482 0.0190787 0.0173021 0.0158119 0.0146019 0.0136667 0.0130019 0.0126044 
0.0137216 0.0138663 0.0143009 0.0150275 0.0160497 0.0173719 0.0189999 0.0209402 0.0231997 0.025786 0.0287062 0.0319676 0.0355764 0.039538 0.0438562 0.0485334 0.0535696 0.0589626 0.0647074 0.0707961 0.0772178 0.0839582 0.0909994 0.0983204 0.105896 0.113699 0.121698 0.129857 0.138139 0.146505 0.154912 0.163314 0.171667 0.179923 0.188034 0.195952 0.203628 0.211016 0.218069 0.224741 0.230992 0.236778 0.242064 0.246814 0.250997 0.254585 0.257553 0.259883 0.261559 0.262568 0.262906 0.262568 0.261559 0.259883 0.257553 0.254585 0.250997 0.246814 0.242064 0.236778 0.230992 0.224741 0.218069 0.211016 0.203628 0.195952 0.188034 0.179923 0.171667 0.163314 0.154912 0.146505 0.138139 0.129857 0.121698 0.113699 0.105896 0.0983204 0.0909994 0.0839582 0.0772178 0.0707961 0.0647074 0.0589626 0.0535696 0.0485334 0.0438562 0.039538 0.0355764 0.0319676 0.0287062 0.025786 0.0231997 0.0209402 0.0189999 0.0173719 0.0160497 0.0150275 0.0143009 0.0138663 
0.0150472 0.0152048 0.0156784 0.0164702 0.0175838 0.0190241 0.020797 0.0229094 0.0253686 0.0281823 0.0313582 0.0349035 0.0388248 0.0431273 0.0478149 0.0528895 0.0583507 0.0641957 0.0704185 0.0770101 0.0839582 0.0912468 0.0988564 0.106764 0.114941 0.123359 0.131983 0.140775 0.149694 0.158699 0.167742 0.176776 0.185751 0.194618 0.203324 0.211819 0.220051 0.22797 0.235526 0.242673 0.249365 0.255558 0.261213 0.266293 0.270766 0.274602 0.277775 0.280265 0.282055 0.283134 0.283494 0.283134 0.282055 0.280265 0.277775 0.274602 0.270766 0.266293 0.261213 0.255558 0.249365 0.242673 0.235526 0.22797 0.220051 0.211819 0.203324 0.194618 0.185751 0.176776 0.167742 0.158699 0.149694 0.140775 0.131983 0.123359 0.114941 0.106764 0.0988564 0.0912468 0.0839582 0.0770101 0.0704185 0.0641957 0.0583507 0.0528895 0.0478149 0.0431273 0.0388248 0.0349035 0.0313582 0.0281823 0.0253686 0.0229094 0.020797 0.0190241 0.0175838 0.0164702 0.0156784 0.0152048 
0.0164467 0.0166179 0.0171324 0.0179924 0.0192018 0.0207657 0.0226903 0.0249827 0.0276507 0.0307022 0.0341452 0.037987 0.0422344 0.0468925 0.051965 0.0574535 0.0633571 0.069672 0.0763915 0.0835053 0.0909994 0.0988564 0.107055 0.115568 0.124368 0.133421 0.14269 0.152134 0.16171 0.171372 0.181069 0.190751 0.200366 0.209858 0.219175 0.22826 0.237061 0.245523 0.253594 0.261224 0.268365 0.274972 0.281004 0.28642 0.291188 0.295275 0.298656 0.301309 0.303216 0.304365 0.304749 0.304365 0.303216 0.301309 0.298656 0.295275 0.291188 0.28642 0.281004 0.274972 0.268365 0.261224 0.253594 0.245523 0.237061 0.22826 0.219175 0.209858 0.200366 0.190751 0.181069 0.171372 0.16171 0.152134 0.14269 0.133421 0.124368 0.115568 0.107055 0.0988564 0.0909994 0.0835053 0.0763915 0.069672 0.0633571 0.0574535 0.051965 0.0468925 0.0422344 0.037987 0.0341452 0.0307022 0.0276507 0.0249827 0.0226903 0.0207657 0.0192018 0.0179924 0.0171324 0.0166179 
0.0179173 0.0181027 0.0186598 0.0195909 0.0209002 0.0225928 0.0246754 0.0271553 0.0300406 0.0333395 0.0370602 0.0412103 0.0457963 0.0508235 0.0562954 0.0622129 0.0685747 0.075376 0.0826092 0.0902624 0.0983204 0.106764 0.115568 0.124707 0.134147 0.143853 0.153784 0.163897 0.174146 0.18448 0.194847 0.205192 0.215458 0.22559 0.235528 0.245215 0.254594 0.263607 0.272201 0.280322 0.287919 0.294946 0.301359 0.307116 0.312182 0.316524 0.320115 0.322932 0.324957 0.326177 0.326585 0.326177 0.324957 0.322932 0.320115 0.316524 0.312182 0.307116 0.301359 0.294946 0.287919 0.280322 0.272201 0.263607 0.254594 0.245215 0.235528 0.22559 0.215458 0.205192 0.194847 0.18448 0.174146 0.163897 0.153784 0.143853 0.134147 0.124707 0.115568 0.106764 0.0983204 0.0902624 0.0826092 0.075376 0.0685747 0.0622129 0.0562954 0.0508235 0.0457963 0.0412103 0.0370602 0.0333395 0.0300406 0.0271553 0.0246754 0.0225928 0.0209002 0.0195909 0.0186598 0.0181027 
0.0194552 0.0196553 0.0202566 0.0212616 0.0226744 0.0245006 0.026747 0.0294213 0.0325317 0.0360868 0.0400949 0.0445637 0.0494999 0.0549084 0.0607925 0.0671526 0.0739867 0.0812892 0.089051 0.0972591 0.105896 0.114941 0.124368 0.134147 0.144242 0.154616 0.165224 0.176021 0.186956 0.197975 0.209023 0.220042 0.230972 0.241751 0.25232 0.262617 0.27258 0.282152 0.291273 0.29989 0.307948 0.315398 0.322194 0.328294 0.33366 0.338258 0.342061 0.345043 0.347186 0.348478 0.348909 0.348478 0.347186 0.345043 0.342061 0.338258 0.33366 0.328294 0.322194 0.315398 0.307948 0.29989 0.291273 0.282152 0.27258 0.262617 0.25232 0.241751 0.230972 0.220042 0.209023 0.197975 0.186956 0.176021 0.165224 0.154616 0.144242 0.134147 0.124368 0.114941 0.105896 0.0972591 0.089051 0.0812892 0.0739867 0.0671526 0.0607925 0.0549084 0.0494999 0.0445637 0.0400949 0.0360868 0.0325317 0.0294213 0.026747 0.0245006 0.0226744 0.0212616 0.0202566 0.0196553 
0.0210558 0.0212712 0.0219181 0.0229993 0.024519 0.0264831 0.0288986 0.0317733 0.0351158 0.038935 0.0432391 0.0480361 0.0533325 0.0591331 0.0654407 0.0722553 0.079574 0.0873902 0.0956935 0.10447 0.113699 0.123359 0.133421 0.143853 0.154616 0.165669 0.176966 0.188457 0.200088 0.211802 0.22354 0.235241 0.246841 0.258275 0.26948 0.280391 0.290944 0.301077 0.310729 0.319843 0.328363 0.336237 0.343418 0.349861 0.355528 0.360383 0.364396 0.367544 0.369806 0.371168 0.371624 0.371168 0.369806 0.367544 0.364396 0.360383 0.355528 0.349861 0.343418 0.336237 0.328363 0.319843 0.310729 0.301077 0.290944 0.280391 0.26948 0.258275 0.246841 0.235241 0.22354 0.211802 0.200088 0.188457 0.176966 0.165669 0.154616 0.143853 0.133421 0.123359 0.113699 0.10447 0.0956935 0.0873902 0.079574 0.0722553 0.0654407 0.0591331 0.0533325 0.0480361 0.0432391 0.038935 0.0351158 0.0317733 0.0288986 0.0264831 0.024519 0.0229993 0.0219181 0.0212712 
0.0227136 0.0229446 0.0236384 0.024798 0.0264276 0.0285333 0.0311223 0.0342028 0.0377836 0.0418735 0.0464812 0.0516144 0.0572796 0.0634815 0.0702222 0.0775012 0.0853147 0.093655 0.10251 0.111865 0.121698 0.131983 0.14269 0.153784 0.165224 0.176966 0.18896 0.201152 0.213487 0.225902 0.238336 0.250723 0.262997 0.27509 0.286933 0.29846 0.309603 0.320298 0.330481 0.340092 0.349073 0.357371 0.364935 0.37172 0.377686 0.382796 0.387019 0.390331 0.392711 0.394144 0.394623 0.394144 0.392711 0.390331 0.387019 0.382796 0.377686 0.37172 0.364935 0.357371 0.349073 0.340092 0.330481 0.320298 0.309603 0.29846 0.286933 0.27509 0.262997 0.250723 0.238336 0.225902 0.213487 0.201152 0.18896 0.176966 0.165224 0.153784 0.14269 0.131983 0.121698 0.111865 0.10251 0.093655 0.0853147 0.0775012 0.0702222 0.0634815 0.0572796 0.0516144 0.0464812 0.0418735 0.0377836 0.0342028 0.0311223 0.0285333 0.0264276 0.024798 0.0236384 0.0229446 
0.024422 0.024669 0.0254109 0.0266505 0.0283925 0.030643 0.0334094 0.0367001 0.0405242 0.0448905 0.0498078 0.0552839 0.061325 0.0679354 0.0751169 0.0828682 0.0911845 0.100057 0.109473 0.119413 0.129857 0.140775 0.152134 0.163897 0.176021 0.188457 0.201152 0.214051 0.227092 0.240212 0.253343 0.266418 0.279366 0.292117 0.304598 0.316739 0.328471 0.339726 0.350437 0.360542 0.369981 0.378698 0.386643 0.393767 0.400029 0.405391 0.409823 0.413297 0.415793 0.417296 0.417799 0.417296 0.415793 0.413297 0.409823 0.405391 0.400029 0.393767 0.386643 0.378698 0.369981 0.360542 0.350437 0.339726 0.328471 0.316739 0.304598 0.292117 0.279366 0.266418 0.253343 0.240212 0.227092 0.214051 0.201152 0.188457 0.176021 0.163897 0.152134 0.140775 0.129857 0.119413 0.109473 0.100057 0.0911845 0.0828682 0.0751169 0.0679354 0.061325 0.0552839 0.0498078 0.0448905 0.0405242 0.0367001 0.0334094 0.030643 0.0283925 0.0266505 0.0254109 0.024669 
0.0261738 0.0264371 0.0272278 0.028549 0.0304053 0.032803 0.0357499 0.0392543 0.0433255 0.0479726 0.0532043 0.0590282 0.0654504 0.0724749 0.0801027 0.088332 0.0971568 0.106567 0.116548 0.127081 0.138139 0.149694 0.16171 0.174146 0.186956 0.200088 0.213487 0.227092 0.24084 0.254663 0.268491 0.282251 0.295871 0.309276 0.322391 0.335142 0.347458 0.359267 0.3705 0.381094 0.390985 0.400117 0.408437 0.415895 0.422449 0.42806 0.432696 0.436329 0.43894 0.440512 0.441037 0.440512 0.43894 0.436329 0.432696 0.42806 0.422449 0.415895 0.408437 0.400117 0.390985 0.381094 0.3705 0.359267 0.347458 0.335142 0.322391 0.309276 0.295871 0.282251 0.268491 0.254663 0.24084 0.227092 0.213487 0.200088 0.186956 0.174146 0.16171 0.149694 0.138139 0.127081 0.116548 0.106567 0.0971568 0.088332 0.0801027 0.0724749 0.0654504 0.0590282 0.0532043 0.0479726 0.0433255 0.0392543 0.0357499 0.032803 0.0304053 0.028549 0.0272278 0.0264371 
0.0279607 0.0282405 0.0290807 0.0304844 0.0324564 0.0350032 0.0381326 0.0418533 0.0461744 0.0511052 0.0566544 0.0628295 0.0696362 0.0770782 0.0851558 0.0938663 0.103203 0.113154 0.123703 0.134829 0.146505 0.158699 0.171372 0.18448 0.197975 0.211802 0.225902 0.240212 0.254663 0.269185 0.283704 0.298145 0.31243 0.326482 0.340224 0.353578 0.366469 0.378824 0.390572 0.401646 0.411982 0.421522 0.430209 0.437995 0.444834 0.450689 0.455524 0.459314 0.462037 0.463677 0.464224 0.463677 0.462037 0.459314 0.455524 0.450689 0.444834 0.437995 0.430209 0.421522 0.411982 0.401646 0.390572 0.378824 0.366469 0.353578 0.340224 0.326482 0.31243 0.298145 0.283704 0.269185 0.254663 0.240212 0.225902 0.211802 0.197975 0.18448 0.171372 0.158699 0.146505 0.134829 0.123703 0.113154 0.103203 0.0938663 0.0851558 0.0770782 0.0696362 0.0628295 0.0566544 0.0511052 0.0461744 0.0418533 0.0381326 0.0350032 0.0324564 0.0304844 0.0290807 0.0282405 
0.0297737 0.0300701 0.0309602 0.032447 0.0345356 0.0372325 0.0405456 0.0444838 0.0490563 0.0542724 0.0601406 0.0666684 0.0738612 0.0817219 0.0902505 0.0994431 0.109292 0.119783 0.130901 0.14262 0.154912 0.167742 0.181069 0.194847 0.209023 0.22354 0.238336 0.253343 0.268491 0.283704 0.298906 0.314018 0.328959 0.343649 0.358007 0.371953 0.385409 0.3983 0.410552 0.422096 0.432867 0.442803 0.451849 0.459954 0.467072 0.473164 0.478194 0.482136 0.484968 0.486673 0.487242 0.486673 0.484968 0.482136 0.478194 0.473164 0.467072 0.459954 0.451849 0.442803 0.432867 0.422096 0.410552 0.3983 0.385409 0.371953 0.358007 0.343649 0.328959 0.314018 0.298906 0.283704 0.268491 0.253343 0.238336 0.22354 0.209023 0.194847 0.181069 0.167742 0.154912 0.14262 0.130901 0.119783 0.109292 0.0994431 0.0902505 0.0817219 0.0738612 0.0666684 0.0601406 0.0542724 0.0490563 0.0444838 0.0405456 0.0372325 0.0345356 0.032447 0.0309602 0.0300701 
0.0316031 0.0319161 0.0328561 0.0344262 0.0366316 0.0394788 0.0429759 0.0471317 0.0519558 0.0574571 0.0636443 0.0705245 0.0781027 0.0863813 0.0953596 0.105033 0.115391 0.126421 0.138103 0.150411 0.163314 0.176776 0.190751 0.205192 0.220042 0.235241 0.250723 0.266418 0.282251 0.298145 0.314018 0.329789 0.345373 0.360687 0.375648 0.390173 0.40418 0.417593 0.430336 0.442337 0.453531 0.463853 0.473248 0.481662 0.48905 0.495371 0.50059 0.504679 0.507615 0.509384 0.509974 0.509384 0.507615 0.504679 0.50059 0.495371 0.48905 0.481662 0.473248 0.463853 0.453531 0.442337 0.430336 0.417593 0.40418 0.390173 0.375648 0.360687 0.345373 0.329789 0.314018 0.298145 0.282251 0.266418 0.250723 0.235241 0.220042 0.205192 0.190751 0.176776 0.163314 0.150411 0.138103 0.126421 0.115391 0.105033 0.0953596 0.0863813 0.0781027 0.0705245 0.0636443 0.0574571 0.0519558 0.0471317 0.0429759 0.0394788 0.0366316 0.0344262 0.0328561 0.0319161 
0.0334382 0.0337678 0.0347576 0.0364108 0.0387324 0.0417293 0.0454096 0.0497822 0.0548564 0.0606415 0.0671458 0.074376 0.082337 0.0910304 0.100455 0.110604 0.121468 0.13303 0.14527 0.15816 0.171667 0.185751 0.200366 0.215458 0.230972 0.246841 0.262997 0.279366 0.295871 0.31243 0.328959 0.345373 0.361585 0.377508 0.393055 0.408141 0.422684 0.436604 0.449822 0.462266 0.473868 0.484563 0.494294 0.503007 0.510655 0.517196 0.522597 0.526827 0.529865 0.531694 0.532305 0.531694 0.529865 0.526827 0.522597 0.517196 0.510655 0.503007 0.494294 0.484563 0.473868 0.462266 0.449822 0.436604 0.422684 0.408141 0.393055 0.377508 0.361585 0.345373 0.328959 0.31243 0.295871 0.279366 0.262997 0.246841 0.230972 0.215458 0.200366 0.185751 0.171667 0.15816 0.14527 0.13303 0.121468 0.110604 0.100455 0.0910304 0.082337 0.074376 0.0671458 0.0606415 0.0548564 0.0497822 0.0454096 0.0417293 0.0387324 0.0364108 0.0347576 0.0337678 
0.0352682 0.0356142 0.0366533 0.0383887 0.0408256 0.0439707 0.0478323 0.0524193 0.0577411 0.0638068 0.0706244 0.0782006 0.0865394 0.0956421 0.105506 0.116125 0.127486 0.139573 0.152362 0.165824 0.179923 0.194618 0.209858 0.22559 0.241751 0.258275 0.27509 0.292117 0.309276 0.326482 0.343649 0.360687 0.377508 0.39402 0.410134 0.425764 0.440824 0.455232 0.468908 0.481778 0.493772 0.504826 0.514879 0.523878 0.531775 0.538528 0.544102 0.548468 0.551602 0.553489 0.55412 0.553489 0.551602 0.548468 0.544102 0.538528 0.531775 0.523878 0.514879 0.504826 0.493772 0.481778 0.468908 0.455232 0.440824 0.425764 0.410134 0.39402 0.377508 0.360687 0.343649 0.326482 0.309276 0.292117 0.27509 0.258275 0.241751 0.22559 0.209858 0.194618 0.179923 0.165824 0.152362 0.139573 0.127486 0.116125 0.105506 0.0956421 0.0865394 0.0782006 0.0706244 0.0638068 0.0577411 0.0524193 0.0478323 0.0439707 0.0408256 0.0383887 0.0366533 0.0356142 
0.0370815 0.0374436 0.0385313 0.0403476 0.0428979 0.0461889 0.0502289 0.0550269 0.0605921 0.0669335 0.074059 0.0819748 0.0906845 0.100189 0.110484 0.121562 0.13341 0.14601 0.159336 0.173356 0.188034 0.203324 0.219175 0.235528 0.25232 0.26948 0.286933 0.304598 0.322391 0.340224 0.358007 0.375648 0.393055 0.410134 0.426795 0.442947 0.458503 0.473379 0.487494 0.500772 0.513141 0.524536 0.534897 0.544169 0.552303 0.559257 0.564996 0.56949 0.572717 0.574659 0.575308 0.574659 0.572717 0.56949 0.564996 0.559257 0.552303 0.544169 0.534897 0.524536 0.513141 0.500772 0.487494 0.473379 0.458503 0.442947 0.426795 0.410134 0.393055 0.375648 0.358007 0.340224 0.322391 0.304598 0.286933 0.26948 0.25232 0.235528 0.219175 0.203324 0.188034 0.173356 0.159336 0.14601 0.13341 0.121562 0.110484 0.100189 0.0906845 0.0819748 0.074059 0.0669335 0.0605921 0.0550269 0.0502289 0.0461889 0.0428979 0.0403476 0.0385313 0.0374436 
0.0388661 0.0392441 0.0403792 0.0422748 0.0449359 0.0483696 0.052584 0.0575881 0.0633911 0.0700018 0.0774279 0.085675 0.0947464 0.104642 0.115357 0.126883 0.139205 0.152303 0.16615 0.180713 0.195952 0.211819 0.22826 0.245215 0.262617 0.280391 0.29846 0.316739 0.335142 0.353578 0.371953 0.390173 0.408141 0.425764 0.442947 0.459598 0.475628 0.490949 0.505482 0.519147 0.531873 0.543592 0.554245 0.563775 0.572133 0.579278 0.585173 0.589788 0.593102 0.595096 0.595762 0.595096 0.593102 0.589788 0.585173 0.579278 0.572133 0.563775 0.554245 0.543592 0.531873 0.519147 0.505482 0.490949 0.475628 0.459598 0.442947 0.425764 0.408141 0.390173 0.371953 0.353578 0.335142 0.316739 0.29846 0.280391 0.262617 0.245215 0.22826 0.211819 0.195952 0.180713 0.16615 0.152303 0.139205 0.126883 0.115357 0.104642 0.0947464 0.085675 0.0774279 0.0700018 0.0633911 0.0575881 0.052584 0.0483696 0.0449359 0.0422748 0.0403792 0.0392441 
0.0406099 0.0410033 0.0421846 0.044157 0.0469259 0.0504981 0.0548818 0.060086 0.0661198 0.0729917 0.0807091 0.0892774 0.0986991 0.108973 0.120095 0.132053 0.144833 0.158413 0.172763 0.187849 0.203628 0.220051 0.237061 0.254594 0.27258 0.290944 0.309603 0.328471 0.347458 0.366469 0.385409 0.40418 0.422684 0.440824 0.458503 0.475628 0.492106 0.50785 0.522777 0.536808 0.549871 0.561896 0.572823 0.582596 0.591165 0.598489 0.60453 0.60926 0.612655 0.614698 0.61538 0.614698 0.612655 0.60926 0.60453 0.598489 0.591165 0.582596 0.572823 0.561896 0.549871 0.536808 0.522777 0.50785 0.492106 0.475628 0.458503 0.440824 0.422684 0.40418 0.385409 0.366469 0.347458 0.328471 0.309603 0.290944 0.27258 0.254594 0.237061 0.220051 0.203628 0.187849 0.172763 0.158413 0.144833 0.132053 0.120095 0.108973 0.0986991 0.0892774 0.0807091 0.0729917 0.0661198 0.060086 0.0548818 0.0504981 0.0469259 0.044157 0.0421846 0.0410033 
0.0423007 0.0427089 0.0439347 0.0459813 0.048854 0.0525597 0.0571066 0.0625036 0.0687596 0.0758829 0.0838808 0.092758 0.102517 0.113155 0.124667 0.137041 0.15026 0.164301 0.179133 0.19472 0.211016 0.22797 0.245523 0.263607 0.282152 0.301077 0.320298 0.339726 0.359267 0.378824 0.3983 0.417593 0.436604 0.455232 0.473379 0.490949 0.50785 0.523992 0.53929 0.553665 0.567042 0.579354 0.590538 0.600538 0.609304 0.616795 0.622973 0.627809 0.631279 0.633368 0.634066 0.633368 0.631279 0.627809 0.622973 0.616795 0.609304 0.600538 0.590538 0.579354 0.567042 0.553665 0.53929 0.523992 0.50785 0.490949 0.473379 0.455232 0.436604 0.417593 0.3983 0.378824 0.359267 0.339726 0.320298 0.301077 0.282152 0.263607 0.245523 0.22797 0.211016 0.19472 0.179133 0.164301 0.15026 0.137041 0.124667 0.113155 0.102517 0.092758 0.0838808 0.0758829 0.0687596 0.0625036 0.0571066 0.0525597 0.048854 0.0459813 0.0439347 0.0427089 
0.0439261 0.0443485 0.0456169 0.0477344 0.0507064 0.0545398 0.0592427 0.0648238 0.0712921 0.0786556 0.0869211 0.0960931 0.106173 0.117158 0.129042 0.141811 0.155449 0.169929 0.185219 0.201281 0.218069 0.235526 0.253594 0.272201 0.291273 0.310729 0.330481 0.350437 0.3705 0.390572 0.410552 0.430336 0.449822 0.468908 0.487494 0.505482 0.522777 0.53929 0.554934 0.569629 0.583299 0.595878 0.6073 0.617511 0.62646 0.634105 0.64041 0.645344 0.648885 0.651016 0.651727 0.651016 0.648885 0.645344 0.64041 0.634105 0.62646 0.617511 0.6073 0.595878 0.583299 0.569629 0.554934 0.53929 0.522777 0.505482 0.487494 0.468908 0.449822 0.430336 0.410552 0.390572 0.3705 0.350437 0.330481 0.310729 0.291273 0.272201 0.253594 0.235526 0.218069 0.201281 0.185219 0.169929 0.155449 0.141811 0.129042 0.117158 0.106173 0.0960931 0.0869211 0.0786556 0.0712921 0.0648238 0.0592427 0.0545398 0.0507064 0.0477344 0.0456169 0.0443485 
0.0454742 0.0459101 0.0472187 0.0494035 0.0524696 0.0564239 0.0612745 0.0670301 0.0736993 0.0812902 0.0898089 0.0992597 0.109643 0.120956 0.133191 0.146334 0.160366 0.17526 0.190982 0.207492 0.224741 0.242673 0.261224 0.280322 0.29989 0.319843 0.340092 0.360542 0.381094 0.401646 0.422096 0.442337 0.462266 0.481778 0.500772 0.519147 0.536808 0.553665 0.569629 0.584619 0.598561 0.611385 0.623027 0.633432 0.642549 0.650337 0.656757 0.661782 0.665387 0.667557 0.668281 0.667557 0.665387 0.661782 0.656757 0.650337 0.642549 0.633432 0.623027 0.611385 0.598561 0.584619 0.569629 0.553665 0.536808 0.519147 0.500772 0.481778 0.462266 0.442337 0.422096 0.401646 0.381094 0.360542 0.340092 0.319843 0.29989 0.280322 0.261224 0.242673 0.224741 0.207492 0.190982 0.17526 0.160366 0.146334 0.133191 0.120956 0.109643 0.0992597 0.0898089 0.0812902 0.0736993 0.0670301 0.0612745 0.0564239 0.0524696 0.0494035 0.0472187 0.0459101 
0.0469332 0.0473816 0.0487281 0.0509759 0.0541303 0.058198 0.0631871 0.0691063 0.0759639 0.0837676 0.0925236 0.102235 0.112903 0.124523 0.137086 0.150579 0.164979 0.180259 0.196384 0.213312 0.230992 0.249365 0.268365 0.287919 0.307948 0.328363 0.349073 0.369981 0.390985 0.411982 0.432867 0.453531 0.473868 0.493772 0.513141 0.531873 0.549871 0.567042 0.583299 0.598561 0.612751 0.625799 0.637642 0.648224 0.657494 0.665411 0.671938 0.677044 0.680708 0.682913 0.683649 0.682913 0.680708 0.677044 0.671938 0.665411 0.657494 0.648224 0.637642 0.625799 0.612751 0.598561 0.583299 0.567042 0.549871 0.531873 0.513141 0.493772 0.473868 0.453531 0.432867 0.411982 0.390985 0.369981 0.349073 0.328363 0.307948 0.287919 0.268365 0.249365 0.230992 0.213312 0.196384 0.180259 0.164979 0.150579 0.137086 0.124523 0.112903 0.102235 0.0925236 0.0837676 0.0759639 0.0691063 0.0631871 0.058198 0.0541303 0.0509759 0.0487281 0.0473816 
