0.000501582 0.000511175 0.000540127 0.000588963 0.000658547 0.000750076 0.000865065 0.00100533 0.00117295 0.00137026 0.0015998 0.00186429 0.00216654 0.00250947 0.00289597 0.00332891 0.003811 0.00434478 0.0049325 0.00557606 0.00627693 0.00703606 0.00785382 0.00872993 0.00966337 0.0106524 0.0116943 0.0127859 0.0139226 0.0150994 0.0163103 0.0175483 0.0188061 0.0200751 0.0213465 0.0226109 0.0238583 0.0250787 0.0262616 0.0273969 0.0284741 0.0294835 0.0304154 0.031261 0.0320118 0.0326605 0.0332005 0.0336264 0.0339338 0.0341195 0.0341816 0.0341195 0.0339338 0.0336264 0.0332005 0.0326605 0.0320118 0.031261 0.0304154 0.0294835 0.0284741 0.0273969 0.0262616 0.0250787 0.0238583 0.0226109 0.0213465 0.0200751 0.0188061 0.0175483 0.0163103 0.0150994 0.0139226 0.0127859 0.0116943 0.0106524 0.00966337 0.00872993 0.00785382 0.00703606 0.00627693 0.00557606 0.0049325 0.00434478 0.003811 0.00332891 0.00289597 0.00250947 0.00216654 0.00186429 0.0015998 0.00137026 0.00117295 0.00100533 0.000865065 0.000750076 0.000658547 0.000588963 0.000540127 0.000511175 
0.000511175 0.000520937 0.000550402 0.0006001 0.000670908 0.000764042 0.000881037 0.00102373 0.00119424 0.00139494 0.00162838 0.00189733 0.00220465 0.00255327 0.00294614 0.00338615 0.00387605 0.00441839 0.00501546 0.00566917 0.00638099 0.00715187 0.00798218 0.00887161 0.00981912 0.0108229 0.0118803 0.0129878 0.0141411 0.0153349 0.0165631 0.0178188 0.0190942 0.020381 0.0216701 0.0229519 0.0242164 0.0254534 0.0266524 0.0278029 0.0288946 0.0299174 0.0308617 0.0317184 0.0324791 0.0331363 0.0336834 0.0341148 0.0344262 0.0346143 0.0346772 0.0346143 0.0344262 0.0341148 0.0336834 0.0331363 0.0324791 0.0317184 0.0308617 0.0299174 0.0288946 0.0278029 0.0266524 0.0254534 0.0242164 0.0229519 0.0216701 0.020381 0.0190942 0.0178188 0.0165631 0.0153349 0.0141411 0.0129878 0.0118803 0.0108229 0.00981912 0.00887161 0.00798218 0.00715187 0.00638099 0.00566917 0.00501546 0.00441839 0.00387605 0.00338615 0.00294614 0.00255327 0.00220465 0.00189733 0.00162838 0.00139494 0.00119424 0.00102373 0.000881037 0.000764042 0.000670908 0.0006001 0.000550402 0.000520937 
0.000540127 0.000550402 0.000581411 0.000633708 0.000708208 0.000806179 0.000929223 0.00107925 0.00125848 0.00146936 0.00171457 0.00199697 0.00231954 0.00268533 0.00309737 0.00355868 0.00407208 0.00464022 0.00526544 0.00594969 0.00669447 0.00750073 0.0083688 0.00929832 0.0102882 0.0113364 0.0124402 0.013596 0.014799 0.0160439 0.0173243 0.0186328 0.0199616 0.0213017 0.0226439 0.0239781 0.0252939 0.0265808 0.0278279 0.0290243 0.0301593 0.0312225 0.0322039 0.0330941 0.0338845 0.0345673 0.0351356 0.0355837 0.0359071 0.0361025 0.0361679 0.0361025 0.0359071 0.0355837 0.0351356 0.0345673 0.0338845 0.0330941 0.0322039 0.0312225 0.0301593 0.0290243 0.0278279 0.0265808 0.0252939 0.0239781 0.0226439 0.0213017 0.0199616 0.0186328 0.0173243 0.0160439 0.014799 0.013596 0.0124402 0.0113364 0.0102882 0.00929832 0.0083688 0.00750073 0.00669447 0.00594969 0.00526544 0.00464022 0.00407208 0.00355868 0.00309737 0.00268533 0.00231954 0.00199697 0.00171457 0.00146936 0.00125848 0.00107925 0.000929223 0.000806179 0.000708208 0.000633708 0.000581411 0.000550402 
0.000588963 0.0006001 0.000633708 0.000690379 0.000771094 0.000877206 0.00101043 0.0011728 0.00136668 0.0015947 0.00185969 0.00216471 0.00251292 0.00290754 0.00335181 0.00384889 0.00440177 0.00501322 0.00568569 0.0064212 0.00722129 0.00808689 0.0090183 0.0100151 0.0110759 0.0121986 0.0133802 0.0146167 0.0159032 0.0172336 0.0186013 0.0199983 0.0214163 0.0228457 0.0242766 0.0256985 0.0271003 0.0284706 0.0297981 0.0310711 0.0322785 0.0334092 0.0344526 0.0353989 0.0362388 0.0369643 0.0375681 0.0380441 0.0383876 0.0385951 0.0386645 0.0385951 0.0383876 0.0380441 0.0375681 0.0369643 0.0362388 0.0353989 0.0344526 0.0334092 0.0322785 0.0310711 0.0297981 0.0284706 0.0271003 0.0256985 0.0242766 0.0228457 0.0214163 0.0199983 0.0186013 0.0172336 0.0159032 0.0146167 0.0133802 0.0121986 0.0110759 0.0100151 0.0090183 0.00808689 0.00722129 0.0064212 0.00568569 0.00501322 0.00440177 0.00384889 0.00335181 0.00290754 0.00251292 0.00216471 0.00185969 0.0015947 0.00136668 0.0011728 0.00101043 0.000877206 0.000771094 0.000690379 0.000633708 0.0006001 
0.000658547 0.000670908 0.000708208 0.000771094 0.000860634 0.000978306 0.00112597 0.00130587 0.00152055 0.00177287 0.00206594 0.00240303 0.00278758 0.00322307 0.003713 0.00426074 0.00486951 0.00554227 0.00628158 0.00708959 0.00796788 0.00891737 0.00993827 0.01103 0.012191 0.0134189 0.0147103 0.0160607 0.0174647 0.0189158 0.0204065 0.0219282 0.0234718 0.0250269 0.0265829 0.0281281 0.0296507 0.0311384 0.0325789 0.0339598 0.0352689 0.0364944 0.037625 0.0386499 0.0395595 0.040345 0.0409985 0.0415137 0.0418854 0.04211 0.0421851 0.04211 0.0418854 0.0415137 0.0409985 0.040345 0.0395595 0.0386499 0.037625 0.0364944 0.0352689 0.0339598 0.0325789 0.0311384 0.0296507 0.0281281 0.0265829 0.0250269 0.0234718 0.0219282 0.0204065 0.0189158 0.0174647 0.0160607 0.0147103 0.0134189 0.012191 0.01103 0.00993827 0.00891737 0.00796788 0.00708959 0.00628158 0.00554227 0.00486951 0.00426074 0.003713 0.00322307 0.00278758 0.00240303 0.00206594 0.00177287 0.00152055 0.00130587 0.00112597 0.000978306 0.000860634 0.000771094 0.000708208 0.000670908 
0.000750076 0.000764042 0.000806179 0.000877206 0.000978306 0.00111112 0.0012777 0.00148053 0.00172243 0.00200656 0.00233631 0.00271533 0.00314737 0.00363625 0.00418578 0.00479964 0.00548133 0.00623402 0.00706047 0.00796293 0.00894305 0.0100017 0.0111391 0.0123543 0.0136456 0.0150101 0.0164441 0.0179424 0.019499 0.0211065 0.0227566 0.02444 0.0261463 0.0278643 0.029582 0.0312869 0.0329658 0.0346053 0.036192 0.0377123 0.0391528 0.0405008 0.0417439 0.0428705 0.04387 0.0447329 0.0454506 0.0460164 0.0464245 0.0466711 0.0467535 0.0466711 0.0464245 0.0460164 0.0454506 0.0447329 0.04387 0.0428705 0.0417439 0.0405008 0.0391528 0.0377123 0.036192 0.0346053 0.0329658 0.0312869 0.029582 0.0278643 0.0261463 0.02444 0.0227566 0.0211065 0.019499 0.0179424 0.0164441 0.0150101 0.0136456 0.0123543 0.0111391 0.0100017 0.00894305 0.00796293 0.00706047 0.00623402 0.00548133 0.00479964 0.00418578 0.00363625 0.00314737 0.00271533 0.00233631 0.00200656 0.00172243 0.00148053 0.0012777 0.00111112 0.000978306 0.000877206 0.000806179 0.000764042 
0.000865065 0.000881037 0.000929223 0.00101043 0.00112597 0.0012777 0.00146792 0.00169939 0.00197527 0.00229908 0.00267462 0.00310591 0.00359713 0.00415251 0.00477625 0.0054724 0.00624477 0.00709682 0.00803152 0.00905128 0.0101578 0.0113519 0.0126336 0.0140018 0.0154544 0.0169881 0.0185985 0.0202796 0.0220247 0.0238255 0.0256725 0.0275554 0.0294624 0.0313811 0.0332982 0.0351996 0.0370709 0.0388973 0.0406638 0.0423554 0.0439576 0.0454561 0.0468375 0.0480889 0.0491988 0.0501567 0.0509533 0.0515811 0.052034 0.0523075 0.0523989 0.0523075 0.052034 0.0515811 0.0509533 0.0501567 0.0491988 0.0480889 0.0468375 0.0454561 0.0439576 0.0423554 0.0406638 0.0388973 0.0370709 0.0351996 0.0332982 0.0313811 0.0294624 0.0275554 0.0256725 0.0238255 0.0220247 0.0202796 0.0185985 0.0169881 0.0154544 0.0140018 0.0126336 0.0113519 0.0101578 0.00905128 0.00803152 0.00709682 0.00624477 0.0054724 0.00477625 0.00415251 0.00359713 0.00310591 0.00267462 0.00229908 0.00197527 0.00169939 0.00146792 0.0012777 0.00112597 0.00101043 0.000929223 0.000881037 
0.00100533 0.00102373 0.00107925 0.0011728 0.00130587 0.00148053 0.00169939 0.00196556 0.00228259 0.00265443 0.00308535 0.00357985 0.00414259 0.00477829 0.00549161 0.00628702 0.00716873 0.0081405 0.00920557 0.0103665 0.011625 0.0129819 0.0144369 0.0159888 0.017635 0.0193714 0.0211931 0.0230932 0.0250638 0.0270957 0.0291781 0.0312991 0.0334458 0.035604 0.0377588 0.0398946 0.0419951 0.0440439 0.0460244 0.0479199 0.0497143 0.0513918 0.0529375 0.0543372 0.0555782 0.0566489 0.0575392 0.0582406 0.0587465 0.059052 0.0591542 0.059052 0.0587465 0.0582406 0.0575392 0.0566489 0.0555782 0.0543372 0.0529375 0.0513918 0.0497143 0.0479199 0.0460244 0.0440439 0.0419951 0.0398946 0.0377588 0.035604 0.0334458 0.0312991 0.0291781 0.0270957 0.0250638 0.0230932 0.0211931 0.0193714 0.017635 0.0159888 0.0144369 0.0129819 0.011625 0.0103665 0.00920557 0.0081405 0.00716873 0.00628702 0.00549161 0.00477829 0.00414259 0.00357985 0.00308535 0.00265443 0.00228259 0.00196556 0.00169939 0.00148053 0.00130587 0.0011728 0.00107925 0.00102373 
0.00117295 0.00119424 0.00125848 0.00136668 0.00152055 0.00172243 0.00197527 0.00228259 0.0026484 0.00307715 0.00357364 0.00414294 0.00479027 0.00552091 0.00634003 0.00725261 0.00826328 0.00937618 0.0105948 0.0119218 0.0133591 0.0149073 0.016566 0.0183335 0.0202066 0.0221807 0.0242498 0.0264062 0.0286407 0.0309426 0.0332998 0.0356989 0.038125 0.0405624 0.0429941 0.0454027 0.04777 0.0500775 0.0523067 0.0544391 0.0564567 0.0583419 0.0600782 0.06165 0.063043 0.0642445 0.0652433 0.0660301 0.0665974 0.06694 0.0670545 0.06694 0.0665974 0.0660301 0.0652433 0.0642445 0.063043 0.06165 0.0600782 0.0583419 0.0564567 0.0544391 0.0523067 0.0500775 0.04777 0.0454027 0.0429941 0.0405624 0.038125 0.0356989 0.0332998 0.0309426 0.0286407 0.0264062 0.0242498 0.0221807 0.0202066 0.0183335 0.016566 0.0149073 0.0133591 0.0119218 0.0105948 0.00937618 0.00826328 0.00725261 0.00634003 0.00552091 0.00479027 0.00414294 0.00357364 0.00307715 0.0026484 0.00228259 0.00197527 0.00172243 0.00152055 0.00136668 0.00125848 0.00119424 
0.00137026 0.00139494 0.00146936 0.0015947 0.00177287 0.00200656 0.00229908 0.00265443 0.00307715 0.00357225 0.00414516 0.00480158 0.00554736 0.0063884 0.00733048 0.00837913 0.00953946 0.010816 0.0122125 0.0137319 0.015376 0.0171453 0.0190393 0.0210555 0.0231903 0.0254383 0.0277922 0.0302433 0.0327811 0.0353932 0.0380659 0.0407838 0.0435303 0.0462873 0.049036 0.0517566 0.0544287 0.0570317 0.0595448 0.0619475 0.0642195 0.0663415 0.068295 0.0700627 0.0716288 0.0729791 0.0741014 0.0749852 0.0756225 0.0760072 0.0761359 0.0760072 0.0756225 0.0749852 0.0741014 0.0729791 0.0716288 0.0700627 0.068295 0.0663415 0.0642195 0.0619475 0.0595448 0.0570317 0.0544287 0.0517566 0.049036 0.0462873 0.0435303 0.0407838 0.0380659 0.0353932 0.0327811 0.0302433 0.0277922 0.0254383 0.0231903 0.0210555 0.0190393 0.0171453 0.015376 0.0137319 0.0122125 0.010816 0.00953946 0.00837913 0.00733048 0.0063884 0.00554736 0.00480158 0.00414516 0.00357225 0.00307715 0.00265443 0.00229908 0.00200656 0.00177287 0.0015947 0.00146936 0.00139494 
0.0015998 0.00162838 0.00171457 0.00185969 0.00206594 0.00233631 0.00267462 0.00308535 0.00357364 0.00414516 0.00480602 0.00556262 0.00642154 0.00738937 0.00847255 0.00967721 0.011009 0.0124728 0.0140728 0.015812 0.0176922 0.0197138 0.0218758 0.0241753 0.0266079 0.0291671 0.0318446 0.0346303 0.0375119 0.0404754 0.0435052 0.0465837 0.0496921 0.0528101 0.0559164 0.0589887 0.0620043 0.06494 0.0677726 0.0704792 0.0730372 0.0754252 0.0776225 0.0796101 0.0813703 0.0828876 0.0841483 0.0851409 0.0858565 0.0862885 0.0864329 0.0862885 0.0858565 0.0851409 0.0841483 0.0828876 0.0813703 0.0796101 0.0776225 0.0754252 0.0730372 0.0704792 0.0677726 0.06494 0.0620043 0.0589887 0.0559164 0.0528101 0.0496921 0.0465837 0.0435052 0.0404754 0.0375119 0.0346303 0.0318446 0.0291671 0.0266079 0.0241753 0.0218758 0.0197138 0.0176922 0.015812 0.0140728 0.0124728 0.011009 0.00967721 0.00847255 0.00738937 0.00642154 0.00556262 0.00480602 0.00414516 0.00357364 0.00308535 0.00267462 0.00233631 0.00206594 0.00185969 0.00171457 0.00162838 
0.00186429 0.00189733 0.00199697 0.00216471 0.00240303 0.00271533 0.00310591 0.00357985 0.00414294 0.00480158 0.00556262 0.00643327 0.00742088 0.0085328 0.00977621 0.0111579 0.012684 0.01436 0.0161902 0.0181779 0.0203248 0.0226311 0.0250953 0.0277139 0.0304815 0.0333906 0.0364316 0.0395925 0.0428596 0.0462167 0.0496461 0.0531278 0.0566405 0.0601614 0.0636664 0.0671307 0.0705288 0.0738346 0.0770224 0.0800666 0.0829422 0.0856253 0.088093 0.0903243 0.0922998 0.094002 0.0954159 0.096529 0.0973313 0.0978156 0.0979775 0.0978156 0.0973313 0.096529 0.0954159 0.094002 0.0922998 0.0903243 0.088093 0.0856253 0.0829422 0.0800666 0.0770224 0.0738346 0.0705288 0.0671307 0.0636664 0.0601614 0.0566405 0.0531278 0.0496461 0.0462167 0.0428596 0.0395925 0.0364316 0.0333906 0.0304815 0.0277139 0.0250953 0.0226311 0.0203248 0.0181779 0.0161902 0.01436 0.012684 0.0111579 0.00977621 0.0085328 0.00742088 0.00643327 0.00556262 0.00480158 0.00414294 0.00357985 0.00310591 0.00271533 0.00240303 0.00216471 0.00199697 0.00189733 
0.00216654 0.00220465 0.00231954 0.00251292 0.00278758 0.00314737 0.00359713 0.00414259 0.00479027 0.00554736 0.00642154 0.00742088 0.00855358 0.00982783 0.0112516 0.0128323 0.0145768 0.0164909 0.0185793 0.0208454 0.0232907 0.0259153 0.028717 0.0316917 0.0348328 0.0381316 0.0415768 0.0451549 0.0488499 0.0526436 0.0565156 0.0604436 0.0644035 0.0683696 0.0723149 0.0762115 0.080031 0.0837444 0.087323 0.0907385 0.093963 0.0969701 0.0997347 0.102233 0.104445 0.106349 0.107931 0.109176 0.110074 0.110615 0.110796 0.110615 0.110074 0.109176 0.107931 0.106349 0.104445 0.102233 0.0997347 0.0969701 0.093963 0.0907385 0.087323 0.0837444 0.080031 0.0762115 0.0723149 0.0683696 0.0644035 0.0604436 0.0565156 0.0526436 0.0488499 0.0451549 0.0415768 0.0381316 0.0348328 0.0316917 0.028717 0.0259153 0.0232907 0.0208454 0.0185793 0.0164909 0.0145768 0.0128323 0.0112516 0.00982783 0.00855358 0.00742088 0.00642154 0.00554736 0.00479027 0.00414259 0.00359713 0.00314737 0.00278758 0.00251292 0.00231954 0.00220465 
0.00250947 0.00255327 0.00268533 0.00290754 0.00322307 0.00363625 0.00415251 0.00477829 0.00552091 0.0063884 0.00738937 0.0085328 0.00982783 0.0112835 0.0129087 0.0147115 0.0166994 0.0188786 0.0212543 0.0238296 0.0266064 0.0295839 0.0327596 0.0361282 0.0396822 0.0434113 0.0473025 0.0513402 0.0555063 0.05978 0.0641384 0.0685562 0.0730062 0.0774598 0.0818867 0.086256 0.0905357 0.0946939 0.0986986 0.102518 0.106123 0.109482 0.11257 0.115359 0.117826 0.119951 0.121715 0.123103 0.124103 0.124707 0.124909 0.124707 0.124103 0.123103 0.121715 0.119951 0.117826 0.115359 0.11257 0.109482 0.106123 0.102518 0.0986986 0.0946939 0.0905357 0.086256 0.0818867 0.0774598 0.0730062 0.0685562 0.0641384 0.05978 0.0555063 0.0513402 0.0473025 0.0434113 0.0396822 0.0361282 0.0327596 0.0295839 0.0266064 0.0238296 0.0212543 0.0188786 0.0166994 0.0147115 0.0129087 0.0112835 0.00982783 0.0085328 0.00738937 0.0063884 0.00552091 0.00477829 0.00415251 0.00363625 0.00322307 0.00290754 0.00268533 0.00255327 
0.00289597 0.00294614 0.00309737 0.00335181 0.003713 0.00418578 0.00477625 0.00549161 0.00634003 0.00733048 0.00847255 0.00977621 0.0112516 0.0129087 0.0147572 0.016806 0.0190632 0.0215356 0.0242285 0.0271451 0.030287 0.0336531 0.0372399 0.0410414 0.0450483 0.049249 0.0536283 0.0581687 0.0628493 0.0676468 0.0725352 0.0774861 0.0824692 0.0874524 0.0924021 0.0972836 0.102062 0.106701 0.111167 0.115423 0.119438 0.123178 0.126613 0.129715 0.132458 0.134819 0.136779 0.138321 0.139432 0.140103 0.140327 0.140103 0.139432 0.138321 0.136779 0.134819 0.132458 0.129715 0.126613 0.123178 0.119438 0.115423 0.111167 0.106701 0.102062 0.0972836 0.0924021 0.0874524 0.0824692 0.0774861 0.0725352 0.0676468 0.0628493 0.0581687 0.0536283 0.049249 0.0450483 0.0410414 0.0372399 0.0336531 0.030287 0.0271451 0.0242285 0.0215356 0.0190632 0.016806 0.0147572 0.0129087 0.0112516 0.00977621 0.00847255 0.00733048 0.00634003 0.00549161 0.00477625 0.00418578 0.003713 0.00335181 0.00309737 0.00294614 
0.00332891 0.00338615 0.00355868 0.00384889 0.00426074 0.00479964 0.0054724 0.00628702 0.00725261 0.00837913 0.00967721 0.0111579 0.0128323 0.0147115 0.016806 0.0191256 0.021679 0.0244733 0.0275141 0.0308047 0.0343462 0.0381371 0.042173 0.0464465 0.050947 0.0556608 0.0605709 0.0656569 0.0708954 0.0762602 0.081722 0.0872491 0.0928076 0.0983618 0.103874 0.109307 0.114621 0.119777 0.124737 0.129462 0.133915 0.138062 0.141869 0.145305 0.148343 0.150957 0.153126 0.154832 0.156061 0.156803 0.15705 0.156803 0.156061 0.154832 0.153126 0.150957 0.148343 0.145305 0.141869 0.138062 0.133915 0.129462 0.124737 0.119777 0.114621 0.109307 0.103874 0.0983618 0.0928076 0.0872491 0.081722 0.0762602 0.0708954 0.0656569 0.0605709 0.0556608 0.050947 0.0464465 0.042173 0.0381371 0.0343462 0.0308047 0.0275141 0.0244733 0.021679 0.0191256 0.016806 0.0147115 0.0128323 0.0111579 0.00967721 0.00837913 0.00725261 0.00628702 0.0054724 0.00479964 0.00426074 0.00384889 0.00355868 0.00338615 
0.003811 0.00387605 0.00407208 0.00440177 0.00486951 0.00548133 0.00624477 0.00716873 0.00826328 0.00953946 0.011009 0.012684 0.0145768 0.0166994 0.0190632 0.021679 0.0245558 0.0277015 0.0311216 0.0348194 0.0387956 0.043048 0.0475711 0.0523561 0.0573908 0.0626594 0.0681423 0.0738168 0.0796563 0.0856313 0.0917091 0.0978545 0.10403 0.110195 0.11631 0.122331 0.128217 0.133924 0.139409 0.144632 0.149552 0.154131 0.158333 0.162123 0.165473 0.168355 0.170745 0.172625 0.173979 0.174795 0.175068 0.174795 0.173979 0.172625 0.170745 0.168355 0.165473 0.162123 0.158333 0.154131 0.149552 0.144632 0.139409 0.133924 0.128217 0.122331 0.11631 0.110195 0.10403 0.0978545 0.0917091 0.0856313 0.0796563 0.0738168 0.0681423 0.0626594 0.0573908 0.0523561 0.0475711 0.043048 0.0387956 0.0348194 0.0311216 0.0277015 0.0245558 0.021679 0.0190632 0.0166994 0.0145768 0.012684 0.011009 0.00953946 0.00826328 0.00716873 0.00624477 0.00548133 0.00486951 0.00440177 0.00407208 0.00387605 
0.00434478 0.00441839 0.00464022 0.00501322 0.00554227 0.00623402 0.00709682 0.0081405 0.00937618 0.010816 0.0124728 0.01436 0.0164909 0.0188786 0.0215356 0.0244733 0.0277015 0.0312282 0.0350593 0.0391977 0.0436438 0.0483944 0.0534428 0.0587787 0.064388 0.0702525 0.0763501 0.082655 0.0891375 0.0957646 0.1025 0.109304 0.116136 0.122952 0.129706 0.136352 0.142843 0.149133 0.155174 0.160923 0.166336 0.17137 0.175987 0.180151 0.183828 0.186991 0.189614 0.191677 0.193161 0.194057 0.194356 0.194057 0.193161 0.191677 0.189614 0.186991 0.183828 0.180151 0.175987 0.17137 0.166336 0.160923 0.155174 0.149133 0.142843 0.136352 0.129706 0.122952 0.116136 0.109304 0.1025 0.0957646 0.0891375 0.082655 0.0763501 0.0702525 0.064388 0.0587787 0.0534428 0.0483944 0.0436438 0.0391977 0.0350593 0.0312282 0.0277015 0.0244733 0.0215356 0.0188786 0.0164909 0.01436 0.0124728 0.010816 0.00937618 0.0081405 0.00709682 0.00623402 0.00554227 0.00501322 0.00464022 0.00441839 
0.0049325 0.00501546 0.00526544 0.00568569 0.00628158 0.00706047 0.00803152 0.00920557 0.0105948 0.0122125 0.0140728 0.0161902 0.0185793 0.0212543 0.0242285 0.0275141 0.0311216 0.0350593 0.039333 0.0439455 0.0488965 0.0541817 0.0597931 0.0657187 0.0719422 0.0784428 0.0851958 0.092172 0.0993383 0.106658 0.114091 0.121593 0.129119 0.136621 0.14405 0.151354 0.158482 0.165384 0.17201 0.178311 0.184239 0.189749 0.194801 0.199355 0.203375 0.206832 0.209697 0.211949 0.213571 0.214549 0.214875 0.214549 0.213571 0.211949 0.209697 0.206832 0.203375 0.199355 0.194801 0.189749 0.184239 0.178311 0.17201 0.165384 0.158482 0.151354 0.14405 0.136621 0.129119 0.121593 0.114091 0.106658 0.0993383 0.092172 0.0851958 0.0784428 0.0719422 0.0657187 0.0597931 0.0541817 0.0488965 0.0439455 0.039333 0.0350593 0.0311216 0.0275141 0.0242285 0.0212543 0.0185793 0.0161902 0.0140728 0.0122125 0.0105948 0.00920557 0.00803152 0.00706047 0.00628158 0.00568569 0.00526544 0.00501546 
0.00557606 0.00566917 0.00594969 0.0064212 0.00708959 0.00796293 0.00905128 0.0103665 0.0119218 0.0137319 0.015812 0.0181779 0.0208454 0.0238296 0.0271451 0.0308047 0.0348194 0.0391977 0.0439455 0.0490652 0.0545554 0.060411 0.0666224 0.0731755 0.0800517 0.0872274 0.0946749 0.102361 0.11025 0.118301 0.126468 0.134705 0.142961 0.151184 0.159319 0.167311 0.175106 0.182648 0.189883 0.196758 0.203222 0.209228 0.214731 0.219689 0.224065 0.227825 0.230942 0.233391 0.235154 0.236217 0.236572 0.236217 0.235154 0.233391 0.230942 0.227825 0.224065 0.219689 0.214731 0.209228 0.203222 0.196758 0.189883 0.182648 0.175106 0.167311 0.159319 0.151184 0.142961 0.134705 0.126468 0.118301 0.11025 0.102361 0.0946749 0.0872274 0.0800517 0.0731755 0.0666224 0.060411 0.0545554 0.0490652 0.0439455 0.0391977 0.0348194 0.0308047 0.0271451 0.0238296 0.0208454 0.0181779 0.015812 0.0137319 0.0119218 0.0103665 0.00905128 0.00796293 0.00708959 0.0064212 0.00594969 0.00566917 
0.00627693 0.00638099 0.00669447 0.00722129 0.00796788 0.00894305 0.0101578 0.011625 0.0133591 0.015376 0.0176922 0.0203248 0.0232907 0.0266064 0.030287 0.0343462 0.0387956 0.0436438 0.0488965 0.0545554 0.0606186 0.0670793 0.0739262 0.0811431 0.0887088 0.0965968 0.104776 0.11321 0.121858 0.130675 0.139612 0.148617 0.157635 0.166609 0.17548 0.184189 0.192675 0.20088 0.208746 0.216215 0.223234 0.229751 0.235719 0.241094 0.245835 0.249909 0.253283 0.255934 0.257842 0.258992 0.259377 0.258992 0.257842 0.255934 0.253283 0.249909 0.245835 0.241094 0.235719 0.229751 0.223234 0.216215 0.208746 0.20088 0.192675 0.184189 0.17548 0.166609 0.157635 0.148617 0.139612 0.130675 0.121858 0.11321 0.104776 0.0965968 0.0887088 0.0811431 0.0739262 0.0670793 0.0606186 0.0545554 0.0488965 0.0436438 0.0387956 0.0343462 0.030287 0.0266064 0.0232907 0.0203248 0.0176922 0.015376 0.0133591 0.011625 0.0101578 0.00894305 0.00796788 0.00722129 0.00669447 0.00638099 
0.00703606 0.00715187 0.00750073 0.00808689 0.00891737 0.0100017 0.0113519 0.0129819 0.0149073 0.0171453 0.0197138 0.0226311 0.0259153 0.0295839 0.0336531 0.0381371 0.043048 0.0483944 0.0541817 0.060411 0.0670793 0.0741782 0.0816946 0.0896098 0.0978997 0.106535 0.11548 0.124695 0.134136 0.143752 0.15349 0.163294 0.173103 0.182855 0.192488 0.201937 0.211137 0.220026 0.22854 0.23662 0.244208 0.251249 0.257693 0.263494 0.268609 0.273002 0.27664 0.279497 0.281553 0.282792 0.283206 0.282792 0.281553 0.279497 0.27664 0.273002 0.268609 0.263494 0.257693 0.251249 0.244208 0.23662 0.22854 0.220026 0.211137 0.201937 0.192488 0.182855 0.173103 0.163294 0.15349 0.143752 0.134136 0.124695 0.11548 0.106535 0.0978997 0.0896098 0.0816946 0.0741782 0.0670793 0.060411 0.0541817 0.0483944 0.043048 0.0381371 0.0336531 0.0295839 0.0259153 0.0226311 0.0197138 0.0171453 0.0149073 0.0129819 0.0113519 0.0100017 0.00891737 0.00808689 0.00750073 0.00715187 
0.00785382 0.00798218 0.0083688 0.0090183 0.00993827 0.0111391 0.0126336 0.0144369 0.016566 0.0190393 0.0218758 0.0250953 0.028717 0.0327596 0.0372399 0.042173 0.0475711 0.0534428 0.0597931 0.0666224 0.0739262 0.0816946 0.0899121 0.0985576 0.107604 0.117018 0.126761 0.136789 0.147052 0.157496 0.168064 0.178692 0.189317 0.199871 0.210287 0.220495 0.230427 0.240015 0.249193 0.257896 0.266064 0.273639 0.280567 0.286801 0.292295 0.297011 0.300916 0.303982 0.306188 0.307517 0.307961 0.307517 0.306188 0.303982 0.300916 0.297011 0.292295 0.286801 0.280567 0.273639 0.266064 0.257896 0.249193 0.240015 0.230427 0.220495 0.210287 0.199871 0.189317 0.178692 0.168064 0.157496 0.147052 0.136789 0.126761 0.117018 0.107604 0.0985576 0.0899121 0.0816946 0.0739262 0.0666224 0.0597931 0.0534428 0.0475711 0.042173 0.0372399 0.0327596 0.028717 0.0250953 0.0218758 0.0190393 0.016566 0.0144369 0.0126336 0.0111391 0.00993827 0.0090183 0.0083688 0.00798218 
0.00872993 0.00887161 0.00929832 0.0100151 0.01103 0.0123543 0.0140018 0.0159888 0.0183335 0.0210555 0.0241753 0.0277139 0.0316917 0.0361282 0.0410414 0.0464465 0.0523561 0.0587787 0.0657187 0.0731755 0.0811431 0.0896098 0.0985576 0.107963 0.117794 0.128016 0.138585 0.149453 0.160565 0.171862 0.183282 0.194758 0.206219 0.217594 0.22881 0.239793 0.25047 0.260769 0.27062 0.279955 0.288709 0.296824 0.304242 0.310912 0.316788 0.32183 0.326004 0.32928 0.331636 0.333056 0.33353 0.333056 0.331636 0.32928 0.326004 0.32183 0.316788 0.310912 0.304242 0.296824 0.288709 0.279955 0.27062 0.260769 0.25047 0.239793 0.22881 0.217594 0.206219 0.194758 0.183282 0.171862 0.160565 0.149453 0.138585 0.128016 0.117794 0.107963 0.0985576 0.0896098 0.0811431 0.0731755 0.0657187 0.0587787 0.0523561 0.0464465 0.0410414 0.0361282 0.0316917 0.0277139 0.0241753 0.0210555 0.0183335 0.0159888 0.0140018 0.0123543 0.01103 0.0100151 0.00929832 0.00887161 
0.00966337 0.00981912 0.0102882 0.0110759 0.012191 0.0136456 0.0154544 0.017635 0.0202066 0.0231903 0.0266079 0.0304815 0.0348328 0.0396822 0.0450483 0.050947 0.0573908 0.064388 0.0719422 0.0800517 0.0887088 0.0978997 0.107604 0.117794 0.128437 0.139491 0.15091 0.162641 0.174624 0.186795 0.199087 0.211427 0.22374 0.23595 0.247978 0.259746 0.271177 0.282195 0.292725 0.302696 0.312041 0.320697 0.328605 0.335713 0.341971 0.347339 0.351781 0.355266 0.357772 0.359282 0.359787 0.359282 0.357772 0.355266 0.351781 0.347339 0.341971 0.335713 0.328605 0.320697 0.312041 0.302696 0.292725 0.282195 0.271177 0.259746 0.247978 0.23595 0.22374 0.211427 0.199087 0.186795 0.174624 0.162641 0.15091 0.139491 0.128437 0.117794 0.107604 0.0978997 0.0887088 0.0800517 0.0719422 0.064388 0.0573908 0.050947 0.0450483 0.0396822 0.0348328 0.0304815 0.0266079 0.0231903 0.0202066 0.017635 0.0154544 0.0136456 0.012191 0.0110759 0.0102882 0.00981912 
0.0106524 0.0108229 0.0113364 0.0121986 0.0134189 0.0150101 0.0169881 0.0193714 0.0221807 0.0254383 0.0291671 0.0333906 0.0381316 0.0434113 0.049249 0.0556608 0.0626594 0.0702525 0.0784428 0.0872274 0.0965968 0.106535 0.117018 0.128016 0.139491 0.151399 0.163688 0.1763 0.189171 0.202232 0.21541 0.228627 0.241803 0.254856 0.267704 0.280264 0.292453 0.304191 0.315401 0.326009 0.335943 0.345139 0.353536 0.361078 0.367716 0.373407 0.378114 0.381807 0.384462 0.386061 0.386595 0.386061 0.384462 0.381807 0.378114 0.373407 0.367716 0.361078 0.353536 0.345139 0.335943 0.326009 0.315401 0.304191 0.292453 0.280264 0.267704 0.254856 0.241803 0.228627 0.21541 0.202232 0.189171 0.1763 0.163688 0.151399 0.139491 0.128016 0.117018 0.106535 0.0965968 0.0872274 0.0784428 0.0702525 0.0626594 0.0556608 0.049249 0.0434113 0.0381316 0.0333906 0.0291671 0.0254383 0.0221807 0.0193714 0.0169881 0.0150101 0.0134189 0.0121986 0.0113364 0.0108229 
0.0116943 0.0118803 0.0124402 0.0133802 0.0147103 0.0164441 0.0185985 0.0211931 0.0242498 0.0277922 0.0318446 0.0364316 0.0415768 0.0473025 0.0536283 0.0605709 0.0681423 0.0763501 0.0851958 0.0946749 0.104776 0.11548 0.126761 0.138585 0.15091 0.163688 0.176862 0.19037 0.204141 0.218103 0.232175 0.246277 0.260321 0.274222 0.287892 0.301242 0.314188 0.326646 0.338533 0.349772 0.360292 0.370022 0.378902 0.386873 0.393885 0.399894 0.404863 0.408759 0.41156 0.413247 0.413811 0.413247 0.41156 0.408759 0.404863 0.399894 0.393885 0.386873 0.378902 0.370022 0.360292 0.349772 0.338533 0.326646 0.314188 0.301242 0.287892 0.274222 0.260321 0.246277 0.232175 0.218103 0.204141 0.19037 0.176862 0.163688 0.15091 0.138585 0.126761 0.11548 0.104776 0.0946749 0.0851958 0.0763501 0.0681423 0.0605709 0.0536283 0.0473025 0.0415768 0.0364316 0.0318446 0.0277922 0.0242498 0.0211931 0.0185985 0.0164441 0.0147103 0.0133802 0.0124402 0.0118803 
0.0127859 0.0129878 0.013596 0.0146167 0.0160607 0.0179424 0.0202796 0.0230932 0.0264062 0.0302433 0.0346303 0.0395925 0.0451549 0.0513402 0.0581687 0.0656569 0.0738168 0.082655 0.092172 0.102361 0.11321 0.124695 0.136789 0.149453 0.162641 0.1763 0.19037 0.204781 0.21946 0.234328 0.249299 0.264287 0.2792 0.293947 0.308435 0.322573 0.33627 0.349439 0.361995 0.373859 0.384954 0.39521 0.404563 0.412954 0.420333 0.426653 0.431877 0.435972 0.438915 0.440688 0.44128 0.440688 0.438915 0.435972 0.431877 0.426653 0.420333 0.412954 0.404563 0.39521 0.384954 0.373859 0.361995 0.349439 0.33627 0.322573 0.308435 0.293947 0.2792 0.264287 0.249299 0.234328 0.21946 0.204781 0.19037 0.1763 0.162641 0.149453 0.136789 0.124695 0.11321 0.102361 0.092172 0.082655 0.0738168 0.0656569 0.0581687 0.0513402 0.0451549 0.0395925 0.0346303 0.0302433 0.0264062 0.0230932 0.0202796 0.0179424 0.0160607 0.0146167 0.013596 0.0129878 
0.0139226 0.0141411 0.014799 0.0159032 0.0174647 0.019499 0.0220247 0.0250638 0.0286407 0.0327811 0.0375119 0.0428596 0.0488499 0.0555063 0.0628493 0.0708954 0.0796563 0.0891375 0.0993383 0.11025 0.121858 0.134136 0.147052 0.160565 0.174624 0.189171 0.204141 0.21946 0.235049 0.250823 0.266691 0.282561 0.298338 0.313924 0.329223 0.344138 0.358576 0.372446 0.385659 0.398133 0.409791 0.42056 0.430374 0.439175 0.446909 0.453531 0.459002 0.46329 0.46637 0.468226 0.468845 0.468226 0.46637 0.46329 0.459002 0.453531 0.446909 0.439175 0.430374 0.42056 0.409791 0.398133 0.385659 0.372446 0.358576 0.344138 0.329223 0.313924 0.298338 0.282561 0.266691 0.250823 0.235049 0.21946 0.204141 0.189171 0.174624 0.160565 0.147052 0.134136 0.121858 0.11025 0.0993383 0.0891375 0.0796563 0.0708954 0.0628493 0.0555063 0.0488499 0.0428596 0.0375119 0.0327811 0.0286407 0.0250638 0.0220247 0.019499 0.0174647 0.0159032 0.014799 0.0141411 
0.0150994 0.0153349 0.0160439 0.0172336 0.0189158 0.0211065 0.0238255 0.0270957 0.0309426 0.0353932 0.0404754 0.0462167 0.0526436 0.05978 0.0676468 0.0762602 0.0856313 0.0957646 0.106658 0.118301 0.130675 0.143752 0.157496 0.171862 0.186795 0.202232 0.218103 0.234328 0.250823 0.267497 0.284255 0.301 0.317629 0.334043 0.350139 0.365817 0.380981 0.395534 0.409388 0.422456 0.43466 0.445926 0.456187 0.465383 0.47346 0.480372 0.48608 0.490553 0.493766 0.4957 0.496346 0.4957 0.493766 0.490553 0.48608 0.480372 0.47346 0.465383 0.456187 0.445926 0.43466 0.422456 0.409388 0.395534 0.380981 0.365817 0.350139 0.334043 0.317629 0.301 0.284255 0.267497 0.250823 0.234328 0.218103 0.202232 0.186795 0.171862 0.157496 0.143752 0.130675 0.118301 0.106658 0.0957646 0.0856313 0.0762602 0.0676468 0.05978 0.0526436 0.0462167 0.0404754 0.0353932 0.0309426 0.0270957 0.0238255 0.0211065 0.0189158 0.0172336 0.0160439 0.0153349 
0.0163103 0.0165631 0.0173243 0.0186013 0.0204065 0.0227566 0.0256725 0.0291781 0.0332998 0.0380659 0.0435052 0.0496461 0.0565156 0.0641384 0.0725352 0.081722 0.0917091 0.1025 0.114091 0.126468 0.139612 0.15349 0.168064 0.183282 0.199087 0.21541 0.232175 0.249299 0.266691 0.284255 0.301891 0.319496 0.336963 0.354187 0.371062 0.387485 0.403353 0.418571 0.433045 0.446688 0.459418 0.471162 0.481851 0.491425 0.49983 0.507019 0.512954 0.517603 0.520941 0.522951 0.523622 0.522951 0.520941 0.517603 0.512954 0.507019 0.49983 0.491425 0.481851 0.471162 0.459418 0.446688 0.433045 0.418571 0.403353 0.387485 0.371062 0.354187 0.336963 0.319496 0.301891 0.284255 0.266691 0.249299 0.232175 0.21541 0.199087 0.183282 0.168064 0.15349 0.139612 0.126468 0.114091 0.1025 0.0917091 0.081722 0.0725352 0.0641384 0.0565156 0.0496461 0.0435052 0.0380659 0.0332998 0.0291781 0.0256725 0.0227566 0.0204065 0.0186013 0.0173243 0.0165631 
0.0175483 0.0178188 0.0186328 0.0199983 0.0219282 0.02444 0.0275554 0.0312991 0.0356989 0.0407838 0.0465837 0.0531278 0.0604436 0.0685562 0.0774861 0.0872491 0.0978545 0.109304 0.121593 0.134705 0.148617 0.163294 0.178692 0.194758 0.211427 0.228627 0.246277 0.264287 0.282561 0.301 0.319496 0.337941 0.356225 0.374238 0.39187 0.409013 0.425564 0.441421 0.456491 0.470685 0.48392 0.49612 0.507217 0.51715 0.525865 0.533317 0.539466 0.544281 0.547738 0.549819 0.550513 0.549819 0.547738 0.544281 0.539466 0.533317 0.525865 0.51715 0.507217 0.49612 0.48392 0.470685 0.456491 0.441421 0.425564 0.409013 0.39187 0.374238 0.356225 0.337941 0.319496 0.301 0.282561 0.264287 0.246277 0.228627 0.211427 0.194758 0.178692 0.163294 0.148617 0.134705 0.121593 0.109304 0.0978545 0.0872491 0.0774861 0.0685562 0.0604436 0.0531278 0.0465837 0.0407838 0.0356989 0.0312991 0.0275554 0.02444 0.0219282 0.0199983 0.0186328 0.0178188 
0.0188061 0.0190942 0.0199616 0.0214163 0.0234718 0.0261463 0.0294624 0.0334458 0.038125 0.0435303 0.0496921 0.0566405 0.0644035 0.0730062 0.0824692 0.0928076 0.10403 0.116136 0.129119 0.142961 0.157635 0.173103 0.189317 0.206219 0.22374 0.241803 0.260321 0.2792 0.298338 0.317629 0.336963 0.356225 0.375302 0.394078 0.412439 0.430276 0.44748 0.463951 0.47959 0.494308 0.508021 0.520653 0.532136 0.542408 0.551416 0.559114 0.565464 0.570434 0.574002 0.576149 0.576866 0.576149 0.574002 0.570434 0.565464 0.559114 0.551416 0.542408 0.532136 0.520653 0.508021 0.494308 0.47959 0.463951 0.44748 0.430276 0.412439 0.394078 0.375302 0.356225 0.336963 0.317629 0.298338 0.2792 0.260321 0.241803 0.22374 0.206219 0.189317 0.173103 0.157635 0.142961 0.129119 0.116136 0.10403 0.0928076 0.0824692 0.0730062 0.0644035 0.0566405 0.0496921 0.0435303 0.038125 0.0334458 0.0294624 0.0261463 0.0234718 0.0214163 0.0199616 0.0190942 
0.0200751 0.020381 0.0213017 0.0228457 0.0250269 0.0278643 0.0313811 0.035604 0.0405624 0.0462873 0.0528101 0.0601614 0.0683696 0.0774598 0.0874524 0.0983618 0.110195 0.122952 0.136621 0.151184 0.166609 0.182855 0.199871 0.217594 0.23595 0.254856 0.274222 0.293947 0.313924 0.334043 0.354187 0.374238 0.394078 0.413586 0.432647 0.451146 0.468974 0.486027 0.502205 0.517419 0.531583 0.544621 0.556465 0.567054 0.576335 0.584263 0.590799 0.595914 0.599584 0.601793 0.60253 0.601793 0.599584 0.595914 0.590799 0.584263 0.576335 0.567054 0.556465 0.544621 0.531583 0.517419 0.502205 0.486027 0.468974 0.451146 0.432647 0.413586 0.394078 0.374238 0.354187 0.334043 0.313924 0.293947 0.274222 0.254856 0.23595 0.217594 0.199871 0.182855 0.166609 0.151184 0.136621 0.122952 0.110195 0.0983618 0.0874524 0.0774598 0.0683696 0.0601614 0.0528101 0.0462873 0.0405624 0.035604 0.0313811 0.0278643 0.0250269 0.0228457 0.0213017 0.020381 
0.0213465 0.0216701 0.0226439 0.0242766 0.0265829 0.029582 0.0332982 0.0377588 0.0429941 0.049036 0.0559164 0.0636664 0.0723149 0.0818867 0.0924021 0.103874 0.11631 0.129706 0.14405 0.159319 0.17548 0.192488 0.210287 0.22881 0.247978 0.267704 0.287892 0.308435 0.329223 0.350139 0.371062 0.39187 0.412439 0.432647 0.452373 0.471501 0.489919 0.507521 0.524207 0.539885 0.554471 0.567889 0.580069 0.590951 0.600485 0.608624 0.615332 0.62058 0.624345 0.62661 0.627366 0.62661 0.624345 0.62058 0.615332 0.608624 0.600485 0.590951 0.580069 0.567889 0.554471 0.539885 0.524207 0.507521 0.489919 0.471501 0.452373 0.432647 0.412439 0.39187 0.371062 0.350139 0.329223 0.308435 0.287892 0.267704 0.247978 0.22881 0.210287 0.192488 0.17548 0.159319 0.14405 0.129706 0.11631 0.103874 0.0924021 0.0818867 0.0723149 0.0636664 0.0559164 0.049036 0.0429941 0.0377588 0.0332982 0.029582 0.0265829 0.0242766 0.0226439 0.0216701 
0.0226109 0.0229519 0.0239781 0.0256985 0.0281281 0.0312869 0.0351996 0.0398946 0.0454027 0.0517566 0.0589887 0.0671307 0.0762115 0.086256 0.0972836 0.109307 0.122331 0.136352 0.151354 0.167311 0.184189 0.201937 0.220495 0.239793 0.259746 0.280264 0.301242 0.322573 0.344138 0.365817 0.387485 0.409013 0.430276 0.451146 0.471501 0.491222 0.510194 0.52831 0.54547 0.561581 0.576559 0.590326 0.602816 0.613969 0.623734 0.632067 0.638932 0.644301 0.648151 0.650467 0.65124 0.650467 0.648151 0.644301 0.638932 0.632067 0.623734 0.613969 0.602816 0.590326 0.576559 0.561581 0.54547 0.52831 0.510194 0.491222 0.471501 0.451146 0.430276 0.409013 0.387485 0.365817 0.344138 0.322573 0.301242 0.280264 0.259746 0.239793 0.220495 0.201937 0.184189 0.167311 0.151354 0.136352 0.122331 0.109307 0.0972836 0.086256 0.0762115 0.0671307 0.0589887 0.0517566 0.0454027 0.0398946 0.0351996 0.0312869 0.0281281 0.0256985 0.0239781 0.0229519 
0.0238583 0.0242164 0.0252939 0.0271003 0.0296507 0.0329658 0.0370709 0.0419951 0.04777 0.0544287 0.0620043 0.0705288 0.080031 0.0905357 0.102062 0.114621 0.128217 0.142843 0.158482 0.175106 0.192675 0.211137 0.230427 0.25047 0.271177 0.292453 0.314188 0.33627 0.358576 0.380981 0.403353 0.425564 0.44748 0.468974 0.489919 0.510194 0.529683 0.548278 0.565877 0.582387 0.597725 0.611814 0.624587 0.635986 0.645961 0.65447 0.661477 0.666955 0.670882 0.673244 0.674033 0.673244 0.670882 0.666955 0.661477 0.65447 0.645961 0.635986 0.624587 0.611814 0.597725 0.582387 0.565877 0.548278 0.529683 0.510194 0.489919 0.468974 0.44748 0.425564 0.403353 0.380981 0.358576 0.33627 0.314188 0.292453 0.271177 0.25047 0.230427 0.211137 0.192675 0.175106 0.158482 0.142843 0.128217 0.114621 0.102062 0.0905357 0.080031 0.0705288 0.0620043 0.0544287 0.04777 0.0419951 0.0370709 0.0329658 0.0296507 0.0271003 0.0252939 0.0242164 
0.0250787 0.0254534 0.0265808 0.0284706 0.0311384 0.0346053 0.0388973 0.0440439 0.0500775 0.0570317 0.06494 0.0738346 0.0837444 0.0946939 0.106701 0.119777 0.133924 0.149133 0.165384 0.182648 0.20088 0.220026 0.240015 0.260769 0.282195 0.304191 0.326646 0.349439 0.372446 0.395534 0.418571 0.441421 0.463951 0.486027 0.507521 0.52831 0.548278 0.567313 0.585316 0.602192 0.617858 0.63224 0.64527 0.656891 0.667056 0.675722 0.682856 0.688431 0.692427 0.694831 0.695633 0.694831 0.692427 0.688431 0.682856 0.675722 0.667056 0.656891 0.64527 0.63224 0.617858 0.602192 0.585316 0.567313 0.548278 0.52831 0.507521 0.486027 0.463951 0.441421 0.418571 0.395534 0.372446 0.349439 0.326646 0.304191 0.282195 0.260769 0.240015 0.220026 0.20088 0.182648 0.165384 0.149133 0.133924 0.119777 0.106701 0.0946939 0.0837444 0.0738346 0.06494 0.0570317 0.0500775 0.0440439 0.0388973 0.0346053 0.0311384 0.0284706 0.0265808 0.0254534 
0.0262616 0.0266524 0.0278279 0.0297981 0.0325789 0.036192 0.0406638 0.0460244 0.0523067 0.0595448 0.0677726 0.0770224 0.087323 0.0986986 0.111167 0.124737 0.139409 0.155174 0.17201 0.189883 0.208746 0.22854 0.249193 0.27062 0.292725 0.315401 0.338533 0.361995 0.385659 0.409388 0.433045 0.456491 0.47959 0.502205 0.524207 0.54547 0.565877 0.585316 0.603686 0.620895 0.636859 0.651503 0.664764 0.676584 0.686917 0.695723 0.70297 0.708631 0.712688 0.715128 0.715942 0.715128 0.712688 0.708631 0.70297 0.695723 0.686917 0.676584 0.664764 0.651503 0.636859 0.620895 0.603686 0.585316 0.565877 0.54547 0.524207 0.502205 0.47959 0.456491 0.433045 0.409388 0.385659 0.361995 0.338533 0.315401 0.292725 0.27062 0.249193 0.22854 0.208746 0.189883 0.17201 0.155174 0.139409 0.124737 0.111167 0.0986986 0.087323 0.0770224 0.0677726 0.0595448 0.0523067 0.0460244 0.0406638 0.036192 0.0325789 0.0297981 0.0278279 0.0266524 
0.0273969 0.0278029 0.0290243 0.0310711 0.0339598 0.0377123 0.0423554 0.0479199 0.0544391 0.0619475 0.0704792 0.0800666 0.0907385 0.102518 0.115423 0.129462 0.144632 0.160923 0.178311 0.196758 0.216215 0.23662 0.257896 0.279955 0.302696 0.326009 0.349772 0.373859 0.398133 0.422456 0.446688 0.470685 0.494308 0.517419 0.539885 0.561581 0.582387 0.602192 0.620895 0.638403 0.654633 0.669513 0.682978 0.694975 0.705457 0.714386 0.721731 0.727468 0.731578 0.734049 0.734874 0.734049 0.731578 0.727468 0.721731 0.714386 0.705457 0.694975 0.682978 0.669513 0.654633 0.638403 0.620895 0.602192 0.582387 0.561581 0.539885 0.517419 0.494308 0.470685 0.446688 0.422456 0.398133 0.373859 0.349772 0.326009 0.302696 0.279955 0.257896 0.23662 0.216215 0.196758 0.178311 0.160923 0.144632 0.129462 0.115423 0.102518 0.0907385 0.0800666 0.0704792 0.0619475 0.0544391 0.0479199 0.0423554 0.0377123 0.0339598 0.0310711 0.0290243 0.0278029 
0.0284741 0.0288946 0.0301593 0.0322785 0.0352689 0.0391528 0.0439576 0.0497143 0.0564567 0.0642195 0.0730372 0.0829422 0.093963 0.106123 0.119438 0.133915 0.149552 0.166336 0.184239 0.203222 0.223234 0.244208 0.266064 0.288709 0.312041 0.335943 0.360292 0.384954 0.409791 0.43466 0.459418 0.48392 0.508021 0.531583 0.554471 0.576559 0.597725 0.617858 0.636859 0.654633 0.6711 0.686188 0.699834 0.711985 0.722597 0.731633 0.739064 0.744866 0.749022 0.75152 0.752353 0.75152 0.749022 0.744866 0.739064 0.731633 0.722597 0.711985 0.699834 0.686188 0.6711 0.654633 0.636859 0.617858 0.597725 0.576559 0.554471 0.531583 0.508021 0.48392 0.459418 0.43466 0.409791 0.384954 0.360292 0.335943 0.312041 0.288709 0.266064 0.244208 0.223234 0.203222 0.184239 0.166336 0.149552 0.133915 0.119438 0.106123 0.093963 0.0829422 0.0730372 0.0642195 0.0564567 0.0497143 0.0439576 0.0391528 0.0352689 0.0322785 0.0301593 0.0288946 
