0 0 0 0 0 0 0 0 0 0 0 0 0 0 0 0 0 0 0 0 0 0 0 0 0 0 0 0 0 0 0 0 0 0 0 0 4.49137e-31 8.63503e-30 1.22513e-28 1.03368e-27 5.41067e-27 2.05008e-26 7.663e-26 2.78245e-25 6.40122e-25 8.40972e-25 8.93176e-25 9.00059e-25 9.00456e-25 9.00456e-25 9.00456e-25 9.00456e-25 9.00456e-25 9.00059e-25 8.93176e-25 8.40972e-25 6.40122e-25 2.78245e-25 7.663e-26 2.05008e-26 5.41067e-27 1.03368e-27 1.22513e-28 8.63503e-30 4.49137e-31 0 0 0 0 0 0 0 0 0 0 0 0 0 0 0 0 0 0 0 0 0 0 0 0 0 0 0 0 0 0 0 0 0 0 0 
0 0 0 0 0 0 0 0 0 0 0 0 0 0 0 0 0 0 0 0 0 0 0 0 0 0 0 0 0 0 0 0 0 0 7.24415e-33 3.37577e-30 6.10392e-29 7.15374e-28 6.14668e-27 3.7389e-26 1.62172e-25 5.68092e-25 1.93013e-24 5.98515e-24 1.25622e-23 1.65913e-23 1.78529e-23 1.80774e-23 1.80998e-23 1.81008e-23 1.81008e-23 1.81008e-23 1.80998e-23 1.80774e-23 1.78529e-23 1.65913e-23 1.25622e-23 5.98515e-24 1.93013e-24 5.68092e-25 1.62172e-25 3.7389e-26 6.14668e-27 7.15374e-28 6.10392e-29 3.37577e-30 7.24415e-33 0 0 0 0 0 0 0 0 0 0 0 0 0 0 0 0 0 0 0 0 0 0 0 0 0 0 0 0 0 0 0 0 0 
0 0 0 0 0 0 0 0 0 0 0 0 0 0 0 0 0 0 0 0 0 0 0 0 0 0 0 0 0 0 0 0 0 2.24569e-31 3.37288e-29 6.42129e-28 7.15148e-27 5.97488e-26 3.90967e-25 1.94527e-24 7.46971e-24 2.43922e-23 7.59789e-23 2.10049e-22 4.12383e-22 5.45214e-22 5.92772e-22 6.03099e-22 6.04496e-22 6.04607e-22 6.04612e-22 6.04607e-22 6.04496e-22 6.03099e-22 5.92772e-22 5.45214e-22 4.12383e-22 2.10049e-22 7.59789e-23 2.43922e-23 7.46971e-24 1.94527e-24 3.90967e-25 5.97488e-26 7.15148e-27 6.42129e-28 3.37288e-29 2.24569e-31 0 0 0 0 0 0 0 0 0 0 0 0 0 0 0 0 0 0 0 0 0 0 0 0 0 0 0 0 0 0 0 0 
0 0 0 0 0 0 0 0 0 0 0 0 0 0 0 0 0 0 0 0 0 0 0 0 0 0 0 0 0 0 0 0 3.37577e-30 2.59565e-28 5.18882e-27 5.99494e-26 5.00841e-25 3.35667e-24 1.82586e-23 7.90968e-23 2.77248e-22 8.50118e-22 2.4542e-21 6.21508e-21 1.15941e-20 1.53088e-20 1.678e-20 1.71495e-20 1.72108e-20 1.72175e-20 1.72179e-20 1.72175e-20 1.72108e-20 1.71495e-20 1.678e-20 1.53088e-20 1.15941e-20 6.21508e-21 2.4542e-21 8.50118e-22 2.77248e-22 7.90968e-23 1.82586e-23 3.35667e-24 5.00841e-25 5.99494e-26 5.18882e-27 2.59565e-28 3.37577e-30 0 0 0 0 0 0 0 0 0 0 0 0 0 0 0 0 0 0 0 0 0 0 0 0 0 0 0 0 0 0 0 
0 0 0 0 0 0 0 0 0 0 0 0 0 0 0 0 0 0 0 0 0 0 0 0 0 0 0 0 0 0 0 3.2787e-29 1.67425e-27 3.38201e-26 4.1516e-25 3.62311e-24 2.48867e-23 1.41895e-22 6.73834e-22 2.62834e-21 8.56225e-21 2.47968e-20 6.70218e-20 1.58274e-19 2.835e-19 3.73341e-19 4.11849e-19 4.22668e-19 4.24755e-19 4.25035e-19 4.2506e-19 4.25035e-19 4.24755e-19 4.22668e-19 4.11849e-19 3.73341e-19 2.835e-19 1.58274e-19 6.70218e-20 2.47968e-20 8.56225e-21 2.62834e-21 6.73834e-22 1.41895e-22 2.48867e-23 3.62311e-24 4.1516e-25 3.38201e-26 1.67425e-27 3.2787e-29 0 0 0 0 0 0 0 0 0 0 0 0 0 0 0 0 0 0 0 0 0 0 0 0 0 0 0 0 0 0 
0 0 0 0 0 0 0 0 0 0 0 0 0 0 0 0 0 0 0 0 0 0 0 0 0 0 0 0 0 0 2.31306e-28 9.41676e-27 1.86506e-25 2.40236e-24 2.23293e-23 1.61007e-22 9.54044e-22 4.79907e-21 2.04868e-20 7.3484e-20 2.25008e-19 6.18742e-19 1.57894e-18 3.52104e-18 6.10004e-18 8.00566e-18 8.87599e-18 9.14342e-18 9.20144e-18 9.21052e-18 9.21146e-18 9.21052e-18 9.20144e-18 9.14342e-18 8.87599e-18 8.00566e-18 6.10004e-18 3.52104e-18 1.57894e-18 6.18742e-19 2.25008e-19 7.3484e-20 2.04868e-20 4.79907e-21 9.54044e-22 1.61007e-22 2.23293e-23 2.40236e-24 1.86506e-25 9.41676e-27 2.31306e-28 0 0 0 0 0 0 0 0 0 0 0 0 0 0 0 0 0 0 0 0 0 0 0 0 0 0 0 0 0 
0 0 0 0 0 0 0 0 0 0 0 0 0 0 0 0 0 0 0 0 0 0 0 0 0 0 0 0 0 1.26342e-27 4.65307e-26 9.00776e-25 1.19232e-23 1.17392e-22 9.01696e-22 5.62866e-21 2.96535e-20 1.34733e-19 5.272e-19 1.76326e-18 5.11524e-18 1.3417e-17 3.25492e-17 6.91719e-17 1.16522e-16 1.52331e-16 1.69558e-16 1.75254e-16 1.76612e-16 1.76851e-16 1.7688e-16 1.76851e-16 1.76612e-16 1.75254e-16 1.69558e-16 1.52331e-16 1.16522e-16 6.91719e-17 3.25492e-17 1.3417e-17 5.11524e-18 1.76326e-18 5.272e-19 1.34733e-19 2.96535e-20 5.62866e-21 9.01696e-22 1.17392e-22 1.19232e-23 9.00776e-25 4.65307e-26 1.26342e-27 0 0 0 0 0 0 0 0 0 0 0 0 0 0 0 0 0 0 0 0 0 0 0 0 0 0 0 0 
0 0 0 0 0 0 0 0 0 0 0 0 0 0 0 0 0 0 0 0 0 0 0 0 0 0 0 0 5.56167e-27 2.00739e-25 3.87123e-24 5.20877e-23 5.34959e-22 4.36444e-21 2.90138e-20 1.61374e-19 7.7127e-19 3.21773e-18 1.16973e-17 3.68384e-17 1.01838e-16 2.55791e-16 5.93235e-16 1.2097e-15 1.98923e-15 2.58978e-15 2.89144e-15 2.99747e-15 3.02481e-15 3.03012e-15 3.03082e-15 3.03012e-15 3.02481e-15 2.99747e-15 2.89144e-15 2.58978e-15 1.98923e-15 1.2097e-15 5.93235e-16 2.55791e-16 1.01838e-16 3.68384e-17 1.16973e-17 3.21773e-18 7.7127e-19 1.61374e-19 2.90138e-20 4.36444e-21 5.34959e-22 5.20877e-23 3.87123e-24 2.00739e-25 5.56167e-27 0 0 0 0 0 0 0 0 0 0 0 0 0 0 0 0 0 0 0 0 0 0 0 0 0 0 0 
0 0 0 0 0 0 0 0 0 0 0 0 0 0 0 0 0 0 0 0 0 0 0 0 0 0 0 2.02799e-26 7.51345e-25 1.48151e-23 2.03493e-22 2.15625e-21 1.84573e-20 1.30391e-19 7.71907e-19 3.8996e-18 1.71524e-17 6.64892e-17 2.26763e-16 6.77261e-16 1.79207e-15 4.32477e-15 9.63225e-15 1.89462e-14 3.0504e-14 3.95425e-14 4.42504e-14 4.59928e-14 4.64725e-14 4.65734e-14 4.65878e-14 4.65734e-14 4.64725e-14 4.59928e-14 4.42504e-14 3.95425e-14 3.0504e-14 1.89462e-14 9.63225e-15 4.32477e-15 1.79207e-15 6.77261e-16 2.26763e-16 6.64892e-17 1.71524e-17 3.8996e-18 7.71907e-19 1.30391e-19 1.84573e-20 2.15625e-21 2.03493e-22 1.48151e-23 7.51345e-25 2.02799e-26 0 0 0 0 0 0 0 0 0 0 0 0 0 0 0 0 0 0 0 0 0 0 0 0 0 0 
0 0 0 0 0 0 0 0 0 0 0 0 0 0 0 0 0 0 0 0 0 0 0 0 0 0 6.24808e-26 2.4354e-24 5.01943e-23 7.13451e-22 7.79972e-21 6.93383e-20 5.15105e-19 3.23906e-18 1.74037e-17 8.09556e-17 3.31176e-16 1.20338e-15 3.87855e-15 1.10446e-14 2.80703e-14 6.52685e-14 1.40114e-13 2.66923e-13 4.21745e-13 5.44305e-13 6.10134e-13 6.35595e-13 6.43006e-13 6.44674e-13 6.44929e-13 6.44674e-13 6.43006e-13 6.35595e-13 6.10134e-13 5.44305e-13 4.21745e-13 2.66923e-13 1.40114e-13 6.52685e-14 2.80703e-14 1.10446e-14 3.87855e-15 1.20338e-15 3.31176e-16 8.09556e-17 1.74037e-17 3.23906e-18 5.15105e-19 6.93383e-20 7.79972e-21 7.13451e-22 5.01943e-23 2.4354e-24 6.24808e-26 0 0 0 0 0 0 0 0 0 0 0 0 0 0 0 0 0 0 0 0 0 0 0 0 0 
0 0 0 0 0 0 0 0 0 0 0 0 0 0 0 0 0 0 0 0 0 0 0 0 0 1.65092e-25 6.85084e-24 1.49729e-22 2.23505e-21 2.54316e-20 2.34453e-19 1.81441e-18 1.20045e-17 6.84481e-17 3.38335e-16 1.46374e-15 5.61363e-15 1.92493e-14 5.89557e-14 1.60723e-13 3.93431e-13 8.83447e-13 1.83338e-12 3.39351e-12 5.27134e-12 6.77269e-12 7.60047e-12 7.93298e-12 8.03452e-12 8.05872e-12 8.06264e-12 8.05872e-12 8.03452e-12 7.93298e-12 7.60047e-12 6.77269e-12 5.27134e-12 3.39351e-12 1.83338e-12 8.83447e-13 3.93431e-13 1.60723e-13 5.89557e-14 1.92493e-14 5.61363e-15 1.46374e-15 3.38335e-16 6.84481e-17 1.20045e-17 1.81441e-18 2.34453e-19 2.54316e-20 2.23505e-21 1.49729e-22 6.85084e-24 1.65092e-25 0 0 0 0 0 0 0 0 0 0 0 0 0 0 0 0 0 0 0 0 0 0 0 0 
0 0 0 0 0 0 0 0 0 0 0 0 0 0 0 0 0 0 0 0 0 0 0 0 3.78441e-25 1.67971e-23 3.92258e-22 6.21759e-21 7.4478e-20 7.16744e-19 5.76742e-18 3.98001e-17 2.38683e-16 1.25043e-15 5.74259e-15 2.32827e-14 8.42246e-14 2.73951e-13 8.007e-13 2.09636e-12 4.95326e-12 1.07617e-11 2.16406e-11 3.90151e-11 5.96642e-11 7.6307e-11 8.56907e-11 8.95853e-11 9.0825e-11 9.11353e-11 9.11881e-11 9.11353e-11 9.0825e-11 8.95853e-11 8.56907e-11 7.6307e-11 5.96642e-11 3.90151e-11 2.16406e-11 1.07617e-11 4.95326e-12 2.09636e-12 8.007e-13 2.73951e-13 8.42246e-14 2.32827e-14 5.74259e-15 1.25043e-15 2.38683e-16 3.98001e-17 5.76742e-18 7.16744e-19 7.4478e-20 6.21759e-21 3.92258e-22 1.67971e-23 3.78441e-25 0 0 0 0 0 0 0 0 0 0 0 0 0 0 0 0 0 0 0 0 0 0 0 
0 0 0 0 0 0 0 0 0 0 0 0 0 0 0 0 0 0 0 0 0 0 0 7.59422e-25 3.60801e-23 9.02843e-22 1.52921e-20 1.94641e-19 1.97442e-18 1.6613e-17 1.1936e-16 7.46756e-16 4.11063e-15 1.99785e-14 8.58847e-14 3.28237e-13 1.12531e-12 3.48573e-12 9.75415e-12 2.45856e-11 5.61665e-11 1.18249e-10 2.30833e-10 4.06124e-10 6.12072e-10 7.79145e-10 8.75167e-10 9.16163e-10 9.29691e-10 9.33226e-10 9.33851e-10 9.33226e-10 9.29691e-10 9.16163e-10 8.75167e-10 7.79145e-10 6.12072e-10 4.06124e-10 2.30833e-10 1.18249e-10 5.61665e-11 2.45856e-11 9.75415e-12 3.48573e-12 1.12531e-12 3.28237e-13 8.58847e-14 1.99785e-14 4.11063e-15 7.46756e-16 1.1936e-16 1.6613e-17 1.97442e-18 1.94641e-19 1.52921e-20 9.02843e-22 3.60801e-23 7.59422e-25 0 0 0 0 0 0 0 0 0 0 0 0 0 0 0 0 0 0 0 0 0 0 
0 0 0 0 0 0 0 0 0 0 0 0 0 0 0 0 0 0 0 0 0 0 1.34359e-24 6.82444e-23 1.8297e-21 3.31963e-20 4.5148e-19 4.86797e-18 4.32117e-17 3.24976e-16 2.11798e-15 1.21572e-14 6.19966e-14 2.8157e-13 1.13951e-12 4.12377e-12 1.34478e-11 3.97906e-11 1.06867e-10 2.59789e-10 5.74573e-10 1.17351e-09 2.22689e-09 3.82892e-09 5.69133e-09 7.21e-09 8.0972e-09 8.48539e-09 8.61757e-09 8.6534e-09 8.65996e-09 8.6534e-09 8.61757e-09 8.48539e-09 8.0972e-09 7.21e-09 5.69133e-09 3.82892e-09 2.22689e-09 1.17351e-09 5.74573e-10 2.59789e-10 1.06867e-10 3.97906e-11 1.34478e-11 4.12377e-12 1.13951e-12 2.8157e-13 6.19966e-14 1.21572e-14 2.11798e-15 3.24976e-16 4.32117e-17 4.86797e-18 4.5148e-19 3.31963e-20 1.8297e-21 6.82444e-23 1.34359e-24 0 0 0 0 0 0 0 0 0 0 0 0 0 0 0 0 0 0 0 0 0 
0 0 0 0 0 0 0 0 0 0 0 0 0 0 0 0 0 0 0 0 0 2.10751e-24 1.14194e-22 3.27494e-21 6.36352e-20 9.26765e-19 1.06762e-17 1.00767e-16 8.00033e-16 5.46164e-15 3.26618e-14 1.73528e-13 8.25475e-13 3.5226e-12 1.34792e-11 4.63508e-11 1.44179e-10 4.08437e-10 1.05472e-09 2.47611e-09 5.30656e-09 1.05224e-08 1.94291e-08 3.26801e-08 4.7933e-08 6.04196e-08 6.78162e-08 7.11219e-08 7.22786e-08 7.26025e-08 7.26635e-08 7.26025e-08 7.22786e-08 7.11219e-08 6.78162e-08 6.04196e-08 4.7933e-08 3.26801e-08 1.94291e-08 1.05224e-08 5.30656e-09 2.47611e-09 1.05472e-09 4.08437e-10 1.44179e-10 4.63508e-11 1.34792e-11 3.5226e-12 8.25475e-13 1.73528e-13 3.26618e-14 5.46164e-15 8.00033e-16 1.00767e-16 1.06762e-17 9.26765e-19 6.36352e-20 3.27494e-21 1.14194e-22 2.10751e-24 0 0 0 0 0 0 0 0 0 0 0 0 0 0 0 0 0 0 0 0 
0 0 0 0 0 0 0 0 0 0 0 0 0 0 0 0 0 0 0 0 2.94332e-24 1.69711e-22 5.19365e-21 1.07905e-19 1.68245e-18 2.07492e-17 2.09244e-16 1.76709e-15 1.27441e-14 7.98761e-14 4.4208e-13 2.18832e-12 9.76091e-12 3.92983e-11 1.42651e-10 4.67334e-10 1.3895e-09 3.77465e-09 9.38355e-09 2.12926e-08 4.42406e-08 8.52068e-08 1.53172e-07 2.52188e-07 3.65089e-07 4.57775e-07 5.13322e-07 5.38605e-07 5.47663e-07 5.50272e-07 5.50776e-07 5.50272e-07 5.47663e-07 5.38605e-07 5.13322e-07 4.57775e-07 3.65089e-07 2.52188e-07 1.53172e-07 8.52068e-08 4.42406e-08 2.12926e-08 9.38355e-09 3.77465e-09 1.3895e-09 4.67334e-10 1.42651e-10 3.92983e-11 9.76091e-12 2.18832e-12 4.4208e-13 7.98761e-14 1.27441e-14 1.76709e-15 2.09244e-16 2.07492e-17 1.68245e-18 1.07905e-19 5.19365e-21 1.69711e-22 2.94332e-24 0 0 0 0 0 0 0 0 0 0 0 0 0 0 0 0 0 0 0 
0 0 0 0 0 0 0 0 0 0 0 0 0 0 0 0 0 0 0 3.67129e-24 2.24714e-22 7.31905e-21 1.62211e-19 2.70342e-18 3.56836e-17 3.85194e-16 3.47625e-15 2.66807e-14 1.76791e-13 1.02609e-12 5.29007e-12 2.45193e-11 1.02942e-10 3.92195e-10 1.35378e-09 4.23338e-09 1.20485e-08 3.14187e-08 7.52418e-08 1.6509e-07 3.32616e-07 6.22278e-07 1.08923e-06 1.75578e-06 2.50882e-06 3.12811e-06 3.50285e-06 3.67608e-06 3.73943e-06 3.75812e-06 3.76181e-06 3.75812e-06 3.73943e-06 3.67608e-06 3.50285e-06 3.12811e-06 2.50882e-06 1.75578e-06 1.08923e-06 6.22278e-07 3.32616e-07 1.6509e-07 7.52418e-08 3.14187e-08 1.20485e-08 4.23338e-09 1.35378e-09 3.92195e-10 1.02942e-10 2.45193e-11 5.29007e-12 1.02609e-12 1.76791e-13 2.66807e-14 3.47625e-15 3.85194e-16 3.56836e-17 2.70342e-18 1.62211e-19 7.31905e-21 2.24714e-22 3.67129e-24 0 0 0 0 0 0 0 0 0 0 0 0 0 0 0 0 0 0 
0 0 0 0 0 0 0 0 0 0 0 0 0 0 0 0 0 0 4.09818e-24 2.65695e-22 9.18707e-21 2.16651e-19 3.85063e-18 5.43114e-17 6.2736e-16 6.06047e-15 4.97221e-14 3.50861e-13 2.15473e-12 1.16574e-11 5.6265e-11 2.45094e-10 9.71187e-10 3.50862e-09 1.15354e-08 3.44751e-08 9.40018e-08 2.35417e-07 5.43204e-07 1.15242e-06 2.25098e-06 4.08961e-06 6.96838e-06 1.09952e-05 1.55026e-05 1.92121e-05 2.14741e-05 2.25335e-05 2.29277e-05 2.30465e-05 2.30704e-05 2.30465e-05 2.29277e-05 2.25335e-05 2.14741e-05 1.92121e-05 1.55026e-05 1.09952e-05 6.96838e-06 4.08961e-06 2.25098e-06 1.15242e-06 5.43204e-07 2.35417e-07 9.40018e-08 3.44751e-08 1.15354e-08 3.50862e-09 9.71187e-10 2.45094e-10 5.6265e-11 1.16574e-11 2.15473e-12 3.50861e-13 4.97221e-14 6.06047e-15 6.2736e-16 5.43114e-17 3.85063e-18 2.16651e-19 9.18707e-21 2.65695e-22 4.09818e-24 0 0 0 0 0 0 0 0 0 0 0 0 0 0 0 0 0 
0 0 0 0 0 0 0 0 0 0 0 0 0 0 0 0 0 4.09818e-24 2.80911e-22 1.02886e-20 2.57538e-19 4.86948e-18 7.32282e-17 9.03692e-16 9.34078e-15 8.20417e-14 6.19104e-13 4.0522e-12 2.32214e-11 1.17715e-10 5.33946e-10 2.19186e-09 8.21212e-09 2.8167e-08 8.82834e-08 2.52327e-07 6.59352e-07 1.58574e-06 3.52419e-06 7.22561e-06 1.36745e-05 2.41097e-05 3.99616e-05 6.1681e-05 8.57632e-05 0.000105574 0.000117726 0.000123477 0.00012565 0.000126316 0.000126452 0.000126316 0.00012565 0.000123477 0.000117726 0.000105574 8.57632e-05 6.1681e-05 3.99616e-05 2.41097e-05 1.36745e-05 7.22561e-06 3.52419e-06 1.58574e-06 6.59352e-07 2.52327e-07 8.82834e-08 2.8167e-08 8.21212e-09 2.19186e-09 5.33946e-10 1.17715e-10 2.32214e-11 4.0522e-12 6.19104e-13 8.20417e-14 9.34078e-15 9.03692e-16 7.32282e-17 4.86948e-18 2.57538e-19 1.02886e-20 2.80911e-22 4.09818e-24 0 0 0 0 0 0 0 0 0 0 0 0 0 0 0 0 
0 0 0 0 0 0 0 0 0 0 0 0 0 0 0 0 3.67129e-24 2.65695e-22 1.02886e-20 2.72779e-19 5.47407e-18 8.7561e-17 1.15191e-15 1.27186e-14 1.19525e-13 9.65794e-13 6.76378e-12 4.13491e-11 2.22299e-10 1.06022e-09 4.53288e-09 1.75683e-08 6.22988e-08 2.02958e-07 6.06547e-07 1.65798e-06 4.151e-06 9.58098e-06 2.04901e-05 4.05583e-05 7.42899e-05 0.000126967 0.000204461 0.000308355 0.000422395 0.000516058 0.000573744 0.000601278 0.000611802 0.000615078 0.000615757 0.000615078 0.000611802 0.000601278 0.000573744 0.000516058 0.000422395 0.000308355 0.000204461 0.000126967 7.42899e-05 4.05583e-05 2.04901e-05 9.58098e-06 4.151e-06 1.65798e-06 6.06547e-07 2.02958e-07 6.22988e-08 1.75683e-08 4.53288e-09 1.06022e-09 2.22299e-10 4.13491e-11 6.76378e-12 9.65794e-13 1.19525e-13 1.27186e-14 1.15191e-15 8.7561e-17 5.47407e-18 2.72779e-19 1.02886e-20 2.65695e-22 3.67129e-24 0 0 0 0 0 0 0 0 0 0 0 0 0 0 0 
0 0 0 0 0 0 0 0 0 0 0 0 0 0 0 2.94332e-24 2.24714e-22 9.18707e-21 2.57538e-19 5.47407e-18 9.29275e-17 1.30022e-15 1.53023e-14 1.53606e-13 1.32808e-12 9.96191e-12 6.52027e-11 3.74351e-10 1.89625e-09 8.53666e-09 3.44791e-08 1.26324e-07 4.24094e-07 1.31185e-06 3.73612e-06 9.76127e-06 2.33964e-05 5.17635e-05 0.000106365 0.000202934 0.000359188 0.000594087 0.000927799 0.00136475 0.00183909 0.00222751 0.00246725 0.00258239 0.00262681 0.00264081 0.00264375 0.00264081 0.00262681 0.00258239 0.00246725 0.00222751 0.00183909 0.00136475 0.000927799 0.000594087 0.000359188 0.000202934 0.000106365 5.17635e-05 2.33964e-05 9.76127e-06 3.73612e-06 1.31185e-06 4.24094e-07 1.26324e-07 3.44791e-08 8.53666e-09 1.89625e-09 3.74351e-10 6.52027e-11 9.96191e-12 1.32808e-12 1.53606e-13 1.53023e-14 1.30022e-15 9.29275e-17 5.47407e-18 2.57538e-19 9.18707e-21 2.24714e-22 2.94332e-24 0 0 0 0 0 0 0 0 0 0 0 0 0 0 
0 0 0 0 0 0 0 0 0 0 0 0 0 0 2.10751e-24 1.69711e-22 7.31905e-21 2.16651e-19 4.86948e-18 8.7561e-17 1.30022e-15 1.62744e-14 1.74122e-13 1.60802e-12 1.29075e-11 9.05136e-11 5.56756e-10 3.01526e-09 1.44406e-08 6.15235e-08 2.35146e-07 8.14944e-07 2.58925e-06 7.59642e-06 2.05894e-05 5.1349e-05 0.000117659 0.000249067 0.000490647 0.000900205 0.00153621 0.00245345 0.00370675 0.00530465 0.00701726 0.00841322 0.00927504 0.00969051 0.00985194 0.0099033 0.00991415 0.0099033 0.00985194 0.00969051 0.00927504 0.00841322 0.00701726 0.00530465 0.00370675 0.00245345 0.00153621 0.000900205 0.000490647 0.000249067 0.000117659 5.1349e-05 2.05894e-05 7.59642e-06 2.58925e-06 8.14944e-07 2.35146e-07 6.15235e-08 1.44406e-08 3.01526e-09 5.56756e-10 9.05136e-11 1.29075e-11 1.60802e-12 1.74122e-13 1.62744e-14 1.30022e-15 8.7561e-17 4.86948e-18 2.16651e-19 7.31905e-21 1.69711e-22 2.10751e-24 0 0 0 0 0 0 0 0 0 0 0 0 0 
0 0 0 0 0 0 0 0 0 0 0 0 0 1.34359e-24 1.14194e-22 5.19365e-21 1.62211e-19 3.85063e-18 7.32282e-17 1.15191e-15 1.53023e-14 1.74122e-13 1.71389e-12 1.46948e-11 1.10285e-10 7.27038e-10 4.22135e-09 2.1641e-08 9.82604e-08 3.96993e-07 1.43762e-06 4.71406e-06 1.41613e-05 3.93314e-05 0.000101229 0.000240479 0.000525656 0.00106195 0.00199952 0.00351683 0.00576896 0.00887048 0.0129234 0.0179314 0.0232173 0.0274972 0.0301343 0.0314074 0.0319044 0.0320636 0.0320974 0.0320636 0.0319044 0.0314074 0.0301343 0.0274972 0.0232173 0.0179314 0.0129234 0.00887048 0.00576896 0.00351683 0.00199952 0.00106195 0.000525656 0.000240479 0.000101229 3.93314e-05 1.41613e-05 4.71406e-06 1.43762e-06 3.96993e-07 9.82604e-08 2.1641e-08 4.22135e-09 7.27038e-10 1.10285e-10 1.46948e-11 1.71389e-12 1.74122e-13 1.53023e-14 1.15191e-15 7.32282e-17 3.85063e-18 1.62211e-19 5.19365e-21 1.14194e-22 1.34359e-24 0 0 0 0 0 0 0 0 0 0 0 0 
0 0 0 0 0 0 0 0 0 0 0 0 7.59422e-25 6.82444e-23 3.27494e-21 1.07905e-19 2.70342e-18 5.43114e-17 9.03692e-16 1.27186e-14 1.53606e-13 1.60802e-12 1.46948e-11 1.17803e-10 8.3124e-10 5.17422e-09 2.8457e-08 1.38475e-07 5.97358e-07 2.29223e-06 7.87144e-06 2.4418e-05 6.92581e-05 0.00018162 0.000442458 0.00099815 0.00207529 0.00398803 0.0071491 0.0120046 0.0188546 0.0278084 0.0389107 0.052113 0.0657799 0.0767414 0.0834657 0.0867093 0.0879778 0.0883859 0.0884731 0.0883859 0.0879778 0.0867093 0.0834657 0.0767414 0.0657799 0.052113 0.0389107 0.0278084 0.0188546 0.0120046 0.0071491 0.00398803 0.00207529 0.00099815 0.000442458 0.00018162 6.92581e-05 2.4418e-05 7.87144e-06 2.29223e-06 5.97358e-07 1.38475e-07 2.8457e-08 5.17422e-09 8.3124e-10 1.17803e-10 1.46948e-11 1.60802e-12 1.53606e-13 1.27186e-14 9.03692e-16 5.43114e-17 2.70342e-18 1.07905e-19 3.27494e-21 6.82444e-23 7.59422e-25 0 0 0 0 0 0 0 0 0 0 0 
0 0 0 0 0 0 0 0 0 0 0 3.78441e-25 3.60801e-23 1.8297e-21 6.36352e-20 1.68245e-18 3.56836e-17 6.2736e-16 9.34078e-15 1.19525e-13 1.32808e-12 1.29075e-11 1.10285e-10 8.3124e-10 5.5387e-09 3.26653e-08 1.70623e-07 7.897e-07 3.24152e-06 1.18263e-05 3.85296e-05 0.000113027 0.000302153 0.00074567 0.00171218 0.00365254 0.00719542 0.0130981 0.0222471 0.03548 0.0530897 0.0747646 0.0999985 0.128568 0.157384 0.180188 0.194076 0.200753 0.203362 0.204204 0.204384 0.204204 0.203362 0.200753 0.194076 0.180188 0.157384 0.128568 0.0999985 0.0747646 0.0530897 0.03548 0.0222471 0.0130981 0.00719542 0.00365254 0.00171218 0.00074567 0.000302153 0.000113027 3.85296e-05 1.18263e-05 3.24152e-06 7.897e-07 1.70623e-07 3.26653e-08 5.5387e-09 8.3124e-10 1.10285e-10 1.29075e-11 1.32808e-12 1.19525e-13 9.34078e-15 6.2736e-16 3.56836e-17 1.68245e-18 6.36352e-20 1.8297e-21 3.60801e-23 3.78441e-25 0 0 0 0 0 0 0 0 0 0 
0 0 0 0 0 0 0 0 0 0 1.65092e-25 1.67971e-23 9.02843e-22 3.31963e-20 9.26765e-19 2.07492e-17 3.85194e-16 6.06047e-15 8.20417e-14 9.65794e-13 9.96191e-12 9.05136e-11 7.27038e-10 5.17422e-09 3.26653e-08 1.82996e-07 9.09554e-07 4.00947e-06 1.56746e-05 5.44007e-05 0.000168165 0.000466208 0.00117236 0.00271239 0.00583911 0.0117142 0.0217563 0.0373286 0.0597305 0.0899136 0.127406 0.170419 0.216793 0.265993 0.313816 0.350944 0.37332 0.384014 0.388184 0.389528 0.389816 0.389528 0.388184 0.384014 0.37332 0.350944 0.313816 0.265993 0.216793 0.170419 0.127406 0.0899136 0.0597305 0.0373286 0.0217563 0.0117142 0.00583911 0.00271239 0.00117236 0.000466208 0.000168165 5.44007e-05 1.56746e-05 4.00947e-06 9.09554e-07 1.82996e-07 3.26653e-08 5.17422e-09 7.27038e-10 9.05136e-11 9.96191e-12 9.65794e-13 8.20417e-14 6.06047e-15 3.85194e-16 2.07492e-17 9.26765e-19 3.31963e-20 9.02843e-22 1.67971e-23 1.65092e-25 0 0 0 0 0 0 0 0 0 
0 0 0 0 0 0 0 0 0 6.24808e-26 6.85084e-24 3.92258e-22 1.52921e-20 4.5148e-19 1.06762e-17 2.09244e-16 3.47625e-15 4.97221e-14 6.19104e-13 6.76378e-12 6.52027e-11 5.56756e-10 4.22135e-09 2.8457e-08 1.70623e-07 9.09554e-07 4.3069e-06 1.80948e-05 6.73895e-05 0.000222469 0.00065225 0.00170735 0.00403056 0.00870741 0.0174668 0.032726 0.0569464 0.0915659 0.137179 0.193602 0.258098 0.326181 0.393079 0.458128 0.517992 0.56319 0.590052 0.602796 0.607746 0.609337 0.609679 0.609337 0.607746 0.602796 0.590052 0.56319 0.517992 0.458128 0.393079 0.326181 0.258098 0.193602 0.137179 0.0915659 0.0569464 0.032726 0.0174668 0.00870741 0.00403056 0.00170735 0.00065225 0.000222469 6.73895e-05 1.80948e-05 4.3069e-06 9.09554e-07 1.70623e-07 2.8457e-08 4.22135e-09 5.56756e-10 6.52027e-11 6.76378e-12 6.19104e-13 4.97221e-14 3.47625e-15 2.09244e-16 1.06762e-17 4.5148e-19 1.52921e-20 3.92258e-22 6.85084e-24 6.24808e-26 0 0 0 0 0 0 0 0 
0 0 0 0 0 0 0 0 2.02799e-26 2.4354e-24 1.49729e-22 6.21759e-21 1.94641e-19 4.86797e-18 1.00767e-16 1.76709e-15 2.66807e-14 3.50861e-13 4.0522e-12 4.13491e-11 3.74351e-10 3.01526e-09 2.1641e-08 1.38475e-07 7.897e-07 4.00947e-06 1.80948e-05 7.24511e-05 0.000256921 0.000806078 0.00223906 0.00552672 0.0122237 0.024566 0.0456268 0.0792013 0.128169 0.191961 0.267732 0.352216 0.439465 0.52296 0.596717 0.660977 0.715586 0.755264 0.778453 0.789371 0.793595 0.79495 0.79524 0.79495 0.793595 0.789371 0.778453 0.755264 0.715586 0.660977 0.596717 0.52296 0.439465 0.352216 0.267732 0.191961 0.128169 0.0792013 0.0456268 0.024566 0.0122237 0.00552672 0.00223906 0.000806078 0.000256921 7.24511e-05 1.80948e-05 4.00947e-06 7.897e-07 1.38475e-07 2.1641e-08 3.01526e-09 3.74351e-10 4.13491e-11 4.0522e-12 3.50861e-13 2.66807e-14 1.76709e-15 1.00767e-16 4.86797e-18 1.94641e-19 6.21759e-21 1.49729e-22 2.4354e-24 2.02799e-26 0 0 0 0 0 0 0 
0 0 0 0 0 0 0 5.56167e-27 7.51345e-25 5.01943e-23 2.23505e-21 7.4478e-20 1.97442e-18 4.32117e-17 8.00033e-16 1.27441e-14 1.76791e-13 2.15473e-12 2.32214e-11 2.22299e-10 1.89625e-09 1.44406e-08 9.82604e-08 5.97358e-07 3.24152e-06 1.56746e-05 6.73895e-05 0.000256921 0.000866345 0.00257878 0.00677299 0.0157323 0.0325325 0.0606375 0.103706 0.16545 0.247047 0.342761 0.443618 0.54302 0.634035 0.71188 0.773722 0.822018 0.859623 0.885707 0.900636 0.907597 0.910275 0.911131 0.911313 0.911131 0.910275 0.907597 0.900636 0.885707 0.859623 0.822018 0.773722 0.71188 0.634035 0.54302 0.443618 0.342761 0.247047 0.16545 0.103706 0.0606375 0.0325325 0.0157323 0.00677299 0.00257878 0.000866345 0.000256921 6.73895e-05 1.56746e-05 3.24152e-06 5.97358e-07 9.82604e-08 1.44406e-08 1.89625e-09 2.22299e-10 2.32214e-11 2.15473e-12 1.76791e-13 1.27441e-14 8.00033e-16 4.32117e-17 1.97442e-18 7.4478e-20 2.23505e-21 5.01943e-23 7.51345e-25 5.56167e-27 0 0 0 0 0 0 
0 0 0 0 0 0 1.26342e-27 2.00739e-25 1.48151e-23 7.13451e-22 2.54316e-20 7.16744e-19 1.6613e-17 3.24976e-16 5.46164e-15 7.98761e-14 1.02609e-12 1.16574e-11 1.17715e-10 1.06022e-09 8.53666e-09 6.15235e-08 3.96993e-07 2.29223e-06 1.18263e-05 5.44007e-05 0.000222469 0.000806078 0.00257878 0.00726265 0.01798 0.0391801 0.0755558 0.130343 0.204635 0.298396 0.408607 0.523679 0.630165 0.721761 0.795685 0.852111 0.89261 0.921185 0.941579 0.955021 0.962525 0.965981 0.967299 0.967718 0.967807 0.967718 0.967299 0.965981 0.962525 0.955021 0.941579 0.921185 0.89261 0.852111 0.795685 0.721761 0.630165 0.523679 0.408607 0.298396 0.204635 0.130343 0.0755558 0.0391801 0.01798 0.00726265 0.00257878 0.000806078 0.000222469 5.44007e-05 1.18263e-05 2.29223e-06 3.96993e-07 6.15235e-08 8.53666e-09 1.06022e-09 1.17715e-10 1.16574e-11 1.02609e-12 7.98761e-14 5.46164e-15 3.24976e-16 1.6613e-17 7.16744e-19 2.54316e-20 7.13451e-22 1.48151e-23 2.00739e-25 1.26342e-27 0 0 0 0 0 
0 0 0 0 0 2.31306e-28 4.65307e-26 3.87123e-24 2.03493e-22 7.79972e-21 2.34453e-19 5.76742e-18 1.1936e-16 2.11798e-15 3.26618e-14 4.4208e-13 5.29007e-12 5.6265e-11 5.33946e-10 4.53288e-09 3.44791e-08 2.35146e-07 1.43762e-06 7.87144e-06 3.85296e-05 0.000168165 0.00065225 0.00223906 0.00677299 0.01798 0.041782 0.0850424 0.152403 0.243008 0.350408 0.467209 0.586681 0.696604 0.786319 0.853966 0.902167 0.935062 0.956479 0.970229 0.979251 0.984885 0.987942 0.989328 0.989852 0.990016 0.990051 0.990016 0.989852 0.989328 0.987942 0.984885 0.979251 0.970229 0.956479 0.935062 0.902167 0.853966 0.786319 0.696604 0.586681 0.467209 0.350408 0.243008 0.152403 0.0850424 0.041782 0.01798 0.00677299 0.00223906 0.00065225 0.000168165 3.85296e-05 7.87144e-06 1.43762e-06 2.35146e-07 3.44791e-08 4.53288e-09 5.33946e-10 5.6265e-11 5.29007e-12 4.4208e-13 3.26618e-14 2.11798e-15 1.1936e-16 5.76742e-18 2.34453e-19 7.79972e-21 2.03493e-22 3.87123e-24 4.65307e-26 2.31306e-28 0 0 0 0 
0 0 0 0 3.2787e-29 9.41676e-27 9.00776e-25 5.20877e-23 2.15625e-21 6.93383e-20 1.81441e-18 3.98001e-17 7.46756e-16 1.21572e-14 1.73528e-13 2.18832e-12 2.45193e-11 2.45094e-10 2.19186e-09 1.75683e-08 1.26324e-07 8.14944e-07 4.71406e-06 2.4418e-05 0.000113027 0.000466208 0.00170735 0.00552672 0.0157323 0.0391801 0.0850424 0.160857 0.266742 0.392687 0.522233 0.642139 0.746918 0.831336 0.892548 0.933496 0.959453 0.97535 0.984764 0.990291 0.993633 0.995608 0.996647 0.997109 0.997281 0.997335 0.997346 0.997335 0.997281 0.997109 0.996647 0.995608 0.993633 0.990291 0.984764 0.97535 0.959453 0.933496 0.892548 0.831336 0.746918 0.642139 0.522233 0.392687 0.266742 0.160857 0.0850424 0.0391801 0.0157323 0.00552672 0.00170735 0.000466208 0.000113027 2.4418e-05 4.71406e-06 8.14944e-07 1.26324e-07 1.75683e-08 2.19186e-09 2.45094e-10 2.45193e-11 2.18832e-12 1.73528e-13 1.21572e-14 7.46756e-16 3.98001e-17 1.81441e-18 6.93383e-20 2.15625e-21 5.20877e-23 9.00776e-25 9.41676e-27 3.2787e-29 0 0 0 
0 0 0 3.37577e-30 1.67425e-27 1.86506e-25 1.19232e-23 5.34959e-22 1.84573e-20 5.15105e-19 1.20045e-17 2.38683e-16 4.11063e-15 6.19966e-14 8.25475e-13 9.76091e-12 1.02942e-10 9.71187e-10 8.21212e-09 6.22988e-08 4.24094e-07 2.58925e-06 1.41613e-05 6.92581e-05 0.000302153 0.00117236 0.00403056 0.0122237 0.0325325 0.0755558 0.152403 0.266742 0.408004 0.554751 0.68508 0.788004 0.8645 0.918127 0.952752 0.973501 0.985303 0.991822 0.99534 0.997235 0.998294 0.998885 0.999185 0.999316 0.999364 0.999379 0.999382 0.999379 0.999364 0.999316 0.999185 0.998885 0.998294 0.997235 0.99534 0.991822 0.985303 0.973501 0.952752 0.918127 0.8645 0.788004 0.68508 0.554751 0.408004 0.266742 0.152403 0.0755558 0.0325325 0.0122237 0.00403056 0.00117236 0.000302153 6.92581e-05 1.41613e-05 2.58925e-06 4.24094e-07 6.22988e-08 8.21212e-09 9.71187e-10 1.02942e-10 9.76091e-12 8.25475e-13 6.19966e-14 4.11063e-15 2.38683e-16 1.20045e-17 5.15105e-19 1.84573e-20 5.34959e-22 1.19232e-23 1.86506e-25 1.67425e-27 3.37577e-30 0 0 
0 0 2.24569e-31 2.59565e-28 3.38201e-26 2.40236e-24 1.17392e-22 4.36444e-21 1.30391e-19 3.23906e-18 6.84481e-17 1.25043e-15 1.99785e-14 2.8157e-13 3.5226e-12 3.92983e-11 3.92195e-10 3.50862e-09 2.8167e-08 2.02958e-07 1.31185e-06 7.59642e-06 3.93314e-05 0.00018162 0.00074567 0.00271239 0.00870741 0.024566 0.0606375 0.130343 0.243008 0.392687 0.554751 0.700475 0.81217 0.887899 0.935901 0.965021 0.981699 0.990683 0.995297 0.997605 0.998743 0.999306 0.999597 0.99975 0.999825 0.999857 0.999869 0.999872 0.999873 0.999872 0.999869 0.999857 0.999825 0.99975 0.999597 0.999306 0.998743 0.997605 0.995297 0.990683 0.981699 0.965021 0.935901 0.887899 0.81217 0.700475 0.554751 0.392687 0.243008 0.130343 0.0606375 0.024566 0.00870741 0.00271239 0.00074567 0.00018162 3.93314e-05 7.59642e-06 1.31185e-06 2.02958e-07 2.8167e-08 3.50862e-09 3.92195e-10 3.92983e-11 3.5226e-12 2.8157e-13 1.99785e-14 1.25043e-15 6.84481e-17 3.23906e-18 1.30391e-19 4.36444e-21 1.17392e-22 2.40236e-24 3.38201e-26 2.59565e-28 2.24569e-31 0 
0 7.24415e-33 3.37288e-29 5.18882e-27 4.1516e-25 2.23293e-23 9.01696e-22 2.90138e-20 7.71907e-19 1.74037e-17 3.38335e-16 5.74259e-15 8.58847e-14 1.13951e-12 1.34792e-11 1.42651e-10 1.35378e-09 1.15354e-08 8.82834e-08 6.06547e-07 3.73612e-06 2.05894e-05 0.000101229 0.000442458 0.00171218 0.00583911 0.0174668 0.0456268 0.103706 0.204635 0.350408 0.522233 0.68508 0.81217 0.89652 0.945886 0.972671 0.986651 0.993689 0.997084 0.99866 0.999376 0.999698 0.999845 0.999916 0.99995 0.999967 0.999974 0.999976 0.999977 0.999977 0.999977 0.999976 0.999974 0.999967 0.99995 0.999916 0.999845 0.999698 0.999376 0.99866 0.997084 0.993689 0.986651 0.972671 0.945886 0.89652 0.81217 0.68508 0.522233 0.350408 0.204635 0.103706 0.0456268 0.0174668 0.00583911 0.00171218 0.000442458 0.000101229 2.05894e-05 3.73612e-06 6.06547e-07 8.82834e-08 1.15354e-08 1.35378e-09 1.42651e-10 1.34792e-11 1.13951e-12 8.58847e-14 5.74259e-15 3.38335e-16 1.74037e-17 7.71907e-19 2.90138e-20 9.01696e-22 2.23293e-23 4.1516e-25 5.18882e-27 3.37288e-29 7.24415e-33 
0 3.37577e-30 6.42129e-28 5.99494e-26 3.62311e-24 1.61007e-22 5.62866e-21 1.61374e-19 3.8996e-18 8.09556e-17 1.46374e-15 2.32827e-14 3.28237e-13 4.12377e-12 4.63508e-11 4.67334e-10 4.23338e-09 3.44751e-08 2.52327e-07 1.65798e-06 9.76127e-06 5.1349e-05 0.000240479 0.00099815 0.00365254 0.0117142 0.032726 0.0792013 0.16545 0.298396 0.467209 0.642139 0.788004 0.887899 0.945886 0.97541 0.989189 0.995345 0.998032 0.999179 0.999657 0.999854 0.999935 0.999969 0.999984 0.999991 0.999994 0.999996 0.999996 0.999996 0.999996 0.999996 0.999996 0.999996 0.999994 0.999991 0.999984 0.999969 0.999935 0.999854 0.999657 0.999179 0.998032 0.995345 0.989189 0.97541 0.945886 0.887899 0.788004 0.642139 0.467209 0.298396 0.16545 0.0792013 0.032726 0.0117142 0.00365254 0.00099815 0.000240479 5.1349e-05 9.76127e-06 1.65798e-06 2.52327e-07 3.44751e-08 4.23338e-09 4.67334e-10 4.63508e-11 4.12377e-12 3.28237e-13 2.32827e-14 1.46374e-15 8.09556e-17 3.8996e-18 1.61374e-19 5.62866e-21 1.61007e-22 3.62311e-24 5.99494e-26 6.42129e-28 3.37577e-30 
4.49137e-31 6.10392e-29 7.15148e-27 5.00841e-25 2.48867e-23 9.54044e-22 2.96535e-20 7.7127e-19 1.71524e-17 3.31176e-16 5.61363e-15 8.42246e-14 1.12531e-12 1.34478e-11 1.44179e-10 1.3895e-09 1.20485e-08 9.40018e-08 6.59352e-07 4.151e-06 2.33964e-05 0.000117659 0.000525656 0.00207529 0.00719542 0.0217563 0.0569464 0.128169 0.247047 0.408607 0.586681 0.746918 0.8645 0.935901 0.972671 0.989189 0.995899 0.99847 0.999432 0.999789 0.99992 0.999969 0.999987 0.999994 0.999997 0.999999 0.999999 0.999999 0.999999 0.999999 0.999999 0.999999 0.999999 0.999999 0.999999 0.999999 0.999997 0.999994 0.999987 0.999969 0.99992 0.999789 0.999432 0.99847 0.995899 0.989189 0.972671 0.935901 0.8645 0.746918 0.586681 0.408607 0.247047 0.128169 0.0569464 0.0217563 0.00719542 0.00207529 0.000525656 0.000117659 2.33964e-05 4.151e-06 6.59352e-07 9.40018e-08 1.20485e-08 1.3895e-09 1.44179e-10 1.34478e-11 1.12531e-12 8.42246e-14 5.61363e-15 3.31176e-16 1.71524e-17 7.7127e-19 2.96535e-20 9.54044e-22 2.48867e-23 5.00841e-25 7.15148e-27 6.10392e-29 
8.63503e-30 7.15374e-28 5.97488e-26 3.35667e-24 1.41895e-22 4.79907e-21 1.34733e-19 3.21773e-18 6.64892e-17 1.20338e-15 1.92493e-14 2.73951e-13 3.48573e-12 3.97906e-11 4.08437e-10 3.77465e-09 3.14187e-08 2.35417e-07 1.58574e-06 9.58098e-06 5.17635e-05 0.000249067 0.00106195 0.00398803 0.0130981 0.0373286 0.0915659 0.191961 0.342761 0.523679 0.696604 0.831336 0.918127 0.965021 0.986651 0.995345 0.99847 0.999511 0.999843 0.999949 0.999983 0.999994 0.999998 0.999999 1 1 1 1 1 1 1 1 1 1 1 1 1 0.999999 0.999998 0.999994 0.999983 0.999949 0.999843 0.999511 0.99847 0.995345 0.986651 0.965021 0.918127 0.831336 0.696604 0.523679 0.342761 0.191961 0.0915659 0.0373286 0.0130981 0.00398803 0.00106195 0.000249067 5.17635e-05 9.58098e-06 1.58574e-06 2.35417e-07 3.14187e-08 3.77465e-09 4.08437e-10 3.97906e-11 3.48573e-12 2.73951e-13 1.92493e-14 1.20338e-15 6.64892e-17 3.21773e-18 1.34733e-19 4.79907e-21 1.41895e-22 3.35667e-24 5.97488e-26 7.15374e-28 
1.22513e-28 6.14668e-27 3.90967e-25 1.82586e-23 6.73834e-22 2.04868e-20 5.272e-19 1.16973e-17 2.26763e-16 3.87855e-15 5.89557e-14 8.007e-13 9.75415e-12 1.06867e-10 1.05472e-09 9.38355e-09 7.52418e-08 5.43204e-07 3.52419e-06 2.04901e-05 0.000106365 0.000490647 0.00199952 0.0071491 0.0222471 0.0597305 0.137179 0.267732 0.443618 0.630165 0.786319 0.892548 0.952752 0.981699 0.993689 0.998032 0.999432 0.999843 0.999957 0.999988 0.999997 0.999999 1 1 1 1 1 1 1 1 1 1 1 1 1 1 1 1 1 0.999999 0.999997 0.999988 0.999957 0.999843 0.999432 0.998032 0.993689 0.981699 0.952752 0.892548 0.786319 0.630165 0.443618 0.267732 0.137179 0.0597305 0.0222471 0.0071491 0.00199952 0.000490647 0.000106365 2.04901e-05 3.52419e-06 5.43204e-07 7.52418e-08 9.38355e-09 1.05472e-09 1.06867e-10 9.75415e-12 8.007e-13 5.89557e-14 3.87855e-15 2.26763e-16 1.16973e-17 5.272e-19 2.04868e-20 6.73834e-22 1.82586e-23 3.90967e-25 6.14668e-27 
1.03368e-27 3.7389e-26 1.94527e-24 7.90968e-23 2.62834e-21 7.3484e-20 1.76326e-18 3.68384e-17 6.77261e-16 1.10446e-14 1.60723e-13 2.09636e-12 2.45856e-11 2.59789e-10 2.47611e-09 2.12926e-08 1.6509e-07 1.15242e-06 7.22561e-06 4.05583e-05 0.000202934 0.000900205 0.00351683 0.0120046 0.03548 0.0899136 0.193602 0.352216 0.54302 0.721761 0.853966 0.933496 0.973501 0.990683 0.997084 0.999179 0.999789 0.999949 0.999988 0.999997 0.999999 1 1 1 1 1 1 1 1 1 1 1 1 1 1 1 1 1 1 1 0.999999 0.999997 0.999988 0.999949 0.999789 0.999179 0.997084 0.990683 0.973501 0.933496 0.853966 0.721761 0.54302 0.352216 0.193602 0.0899136 0.03548 0.0120046 0.00351683 0.000900205 0.000202934 4.05583e-05 7.22561e-06 1.15242e-06 1.6509e-07 2.12926e-08 2.47611e-09 2.59789e-10 2.45856e-11 2.09636e-12 1.60723e-13 1.10446e-14 6.77261e-16 3.68384e-17 1.76326e-18 7.3484e-20 2.62834e-21 7.90968e-23 1.94527e-24 3.7389e-26 
5.41067e-27 1.62172e-25 7.46971e-24 2.77248e-22 8.56225e-21 2.25008e-19 5.11524e-18 1.01838e-16 1.79207e-15 2.80703e-14 3.93431e-13 4.95326e-12 5.61665e-11 5.74573e-10 5.30656e-09 4.42406e-08 3.32616e-07 2.25098e-06 1.36745e-05 7.42899e-05 0.000359188 0.00153621 0.00576896 0.0188546 0.0530897 0.127406 0.258098 0.439465 0.634035 0.795685 0.902167 0.959453 0.985303 0.995297 0.99866 0.999657 0.99992 0.999983 0.999997 0.999999 1 1 1 1 1 1 1 1 1 1 1 1 1 1 1 1 1 1 1 1 1 0.999999 0.999997 0.999983 0.99992 0.999657 0.99866 0.995297 0.985303 0.959453 0.902167 0.795685 0.634035 0.439465 0.258098 0.127406 0.0530897 0.0188546 0.00576896 0.00153621 0.000359188 7.42899e-05 1.36745e-05 2.25098e-06 3.32616e-07 4.42406e-08 5.30656e-09 5.74573e-10 5.61665e-11 4.95326e-12 3.93431e-13 2.80703e-14 1.79207e-15 1.01838e-16 5.11524e-18 2.25008e-19 8.56225e-21 2.77248e-22 7.46971e-24 1.62172e-25 
2.05008e-26 5.68092e-25 2.43922e-23 8.50118e-22 2.47968e-20 6.18742e-19 1.3417e-17 2.55791e-16 4.32477e-15 6.52685e-14 8.83447e-13 1.07617e-11 1.18249e-10 1.17351e-09 1.05224e-08 8.52068e-08 6.22278e-07 4.08961e-06 2.41097e-05 0.000126967 0.000594087 0.00245345 0.00887048 0.0278084 0.0747646 0.170419 0.326181 0.52296 0.71188 0.852111 0.935062 0.97535 0.991822 0.997605 0.999376 0.999854 0.999969 0.999994 0.999999 1 1 1 1 1 1 1 1 1 1 1 1 1 1 1 1 1 1 1 1 1 1 1 0.999999 0.999994 0.999969 0.999854 0.999376 0.997605 0.991822 0.97535 0.935062 0.852111 0.71188 0.52296 0.326181 0.170419 0.0747646 0.0278084 0.00887048 0.00245345 0.000594087 0.000126967 2.41097e-05 4.08961e-06 6.22278e-07 8.52068e-08 1.05224e-08 1.17351e-09 1.18249e-10 1.07617e-11 8.83447e-13 6.52685e-14 4.32477e-15 2.55791e-16 1.3417e-17 6.18742e-19 2.47968e-20 8.50118e-22 2.43922e-23 5.68092e-25 
7.663e-26 1.93013e-24 7.59789e-23 2.4542e-21 6.70218e-20 1.57894e-18 3.25492e-17 5.93235e-16 9.63225e-15 1.40114e-13 1.83338e-12 2.16406e-11 2.30833e-10 2.22689e-09 1.94291e-08 1.53172e-07 1.08923e-06 6.96838e-06 3.99616e-05 0.000204461 0.000927799 0.00370675 0.0129234 0.0389107 0.0999985 0.216793 0.393079 0.596717 0.773722 0.89261 0.956479 0.984764 0.99534 0.998743 0.999698 0.999935 0.999987 0.999998 1 1 1 1 1 1 1 1 1 1 1 1 1 1 1 1 1 1 1 1 1 1 1 1 1 0.999998 0.999987 0.999935 0.999698 0.998743 0.99534 0.984764 0.956479 0.89261 0.773722 0.596717 0.393079 0.216793 0.0999985 0.0389107 0.0129234 0.00370675 0.000927799 0.000204461 3.99616e-05 6.96838e-06 1.08923e-06 1.53172e-07 1.94291e-08 2.22689e-09 2.30833e-10 2.16406e-11 1.83338e-12 1.40114e-13 9.63225e-15 5.93235e-16 3.25492e-17 1.57894e-18 6.70218e-20 2.4542e-21 7.59789e-23 1.93013e-24 
2.78245e-25 5.98515e-24 2.10049e-22 6.21508e-21 1.58274e-19 3.52104e-18 6.91719e-17 1.2097e-15 1.89462e-14 2.66923e-13 3.39351e-12 3.90151e-11 4.06124e-10 3.82892e-09 3.26801e-08 2.52188e-07 1.75578e-06 1.09952e-05 6.1681e-05 0.000308355 0.00136475 0.00530465 0.0179314 0.052113 0.128568 0.265993 0.458128 0.660977 0.822018 0.921185 0.970229 0.990291 0.997235 0.999306 0.999845 0.999969 0.999994 0.999999 1 1 1 1 1 1 1 1 1 1 1 1 1 1 1 1 1 1 1 1 1 1 1 1 1 0.999999 0.999994 0.999969 0.999845 0.999306 0.997235 0.990291 0.970229 0.921185 0.822018 0.660977 0.458128 0.265993 0.128568 0.052113 0.0179314 0.00530465 0.00136475 0.000308355 6.1681e-05 1.09952e-05 1.75578e-06 2.52188e-07 3.26801e-08 3.82892e-09 4.06124e-10 3.90151e-11 3.39351e-12 2.66923e-13 1.89462e-14 1.2097e-15 6.91719e-17 3.52104e-18 1.58274e-19 6.21508e-21 2.10049e-22 5.98515e-24 
6.40122e-25 1.25622e-23 4.12383e-22 1.15941e-20 2.835e-19 6.10004e-18 1.16522e-16 1.98923e-15 3.0504e-14 4.21745e-13 5.27134e-12 5.96642e-11 6.12072e-10 5.69133e-09 4.7933e-08 3.65089e-07 2.50882e-06 1.55026e-05 8.57632e-05 0.000422395 0.00183909 0.00701726 0.0232173 0.0657799 0.157384 0.313816 0.517992 0.715586 0.859623 0.941579 0.979251 0.993633 0.998294 0.999597 0.999916 0.999984 0.999997 1 1 1 1 1 1 1 1 1 1 1 1 1 1 1 1 1 1 1 1 1 1 1 1 1 1 1 0.999997 0.999984 0.999916 0.999597 0.998294 0.993633 0.979251 0.941579 0.859623 0.715586 0.517992 0.313816 0.157384 0.0657799 0.0232173 0.00701726 0.00183909 0.000422395 8.57632e-05 1.55026e-05 2.50882e-06 3.65089e-07 4.7933e-08 5.69133e-09 6.12072e-10 5.96642e-11 5.27134e-12 4.21745e-13 3.0504e-14 1.98923e-15 1.16522e-16 6.10004e-18 2.835e-19 1.15941e-20 4.12383e-22 1.25622e-23 
8.40972e-25 1.65913e-23 5.45214e-22 1.53088e-20 3.73341e-19 8.00566e-18 1.52331e-16 2.58978e-15 3.95425e-14 5.44305e-13 6.77269e-12 7.6307e-11 7.79145e-10 7.21e-09 6.04196e-08 4.57775e-07 3.12811e-06 1.92121e-05 0.000105574 0.000516058 0.00222751 0.00841322 0.0274972 0.0767414 0.180188 0.350944 0.56319 0.755264 0.885707 0.955021 0.984885 0.995608 0.998885 0.99975 0.99995 0.999991 0.999999 1 1 1 1 1 1 1 1 1 1 1 1 1 1 1 1 1 1 1 1 1 1 1 1 1 1 1 0.999999 0.999991 0.99995 0.99975 0.998885 0.995608 0.984885 0.955021 0.885707 0.755264 0.56319 0.350944 0.180188 0.0767414 0.0274972 0.00841322 0.00222751 0.000516058 0.000105574 1.92121e-05 3.12811e-06 4.57775e-07 6.04196e-08 7.21e-09 7.79145e-10 7.6307e-11 6.77269e-12 5.44305e-13 3.95425e-14 2.58978e-15 1.52331e-16 8.00566e-18 3.73341e-19 1.53088e-20 5.45214e-22 1.65913e-23 
8.93176e-25 1.78529e-23 5.92772e-22 1.678e-20 4.11849e-19 8.87599e-18 1.69558e-16 2.89144e-15 4.42504e-14 6.10134e-13 7.60047e-12 8.56907e-11 8.75167e-10 8.0972e-09 6.78162e-08 5.13322e-07 3.50285e-06 2.14741e-05 0.000117726 0.000573744 0.00246725 0.00927504 0.0301343 0.0834657 0.194076 0.37332 0.590052 0.778453 0.900636 0.962525 0.987942 0.996647 0.999185 0.999825 0.999967 0.999994 0.999999 1 1 1 1 1 1 1 1 1 1 1 1 1 1 1 1 1 1 1 1 1 1 1 1 1 1 1 0.999999 0.999994 0.999967 0.999825 0.999185 0.996647 0.987942 0.962525 0.900636 0.778453 0.590052 0.37332 0.194076 0.0834657 0.0301343 0.00927504 0.00246725 0.000573744 0.000117726 2.14741e-05 3.50285e-06 5.13322e-07 6.78162e-08 8.0972e-09 8.75167e-10 8.56907e-11 7.60047e-12 6.10134e-13 4.42504e-14 2.89144e-15 1.69558e-16 8.87599e-18 4.11849e-19 1.678e-20 5.92772e-22 1.78529e-23 
9.00059e-25 1.80774e-23 6.03099e-22 1.71495e-20 4.22668e-19 9.14342e-18 1.75254e-16 2.99747e-15 4.59928e-14 6.35595e-13 7.93298e-12 8.95853e-11 9.16163e-10 8.48539e-09 7.11219e-08 5.38605e-07 3.67608e-06 2.25335e-05 0.000123477 0.000601278 0.00258239 0.00969051 0.0314074 0.0867093 0.200753 0.384014 0.602796 0.789371 0.907597 0.965981 0.989328 0.997109 0.999316 0.999857 0.999974 0.999996 0.999999 1 1 1 1 1 1 1 1 1 1 1 1 1 1 1 1 1 1 1 1 1 1 1 1 1 1 1 0.999999 0.999996 0.999974 0.999857 0.999316 0.997109 0.989328 0.965981 0.907597 0.789371 0.602796 0.384014 0.200753 0.0867093 0.0314074 0.00969051 0.00258239 0.000601278 0.000123477 2.25335e-05 3.67608e-06 5.38605e-07 7.11219e-08 8.48539e-09 9.16163e-10 8.95853e-11 7.93298e-12 6.35595e-13 4.59928e-14 2.99747e-15 1.75254e-16 9.14342e-18 4.22668e-19 1.71495e-20 6.03099e-22 1.80774e-23 
