0.000687257 0.000699194 0.000735193 0.000795812 0.000881972 0.000994945 0.00113634 0.00130806 0.0015123 0.0017515 0.0020283 0.00234548 0.00270594 0.00311261 0.00356839 0.00407609 0.00463837 0.0052576 0.00593587 0.00667482 0.00747563 0.00833891 0.00926462 0.010252 0.0112996 0.0124051 0.0135654 0.0147763 0.016033 0.0173296 0.0186596 0.0200154 0.0213889 0.022771 0.0241523 0.0255228 0.026872 0.0281893 0.0294638 0.0306849 0.0318418 0.0329243 0.0339224 0.0348271 0.0356296 0.0363224 0.0368988 0.037353 0.0376808 0.0378787 0.0379449 0.0378787 0.0376808 0.037353 0.0368988 0.0363224 0.0356296 0.0348271 0.0339224 0.0329243 0.0318418 0.0306849 0.0294638 0.0281893 0.026872 0.0255228 0.0241523 0.022771 0.0213889 0.0200154 0.0186596 0.0173296 0.016033 0.0147763 0.0135654 0.0124051 0.0112996 0.010252 0.00926462 0.00833891 0.00747563 0.00667482 0.00593587 0.0052576 0.00463837 0.00407609 0.00356839 0.00311261 0.00270594 0.00234548 0.0020283 0.0017515 0.0015123 0.00130806 0.00113634 0.000994945 0.000881972 0.000795812 0.000735193 0.000699194 
0.000699194 0.000711323 0.000747899 0.000809487 0.000897021 0.00101179 0.00115542 0.00132984 0.00153728 0.0017802 0.00206127 0.00238332 0.00274926 0.00316206 0.00362466 0.00413991 0.00471046 0.00533873 0.00602681 0.00677636 0.00758856 0.008464 0.00940265 0.0104037 0.0114657 0.0125863 0.0137622 0.0149893 0.0162626 0.0175764 0.0189237 0.0202971 0.0216882 0.023088 0.0244868 0.0258745 0.0272406 0.0285743 0.0298646 0.0311006 0.0322717 0.0333673 0.0343776 0.0352932 0.0361054 0.0368065 0.0373897 0.0378494 0.038181 0.0383813 0.0384483 0.0383813 0.038181 0.0378494 0.0373897 0.0368065 0.0361054 0.0352932 0.0343776 0.0333673 0.0322717 0.0311006 0.0298646 0.0285743 0.0272406 0.0258745 0.0244868 0.023088 0.0216882 0.0202971 0.0189237 0.0175764 0.0162626 0.0149893 0.0137622 0.0125863 0.0114657 0.0104037 0.00940265 0.008464 0.00758856 0.00677636 0.00602681 0.00533873 0.00471046 0.00413991 0.00362466 0.00316206 0.00274926 0.00238332 0.00206127 0.0017802 0.00153728 0.00132984 0.00115542 0.00101179 0.000897021 0.000809487 0.000747899 0.000711323 
0.000735193 0.000747899 0.000786213 0.000850722 0.000942396 0.00106257 0.00121294 0.0013955 0.00161257 0.00186669 0.00216063 0.00249731 0.00287976 0.00331104 0.00379418 0.00433211 0.00492757 0.00558304 0.00630065 0.00708209 0.00792854 0.00884059 0.00981813 0.0108603 0.0119656 0.0131314 0.0143543 0.0156302 0.0169537 0.0183187 0.0197183 0.0211445 0.0225887 0.0240415 0.0254929 0.0269325 0.0283492 0.0297321 0.0310697 0.0323508 0.0335643 0.0346995 0.0357461 0.0366945 0.0375356 0.0382617 0.0388656 0.0393416 0.039685 0.0398924 0.0399617 0.0398924 0.039685 0.0393416 0.0388656 0.0382617 0.0375356 0.0366945 0.0357461 0.0346995 0.0335643 0.0323508 0.0310697 0.0297321 0.0283492 0.0269325 0.0254929 0.0240415 0.0225887 0.0211445 0.0197183 0.0183187 0.0169537 0.0156302 0.0143543 0.0131314 0.0119656 0.0108603 0.00981813 0.00884059 0.00792854 0.00708209 0.00630065 0.00558304 0.00492757 0.00433211 0.00379418 0.00331104 0.00287976 0.00249731 0.00216063 0.00186669 0.00161257 0.0013955 0.00121294 0.00106257 0.000942396 0.000850722 0.000786213 0.000747899 
0.000795812 0.000809487 0.000850722 0.000920141 0.00101877 0.00114803 0.00130972 0.00150596 0.00173919 0.00201212 0.00232767 0.00268893 0.00309909 0.00356138 0.00407899 0.00465498 0.00529222 0.0059933 0.00676042 0.00759531 0.00849917 0.00947254 0.0105153 0.0116264 0.012804 0.0140456 0.0153474 0.0167047 0.0181121 0.019563 0.0210499 0.0225644 0.0240973 0.0256387 0.0271781 0.0287043 0.0302058 0.0316708 0.0330874 0.0344438 0.0357283 0.0369295 0.0380368 0.0390398 0.0399294 0.0406971 0.0413356 0.0418387 0.0422017 0.0424209 0.0424942 0.0424209 0.0422017 0.0418387 0.0413356 0.0406971 0.0399294 0.0390398 0.0380368 0.0369295 0.0357283 0.0344438 0.0330874 0.0316708 0.0302058 0.0287043 0.0271781 0.0256387 0.0240973 0.0225644 0.0210499 0.019563 0.0181121 0.0167047 0.0153474 0.0140456 0.012804 0.0116264 0.0105153 0.00947254 0.00849917 0.00759531 0.00676042 0.0059933 0.00529222 0.00465498 0.00407899 0.00356138 0.00309909 0.00268893 0.00232767 0.00201212 0.00173919 0.00150596 0.00130972 0.00114803 0.00101877 0.000920141 0.000850722 0.000809487 
0.000881972 0.000897021 0.000942396 0.00101877 0.00112726 0.0012694 0.00144712 0.00166273 0.00191885 0.00221841 0.00256455 0.00296059 0.00340996 0.00391611 0.00448244 0.00511223 0.00580852 0.00657403 0.00741108 0.00832145 0.00930633 0.0103662 0.0115009 0.0127091 0.0139889 0.0153372 0.01675 0.0182222 0.0197478 0.0213195 0.0229292 0.024568 0.0262257 0.0278918 0.0295548 0.0312027 0.0328232 0.0344037 0.0359313 0.0373934 0.0387775 0.0400714 0.0412638 0.0423436 0.0433011 0.0441272 0.0448142 0.0453554 0.0457458 0.0459816 0.0460604 0.0459816 0.0457458 0.0453554 0.0448142 0.0441272 0.0433011 0.0423436 0.0412638 0.0400714 0.0387775 0.0373934 0.0359313 0.0344037 0.0328232 0.0312027 0.0295548 0.0278918 0.0262257 0.024568 0.0229292 0.0213195 0.0197478 0.0182222 0.01675 0.0153372 0.0139889 0.0127091 0.0115009 0.0103662 0.00930633 0.00832145 0.00741108 0.00657403 0.00580852 0.00511223 0.00448244 0.00391611 0.00340996 0.00296059 0.00256455 0.00221841 0.00191885 0.00166273 0.00144712 0.0012694 0.00112726 0.00101877 0.000942396 0.000897021 
0.000994945 0.00101179 0.00106257 0.00114803 0.0012694 0.00142835 0.00162701 0.0018679 0.00215389 0.00248819 0.00287422 0.00331561 0.00381607 0.00437936 0.00500915 0.00570899 0.00648212 0.00733145 0.00825942 0.00926789 0.0103581 0.0115304 0.0127843 0.0141186 0.0155309 0.0170177 0.0185744 0.0201954 0.021874 0.0236021 0.0253709 0.0271704 0.0289896 0.0308168 0.0326395 0.0344448 0.036219 0.0379485 0.0396194 0.041218 0.0427306 0.0441442 0.0454463 0.0466252 0.0476702 0.0485716 0.049321 0.0499114 0.0503372 0.0505943 0.0506803 0.0505943 0.0503372 0.0499114 0.049321 0.0485716 0.0476702 0.0466252 0.0454463 0.0441442 0.0427306 0.041218 0.0396194 0.0379485 0.036219 0.0344448 0.0326395 0.0308168 0.0289896 0.0271704 0.0253709 0.0236021 0.021874 0.0201954 0.0185744 0.0170177 0.0155309 0.0141186 0.0127843 0.0115304 0.0103581 0.00926789 0.00825942 0.00733145 0.00648212 0.00570899 0.00500915 0.00437936 0.00381607 0.00331561 0.00287422 0.00248819 0.00215389 0.0018679 0.00162701 0.00142835 0.0012694 0.00114803 0.00106257 0.00101179 
0.00113634 0.00115542 0.00121294 0.00130972 0.00144712 0.00162701 0.00185173 0.00212409 0.00244726 0.00282476 0.00326039 0.00375813 0.00432207 0.00495632 0.00566489 0.00645162 0.00732004 0.00827327 0.00931389 0.0104438 0.0116643 0.0129757 0.0143772 0.0158674 0.0174432 0.019101 0.0208353 0.0226399 0.0245071 0.026428 0.0283928 0.0303901 0.032408 0.0344335 0.0364527 0.0384513 0.0404145 0.0423271 0.044174 0.04594 0.0476103 0.0491706 0.0506074 0.0519077 0.0530601 0.0540538 0.0548798 0.0555304 0.0559995 0.0562828 0.0563775 0.0562828 0.0559995 0.0555304 0.0548798 0.0540538 0.0530601 0.0519077 0.0506074 0.0491706 0.0476103 0.04594 0.044174 0.0423271 0.0404145 0.0384513 0.0364527 0.0344335 0.032408 0.0303901 0.0283928 0.026428 0.0245071 0.0226399 0.0208353 0.019101 0.0174432 0.0158674 0.0143772 0.0129757 0.0116643 0.0104438 0.00931389 0.00827327 0.00732004 0.00645162 0.00566489 0.00495632 0.00432207 0.00375813 0.00326039 0.00282476 0.00244726 0.00212409 0.00185173 0.00162701 0.00144712 0.00130972 0.00121294 0.00115542 
0.00130806 0.00132984 0.0013955 0.00150596 0.00166273 0.0018679 0.00212409 0.00243441 0.00280242 0.00323203 0.00372745 0.00429309 0.00493346 0.00565311 0.00645645 0.00734766 0.00833059 0.00940859 0.0105844 0.0118601 0.0132368 0.0147148 0.0162931 0.0179697 0.0197413 0.0216034 0.02355 0.0255738 0.0276662 0.0298171 0.0320154 0.0342486 0.0365032 0.0387647 0.0410177 0.0432463 0.045434 0.0475642 0.04962 0.0515849 0.0534424 0.0551768 0.0567733 0.0582177 0.0594972 0.0606004 0.0615171 0.0622391 0.0627596 0.0630738 0.0631789 0.0630738 0.0627596 0.0622391 0.0615171 0.0606004 0.0594972 0.0582177 0.0567733 0.0551768 0.0534424 0.0515849 0.04962 0.0475642 0.045434 0.0432463 0.0410177 0.0387647 0.0365032 0.0342486 0.0320154 0.0298171 0.0276662 0.0255738 0.02355 0.0216034 0.0197413 0.0179697 0.0162931 0.0147148 0.0132368 0.0118601 0.0105844 0.00940859 0.00833059 0.00734766 0.00645645 0.00565311 0.00493346 0.00429309 0.00372745 0.00323203 0.00280242 0.00243441 0.00212409 0.0018679 0.00166273 0.00150596 0.0013955 0.00132984 
0.0015123 0.00153728 0.00161257 0.00173919 0.00191885 0.00215389 0.00244726 0.00280242 0.00322336 0.00371444 0.00428036 0.00492603 0.00565646 0.00647665 0.00739149 0.00840556 0.00952306 0.0107476 0.0120822 0.0135288 0.0150887 0.0167618 0.018547 0.0204418 0.0224423 0.0245432 0.0267376 0.0290172 0.0313722 0.0337912 0.0362616 0.0387693 0.0412992 0.043835 0.0463597 0.0488554 0.0513039 0.0536865 0.0559847 0.05818 0.0602545 0.0621906 0.063972 0.0655831 0.0670098 0.0682396 0.0692613 0.0700658 0.0706457 0.0709958 0.0711128 0.0709958 0.0706457 0.0700658 0.0692613 0.0682396 0.0670098 0.0655831 0.063972 0.0621906 0.0602545 0.05818 0.0559847 0.0536865 0.0513039 0.0488554 0.0463597 0.043835 0.0412992 0.0387693 0.0362616 0.0337912 0.0313722 0.0290172 0.0267376 0.0245432 0.0224423 0.0204418 0.018547 0.0167618 0.0150887 0.0135288 0.0120822 0.0107476 0.00952306 0.00840556 0.00739149 0.00647665 0.00565646 0.00492603 0.00428036 0.00371444 0.00322336 0.00280242 0.00244726 0.00215389 0.00191885 0.00173919 0.00161257 0.00153728 
0.0017515 0.0017802 0.00186669 0.00201212 0.00221841 0.00248819 0.00282476 0.00323203 0.00371444 0.00427689 0.00492461 0.00566308 0.00649786 0.00743451 0.0084784 0.00963458 0.0109076 0.0123015 0.0138192 0.015463 0.017234 0.0191319 0.0211553 0.023301 0.0255645 0.0279397 0.0304185 0.0329914 0.0356473 0.0383733 0.041155 0.0439767 0.0468213 0.0496705 0.0525053 0.0553057 0.0580514 0.0607217 0.0632959 0.0657536 0.0680748 0.0702403 0.0722319 0.0740325 0.0756265 0.077 0.0781409 0.0790391 0.0796864 0.0800772 0.0802078 0.0800772 0.0796864 0.0790391 0.0781409 0.077 0.0756265 0.0740325 0.0722319 0.0702403 0.0680748 0.0657536 0.0632959 0.0607217 0.0580514 0.0553057 0.0525053 0.0496705 0.0468213 0.0439767 0.041155 0.0383733 0.0356473 0.0329914 0.0304185 0.0279397 0.0255645 0.023301 0.0211553 0.0191319 0.017234 0.015463 0.0138192 0.0123015 0.0109076 0.00963458 0.0084784 0.00743451 0.00649786 0.00566308 0.00492461 0.00427689 0.00371444 0.00323203 0.00282476 0.00248819 0.00221841 0.00201212 0.00186669 0.0017802 
0.0020283 0.00206127 0.00216063 0.00232767 0.00256455 0.00287422 0.00326039 0.00372745 0.00428036 0.00492461 0.00566604 0.00651075 0.00746493 0.00853472 0.00972606 0.0110445 0.012495 0.0140818 0.0158082 0.0176765 0.0196876 0.021841 0.0241348 0.0265652 0.029127 0.0318128 0.0346135 0.0375183 0.0405143 0.043587 0.0467201 0.0498958 0.0530949 0.0562971 0.0594808 0.0626238 0.0657036 0.0686969 0.071581 0.074333 0.076931 0.0793535 0.0815806 0.0835933 0.0853746 0.086909 0.0881833 0.0891862 0.089909 0.0903452 0.0904911 0.0903452 0.089909 0.0891862 0.0881833 0.086909 0.0853746 0.0835933 0.0815806 0.0793535 0.076931 0.074333 0.071581 0.0686969 0.0657036 0.0626238 0.0594808 0.0562971 0.0530949 0.0498958 0.0467201 0.043587 0.0405143 0.0375183 0.0346135 0.0318128 0.029127 0.0265652 0.0241348 0.021841 0.0196876 0.0176765 0.0158082 0.0140818 0.012495 0.0110445 0.00972606 0.00853472 0.00746493 0.00651075 0.00566604 0.00492461 0.00428036 0.00372745 0.00326039 0.00287422 0.00256455 0.00232767 0.00216063 0.00206127 
0.00234548 0.00238332 0.00249731 0.00268893 0.00296059 0.00331561 0.00375813 0.00429309 0.00492603 0.00566308 0.00651075 0.00747583 0.00856518 0.00978562 0.0111437 0.0126454 0.0142962 0.0161007 0.0180623 0.0201832 0.0224644 0.024905 0.0275025 0.0302525 0.0331486 0.0361825 0.0393436 0.0426195 0.0459955 0.0494553 0.0529803 0.0565507 0.0601448 0.0637396 0.0673114 0.0708352 0.0742859 0.0776378 0.0808654 0.0839437 0.0868482 0.0895554 0.092043 0.0942905 0.0962788 0.097991 0.0994127 0.100531 0.101337 0.101824 0.101987 0.101824 0.101337 0.100531 0.0994127 0.097991 0.0962788 0.0942905 0.092043 0.0895554 0.0868482 0.0839437 0.0808654 0.0776378 0.0742859 0.0708352 0.0673114 0.0637396 0.0601448 0.0565507 0.0529803 0.0494553 0.0459955 0.0426195 0.0393436 0.0361825 0.0331486 0.0302525 0.0275025 0.024905 0.0224644 0.0201832 0.0180623 0.0161007 0.0142962 0.0126454 0.0111437 0.00978562 0.00856518 0.00747583 0.00651075 0.00566308 0.00492603 0.00429309 0.00375813 0.00331561 0.00296059 0.00268893 0.00249731 0.00238332 
0.00270594 0.00274926 0.00287976 0.00309909 0.00340996 0.00381607 0.00432207 0.00493346 0.00565646 0.00649786 0.00746493 0.00856518 0.00980624 0.0111956 0.0127404 0.0144473 0.0163222 0.0183699 0.0205941 0.0229971 0.0255794 0.0283398 0.0312753 0.0343804 0.0376479 0.041068 0.0446286 0.0483155 0.0521121 0.0559998 0.0599579 0.0639638 0.0679933 0.0720209 0.0760199 0.0799626 0.083821 0.0875667 0.0911715 0.0946077 0.0978482 0.100867 0.10364 0.106145 0.108359 0.110266 0.111849 0.113094 0.113991 0.114533 0.114714 0.114533 0.113991 0.113094 0.111849 0.110266 0.108359 0.106145 0.10364 0.100867 0.0978482 0.0946077 0.0911715 0.0875667 0.083821 0.0799626 0.0760199 0.0720209 0.0679933 0.0639638 0.0599579 0.0559998 0.0521121 0.0483155 0.0446286 0.041068 0.0376479 0.0343804 0.0312753 0.0283398 0.0255794 0.0229971 0.0205941 0.0183699 0.0163222 0.0144473 0.0127404 0.0111956 0.00980624 0.00856518 0.00746493 0.00649786 0.00565646 0.00493346 0.00432207 0.00381607 0.00340996 0.00309909 0.00287976 0.00274926 
0.00311261 0.00316206 0.00331104 0.00356138 0.00391611 0.00437936 0.00495632 0.00565311 0.00647665 0.00743451 0.00853472 0.00978562 0.0111956 0.0127729 0.0145253 0.0164602 0.0185837 0.0209012 0.0234163 0.0261313 0.0290465 0.0321602 0.0354686 0.0389654 0.0426419 0.0464869 0.0504867 0.054625 0.0588831 0.0632399 0.0676721 0.0721545 0.0766601 0.0811603 0.0856254 0.0900248 0.0943273 0.0985017 0.102517 0.106342 0.109947 0.113305 0.116387 0.11917 0.121631 0.123748 0.125505 0.126888 0.127883 0.128484 0.128685 0.128484 0.127883 0.126888 0.125505 0.123748 0.121631 0.11917 0.116387 0.113305 0.109947 0.106342 0.102517 0.0985017 0.0943273 0.0900248 0.0856254 0.0811603 0.0766601 0.0721545 0.0676721 0.0632399 0.0588831 0.054625 0.0504867 0.0464869 0.0426419 0.0389654 0.0354686 0.0321602 0.0290465 0.0261313 0.0234163 0.0209012 0.0185837 0.0164602 0.0145253 0.0127729 0.0111956 0.00978562 0.00853472 0.00743451 0.00647665 0.00565311 0.00495632 0.00437936 0.00391611 0.00356138 0.00331104 0.00316206 
0.00356839 0.00362466 0.00379418 0.00407899 0.00448244 0.00500915 0.00566489 0.00645645 0.00739149 0.0084784 0.00972606 0.0111437 0.0127404 0.0145253 0.016507 0.0186932 0.0210908 0.0237051 0.0265402 0.029598 0.0328787 0.0363798 0.0400967 0.0440221 0.0481457 0.0524548 0.0569337 0.061564 0.0663245 0.0711914 0.0761389 0.0811385 0.0861603 0.0911725 0.0961422 0.101035 0.105818 0.110455 0.114912 0.119157 0.123156 0.126877 0.130293 0.133375 0.136099 0.138443 0.140388 0.141917 0.143019 0.143683 0.143905 0.143683 0.143019 0.141917 0.140388 0.138443 0.136099 0.133375 0.130293 0.126877 0.123156 0.119157 0.114912 0.110455 0.105818 0.101035 0.0961422 0.0911725 0.0861603 0.0811385 0.0761389 0.0711914 0.0663245 0.061564 0.0569337 0.0524548 0.0481457 0.0440221 0.0400967 0.0363798 0.0328787 0.029598 0.0265402 0.0237051 0.0210908 0.0186932 0.016507 0.0145253 0.0127404 0.0111437 0.00972606 0.0084784 0.00739149 0.00645645 0.00566489 0.00500915 0.00448244 0.00407899 0.00379418 0.00362466 
0.00407609 0.00413991 0.00433211 0.00465498 0.00511223 0.00570899 0.00645162 0.00734766 0.00840556 0.00963458 0.0110445 0.0126454 0.0144473 0.0164602 0.0186932 0.0211549 0.0238523 0.0267914 0.029976 0.033408 0.0370871 0.0410102 0.0451716 0.0495627 0.0541718 0.0589842 0.0639822 0.0691448 0.0744484 0.0798663 0.0853695 0.0909266 0.0965041 0.102067 0.107579 0.113002 0.118299 0.123432 0.128363 0.133056 0.137475 0.141585 0.145357 0.148758 0.151764 0.154349 0.156493 0.158179 0.159393 0.160125 0.16037 0.160125 0.159393 0.158179 0.156493 0.154349 0.151764 0.148758 0.145357 0.141585 0.137475 0.133056 0.128363 0.123432 0.118299 0.113002 0.107579 0.102067 0.0965041 0.0909266 0.0853695 0.0798663 0.0744484 0.0691448 0.0639822 0.0589842 0.0541718 0.0495627 0.0451716 0.0410102 0.0370871 0.033408 0.029976 0.0267914 0.0238523 0.0211549 0.0186932 0.0164602 0.0144473 0.0126454 0.0110445 0.00963458 0.00840556 0.00734766 0.00645162 0.00570899 0.00511223 0.00465498 0.00433211 0.00413991 
0.00463837 0.00471046 0.00492757 0.00529222 0.00580852 0.00648212 0.00732004 0.00833059 0.00952306 0.0109076 0.012495 0.0142962 0.0163222 0.0185837 0.0210908 0.0238523 0.0268761 0.030168 0.0337321 0.03757 0.0416807 0.0460604 0.0507024 0.0555964 0.0607292 0.0660839 0.0716405 0.0773755 0.0832622 0.0892711 0.0953698 0.101523 0.107695 0.113846 0.119936 0.125924 0.131769 0.137429 0.142864 0.148033 0.152897 0.157421 0.161568 0.165308 0.168611 0.171451 0.173806 0.175658 0.176991 0.177795 0.178063 0.177795 0.176991 0.175658 0.173806 0.171451 0.168611 0.165308 0.161568 0.157421 0.152897 0.148033 0.142864 0.137429 0.131769 0.125924 0.119936 0.113846 0.107695 0.101523 0.0953698 0.0892711 0.0832622 0.0773755 0.0716405 0.0660839 0.0607292 0.0555964 0.0507024 0.0460604 0.0416807 0.03757 0.0337321 0.030168 0.0268761 0.0238523 0.0210908 0.0185837 0.0163222 0.0142962 0.012495 0.0109076 0.00952306 0.00833059 0.00732004 0.00648212 0.00580852 0.00529222 0.00492757 0.00471046 
0.0052576 0.00533873 0.00558304 0.0059933 0.00657403 0.00733145 0.00827327 0.00940859 0.0107476 0.0123015 0.0140818 0.0161007 0.0183699 0.0209012 0.0237051 0.0267914 0.030168 0.0338412 0.0378149 0.0420903 0.0466658 0.0515368 0.056695 0.0621289 0.067823 0.0737584 0.0799125 0.0862589 0.0927679 0.0994066 0.106139 0.112927 0.11973 0.126504 0.133207 0.139793 0.146218 0.152435 0.158401 0.164072 0.169406 0.174363 0.178907 0.183002 0.186618 0.189726 0.192302 0.194327 0.195785 0.196664 0.196958 0.196664 0.195785 0.194327 0.192302 0.189726 0.186618 0.183002 0.178907 0.174363 0.169406 0.164072 0.158401 0.152435 0.146218 0.139793 0.133207 0.126504 0.11973 0.112927 0.106139 0.0994066 0.0927679 0.0862589 0.0799125 0.0737584 0.067823 0.0621289 0.056695 0.0515368 0.0466658 0.0420903 0.0378149 0.0338412 0.030168 0.0267914 0.0237051 0.0209012 0.0183699 0.0161007 0.0140818 0.0123015 0.0107476 0.00940859 0.00827327 0.00733145 0.00657403 0.0059933 0.00558304 0.00533873 
0.00593587 0.00602681 0.00630065 0.00676042 0.00741108 0.00825942 0.00931389 0.0105844 0.0120822 0.0138192 0.0158082 0.0180623 0.0205941 0.0234163 0.0265402 0.029976 0.0337321 0.0378149 0.042228 0.0469724 0.0520456 0.0574419 0.0631517 0.0691615 0.0754538 0.0820074 0.0887966 0.0957921 0.102961 0.110267 0.11767 0.125128 0.132597 0.140029 0.147377 0.154592 0.161625 0.168427 0.174949 0.181146 0.186972 0.192383 0.197341 0.201807 0.205749 0.209136 0.211943 0.214149 0.215737 0.216694 0.217014 0.216694 0.215737 0.214149 0.211943 0.209136 0.205749 0.201807 0.197341 0.192383 0.186972 0.181146 0.174949 0.168427 0.161625 0.154592 0.147377 0.140029 0.132597 0.125128 0.11767 0.110267 0.102961 0.0957921 0.0887966 0.0820074 0.0754538 0.0691615 0.0631517 0.0574419 0.0520456 0.0469724 0.042228 0.0378149 0.0337321 0.029976 0.0265402 0.0234163 0.0205941 0.0180623 0.0158082 0.0138192 0.0120822 0.0105844 0.00931389 0.00825942 0.00741108 0.00676042 0.00630065 0.00602681 
0.00667482 0.00677636 0.00708209 0.00759531 0.00832145 0.00926789 0.0104438 0.0118601 0.0135288 0.015463 0.0176765 0.0201832 0.0229971 0.0261313 0.029598 0.033408 0.03757 0.0420903 0.0469724 0.0522166 0.0578197 0.0637746 0.0700702 0.0766909 0.0836172 0.0908247 0.0982852 0.105966 0.113831 0.121839 0.129947 0.138109 0.146276 0.154397 0.16242 0.170292 0.177961 0.185372 0.192475 0.199218 0.205555 0.211438 0.216824 0.221675 0.225955 0.229631 0.232677 0.23507 0.236792 0.237831 0.238178 0.237831 0.236792 0.23507 0.232677 0.229631 0.225955 0.221675 0.216824 0.211438 0.205555 0.199218 0.192475 0.185372 0.177961 0.170292 0.16242 0.154397 0.146276 0.138109 0.129947 0.121839 0.113831 0.105966 0.0982852 0.0908247 0.0836172 0.0766909 0.0700702 0.0637746 0.0578197 0.0522166 0.0469724 0.0420903 0.03757 0.033408 0.029598 0.0261313 0.0229971 0.0201832 0.0176765 0.015463 0.0135288 0.0118601 0.0104438 0.00926789 0.00832145 0.00759531 0.00708209 0.00677636 
0.00747563 0.00758856 0.00792854 0.00849917 0.00930633 0.0103581 0.0116643 0.0132368 0.0150887 0.017234 0.0196876 0.0224644 0.0255794 0.0290465 0.0328787 0.0370871 0.0416807 0.0466658 0.0520456 0.0578197 0.0639838 0.0705295 0.0774438 0.084709 0.092303 0.100199 0.108365 0.116765 0.125358 0.134102 0.142947 0.151844 0.160739 0.169577 0.178302 0.186857 0.195184 0.203227 0.21093 0.218239 0.225102 0.231471 0.237301 0.242548 0.247175 0.251149 0.25444 0.257025 0.258885 0.260007 0.260381 0.260007 0.258885 0.257025 0.25444 0.251149 0.247175 0.242548 0.237301 0.231471 0.225102 0.218239 0.21093 0.203227 0.195184 0.186857 0.178302 0.169577 0.160739 0.151844 0.142947 0.134102 0.125358 0.116765 0.108365 0.100199 0.092303 0.084709 0.0774438 0.0705295 0.0639838 0.0578197 0.0520456 0.0466658 0.0416807 0.0370871 0.0328787 0.0290465 0.0255794 0.0224644 0.0196876 0.017234 0.0150887 0.0132368 0.0116643 0.0103581 0.00930633 0.00849917 0.00792854 0.00758856 
0.00833891 0.008464 0.00884059 0.00947254 0.0103662 0.0115304 0.0129757 0.0147148 0.0167618 0.0191319 0.021841 0.024905 0.0283398 0.0321602 0.0363798 0.0410102 0.0460604 0.0515368 0.0574419 0.0637746 0.0705295 0.0776965 0.0852606 0.0932019 0.101495 0.110111 0.119014 0.128164 0.137518 0.147026 0.156637 0.166297 0.175946 0.185527 0.194977 0.204236 0.213243 0.221936 0.230256 0.238145 0.24555 0.252418 0.2587 0.264352 0.269335 0.273612 0.277154 0.279935 0.281936 0.283142 0.283545 0.283142 0.281936 0.279935 0.277154 0.273612 0.269335 0.264352 0.2587 0.252418 0.24555 0.238145 0.230256 0.221936 0.213243 0.204236 0.194977 0.185527 0.175946 0.166297 0.156637 0.147026 0.137518 0.128164 0.119014 0.110111 0.101495 0.0932019 0.0852606 0.0776965 0.0705295 0.0637746 0.0574419 0.0515368 0.0460604 0.0410102 0.0363798 0.0321602 0.0283398 0.024905 0.021841 0.0191319 0.0167618 0.0147148 0.0129757 0.0115304 0.0103662 0.00947254 0.00884059 0.008464 
0.00926462 0.00940265 0.00981813 0.0105153 0.0115009 0.0127843 0.0143772 0.0162931 0.018547 0.0211553 0.0241348 0.0275025 0.0312753 0.0354686 0.0400967 0.0451716 0.0507024 0.056695 0.0631517 0.0700702 0.0774438 0.0852606 0.0935035 0.10215 0.111173 0.120538 0.130206 0.140135 0.150276 0.160575 0.170978 0.181424 0.191851 0.202195 0.21239 0.222372 0.232074 0.241432 0.250383 0.258865 0.266822 0.274197 0.280939 0.287004 0.292347 0.296933 0.300729 0.303709 0.305852 0.307144 0.307576 0.307144 0.305852 0.303709 0.300729 0.296933 0.292347 0.287004 0.280939 0.274197 0.266822 0.258865 0.250383 0.241432 0.232074 0.222372 0.21239 0.202195 0.191851 0.181424 0.170978 0.160575 0.150276 0.140135 0.130206 0.120538 0.111173 0.10215 0.0935035 0.0852606 0.0774438 0.0700702 0.0631517 0.056695 0.0507024 0.0451716 0.0400967 0.0354686 0.0312753 0.0275025 0.0241348 0.0211553 0.018547 0.0162931 0.0143772 0.0127843 0.0115009 0.0105153 0.00981813 0.00940265 
0.010252 0.0104037 0.0108603 0.0116264 0.0127091 0.0141186 0.0158674 0.0179697 0.0204418 0.023301 0.0265652 0.0302525 0.0343804 0.0389654 0.0440221 0.0495627 0.0555964 0.0621289 0.0691615 0.0766909 0.084709 0.0932019 0.10215 0.111529 0.121306 0.131446 0.141906 0.152638 0.16359 0.174704 0.185919 0.197172 0.208395 0.21952 0.230476 0.241195 0.251606 0.26164 0.271231 0.280314 0.288829 0.296717 0.303926 0.310406 0.316113 0.321009 0.325061 0.328241 0.330528 0.331906 0.332366 0.331906 0.330528 0.328241 0.325061 0.321009 0.316113 0.310406 0.303926 0.296717 0.288829 0.280314 0.271231 0.26164 0.251606 0.241195 0.230476 0.21952 0.208395 0.197172 0.185919 0.174704 0.16359 0.152638 0.141906 0.131446 0.121306 0.111529 0.10215 0.0932019 0.084709 0.0766909 0.0691615 0.0621289 0.0555964 0.0495627 0.0440221 0.0389654 0.0343804 0.0302525 0.0265652 0.023301 0.0204418 0.0179697 0.0158674 0.0141186 0.0127091 0.0116264 0.0108603 0.0104037 
0.0112996 0.0114657 0.0119656 0.012804 0.0139889 0.0155309 0.0174432 0.0197413 0.0224423 0.0255645 0.029127 0.0331486 0.0376479 0.0426419 0.0481457 0.0541718 0.0607292 0.067823 0.0754538 0.0836172 0.092303 0.101495 0.111173 0.121306 0.131862 0.1428 0.154073 0.165629 0.177411 0.189358 0.201404 0.213479 0.225513 0.237431 0.24916 0.260626 0.271753 0.282471 0.292708 0.302397 0.311473 0.319877 0.327553 0.33445 0.340522 0.345729 0.350037 0.353417 0.355847 0.357311 0.357801 0.357311 0.355847 0.353417 0.350037 0.345729 0.340522 0.33445 0.327553 0.319877 0.311473 0.302397 0.292708 0.282471 0.271753 0.260626 0.24916 0.237431 0.225513 0.213479 0.201404 0.189358 0.177411 0.165629 0.154073 0.1428 0.131862 0.121306 0.111173 0.101495 0.092303 0.0836172 0.0754538 0.067823 0.0607292 0.0541718 0.0481457 0.0426419 0.0376479 0.0331486 0.029127 0.0255645 0.0224423 0.0197413 0.0174432 0.0155309 0.0139889 0.012804 0.0119656 0.0114657 
0.0124051 0.0125863 0.0131314 0.0140456 0.0153372 0.0170177 0.019101 0.0216034 0.0245432 0.0279397 0.0318128 0.0361825 0.041068 0.0464869 0.0524548 0.0589842 0.0660839 0.0737584 0.0820074 0.0908247 0.100199 0.110111 0.120538 0.131446 0.1428 0.154554 0.166658 0.179055 0.191683 0.204477 0.217366 0.230275 0.243129 0.25585 0.268358 0.280576 0.292425 0.303828 0.314713 0.325008 0.334647 0.343566 0.351708 0.35902 0.365454 0.37097 0.375532 0.379111 0.381683 0.383233 0.383751 0.383233 0.381683 0.379111 0.375532 0.37097 0.365454 0.35902 0.351708 0.343566 0.334647 0.325008 0.314713 0.303828 0.292425 0.280576 0.268358 0.25585 0.243129 0.230275 0.217366 0.204477 0.191683 0.179055 0.166658 0.154554 0.1428 0.131446 0.120538 0.110111 0.100199 0.0908247 0.0820074 0.0737584 0.0660839 0.0589842 0.0524548 0.0464869 0.041068 0.0361825 0.0318128 0.0279397 0.0245432 0.0216034 0.019101 0.0170177 0.0153372 0.0140456 0.0131314 0.0125863 
0.0135654 0.0137622 0.0143543 0.0153474 0.01675 0.0185744 0.0208353 0.02355 0.0267376 0.0304185 0.0346135 0.0393436 0.0446286 0.0504867 0.0569337 0.0639822 0.0716405 0.0799125 0.0887966 0.0982852 0.108365 0.119014 0.130206 0.141906 0.154073 0.166658 0.179606 0.192856 0.206342 0.219992 0.233732 0.247482 0.261162 0.274689 0.287979 0.300949 0.313519 0.325607 0.337137 0.348035 0.358232 0.367662 0.376266 0.383989 0.390782 0.396603 0.401415 0.40519 0.407902 0.409537 0.410083 0.409537 0.407902 0.40519 0.401415 0.396603 0.390782 0.383989 0.376266 0.367662 0.358232 0.348035 0.337137 0.325607 0.313519 0.300949 0.287979 0.274689 0.261162 0.247482 0.233732 0.219992 0.206342 0.192856 0.179606 0.166658 0.154073 0.141906 0.130206 0.119014 0.108365 0.0982852 0.0887966 0.0799125 0.0716405 0.0639822 0.0569337 0.0504867 0.0446286 0.0393436 0.0346135 0.0304185 0.0267376 0.02355 0.0208353 0.0185744 0.01675 0.0153474 0.0143543 0.0137622 
0.0147763 0.0149893 0.0156302 0.0167047 0.0182222 0.0201954 0.0226399 0.0255738 0.0290172 0.0329914 0.0375183 0.0426195 0.0483155 0.054625 0.061564 0.0691448 0.0773755 0.0862589 0.0957921 0.105966 0.116765 0.128164 0.140135 0.152638 0.165629 0.179055 0.192856 0.206967 0.221316 0.235828 0.250423 0.265016 0.279521 0.293852 0.307922 0.321642 0.334927 0.347694 0.359863 0.371358 0.382105 0.392039 0.401097 0.409223 0.416368 0.422489 0.427547 0.431513 0.434363 0.436079 0.436653 0.436079 0.434363 0.431513 0.427547 0.422489 0.416368 0.409223 0.401097 0.392039 0.382105 0.371358 0.359863 0.347694 0.334927 0.321642 0.307922 0.293852 0.279521 0.265016 0.250423 0.235828 0.221316 0.206967 0.192856 0.179055 0.165629 0.152638 0.140135 0.128164 0.116765 0.105966 0.0957921 0.0862589 0.0773755 0.0691448 0.061564 0.054625 0.0483155 0.0426195 0.0375183 0.0329914 0.0290172 0.0255738 0.0226399 0.0201954 0.0182222 0.0167047 0.0156302 0.0149893 
0.016033 0.0162626 0.0169537 0.0181121 0.0197478 0.021874 0.0245071 0.0276662 0.0313722 0.0356473 0.0405143 0.0459955 0.0521121 0.0588831 0.0663245 0.0744484 0.0832622 0.0927679 0.102961 0.113831 0.125358 0.137518 0.150276 0.16359 0.177411 0.191683 0.206342 0.221316 0.236531 0.251904 0.267352 0.282784 0.298111 0.313241 0.328082 0.342544 0.356536 0.369973 0.38277 0.39485 0.406137 0.416564 0.426066 0.434586 0.442074 0.448486 0.453783 0.457935 0.460918 0.462714 0.463314 0.462714 0.460918 0.457935 0.453783 0.448486 0.442074 0.434586 0.426066 0.416564 0.406137 0.39485 0.38277 0.369973 0.356536 0.342544 0.328082 0.313241 0.298111 0.282784 0.267352 0.251904 0.236531 0.221316 0.206342 0.191683 0.177411 0.16359 0.150276 0.137518 0.125358 0.113831 0.102961 0.0927679 0.0832622 0.0744484 0.0663245 0.0588831 0.0521121 0.0459955 0.0405143 0.0356473 0.0313722 0.0276662 0.0245071 0.021874 0.0197478 0.0181121 0.0169537 0.0162626 
0.0173296 0.0175764 0.0183187 0.019563 0.0213195 0.0236021 0.026428 0.0298171 0.0337912 0.0383733 0.043587 0.0494553 0.0559998 0.0632399 0.0711914 0.0798663 0.0892711 0.0994066 0.110267 0.121839 0.134102 0.147026 0.160575 0.174704 0.189358 0.204477 0.219992 0.235828 0.251904 0.268134 0.284428 0.300692 0.316831 0.332749 0.348351 0.363541 0.378227 0.392319 0.405731 0.418381 0.430195 0.4411 0.451033 0.459935 0.467755 0.474448 0.479976 0.484308 0.487419 0.489293 0.489919 0.489293 0.487419 0.484308 0.479976 0.474448 0.467755 0.459935 0.451033 0.4411 0.430195 0.418381 0.405731 0.392319 0.378227 0.363541 0.348351 0.332749 0.316831 0.300692 0.284428 0.268134 0.251904 0.235828 0.219992 0.204477 0.189358 0.174704 0.160575 0.147026 0.134102 0.121839 0.110267 0.0994066 0.0892711 0.0798663 0.0711914 0.0632399 0.0559998 0.0494553 0.043587 0.0383733 0.0337912 0.0298171 0.026428 0.0236021 0.0213195 0.019563 0.0183187 0.0175764 
0.0186596 0.0189237 0.0197183 0.0210499 0.0229292 0.0253709 0.0283928 0.0320154 0.0362616 0.041155 0.0467201 0.0529803 0.0599579 0.0676721 0.0761389 0.0853695 0.0953698 0.106139 0.11767 0.129947 0.142947 0.156637 0.170978 0.185919 0.201404 0.217366 0.233732 0.250423 0.267352 0.284428 0.301556 0.318639 0.335576 0.352268 0.368614 0.384516 0.399878 0.414607 0.428616 0.44182 0.454142 0.46551 0.475858 0.485128 0.493267 0.50023 0.505979 0.510483 0.513717 0.515665 0.516315 0.515665 0.513717 0.510483 0.505979 0.50023 0.493267 0.485128 0.475858 0.46551 0.454142 0.44182 0.428616 0.414607 0.399878 0.384516 0.368614 0.352268 0.335576 0.318639 0.301556 0.284428 0.267352 0.250423 0.233732 0.217366 0.201404 0.185919 0.170978 0.156637 0.142947 0.129947 0.11767 0.106139 0.0953698 0.0853695 0.0761389 0.0676721 0.0599579 0.0529803 0.0467201 0.041155 0.0362616 0.0320154 0.0283928 0.0253709 0.0229292 0.0210499 0.0197183 0.0189237 
0.0200154 0.0202971 0.0211445 0.0225644 0.024568 0.0271704 0.0303901 0.0342486 0.0387693 0.0439767 0.0498958 0.0565507 0.0639638 0.0721545 0.0811385 0.0909266 0.101523 0.112927 0.125128 0.138109 0.151844 0.166297 0.181424 0.197172 0.213479 0.230275 0.247482 0.265016 0.282784 0.300692 0.318639 0.336523 0.35424 0.371686 0.388756 0.405349 0.421366 0.436711 0.451295 0.465032 0.477843 0.489655 0.5004 0.510021 0.518465 0.525685 0.531645 0.536312 0.539663 0.54168 0.542354 0.54168 0.539663 0.536312 0.531645 0.525685 0.518465 0.510021 0.5004 0.489655 0.477843 0.465032 0.451295 0.436711 0.421366 0.405349 0.388756 0.371686 0.35424 0.336523 0.318639 0.300692 0.282784 0.265016 0.247482 0.230275 0.213479 0.197172 0.181424 0.166297 0.151844 0.138109 0.125128 0.112927 0.101523 0.0909266 0.0811385 0.0721545 0.0639638 0.0565507 0.0498958 0.0439767 0.0387693 0.0342486 0.0303901 0.0271704 0.024568 0.0225644 0.0211445 0.0202971 
0.0213889 0.0216882 0.0225887 0.0240973 0.0262257 0.0289896 0.032408 0.0365032 0.0412992 0.0468213 0.0530949 0.0601448 0.0679933 0.0766601 0.0861603 0.0965041 0.107695 0.11973 0.132597 0.146276 0.160739 0.175946 0.191851 0.208395 0.225513 0.243129 0.261162 0.279521 0.298111 0.316831 0.335576 0.35424 0.372714 0.39089 0.40866 0.42592 0.442567 0.458505 0.47364 0.487887 0.501164 0.513398 0.524521 0.534475 0.543207 0.55067 0.556829 0.56165 0.565111 0.567195 0.56789 0.567195 0.565111 0.56165 0.556829 0.55067 0.543207 0.534475 0.524521 0.513398 0.501164 0.487887 0.47364 0.458505 0.442567 0.42592 0.40866 0.39089 0.372714 0.35424 0.335576 0.316831 0.298111 0.279521 0.261162 0.243129 0.225513 0.208395 0.191851 0.175946 0.160739 0.146276 0.132597 0.11973 0.107695 0.0965041 0.0861603 0.0766601 0.0679933 0.0601448 0.0530949 0.0468213 0.0412992 0.0365032 0.032408 0.0289896 0.0262257 0.0240973 0.0225887 0.0216882 
0.022771 0.023088 0.0240415 0.0256387 0.0278918 0.0308168 0.0344335 0.0387647 0.043835 0.0496705 0.0562971 0.0637396 0.0720209 0.0811603 0.0911725 0.102067 0.113846 0.126504 0.140029 0.154397 0.169577 0.185527 0.202195 0.21952 0.237431 0.25585 0.274689 0.293852 0.313241 0.332749 0.352268 0.371686 0.39089 0.409769 0.428211 0.44611 0.46336 0.479863 0.495523 0.510253 0.523972 0.536605 0.548085 0.558353 0.567355 0.575047 0.581392 0.586358 0.589922 0.592067 0.592783 0.592067 0.589922 0.586358 0.581392 0.575047 0.567355 0.558353 0.548085 0.536605 0.523972 0.510253 0.495523 0.479863 0.46336 0.44611 0.428211 0.409769 0.39089 0.371686 0.352268 0.332749 0.313241 0.293852 0.274689 0.25585 0.237431 0.21952 0.202195 0.185527 0.169577 0.154397 0.140029 0.126504 0.113846 0.102067 0.0911725 0.0811603 0.0720209 0.0637396 0.0562971 0.0496705 0.043835 0.0387647 0.0344335 0.0308168 0.0278918 0.0256387 0.0240415 0.023088 
0.0241523 0.0244868 0.0254929 0.0271781 0.0295548 0.0326395 0.0364527 0.0410177 0.0463597 0.0525053 0.0594808 0.0673114 0.0760199 0.0856254 0.0961422 0.107579 0.119936 0.133207 0.147377 0.16242 0.178302 0.194977 0.21239 0.230476 0.24916 0.268358 0.287979 0.307922 0.328082 0.348351 0.368614 0.388756 0.40866 0.428211 0.447296 0.465803 0.483626 0.500663 0.51682 0.532006 0.546141 0.559148 0.570962 0.581523 0.590778 0.598682 0.6052 0.6103 0.613959 0.616161 0.616896 0.616161 0.613959 0.6103 0.6052 0.598682 0.590778 0.581523 0.570962 0.559148 0.546141 0.532006 0.51682 0.500663 0.483626 0.465803 0.447296 0.428211 0.40866 0.388756 0.368614 0.348351 0.328082 0.307922 0.287979 0.268358 0.24916 0.230476 0.21239 0.194977 0.178302 0.16242 0.147377 0.133207 0.119936 0.107579 0.0961422 0.0856254 0.0760199 0.0673114 0.0594808 0.0525053 0.0463597 0.0410177 0.0364527 0.0326395 0.0295548 0.0271781 0.0254929 0.0244868 
0.0255228 0.0258745 0.0269325 0.0287043 0.0312027 0.0344448 0.0384513 0.0432463 0.0488554 0.0553057 0.0626238 0.0708352 0.0799626 0.0900248 0.101035 0.113002 0.125924 0.139793 0.154592 0.170292 0.186857 0.204236 0.222372 0.241195 0.260626 0.280576 0.300949 0.321642 0.342544 0.363541 0.384516 0.405349 0.42592 0.44611 0.465803 0.484885 0.503248 0.520789 0.537411 0.553025 0.567547 0.580904 0.593028 0.603861 0.613349 0.62145 0.628128 0.633351 0.637098 0.639353 0.640105 0.639353 0.637098 0.633351 0.628128 0.62145 0.613349 0.603861 0.593028 0.580904 0.567547 0.553025 0.537411 0.520789 0.503248 0.484885 0.465803 0.44611 0.42592 0.405349 0.384516 0.363541 0.342544 0.321642 0.300949 0.280576 0.260626 0.241195 0.222372 0.204236 0.186857 0.170292 0.154592 0.139793 0.125924 0.113002 0.101035 0.0900248 0.0799626 0.0708352 0.0626238 0.0553057 0.0488554 0.0432463 0.0384513 0.0344448 0.0312027 0.0287043 0.0269325 0.0258745 
0.026872 0.0272406 0.0283492 0.0302058 0.0328232 0.036219 0.0404145 0.045434 0.0513039 0.0580514 0.0657036 0.0742859 0.083821 0.0943273 0.105818 0.118299 0.131769 0.146218 0.161625 0.177961 0.195184 0.213243 0.232074 0.251606 0.271753 0.292425 0.313519 0.334927 0.356536 0.378227 0.399878 0.421366 0.442567 0.46336 0.483626 0.503248 0.522117 0.540128 0.557184 0.573195 0.588077 0.601757 0.614167 0.625249 0.634953 0.643234 0.650057 0.655393 0.65922 0.661522 0.662291 0.661522 0.65922 0.655393 0.650057 0.643234 0.634953 0.625249 0.614167 0.601757 0.588077 0.573195 0.557184 0.540128 0.522117 0.503248 0.483626 0.46336 0.442567 0.421366 0.399878 0.378227 0.356536 0.334927 0.313519 0.292425 0.271753 0.251606 0.232074 0.213243 0.195184 0.177961 0.161625 0.146218 0.131769 0.118299 0.105818 0.0943273 0.083821 0.0742859 0.0657036 0.0580514 0.0513039 0.045434 0.0404145 0.036219 0.0328232 0.0302058 0.0283492 0.0272406 
0.0281893 0.0285743 0.0297321 0.0316708 0.0344037 0.0379485 0.0423271 0.0475642 0.0536865 0.0607217 0.0686969 0.0776378 0.0875667 0.0985017 0.110455 0.123432 0.137429 0.152435 0.168427 0.185372 0.203227 0.221936 0.241432 0.26164 0.282471 0.303828 0.325607 0.347694 0.369973 0.392319 0.414607 0.436711 0.458505 0.479863 0.500663 0.520789 0.540128 0.558576 0.576033 0.59241 0.607623 0.621599 0.634271 0.645581 0.65548 0.663924 0.670879 0.676317 0.680217 0.682562 0.683345 0.682562 0.680217 0.676317 0.670879 0.663924 0.65548 0.645581 0.634271 0.621599 0.607623 0.59241 0.576033 0.558576 0.540128 0.520789 0.500663 0.479863 0.458505 0.436711 0.414607 0.392319 0.369973 0.347694 0.325607 0.303828 0.282471 0.26164 0.241432 0.221936 0.203227 0.185372 0.168427 0.152435 0.137429 0.123432 0.110455 0.0985017 0.0875667 0.0776378 0.0686969 0.0607217 0.0536865 0.0475642 0.0423271 0.0379485 0.0344037 0.0316708 0.0297321 0.0285743 
0.0294638 0.0298646 0.0310697 0.0330874 0.0359313 0.0396194 0.044174 0.04962 0.0559847 0.0632959 0.071581 0.0808654 0.0911715 0.102517 0.114912 0.128363 0.142864 0.158401 0.174949 0.192475 0.21093 0.230256 0.250383 0.271231 0.292708 0.314713 0.337137 0.359863 0.38277 0.405731 0.428616 0.451295 0.47364 0.495523 0.51682 0.537411 0.557184 0.576033 0.593859 0.61057 0.626086 0.640331 0.65324 0.664756 0.674831 0.683423 0.690497 0.696026 0.69999 0.702375 0.70317 0.702375 0.69999 0.696026 0.690497 0.683423 0.674831 0.664756 0.65324 0.640331 0.626086 0.61057 0.593859 0.576033 0.557184 0.537411 0.51682 0.495523 0.47364 0.451295 0.428616 0.405731 0.38277 0.359863 0.337137 0.314713 0.292708 0.271231 0.250383 0.230256 0.21093 0.192475 0.174949 0.158401 0.142864 0.128363 0.114912 0.102517 0.0911715 0.0808654 0.071581 0.0632959 0.0559847 0.04962 0.044174 0.0396194 0.0359313 0.0330874 0.0310697 0.0298646 
0.0306849 0.0311006 0.0323508 0.0344438 0.0373934 0.041218 0.04594 0.0515849 0.05818 0.0657536 0.074333 0.0839437 0.0946077 0.106342 0.119157 0.133056 0.148033 0.164072 0.181146 0.199218 0.218239 0.238145 0.258865 0.280314 0.302397 0.325008 0.348035 0.371358 0.39485 0.418381 0.44182 0.465032 0.487887 0.510253 0.532006 0.553025 0.573195 0.59241 0.61057 0.627586 0.643374 0.657862 0.670985 0.682686 0.692918 0.701641 0.708821 0.714432 0.718453 0.720872 0.721679 0.720872 0.718453 0.714432 0.708821 0.701641 0.692918 0.682686 0.670985 0.657862 0.643374 0.627586 0.61057 0.59241 0.573195 0.553025 0.532006 0.510253 0.487887 0.465032 0.44182 0.418381 0.39485 0.371358 0.348035 0.325008 0.302397 0.280314 0.258865 0.238145 0.218239 0.199218 0.181146 0.164072 0.148033 0.133056 0.119157 0.106342 0.0946077 0.0839437 0.074333 0.0657536 0.05818 0.0515849 0.04594 0.041218 0.0373934 0.0344438 0.0323508 0.0311006 
0.0318418 0.0322717 0.0335643 0.0357283 0.0387775 0.0427306 0.0476103 0.0534424 0.0602545 0.0680748 0.076931 0.0868482 0.0978482 0.109947 0.123156 0.137475 0.152897 0.169406 0.186972 0.205555 0.225102 0.24555 0.266822 0.288829 0.311473 0.334647 0.358232 0.382105 0.406137 0.430195 0.454142 0.477843 0.501164 0.523972 0.546141 0.567547 0.588077 0.607623 0.626086 0.643374 0.659407 0.674111 0.687424 0.69929 0.709662 0.7185 0.725774 0.731456 0.735528 0.737976 0.738793 0.737976 0.735528 0.731456 0.725774 0.7185 0.709662 0.69929 0.687424 0.674111 0.659407 0.643374 0.626086 0.607623 0.588077 0.567547 0.546141 0.523972 0.501164 0.477843 0.454142 0.430195 0.406137 0.382105 0.358232 0.334647 0.311473 0.288829 0.266822 0.24555 0.225102 0.205555 0.186972 0.169406 0.152897 0.137475 0.123156 0.109947 0.0978482 0.0868482 0.076931 0.0680748 0.0602545 0.0534424 0.0476103 0.0427306 0.0387775 0.0357283 0.0335643 0.0322717 
