0.00207275 0.00209741 0.0021716 0.00229588 0.00247122 0.00269891 0.00298059 0.00331816 0.00371377 0.00416974 0.00468851 0.0052726 0.00592448 0.00664655 0.00744101 0.00830984 0.00925464 0.0102766 0.0113764 0.0125542 0.0138094 0.0151407 0.016546 0.0180225 0.0195664 0.021173 0.0228367 0.024551 0.0263087 0.0281013 0.02992 0.0317547 0.0335952 0.0354303 0.0372485 0.0390377 0.040786 0.0424809 0.0441103 0.045662 0.0471243 0.0484858 0.0497357 0.0508641 0.0518618 0.0527205 0.0534332 0.0539938 0.0543977 0.0546414 0.0547229 0.0546414 0.0543977 0.0539938 0.0534332 0.0527205 0.0518618 0.0508641 0.0497357 0.0484858 0.0471243 0.045662 0.0441103 0.0424809 0.040786 0.0390377 0.0372485 0.0354303 0.0335952 0.0317547 0.02992 0.0281013 0.0263087 0.024551 0.0228367 0.021173 0.0195664 0.0180225 0.016546 0.0151407 0.0138094 0.0125542 0.0113764 0.0102766 0.00925464 0.00830984 0.00744101 0.00664655 0.00592448 0.0052726 0.00468851 0.00416974 0.00371377 0.00331816 0.00298059 0.00269891 0.00247122 0.00229588 0.0021716 0.00209741 
0.00209741 0.00212234 0.00219733 0.00232297 0.0025002 0.00273036 0.00301507 0.00335626 0.00375609 0.0042169 0.00474115 0.00533137 0.00599004 0.00671959 0.00752223 0.00839993 0.00935431 0.0103866 0.0114974 0.0126868 0.0139543 0.0152986 0.0167176 0.0182083 0.0197668 0.0213886 0.023068 0.0247983 0.0265722 0.0283813 0.0302166 0.032068 0.033925 0.0357765 0.0376108 0.0394159 0.0411795 0.0428893 0.0445328 0.0460979 0.0475728 0.0489459 0.0502066 0.0513446 0.0523507 0.0532167 0.0539354 0.0545008 0.0549081 0.0551539 0.055236 0.0551539 0.0549081 0.0545008 0.0539354 0.0532167 0.0523507 0.0513446 0.0502066 0.0489459 0.0475728 0.0460979 0.0445328 0.0428893 0.0411795 0.0394159 0.0376108 0.0357765 0.033925 0.032068 0.0302166 0.0283813 0.0265722 0.0247983 0.023068 0.0213886 0.0197668 0.0182083 0.0167176 0.0152986 0.0139543 0.0126868 0.0114974 0.0103866 0.00935431 0.00839993 0.00752223 0.00671959 0.00599004 0.00533137 0.00474115 0.0042169 0.00375609 0.00335626 0.00301507 0.00273036 0.0025002 0.00232297 0.00219733 0.00212234 
0.0021716 0.00219733 0.00227475 0.00240444 0.00258738 0.00282493 0.00311876 0.00347083 0.00388335 0.0043587 0.00489941 0.00550804 0.00618714 0.00693916 0.00776635 0.0086707 0.00965386 0.010717 0.0118608 0.0130853 0.0143899 0.0157732 0.017233 0.0187663 0.0203691 0.0220365 0.0237628 0.0255411 0.0273638 0.0292224 0.0311074 0.0330087 0.0349154 0.0368162 0.038699 0.0405515 0.0423612 0.0441154 0.0458014 0.0474068 0.0489194 0.0503276 0.0516202 0.0527871 0.0538186 0.0547064 0.0554432 0.0560227 0.0564402 0.0566922 0.0567764 0.0566922 0.0564402 0.0560227 0.0554432 0.0547064 0.0538186 0.0527871 0.0516202 0.0503276 0.0489194 0.0474068 0.0458014 0.0441154 0.0423612 0.0405515 0.038699 0.0368162 0.0349154 0.0330087 0.0311074 0.0292224 0.0273638 0.0255411 0.0237628 0.0220365 0.0203691 0.0187663 0.017233 0.0157732 0.0143899 0.0130853 0.0118608 0.010717 0.00965386 0.0086707 0.00776635 0.00693916 0.00618714 0.00550804 0.00489941 0.0043587 0.00388335 0.00347083 0.00311876 0.00282493 0.00258738 0.00240444 0.00227475 0.00219733 
0.00229588 0.00232297 0.00240444 0.00254091 0.00273341 0.00298333 0.0032924 0.00366266 0.0040964 0.00459608 0.00516431 0.00580373 0.00651697 0.00730655 0.00817477 0.00912367 0.0101549 0.0112697 0.0124686 0.0137516 0.0151182 0.0165666 0.0180946 0.0196991 0.0213756 0.0231192 0.0249238 0.0267822 0.0286863 0.0306274 0.0325955 0.03458 0.0365696 0.0385525 0.0405161 0.0424477 0.0443342 0.0461624 0.0479193 0.0495918 0.0511674 0.0526339 0.0539799 0.0551948 0.0562686 0.0571928 0.0579596 0.0585628 0.0589973 0.0592595 0.0593471 0.0592595 0.0589973 0.0585628 0.0579596 0.0571928 0.0562686 0.0551948 0.0539799 0.0526339 0.0511674 0.0495918 0.0479193 0.0461624 0.0443342 0.0424477 0.0405161 0.0385525 0.0365696 0.03458 0.0325955 0.0306274 0.0286863 0.0267822 0.0249238 0.0231192 0.0213756 0.0196991 0.0180946 0.0165666 0.0151182 0.0137516 0.0124686 0.0112697 0.0101549 0.00912367 0.00817477 0.00730655 0.00651697 0.00580373 0.00516431 0.00459608 0.0040964 0.00366266 0.0032924 0.00298333 0.00273341 0.00254091 0.00240444 0.00232297 
0.00247122 0.0025002 0.00258738 0.00273341 0.00293936 0.00320668 0.00353721 0.00393307 0.00439666 0.00493056 0.0055375 0.00622023 0.00698149 0.00782387 0.00874978 0.0097613 0.0108601 0.0120474 0.0133237 0.014689 0.0161425 0.0176824 0.0193062 0.0210105 0.0227906 0.0246411 0.0265554 0.0285261 0.0305445 0.0326011 0.0346857 0.0367868 0.0388926 0.0409905 0.0430674 0.0451098 0.0471038 0.0490357 0.0508917 0.0526581 0.0543218 0.05587 0.0572907 0.0585728 0.0597058 0.0606808 0.0614898 0.062126 0.0625843 0.0628608 0.0629532 0.0628608 0.0625843 0.062126 0.0614898 0.0606808 0.0597058 0.0585728 0.0572907 0.05587 0.0543218 0.0526581 0.0508917 0.0490357 0.0471038 0.0451098 0.0430674 0.0409905 0.0388926 0.0367868 0.0346857 0.0326011 0.0305445 0.0285261 0.0265554 0.0246411 0.0227906 0.0210105 0.0193062 0.0176824 0.0161425 0.014689 0.0133237 0.0120474 0.0108601 0.0097613 0.00874978 0.00782387 0.00698149 0.00622023 0.0055375 0.00493056 0.00439666 0.00393307 0.00353721 0.00320668 0.00293936 0.00273341 0.00258738 0.0025002 
0.00269891 0.00273036 0.00282493 0.00298333 0.00320668 0.00349654 0.00385484 0.00428384 0.00478606 0.00536425 0.00602126 0.00676001 0.00758335 0.00849402 0.00949449 0.0105869 0.011773 0.013054 0.0144303 0.0159018 0.0174675 0.0191254 0.0208729 0.0227058 0.0246194 0.0266077 0.0286636 0.0307789 0.0329445 0.03515 0.0373845 0.0396358 0.0418911 0.0441371 0.0463596 0.0485444 0.0506768 0.052742 0.0547254 0.0566125 0.0583894 0.0600426 0.0615593 0.0629276 0.0641368 0.0651771 0.0660401 0.0667187 0.0672076 0.0675025 0.067601 0.0675025 0.0672076 0.0667187 0.0660401 0.0651771 0.0641368 0.0629276 0.0615593 0.0600426 0.0583894 0.0566125 0.0547254 0.052742 0.0506768 0.0485444 0.0463596 0.0441371 0.0418911 0.0396358 0.0373845 0.03515 0.0329445 0.0307789 0.0286636 0.0266077 0.0246194 0.0227058 0.0208729 0.0191254 0.0174675 0.0159018 0.0144303 0.013054 0.011773 0.0105869 0.00949449 0.00849402 0.00758335 0.00676001 0.00602126 0.00536425 0.00478606 0.00428384 0.00385484 0.00349654 0.00320668 0.00298333 0.00282493 0.00273036 
0.00298059 0.00301507 0.00311876 0.0032924 0.00353721 0.00385484 0.00424736 0.00471718 0.005267 0.00589972 0.00661839 0.00742609 0.00832585 0.00932052 0.0104127 0.0116047 0.0128981 0.0142941 0.0157933 0.0173952 0.0190987 0.0209016 0.0228007 0.0247916 0.0268689 0.0290261 0.0312555 0.0335481 0.0358938 0.0382818 0.0406998 0.0431348 0.0455731 0.0480001 0.0504008 0.0527597 0.0550611 0.0572893 0.0594284 0.061463 0.0633782 0.0651595 0.0667933 0.068267 0.069569 0.070689 0.071618 0.0723484 0.0728745 0.0731919 0.0732979 0.0731919 0.0728745 0.0723484 0.071618 0.070689 0.069569 0.068267 0.0667933 0.0651595 0.0633782 0.061463 0.0594284 0.0572893 0.0550611 0.0527597 0.0504008 0.0480001 0.0455731 0.0431348 0.0406998 0.0382818 0.0358938 0.0335481 0.0312555 0.0290261 0.0268689 0.0247916 0.0228007 0.0209016 0.0190987 0.0173952 0.0157933 0.0142941 0.0128981 0.0116047 0.0104127 0.00932052 0.00832585 0.00742609 0.00661839 0.00589972 0.005267 0.00471718 0.00424736 0.00385484 0.00353721 0.0032924 0.00311876 0.00301507 
0.00331816 0.00335626 0.00347083 0.00366266 0.00393307 0.00428384 0.00471718 0.00523569 0.00584225 0.00653999 0.00733216 0.00822202 0.0092128 0.0103075 0.0115089 0.0128193 0.0142404 0.0157733 0.0174185 0.0191755 0.0210427 0.0230176 0.0250967 0.027275 0.0295466 0.0319042 0.0343392 0.0368418 0.0394011 0.0420049 0.0446402 0.0472926 0.0499473 0.0525885 0.0551998 0.0577646 0.0602657 0.0626863 0.0650093 0.067218 0.0692964 0.071229 0.0730011 0.0745991 0.0760106 0.0772245 0.0782313 0.0790228 0.0795928 0.0799367 0.0800516 0.0799367 0.0795928 0.0790228 0.0782313 0.0772245 0.0760106 0.0745991 0.0730011 0.071229 0.0692964 0.067218 0.0650093 0.0626863 0.0602657 0.0577646 0.0551998 0.0525885 0.0499473 0.0472926 0.0446402 0.0420049 0.0394011 0.0368418 0.0343392 0.0319042 0.0295466 0.027275 0.0250967 0.0230176 0.0210427 0.0191755 0.0174185 0.0157733 0.0142404 0.0128193 0.0115089 0.0103075 0.0092128 0.00822202 0.00733216 0.00653999 0.00584225 0.00523569 0.00471718 0.00428384 0.00393307 0.00366266 0.00347083 0.00335626 
0.00371377 0.00375609 0.00388335 0.0040964 0.00439666 0.00478606 0.005267 0.00584225 0.00651495 0.00728843 0.00816618 0.00915171 0.0102484 0.0114595 0.0127879 0.014236 0.0158054 0.0174975 0.0193123 0.0212492 0.0233063 0.0254809 0.0277686 0.0301642 0.0326608 0.0352503 0.0379233 0.0406689 0.0434751 0.0463286 0.0492149 0.0521185 0.0550231 0.0579115 0.0607658 0.063568 0.0662995 0.0689419 0.0714768 0.0738861 0.0761525 0.0782592 0.0801905 0.0819315 0.0834691 0.0847911 0.0858874 0.0867492 0.0873697 0.087744 0.0878691 0.087744 0.0873697 0.0867492 0.0858874 0.0847911 0.0834691 0.0819315 0.0801905 0.0782592 0.0761525 0.0738861 0.0714768 0.0689419 0.0662995 0.063568 0.0607658 0.0579115 0.0550231 0.0521185 0.0492149 0.0463286 0.0434751 0.0406689 0.0379233 0.0352503 0.0326608 0.0301642 0.0277686 0.0254809 0.0233063 0.0212492 0.0193123 0.0174975 0.0158054 0.014236 0.0127879 0.0114595 0.0102484 0.00915171 0.00816618 0.00728843 0.00651495 0.00584225 0.005267 0.00478606 0.00439666 0.0040964 0.00388335 0.00375609 
0.00416974 0.0042169 0.0043587 0.00459608 0.00493056 0.00536425 0.00589972 0.00653999 0.00728843 0.00814864 0.00912436 0.0102194 0.0114372 0.0127815 0.014255 0.0158603 0.0175992 0.0194728 0.0214811 0.0236232 0.0258969 0.0282989 0.0308243 0.0334671 0.0362197 0.0390731 0.0420166 0.0450383 0.048125 0.0512619 0.054433 0.0576216 0.0608094 0.0639779 0.0671076 0.0701786 0.0731708 0.0760642 0.0788388 0.081475 0.083954 0.0862575 0.0883685 0.0902712 0.0919511 0.0933953 0.0945926 0.0955337 0.0962113 0.09662 0.0967565 0.09662 0.0962113 0.0955337 0.0945926 0.0933953 0.0919511 0.0902712 0.0883685 0.0862575 0.083954 0.081475 0.0788388 0.0760642 0.0731708 0.0701786 0.0671076 0.0639779 0.0608094 0.0576216 0.054433 0.0512619 0.048125 0.0450383 0.0420166 0.0390731 0.0362197 0.0334671 0.0308243 0.0282989 0.0258969 0.0236232 0.0214811 0.0194728 0.0175992 0.0158603 0.014255 0.0127815 0.0114372 0.0102194 0.00912436 0.00814864 0.00728843 0.00653999 0.00589972 0.00536425 0.00493056 0.00459608 0.0043587 0.0042169 
0.00468851 0.00474115 0.00489941 0.00516431 0.0055375 0.00602126 0.00661839 0.00733216 0.00816618 0.00912436 0.0102107 0.0114293 0.0127839 0.0142782 0.0159154 0.0176979 0.0196278 0.0217057 0.0239318 0.0263047 0.0288218 0.0314793 0.0342716 0.037192 0.0402318 0.0433809 0.0466276 0.0499586 0.0533592 0.0568132 0.060303 0.06381 0.0673144 0.0707958 0.0742328 0.0776038 0.0808869 0.0840602 0.0871019 0.0899909 0.0927065 0.0952292 0.0975405 0.099623 0.101461 0.103041 0.104351 0.10538 0.106121 0.106568 0.106718 0.106568 0.106121 0.10538 0.104351 0.103041 0.101461 0.099623 0.0975405 0.0952292 0.0927065 0.0899909 0.0871019 0.0840602 0.0808869 0.0776038 0.0742328 0.0707958 0.0673144 0.06381 0.060303 0.0568132 0.0533592 0.0499586 0.0466276 0.0433809 0.0402318 0.037192 0.0342716 0.0314793 0.0288218 0.0263047 0.0239318 0.0217057 0.0196278 0.0176979 0.0159154 0.0142782 0.0127839 0.0114293 0.0102107 0.00912436 0.00816618 0.00733216 0.00661839 0.00602126 0.0055375 0.00516431 0.00489941 0.00474115 
0.0052726 0.00533137 0.00550804 0.00580373 0.00622023 0.00676001 0.00742609 0.00822202 0.00915171 0.0102194 0.0114293 0.0127858 0.014293 0.0159547 0.0177743 0.0197544 0.0218968 0.0242024 0.0266707 0.0293002 0.0320879 0.0350291 0.0381178 0.0413461 0.0447044 0.0481813 0.0517639 0.0554374 0.0591854 0.06299 0.066832 0.0706908 0.0745448 0.0783714 0.0821474 0.0858492 0.0894528 0.0929344 0.0962703 0.0994375 0.102414 0.105177 0.107709 0.109989 0.112001 0.113731 0.115164 0.11629 0.117101 0.11759 0.117753 0.11759 0.117101 0.11629 0.115164 0.113731 0.112001 0.109989 0.107709 0.105177 0.102414 0.0994375 0.0962703 0.0929344 0.0894528 0.0858492 0.0821474 0.0783714 0.0745448 0.0706908 0.066832 0.06299 0.0591854 0.0554374 0.0517639 0.0481813 0.0447044 0.0413461 0.0381178 0.0350291 0.0320879 0.0293002 0.0266707 0.0242024 0.0218968 0.0197544 0.0177743 0.0159547 0.014293 0.0127858 0.0114293 0.0102194 0.00915171 0.00822202 0.00742609 0.00676001 0.00622023 0.00580373 0.00550804 0.00533137 
0.00592448 0.00599004 0.00618714 0.00651697 0.00698149 0.00758335 0.00832585 0.0092128 0.0102484 0.0114372 0.0127839 0.014293 0.0159689 0.0178157 0.0198368 0.0220349 0.0244119 0.0269684 0.0297037 0.0326159 0.0357014 0.0389549 0.0423695 0.0459361 0.0496442 0.0534809 0.0574319 0.0614807 0.0656093 0.0697979 0.0740253 0.0782689 0.082505 0.0867088 0.090855 0.0949178 0.0988711 0.102689 0.106345 0.109816 0.113075 0.116102 0.118872 0.121368 0.12357 0.125461 0.127029 0.12826 0.129147 0.129681 0.12986 0.129681 0.129147 0.12826 0.127029 0.125461 0.12357 0.121368 0.118872 0.116102 0.113075 0.109816 0.106345 0.102689 0.0988711 0.0949178 0.090855 0.0867088 0.082505 0.0782689 0.0740253 0.0697979 0.0656093 0.0614807 0.0574319 0.0534809 0.0496442 0.0459361 0.0423695 0.0389549 0.0357014 0.0326159 0.0297037 0.0269684 0.0244119 0.0220349 0.0198368 0.0178157 0.0159689 0.014293 0.0127839 0.0114372 0.0102484 0.0092128 0.00832585 0.00758335 0.00698149 0.00651697 0.00618714 0.00599004 
0.00664655 0.00671959 0.00693916 0.00730655 0.00782387 0.00849402 0.00932052 0.0103075 0.0114595 0.0127815 0.0142782 0.0159547 0.0178157 0.0198653 0.0221072 0.0245441 0.0271778 0.0300087 0.0330359 0.036257 0.0396677 0.0432619 0.0470317 0.0509671 0.055056 0.0592844 0.063636 0.0680928 0.0726349 0.0772403 0.0818858 0.0865466 0.0911966 0.095809 0.100356 0.104809 0.10914 0.113321 0.117324 0.121122 0.124688 0.127997 0.131026 0.133753 0.136159 0.138226 0.139938 0.141283 0.142251 0.142834 0.143029 0.142834 0.142251 0.141283 0.139938 0.138226 0.136159 0.133753 0.131026 0.127997 0.124688 0.121122 0.117324 0.113321 0.10914 0.104809 0.100356 0.095809 0.0911966 0.0865466 0.0818858 0.0772403 0.0726349 0.0680928 0.063636 0.0592844 0.055056 0.0509671 0.0470317 0.0432619 0.0396677 0.036257 0.0330359 0.0300087 0.0271778 0.0245441 0.0221072 0.0198653 0.0178157 0.0159547 0.0142782 0.0127815 0.0114595 0.0103075 0.00932052 0.00849402 0.00782387 0.00730655 0.00693916 0.00671959 
0.00744101 0.00752223 0.00776635 0.00817477 0.00874978 0.00949449 0.0104127 0.0115089 0.0127879 0.014255 0.0159154 0.0177743 0.0198368 0.0221072 0.0245893 0.0272858 0.0301985 0.0333274 0.0366714 0.0402273 0.0439904 0.0479537 0.052108 0.0564423 0.0609429 0.0655942 0.0703784 0.0752753 0.080263 0.0853175 0.0904131 0.0955228 0.100618 0.105669 0.110646 0.115519 0.120256 0.124826 0.1292 0.133348 0.137242 0.140854 0.144159 0.147135 0.149758 0.152012 0.153878 0.155344 0.156399 0.157036 0.157248 0.157036 0.156399 0.155344 0.153878 0.152012 0.149758 0.147135 0.144159 0.140854 0.137242 0.133348 0.1292 0.124826 0.120256 0.115519 0.110646 0.105669 0.100618 0.0955228 0.0904131 0.0853175 0.080263 0.0752753 0.0703784 0.0655942 0.0609429 0.0564423 0.052108 0.0479537 0.0439904 0.0402273 0.0366714 0.0333274 0.0301985 0.0272858 0.0245893 0.0221072 0.0198368 0.0177743 0.0159154 0.014255 0.0127879 0.0115089 0.0104127 0.00949449 0.00874978 0.00817477 0.00776635 0.00752223 
0.00830984 0.00839993 0.0086707 0.00912367 0.0097613 0.0105869 0.0116047 0.0128193 0.014236 0.0158603 0.0176979 0.0197544 0.0220349 0.0245441 0.0272858 0.0302628 0.0334765 0.036927 0.0406125 0.0445293 0.0486718 0.0530321 0.0575999 0.0623627 0.0673054 0.0724105 0.0776584 0.0830268 0.0884917 0.0940265 0.0996034 0.105193 0.110763 0.116283 0.121719 0.127038 0.132206 0.137191 0.14196 0.146481 0.150722 0.154656 0.158255 0.161494 0.164349 0.1668 0.168831 0.170425 0.171573 0.172265 0.172496 0.172265 0.171573 0.170425 0.168831 0.1668 0.164349 0.161494 0.158255 0.154656 0.150722 0.146481 0.14196 0.137191 0.132206 0.127038 0.121719 0.116283 0.110763 0.105193 0.0996034 0.0940265 0.0884917 0.0830268 0.0776584 0.0724105 0.0673054 0.0623627 0.0575999 0.0530321 0.0486718 0.0445293 0.0406125 0.036927 0.0334765 0.0302628 0.0272858 0.0245441 0.0220349 0.0197544 0.0176979 0.0158603 0.014236 0.0128193 0.0116047 0.0105869 0.0097613 0.00912367 0.0086707 0.00839993 
0.00925464 0.00935431 0.00965386 0.0101549 0.0108601 0.011773 0.0128981 0.0142404 0.0158054 0.0175992 0.0196278 0.0218968 0.0244119 0.0271778 0.0301985 0.0334765 0.0370134 0.0408087 0.0448601 0.0491634 0.0537119 0.0584968 0.0635064 0.0687267 0.074141 0.0797301 0.0854719 0.0913424 0.0973148 0.10336 0.109448 0.115547 0.121621 0.127637 0.133559 0.139351 0.144976 0.1504 0.155586 0.1605 0.165109 0.169382 0.173291 0.176807 0.179906 0.182566 0.184769 0.186499 0.187744 0.188494 0.188745 0.188494 0.187744 0.186499 0.184769 0.182566 0.179906 0.176807 0.173291 0.169382 0.165109 0.1605 0.155586 0.1504 0.144976 0.139351 0.133559 0.127637 0.121621 0.115547 0.109448 0.10336 0.0973148 0.0913424 0.0854719 0.0797301 0.074141 0.0687267 0.0635064 0.0584968 0.0537119 0.0491634 0.0448601 0.0408087 0.0370134 0.0334765 0.0301985 0.0271778 0.0244119 0.0218968 0.0196278 0.0175992 0.0158054 0.0142404 0.0128981 0.011773 0.0108601 0.0101549 0.00965386 0.00935431 
0.0102766 0.0103866 0.010717 0.0112697 0.0120474 0.013054 0.0142941 0.0157733 0.0174975 0.0194728 0.0217057 0.0242024 0.0269684 0.0300087 0.0333274 0.036927 0.0408087 0.0449716 0.049413 0.0541278 0.0591084 0.0643446 0.0698236 0.0755297 0.0814443 0.0875462 0.0938114 0.100213 0.106722 0.113307 0.119935 0.12657 0.133177 0.139716 0.146149 0.152438 0.158544 0.164428 0.170052 0.175379 0.180374 0.185003 0.189236 0.193042 0.196396 0.199275 0.201659 0.20353 0.204877 0.205688 0.205959 0.205688 0.204877 0.20353 0.201659 0.199275 0.196396 0.193042 0.189236 0.185003 0.180374 0.175379 0.170052 0.164428 0.158544 0.152438 0.146149 0.139716 0.133177 0.12657 0.119935 0.113307 0.106722 0.100213 0.0938114 0.0875462 0.0814443 0.0755297 0.0698236 0.0643446 0.0591084 0.0541278 0.049413 0.0449716 0.0408087 0.036927 0.0333274 0.0300087 0.0269684 0.0242024 0.0217057 0.0194728 0.0174975 0.0157733 0.0142941 0.013054 0.0120474 0.0112697 0.010717 0.0103866 
0.0113764 0.0114974 0.0118608 0.0124686 0.0133237 0.0144303 0.0157933 0.0174185 0.0193123 0.0214811 0.0239318 0.0266707 0.0297037 0.0330359 0.0366714 0.0406125 0.0448601 0.049413 0.0542677 0.0594183 0.0648561 0.0705697 0.0765447 0.0827636 0.0892061 0.0958486 0.102665 0.109626 0.116699 0.123851 0.131046 0.138245 0.145408 0.152495 0.159464 0.166273 0.172881 0.179246 0.185327 0.191084 0.196481 0.201482 0.206052 0.210161 0.213781 0.216887 0.219458 0.221477 0.222929 0.223804 0.224097 0.223804 0.222929 0.221477 0.219458 0.216887 0.213781 0.210161 0.206052 0.201482 0.196481 0.191084 0.185327 0.179246 0.172881 0.166273 0.159464 0.152495 0.145408 0.138245 0.131046 0.123851 0.116699 0.109626 0.102665 0.0958486 0.0892061 0.0827636 0.0765447 0.0705697 0.0648561 0.0594183 0.0542677 0.049413 0.0448601 0.0406125 0.0366714 0.0330359 0.0297037 0.0266707 0.0239318 0.0214811 0.0193123 0.0174185 0.0157933 0.0144303 0.0133237 0.0124686 0.0118608 0.0114974 
0.0125542 0.0126868 0.0130853 0.0137516 0.014689 0.0159018 0.0173952 0.0191755 0.0212492 0.0236232 0.0263047 0.0293002 0.0326159 0.036257 0.0402273 0.0445293 0.0491634 0.0541278 0.0594183 0.065028 0.0709472 0.077163 0.0836593 0.0904168 0.0974132 0.104623 0.112016 0.119562 0.127226 0.134971 0.142757 0.150544 0.158288 0.165945 0.173472 0.180822 0.187951 0.194816 0.201371 0.207576 0.213389 0.218774 0.223693 0.228115 0.23201 0.235352 0.238117 0.240288 0.241849 0.24279 0.243104 0.24279 0.241849 0.240288 0.238117 0.235352 0.23201 0.228115 0.223693 0.218774 0.213389 0.207576 0.201371 0.194816 0.187951 0.180822 0.173472 0.165945 0.158288 0.150544 0.142757 0.134971 0.127226 0.119562 0.112016 0.104623 0.0974132 0.0904168 0.0836593 0.077163 0.0709472 0.065028 0.0594183 0.0541278 0.0491634 0.0445293 0.0402273 0.036257 0.0326159 0.0293002 0.0263047 0.0236232 0.0212492 0.0191755 0.0173952 0.0159018 0.014689 0.0137516 0.0130853 0.0126868 
0.0138094 0.0139543 0.0143899 0.0151182 0.0161425 0.0174675 0.0190987 0.0210427 0.0233063 0.0258969 0.0288218 0.0320879 0.0357014 0.0396677 0.0439904 0.0486718 0.0537119 0.0591084 0.0648561 0.0709472 0.0773706 0.0841119 0.0911534 0.0984738 0.106048 0.113849 0.121845 0.13 0.138278 0.146639 0.15504 0.163436 0.171782 0.180031 0.188134 0.196045 0.203713 0.211093 0.218138 0.224804 0.231047 0.236827 0.242106 0.246851 0.251028 0.254611 0.257576 0.259903 0.261577 0.262585 0.262922 0.262585 0.261577 0.259903 0.257576 0.254611 0.251028 0.246851 0.242106 0.236827 0.231047 0.224804 0.218138 0.211093 0.203713 0.196045 0.188134 0.180031 0.171782 0.163436 0.15504 0.146639 0.138278 0.13 0.121845 0.113849 0.106048 0.0984738 0.0911534 0.0841119 0.0773706 0.0709472 0.0648561 0.0591084 0.0537119 0.0486718 0.0439904 0.0396677 0.0357014 0.0320879 0.0288218 0.0258969 0.0233063 0.0210427 0.0190987 0.0174675 0.0161425 0.0151182 0.0143899 0.0139543 
0.0151407 0.0152986 0.0157732 0.0165666 0.0176824 0.0191254 0.0209016 0.0230176 0.0254809 0.0282989 0.0314793 0.0350291 0.0389549 0.0432619 0.0479537 0.0530321 0.0584968 0.0643446 0.0705697 0.077163 0.0841119 0.0914007 0.0990095 0.106915 0.11509 0.123505 0.132124 0.140911 0.149825 0.158823 0.167859 0.176885 0.185852 0.19471 0.203408 0.211894 0.220117 0.228026 0.235574 0.242712 0.249395 0.255581 0.261229 0.266303 0.27077 0.2746 0.277769 0.280256 0.282044 0.283121 0.283481 0.283121 0.282044 0.280256 0.277769 0.2746 0.27077 0.266303 0.261229 0.255581 0.249395 0.242712 0.235574 0.228026 0.220117 0.211894 0.203408 0.19471 0.185852 0.176885 0.167859 0.158823 0.149825 0.140911 0.132124 0.123505 0.11509 0.106915 0.0990095 0.0914007 0.0841119 0.077163 0.0705697 0.0643446 0.0584968 0.0530321 0.0479537 0.0432619 0.0389549 0.0350291 0.0314793 0.0282989 0.0254809 0.0230176 0.0209016 0.0191254 0.0176824 0.0165666 0.0157732 0.0152986 
0.016546 0.0167176 0.017233 0.0180946 0.0193062 0.0208729 0.0228007 0.0250967 0.0277686 0.0308243 0.0342716 0.0381178 0.0423695 0.0470317 0.052108 0.0575999 0.0635064 0.0698236 0.0765447 0.0836593 0.0911534 0.0990095 0.107206 0.115717 0.124513 0.133561 0.142825 0.152263 0.161831 0.171484 0.181173 0.190846 0.200451 0.209934 0.21924 0.228315 0.237105 0.245556 0.253617 0.261238 0.26837 0.274968 0.280992 0.286401 0.291162 0.295244 0.29862 0.301269 0.303173 0.304321 0.304704 0.304321 0.303173 0.301269 0.29862 0.295244 0.291162 0.286401 0.280992 0.274968 0.26837 0.261238 0.253617 0.245556 0.237105 0.228315 0.21924 0.209934 0.200451 0.190846 0.181173 0.171484 0.161831 0.152263 0.142825 0.133561 0.124513 0.115717 0.107206 0.0990095 0.0911534 0.0836593 0.0765447 0.0698236 0.0635064 0.0575999 0.052108 0.0470317 0.0423695 0.0381178 0.0342716 0.0308243 0.0277686 0.0250967 0.0228007 0.0208729 0.0193062 0.0180946 0.017233 0.0167176 
0.0180225 0.0182083 0.0187663 0.0196991 0.0210105 0.0227058 0.0247916 0.027275 0.0301642 0.0334671 0.037192 0.0413461 0.0459361 0.0509671 0.0564423 0.0623627 0.0687267 0.0755297 0.0827636 0.0904168 0.0984738 0.106915 0.115717 0.124851 0.134286 0.143986 0.153911 0.164016 0.174256 0.18458 0.194937 0.205271 0.215527 0.225647 0.235573 0.245248 0.254615 0.263617 0.272199 0.280309 0.287896 0.294913 0.301317 0.307066 0.312124 0.31646 0.320046 0.322859 0.324881 0.326099 0.326506 0.326099 0.324881 0.322859 0.320046 0.31646 0.312124 0.307066 0.301317 0.294913 0.287896 0.280309 0.272199 0.263617 0.254615 0.245248 0.235573 0.225647 0.215527 0.205271 0.194937 0.18458 0.174256 0.164016 0.153911 0.143986 0.134286 0.124851 0.115717 0.106915 0.0984738 0.0904168 0.0827636 0.0755297 0.0687267 0.0623627 0.0564423 0.0509671 0.0459361 0.0413461 0.037192 0.0334671 0.0301642 0.027275 0.0247916 0.0227058 0.0210105 0.0196991 0.0187663 0.0182083 
0.0195664 0.0197668 0.0203691 0.0213756 0.0227906 0.0246194 0.0268689 0.0295466 0.0326608 0.0362197 0.0402318 0.0447044 0.0496442 0.055056 0.0609429 0.0673054 0.074141 0.0814443 0.0892061 0.0974132 0.106048 0.11509 0.124513 0.134286 0.144376 0.154742 0.165342 0.176129 0.187053 0.198061 0.209098 0.220104 0.231021 0.241788 0.252343 0.262626 0.272577 0.282135 0.291244 0.299848 0.307894 0.315334 0.32212 0.328211 0.333569 0.338161 0.341957 0.344935 0.347075 0.348365 0.348796 0.348365 0.347075 0.344935 0.341957 0.338161 0.333569 0.328211 0.32212 0.315334 0.307894 0.299848 0.291244 0.282135 0.272577 0.262626 0.252343 0.241788 0.231021 0.220104 0.209098 0.198061 0.187053 0.176129 0.165342 0.154742 0.144376 0.134286 0.124513 0.11509 0.106048 0.0974132 0.0892061 0.0814443 0.074141 0.0673054 0.0609429 0.055056 0.0496442 0.0447044 0.0402318 0.0362197 0.0326608 0.0295466 0.0268689 0.0246194 0.0227906 0.0213756 0.0203691 0.0197668 
0.021173 0.0213886 0.0220365 0.0231192 0.0246411 0.0266077 0.0290261 0.0319042 0.0352503 0.0390731 0.0433809 0.0481813 0.0534809 0.0592844 0.0655942 0.0724105 0.0797301 0.0875462 0.0958486 0.104623 0.113849 0.123505 0.133561 0.143986 0.154742 0.165786 0.177073 0.188553 0.200172 0.211873 0.223598 0.235285 0.24687 0.25829 0.26948 0.280376 0.290914 0.301033 0.310671 0.319771 0.328279 0.336141 0.343311 0.349745 0.355403 0.36025 0.364257 0.3674 0.369658 0.371019 0.371474 0.371019 0.369658 0.3674 0.364257 0.36025 0.355403 0.349745 0.343311 0.336141 0.328279 0.319771 0.310671 0.301033 0.290914 0.280376 0.26948 0.25829 0.24687 0.235285 0.223598 0.211873 0.200172 0.188553 0.177073 0.165786 0.154742 0.143986 0.133561 0.123505 0.113849 0.104623 0.0958486 0.0875462 0.0797301 0.0724105 0.0655942 0.0592844 0.0534809 0.0481813 0.0433809 0.0390731 0.0352503 0.0319042 0.0290261 0.0266077 0.0246411 0.0231192 0.0220365 0.0213886 
0.0228367 0.023068 0.0237628 0.0249238 0.0265554 0.0286636 0.0312555 0.0343392 0.0379233 0.0420166 0.0466276 0.0517639 0.0574319 0.063636 0.0703784 0.0776584 0.0854719 0.0938114 0.102665 0.112016 0.121845 0.132124 0.142825 0.153911 0.165342 0.177073 0.189055 0.201235 0.213556 0.225957 0.238375 0.250747 0.263004 0.275081 0.286908 0.298418 0.309546 0.320225 0.330393 0.339989 0.348956 0.357241 0.364794 0.371569 0.377525 0.382627 0.386844 0.39015 0.392526 0.393957 0.394436 0.393957 0.392526 0.39015 0.386844 0.382627 0.377525 0.371569 0.364794 0.357241 0.348956 0.339989 0.330393 0.320225 0.309546 0.298418 0.286908 0.275081 0.263004 0.250747 0.238375 0.225957 0.213556 0.201235 0.189055 0.177073 0.165342 0.153911 0.142825 0.132124 0.121845 0.112016 0.102665 0.0938114 0.0854719 0.0776584 0.0703784 0.063636 0.0574319 0.0517639 0.0466276 0.0420166 0.0379233 0.0343392 0.0312555 0.0286636 0.0265554 0.0249238 0.0237628 0.023068 
0.024551 0.0247983 0.0255411 0.0267822 0.0285261 0.0307789 0.0335481 0.0368418 0.0406689 0.0450383 0.0499586 0.0554374 0.0614807 0.0680928 0.0752753 0.0830268 0.0913424 0.100213 0.109626 0.119562 0.13 0.140911 0.152263 0.164016 0.176129 0.188553 0.201235 0.214119 0.227145 0.240248 0.253363 0.266421 0.279351 0.292084 0.304547 0.316671 0.328385 0.339622 0.350317 0.360406 0.369831 0.378535 0.386467 0.39358 0.399832 0.405186 0.40961 0.413078 0.41557 0.417072 0.417573 0.417072 0.41557 0.413078 0.40961 0.405186 0.399832 0.39358 0.386467 0.378535 0.369831 0.360406 0.350317 0.339622 0.328385 0.316671 0.304547 0.292084 0.279351 0.266421 0.253363 0.240248 0.227145 0.214119 0.201235 0.188553 0.176129 0.164016 0.152263 0.140911 0.13 0.119562 0.109626 0.100213 0.0913424 0.0830268 0.0752753 0.0680928 0.0614807 0.0554374 0.0499586 0.0450383 0.0406689 0.0368418 0.0335481 0.0307789 0.0285261 0.0267822 0.0255411 0.0247983 
0.0263087 0.0265722 0.0273638 0.0286863 0.0305445 0.0329445 0.0358938 0.0394011 0.0434751 0.048125 0.0533592 0.0591854 0.0656093 0.0726349 0.080263 0.0884917 0.0973148 0.106722 0.116699 0.127226 0.138278 0.149825 0.161831 0.174256 0.187053 0.200172 0.213556 0.227145 0.240876 0.254681 0.26849 0.282232 0.295832 0.309218 0.322313 0.335046 0.347342 0.359133 0.370349 0.380925 0.390801 0.399919 0.408225 0.415671 0.422214 0.427816 0.432445 0.436073 0.438679 0.440249 0.440773 0.440249 0.438679 0.436073 0.432445 0.427816 0.422214 0.415671 0.408225 0.399919 0.390801 0.380925 0.370349 0.359133 0.347342 0.335046 0.322313 0.309218 0.295832 0.282232 0.26849 0.254681 0.240876 0.227145 0.213556 0.200172 0.187053 0.174256 0.161831 0.149825 0.138278 0.127226 0.116699 0.106722 0.0973148 0.0884917 0.080263 0.0726349 0.0656093 0.0591854 0.0533592 0.048125 0.0434751 0.0394011 0.0358938 0.0329445 0.0305445 0.0286863 0.0273638 0.0265722 
0.0281013 0.0283813 0.0292224 0.0306274 0.0326011 0.03515 0.0382818 0.0420049 0.0463286 0.0512619 0.0568132 0.06299 0.0697979 0.0772403 0.0853175 0.0940265 0.10336 0.113307 0.123851 0.134971 0.146639 0.158823 0.171484 0.18458 0.198061 0.211873 0.225957 0.240248 0.254681 0.269183 0.283682 0.298102 0.312367 0.326398 0.340119 0.353452 0.366323 0.378659 0.390388 0.401445 0.411764 0.421288 0.429961 0.437734 0.444563 0.450407 0.455235 0.459019 0.461737 0.463374 0.463921 0.463374 0.461737 0.459019 0.455235 0.450407 0.444563 0.437734 0.429961 0.421288 0.411764 0.401445 0.390388 0.378659 0.366323 0.353452 0.340119 0.326398 0.312367 0.298102 0.283682 0.269183 0.254681 0.240248 0.225957 0.211873 0.198061 0.18458 0.171484 0.158823 0.146639 0.134971 0.123851 0.113307 0.10336 0.0940265 0.0853175 0.0772403 0.0697979 0.06299 0.0568132 0.0512619 0.0463286 0.0420049 0.0382818 0.03515 0.0326011 0.0306274 0.0292224 0.0283813 
0.02992 0.0302166 0.0311074 0.0325955 0.0346857 0.0373845 0.0406998 0.0446402 0.0492149 0.054433 0.060303 0.066832 0.0740253 0.0818858 0.0904131 0.0996034 0.109448 0.119935 0.131046 0.142757 0.15504 0.167859 0.181173 0.194937 0.209098 0.223598 0.238375 0.253363 0.26849 0.283682 0.298863 0.313952 0.328871 0.343539 0.357874 0.371798 0.385233 0.398103 0.410335 0.42186 0.432614 0.442534 0.451566 0.459657 0.466764 0.472845 0.477867 0.481803 0.48463 0.486332 0.486901 0.486332 0.48463 0.481803 0.477867 0.472845 0.466764 0.459657 0.451566 0.442534 0.432614 0.42186 0.410335 0.398103 0.385233 0.371798 0.357874 0.343539 0.328871 0.313952 0.298863 0.283682 0.26849 0.253363 0.238375 0.223598 0.209098 0.194937 0.181173 0.167859 0.15504 0.142757 0.131046 0.119935 0.109448 0.0996034 0.0904131 0.0818858 0.0740253 0.066832 0.060303 0.054433 0.0492149 0.0446402 0.0406998 0.0373845 0.0346857 0.0325955 0.0311074 0.0302166 
0.0317547 0.032068 0.0330087 0.03458 0.0367868 0.0396358 0.0431348 0.0472926 0.0521185 0.0576216 0.06381 0.0706908 0.0782689 0.0865466 0.0955228 0.105193 0.115547 0.12657 0.138245 0.150544 0.163436 0.176885 0.190846 0.205271 0.220104 0.235285 0.250747 0.266421 0.282232 0.298102 0.313952 0.329699 0.34526 0.36055 0.375487 0.389988 0.403974 0.417364 0.430086 0.442068 0.453243 0.463549 0.472928 0.481329 0.488705 0.495015 0.500226 0.504308 0.50724 0.509005 0.509595 0.509005 0.50724 0.504308 0.500226 0.495015 0.488705 0.481329 0.472928 0.463549 0.453243 0.442068 0.430086 0.417364 0.403974 0.389988 0.375487 0.36055 0.34526 0.329699 0.313952 0.298102 0.282232 0.266421 0.250747 0.235285 0.220104 0.205271 0.190846 0.176885 0.163436 0.150544 0.138245 0.12657 0.115547 0.105193 0.0955228 0.0865466 0.0782689 0.0706908 0.06381 0.0576216 0.0521185 0.0472926 0.0431348 0.0396358 0.0367868 0.03458 0.0330087 0.032068 
0.0335952 0.033925 0.0349154 0.0365696 0.0388926 0.0418911 0.0455731 0.0499473 0.0550231 0.0608094 0.0673144 0.0745448 0.082505 0.0911966 0.100618 0.110763 0.121621 0.133177 0.145408 0.158288 0.171782 0.185852 0.200451 0.215527 0.231021 0.24687 0.263004 0.279351 0.295832 0.312367 0.328871 0.34526 0.361446 0.377344 0.392866 0.407928 0.422447 0.436344 0.44954 0.461964 0.473547 0.484225 0.493939 0.502638 0.510273 0.516804 0.522196 0.526419 0.529452 0.531278 0.531888 0.531278 0.529452 0.526419 0.522196 0.516804 0.510273 0.502638 0.493939 0.484225 0.473547 0.461964 0.44954 0.436344 0.422447 0.407928 0.392866 0.377344 0.361446 0.34526 0.328871 0.312367 0.295832 0.279351 0.263004 0.24687 0.231021 0.215527 0.200451 0.185852 0.171782 0.158288 0.145408 0.133177 0.121621 0.110763 0.100618 0.0911966 0.082505 0.0745448 0.0673144 0.0608094 0.0550231 0.0499473 0.0455731 0.0418911 0.0388926 0.0365696 0.0349154 0.033925 
0.0354303 0.0357765 0.0368162 0.0385525 0.0409905 0.0441371 0.0480001 0.0525885 0.0579115 0.0639779 0.0707958 0.0783714 0.0867088 0.095809 0.105669 0.116283 0.127637 0.139716 0.152495 0.165945 0.180031 0.19471 0.209934 0.225647 0.241788 0.25829 0.275081 0.292084 0.309218 0.326398 0.343539 0.36055 0.377344 0.393829 0.409918 0.425522 0.440557 0.454941 0.468595 0.481444 0.493418 0.504454 0.51449 0.523475 0.531359 0.538101 0.543666 0.548024 0.551154 0.553038 0.553667 0.553038 0.551154 0.548024 0.543666 0.538101 0.531359 0.523475 0.51449 0.504454 0.493418 0.481444 0.468595 0.454941 0.440557 0.425522 0.409918 0.393829 0.377344 0.36055 0.343539 0.326398 0.309218 0.292084 0.275081 0.25829 0.241788 0.225647 0.209934 0.19471 0.180031 0.165945 0.152495 0.139716 0.127637 0.116283 0.105669 0.095809 0.0867088 0.0783714 0.0707958 0.0639779 0.0579115 0.0525885 0.0480001 0.0441371 0.0409905 0.0385525 0.0368162 0.0357765 
0.0372485 0.0376108 0.038699 0.0405161 0.0430674 0.0463596 0.0504008 0.0551998 0.0607658 0.0671076 0.0742328 0.0821474 0.090855 0.100356 0.110646 0.121719 0.133559 0.146149 0.159464 0.173472 0.188134 0.203408 0.21924 0.235573 0.252343 0.26948 0.286908 0.304547 0.322313 0.340119 0.357874 0.375487 0.392866 0.409918 0.426551 0.442677 0.458207 0.473058 0.48715 0.500406 0.512755 0.524131 0.534475 0.543732 0.551853 0.558796 0.564526 0.569013 0.572234 0.574173 0.574821 0.574173 0.572234 0.569013 0.564526 0.558796 0.551853 0.543732 0.534475 0.524131 0.512755 0.500406 0.48715 0.473058 0.458207 0.442677 0.426551 0.409918 0.392866 0.375487 0.357874 0.340119 0.322313 0.304547 0.286908 0.26948 0.252343 0.235573 0.21924 0.203408 0.188134 0.173472 0.159464 0.146149 0.133559 0.121719 0.110646 0.100356 0.090855 0.0821474 0.0742328 0.0671076 0.0607658 0.0551998 0.0504008 0.0463596 0.0430674 0.0405161 0.038699 0.0376108 
0.0390377 0.0394159 0.0405515 0.0424477 0.0451098 0.0485444 0.0527597 0.0577646 0.063568 0.0701786 0.0776038 0.0858492 0.0949178 0.104809 0.115519 0.127038 0.139351 0.152438 0.166273 0.180822 0.196045 0.211894 0.228315 0.245248 0.262626 0.280376 0.298418 0.316671 0.335046 0.353452 0.371798 0.389988 0.407928 0.425522 0.442677 0.4593 0.475303 0.490599 0.505108 0.51875 0.531456 0.543156 0.553791 0.563306 0.571651 0.578784 0.58467 0.589278 0.592586 0.594577 0.595242 0.594577 0.592586 0.589278 0.58467 0.578784 0.571651 0.563306 0.553791 0.543156 0.531456 0.51875 0.505108 0.490599 0.475303 0.4593 0.442677 0.425522 0.407928 0.389988 0.371798 0.353452 0.335046 0.316671 0.298418 0.280376 0.262626 0.245248 0.228315 0.211894 0.196045 0.180822 0.166273 0.152438 0.139351 0.127038 0.115519 0.104809 0.0949178 0.0858492 0.0776038 0.0701786 0.063568 0.0577646 0.0527597 0.0485444 0.0451098 0.0424477 0.0405515 0.0394159 
0.040786 0.0411795 0.0423612 0.0443342 0.0471038 0.0506768 0.0550611 0.0602657 0.0662995 0.0731708 0.0808869 0.0894528 0.0988711 0.10914 0.120256 0.132206 0.144976 0.158544 0.172881 0.187951 0.203713 0.220117 0.237105 0.254615 0.272577 0.290914 0.309546 0.328385 0.347342 0.366323 0.385233 0.403974 0.422447 0.440557 0.458207 0.475303 0.491754 0.507472 0.522375 0.536383 0.549424 0.56143 0.572339 0.582096 0.590652 0.597965 0.603996 0.608719 0.612108 0.614148 0.614829 0.614148 0.612108 0.608719 0.603996 0.597965 0.590652 0.582096 0.572339 0.56143 0.549424 0.536383 0.522375 0.507472 0.491754 0.475303 0.458207 0.440557 0.422447 0.403974 0.385233 0.366323 0.347342 0.328385 0.309546 0.290914 0.272577 0.254615 0.237105 0.220117 0.203713 0.187951 0.172881 0.158544 0.144976 0.132206 0.120256 0.10914 0.0988711 0.0894528 0.0808869 0.0731708 0.0662995 0.0602657 0.0550611 0.0506768 0.0471038 0.0443342 0.0423612 0.0411795 
0.0424809 0.0428893 0.0441154 0.0461624 0.0490357 0.052742 0.0572893 0.0626863 0.0689419 0.0760642 0.0840602 0.0929344 0.102689 0.113321 0.124826 0.137191 0.1504 0.164428 0.179246 0.194816 0.211093 0.228026 0.245556 0.263617 0.282135 0.301033 0.320225 0.339622 0.359133 0.378659 0.398103 0.417364 0.436344 0.454941 0.473058 0.490599 0.507472 0.523587 0.53886 0.553211 0.566567 0.578859 0.590026 0.60001 0.608763 0.616242 0.62241 0.627238 0.630704 0.632789 0.633486 0.632789 0.630704 0.627238 0.62241 0.616242 0.608763 0.60001 0.590026 0.578859 0.566567 0.553211 0.53886 0.523587 0.507472 0.490599 0.473058 0.454941 0.436344 0.417364 0.398103 0.378659 0.359133 0.339622 0.320225 0.301033 0.282135 0.263617 0.245556 0.228026 0.211093 0.194816 0.179246 0.164428 0.1504 0.137191 0.124826 0.113321 0.102689 0.0929344 0.0840602 0.0760642 0.0689419 0.0626863 0.0572893 0.052742 0.0490357 0.0461624 0.0441154 0.0428893 
0.0441103 0.0445328 0.0458014 0.0479193 0.0508917 0.0547254 0.0594284 0.0650093 0.0714768 0.0788388 0.0871019 0.0962703 0.106345 0.117324 0.1292 0.14196 0.155586 0.170052 0.185327 0.201371 0.218138 0.235574 0.253617 0.272199 0.291244 0.310671 0.330393 0.350317 0.370349 0.390388 0.410335 0.430086 0.44954 0.468595 0.48715 0.505108 0.522375 0.53886 0.554478 0.56915 0.582799 0.595357 0.606761 0.616956 0.625892 0.633525 0.63982 0.644747 0.648282 0.65041 0.651121 0.65041 0.648282 0.644747 0.63982 0.633525 0.625892 0.616956 0.606761 0.595357 0.582799 0.56915 0.554478 0.53886 0.522375 0.505108 0.48715 0.468595 0.44954 0.430086 0.410335 0.390388 0.370349 0.350317 0.330393 0.310671 0.291244 0.272199 0.253617 0.235574 0.218138 0.201371 0.185327 0.170052 0.155586 0.14196 0.1292 0.117324 0.106345 0.0962703 0.0871019 0.0788388 0.0714768 0.0650093 0.0594284 0.0547254 0.0508917 0.0479193 0.0458014 0.0445328 
0.045662 0.0460979 0.0474068 0.0495918 0.0526581 0.0566125 0.061463 0.067218 0.0738861 0.081475 0.0899909 0.0994375 0.109816 0.121122 0.133348 0.146481 0.1605 0.175379 0.191084 0.207576 0.224804 0.242712 0.261238 0.280309 0.299848 0.319771 0.339989 0.360406 0.380925 0.401445 0.42186 0.442068 0.461964 0.481444 0.500406 0.51875 0.536383 0.553211 0.56915 0.584116 0.598036 0.610839 0.622464 0.632852 0.641956 0.649732 0.656143 0.66116 0.66476 0.666926 0.667649 0.666926 0.66476 0.66116 0.656143 0.649732 0.641956 0.632852 0.622464 0.610839 0.598036 0.584116 0.56915 0.553211 0.536383 0.51875 0.500406 0.481444 0.461964 0.442068 0.42186 0.401445 0.380925 0.360406 0.339989 0.319771 0.299848 0.280309 0.261238 0.242712 0.224804 0.207576 0.191084 0.175379 0.1605 0.146481 0.133348 0.121122 0.109816 0.0994375 0.0899909 0.081475 0.0738861 0.067218 0.061463 0.0566125 0.0526581 0.0495918 0.0474068 0.0460979 
0.0471243 0.0475728 0.0489194 0.0511674 0.0543218 0.0583894 0.0633782 0.0692964 0.0761525 0.083954 0.0927065 0.102414 0.113075 0.124688 0.137242 0.150722 0.165109 0.180374 0.196481 0.213389 0.231047 0.249395 0.26837 0.287896 0.307894 0.328279 0.348956 0.369831 0.390801 0.411764 0.432614 0.453243 0.473547 0.493418 0.512755 0.531456 0.549424 0.566567 0.582799 0.598036 0.612203 0.625231 0.637056 0.647622 0.656879 0.664784 0.6713 0.6764 0.680058 0.68226 0.682995 0.68226 0.680058 0.6764 0.6713 0.664784 0.656879 0.647622 0.637056 0.625231 0.612203 0.598036 0.582799 0.566567 0.549424 0.531456 0.512755 0.493418 0.473547 0.453243 0.432614 0.411764 0.390801 0.369831 0.348956 0.328279 0.307894 0.287896 0.26837 0.249395 0.231047 0.213389 0.196481 0.180374 0.165109 0.150722 0.137242 0.124688 0.113075 0.102414 0.0927065 0.083954 0.0761525 0.0692964 0.0633782 0.0583894 0.0543218 0.0511674 0.0489194 0.0475728 
