1.93625e-07 2.11243e-07 2.66544e-07 3.6708e-07 5.26183e-07 7.64093e-07 1.10958e-06 1.60208e-06 2.29441e-06 3.25598e-06 4.57666e-06 6.3711e-06 8.78355e-06 1.19929e-05 1.62182e-05 2.17233e-05 2.88218e-05 3.78808e-05 4.93228e-05 6.36267e-05 8.13249e-05 0.000102999 0.000129271 0.000160789 0.000198215 0.000242198 0.000293356 0.000352241 0.000419317 0.00049492 0.000579231 0.000672244 0.00077374 0.000883265 0.00100011 0.00112332 0.00125168 0.00138372 0.00151776 0.00165195 0.00178425 0.00191257 0.00203475 0.00214864 0.00225219 0.00234346 0.00242071 0.00248243 0.00252742 0.00255478 0.00256396 0.00255478 0.00252742 0.00248243 0.00242071 0.00234346 0.00225219 0.00214864 0.00203475 0.00191257 0.00178425 0.00165195 0.00151776 0.00138372 0.00125168 0.00112332 0.00100011 0.000883265 0.00077374 0.000672244 0.000579231 0.00049492 0.000419317 0.000352241 0.000293356 0.000242198 0.000198215 0.000160789 0.000129271 0.000102999 8.13249e-05 6.36267e-05 4.93228e-05 3.78808e-05 2.88218e-05 2.17233e-05 1.62182e-05 1.19929e-05 8.78355e-06 6.3711e-06 4.57666e-06 3.25598e-06 2.29441e-06 1.60208e-06 1.10958e-06 7.64093e-07 5.26183e-07 3.6708e-07 2.66544e-07 2.11243e-07 
2.11243e-07 2.30403e-07 2.90529e-07 3.99797e-07 5.72635e-07 8.30927e-07 1.20577e-06 1.73974e-06 2.48982e-06 3.53084e-06 4.95956e-06 6.89934e-06 9.50519e-06 1.29692e-05 1.75262e-05 2.3459e-05 3.11031e-05 4.08508e-05 5.31534e-05 6.85212e-05 8.75216e-05 0.000110773 0.000138935 0.000172697 0.000212757 0.000259803 0.000314484 0.000377383 0.000448982 0.00052963 0.000619511 0.000718608 0.000826678 0.000943232 0.00106751 0.00119849 0.00133487 0.0014751 0.0016174 0.00175979 0.00190013 0.0020362 0.00216571 0.00228641 0.00239611 0.00249279 0.0025746 0.00263996 0.0026876 0.00271657 0.00272629 0.00271657 0.0026876 0.00263996 0.0025746 0.00249279 0.00239611 0.00228641 0.00216571 0.0020362 0.00190013 0.00175979 0.0016174 0.0014751 0.00133487 0.00119849 0.00106751 0.000943232 0.000826678 0.000718608 0.000619511 0.00052963 0.000448982 0.000377383 0.000314484 0.000259803 0.000212757 0.000172697 0.000138935 0.000110773 8.75216e-05 6.85212e-05 5.31534e-05 4.08508e-05 3.11031e-05 2.3459e-05 1.75262e-05 1.29692e-05 9.50519e-06 6.89934e-06 4.95956e-06 3.53084e-06 2.48982e-06 1.73974e-06 1.20577e-06 8.30927e-07 5.72635e-07 3.99797e-07 2.90529e-07 2.30403e-07 
2.66544e-07 2.90529e-07 3.65761e-07 5.02363e-07 7.1817e-07 1.04021e-06 1.5068e-06 2.17035e-06 3.10077e-06 4.38974e-06 6.15549e-06 8.54835e-06 1.17568e-05 1.60138e-05 2.16032e-05 2.88662e-05 3.82062e-05 5.00936e-05 6.50679e-05 8.37373e-05 0.000106775 0.000134914 0.000168933 0.000209639 0.00025785 0.000314366 0.000379937 0.000455231 0.000540792 0.000637008 0.000744063 0.000861912 0.000990238 0.00112843 0.00127559 0.00143046 0.00159152 0.00175693 0.00192459 0.00209218 0.0022572 0.00241705 0.00256907 0.00271065 0.00283925 0.00295251 0.00304832 0.00312483 0.00318058 0.00321447 0.00322585 0.00321447 0.00318058 0.00312483 0.00304832 0.00295251 0.00283925 0.00271065 0.00256907 0.00241705 0.0022572 0.00209218 0.00192459 0.00175693 0.00159152 0.00143046 0.00127559 0.00112843 0.000990238 0.000861912 0.000744063 0.000637008 0.000540792 0.000455231 0.000379937 0.000314366 0.00025785 0.000209639 0.000168933 0.000134914 0.000106775 8.37373e-05 6.50679e-05 5.00936e-05 3.82062e-05 2.88662e-05 2.16032e-05 1.60138e-05 1.17568e-05 8.54835e-06 6.15549e-06 4.38974e-06 3.10077e-06 2.17035e-06 1.5068e-06 1.04021e-06 7.1817e-07 5.02363e-07 3.65761e-07 2.90529e-07 
3.6708e-07 3.99797e-07 5.02363e-07 6.88392e-07 9.81853e-07 1.419e-06 2.05112e-06 2.94818e-06 4.20331e-06 5.93823e-06 8.30949e-06 1.15155e-05 1.58043e-05 2.14813e-05 2.89177e-05 3.85575e-05 5.09245e-05 6.66267e-05 8.6359e-05 0.000110901 0.000141114 0.000177929 0.000222329 0.000275333 0.000337963 0.000411212 0.000496005 0.000593153 0.000703308 0.000826914 0.000964161 0.00111494 0.0012788 0.00145493 0.00164214 0.00183883 0.00204304 0.00225243 0.00246436 0.00267591 0.00288396 0.00308525 0.00327648 0.0034544 0.00361587 0.00375799 0.00387812 0.00397402 0.00404387 0.00408632 0.00410056 0.00408632 0.00404387 0.00397402 0.00387812 0.00375799 0.00361587 0.0034544 0.00327648 0.00308525 0.00288396 0.00267591 0.00246436 0.00225243 0.00204304 0.00183883 0.00164214 0.00145493 0.0012788 0.00111494 0.000964161 0.000826914 0.000703308 0.000593153 0.000496005 0.000411212 0.000337963 0.000275333 0.000222329 0.000177929 0.000141114 0.000110901 8.6359e-05 6.66267e-05 5.09245e-05 3.85575e-05 2.89177e-05 2.14813e-05 1.58043e-05 1.15155e-05 8.30949e-06 5.93823e-06 4.20331e-06 2.94818e-06 2.05112e-06 1.419e-06 9.81853e-07 6.88392e-07 5.02363e-07 3.99797e-07 
5.26183e-07 5.72635e-07 7.1817e-07 9.81853e-07 1.3972e-06 2.0148e-06 2.90611e-06 4.16832e-06 5.9305e-06 8.36079e-06 1.16748e-05 1.61451e-05 2.21109e-05 2.9989e-05 4.02836e-05 5.35963e-05 7.06334e-05 9.22122e-05 0.000119262 0.000152823 0.000194036 0.00024413 0.000304398 0.000376168 0.000460766 0.00055947 0.000673459 0.000803751 0.000951149 0.00111617 0.00129901 0.00149944 0.00171681 0.00195 0.00219736 0.00245679 0.00272565 0.00300088 0.00327901 0.00355624 0.0038285 0.00409158 0.00434124 0.00457328 0.00478368 0.00496871 0.00512501 0.00524972 0.00534051 0.00539568 0.00541419 0.00539568 0.00534051 0.00524972 0.00512501 0.00496871 0.00478368 0.00457328 0.00434124 0.00409158 0.0038285 0.00355624 0.00327901 0.00300088 0.00272565 0.00245679 0.00219736 0.00195 0.00171681 0.00149944 0.00129901 0.00111617 0.000951149 0.000803751 0.000673459 0.00055947 0.000460766 0.000376168 0.000304398 0.00024413 0.000194036 0.000152823 0.000119262 9.22122e-05 7.06334e-05 5.35963e-05 4.02836e-05 2.9989e-05 2.21109e-05 1.61451e-05 1.16748e-05 8.36079e-06 5.9305e-06 4.16832e-06 2.90611e-06 2.0148e-06 1.3972e-06 9.81853e-07 7.1817e-07 5.72635e-07 
7.64093e-07 8.30927e-07 1.04021e-06 1.419e-06 2.0148e-06 2.89923e-06 4.17319e-06 5.97365e-06 8.48193e-06 1.19337e-05 1.66302e-05 2.2951e-05 3.13671e-05 4.24551e-05 5.69104e-05 7.55594e-05 9.9369e-05 0.000129453 0.000167075 0.000213639 0.000270682 0.000339849 0.000422863 0.000521483 0.000637452 0.000772437 0.000927959 0.00110532 0.0013055 0.00152912 0.00177634 0.00204678 0.00233947 0.00265282 0.00298459 0.0033319 0.0036912 0.00405841 0.00442889 0.00479763 0.00515926 0.00550826 0.00583907 0.00614622 0.00642447 0.00666897 0.00687538 0.00703998 0.00715976 0.00723253 0.00725694 0.00723253 0.00715976 0.00703998 0.00687538 0.00666897 0.00642447 0.00614622 0.00583907 0.00550826 0.00515926 0.00479763 0.00442889 0.00405841 0.0036912 0.0033319 0.00298459 0.00265282 0.00233947 0.00204678 0.00177634 0.00152912 0.0013055 0.00110532 0.000927959 0.000772437 0.000637452 0.000521483 0.000422863 0.000339849 0.000270682 0.000213639 0.000167075 0.000129453 9.9369e-05 7.55594e-05 5.69104e-05 4.24551e-05 3.13671e-05 2.2951e-05 1.66302e-05 1.19337e-05 8.48193e-06 5.97365e-06 4.17319e-06 2.89923e-06 2.0148e-06 1.419e-06 1.04021e-06 8.30927e-07 
1.10958e-06 1.20577e-06 1.5068e-06 2.05112e-06 2.90611e-06 4.17319e-06 5.995e-06 8.56464e-06 1.21372e-05 1.70431e-05 2.37038e-05 3.26485e-05 4.45318e-05 6.01526e-05 8.04708e-05 0.000106623 0.000139936 0.000181929 0.00023432 0.000299011 0.000378072 0.000473711 0.000588224 0.000723943 0.000883165 0.00106806 0.0012806 0.00152243 0.00179476 0.00209832 0.00243318 0.00279872 0.00319353 0.00361538 0.00406118 0.00452698 0.00500804 0.00549886 0.00599329 0.00648465 0.00696589 0.00742975 0.00786891 0.00827623 0.0086449 0.0089686 0.00924168 0.00945933 0.00961766 0.00971382 0.00974606 0.00971382 0.00961766 0.00945933 0.00924168 0.0089686 0.0086449 0.00827623 0.00786891 0.00742975 0.00696589 0.00648465 0.00599329 0.00549886 0.00500804 0.00452698 0.00406118 0.00361538 0.00319353 0.00279872 0.00243318 0.00209832 0.00179476 0.00152243 0.0012806 0.00106806 0.000883165 0.000723943 0.000588224 0.000473711 0.000378072 0.000299011 0.00023432 0.000181929 0.000139936 0.000106623 8.04708e-05 6.01526e-05 4.45318e-05 3.26485e-05 2.37038e-05 1.70431e-05 1.21372e-05 8.56464e-06 5.995e-06 4.17319e-06 2.90611e-06 2.05112e-06 1.5068e-06 1.20577e-06 
1.60208e-06 1.73974e-06 2.17035e-06 2.94818e-06 4.16832e-06 5.97365e-06 8.56464e-06 1.22122e-05 1.7273e-05 2.42084e-05 3.36045e-05 4.61951e-05 6.28858e-05 8.47771e-05 0.000113188 0.000149673 0.000196042 0.000254358 0.000326944 0.000416364 0.000525391 0.000656968 0.000814142 0.000999988 0.00121751 0.00146952 0.00175854 0.00208664 0.00245531 0.00286534 0.00331668 0.00380833 0.00433827 0.00490337 0.00549941 0.00612106 0.00676194 0.00741473 0.00807128 0.00872278 0.00935999 0.00997339 0.0105535 0.0110909 0.0115769 0.0120033 0.0123628 0.0126491 0.0128573 0.0129838 0.0130261 0.0129838 0.0128573 0.0126491 0.0123628 0.0120033 0.0115769 0.0110909 0.0105535 0.00997339 0.00935999 0.00872278 0.00807128 0.00741473 0.00676194 0.00612106 0.00549941 0.00490337 0.00433827 0.00380833 0.00331668 0.00286534 0.00245531 0.00208664 0.00175854 0.00146952 0.00121751 0.000999988 0.000814142 0.000656968 0.000525391 0.000416364 0.000326944 0.000254358 0.000196042 0.000149673 0.000113188 8.47771e-05 6.28858e-05 4.61951e-05 3.36045e-05 2.42084e-05 1.7273e-05 1.22122e-05 8.56464e-06 5.97365e-06 4.16832e-06 2.94818e-06 2.17035e-06 1.73974e-06 
2.29441e-06 2.48982e-06 3.10077e-06 4.20331e-06 5.9305e-06 8.48193e-06 1.21372e-05 1.7273e-05 2.43847e-05 3.41102e-05 4.72586e-05 6.48394e-05 8.80943e-05 0.000118528 0.000157936 0.000208431 0.000272455 0.000352792 0.000452555 0.000575166 0.000724312 0.000903882 0.00111788 0.00137032 0.0016651 0.00200582 0.00239566 0.00283721 0.00333224 0.00388158 0.00448495 0.00514081 0.00584627 0.00659704 0.00738737 0.00821011 0.00905679 0.00991773 0.0107822 0.0116388 0.0124754 0.0132797 0.0140394 0.0147425 0.0153777 0.0159346 0.0164037 0.0167772 0.0170486 0.0172134 0.0172687 0.0172134 0.0170486 0.0167772 0.0164037 0.0159346 0.0153777 0.0147425 0.0140394 0.0132797 0.0124754 0.0116388 0.0107822 0.00991773 0.00905679 0.00821011 0.00738737 0.00659704 0.00584627 0.00514081 0.00448495 0.00388158 0.00333224 0.00283721 0.00239566 0.00200582 0.0016651 0.00137032 0.00111788 0.000903882 0.000724312 0.000575166 0.000452555 0.000352792 0.000272455 0.000208431 0.000157936 0.000118528 8.80943e-05 6.48394e-05 4.72586e-05 3.41102e-05 2.43847e-05 1.7273e-05 1.21372e-05 8.48193e-06 5.9305e-06 4.20331e-06 3.10077e-06 2.48982e-06 
3.25598e-06 3.53084e-06 4.38974e-06 5.93823e-06 8.36079e-06 1.19337e-05 1.70431e-05 2.42084e-05 3.41102e-05 4.76235e-05 6.58538e-05 9.01771e-05 0.00012228 0.000164199 0.000218358 0.000287594 0.000375181 0.000484827 0.000620668 0.000787225 0.000989348 0.00123212 0.00152076 0.00186043 0.00225611 0.00271239 0.00323324 0.00382178 0.0044801 0.00520898 0.00600777 0.00687417 0.00780411 0.00879174 0.00982934 0.0109074 0.0120149 0.013139 0.0142659 0.0153807 0.0164679 0.0175118 0.0184966 0.019407 0.0202287 0.0209484 0.0215544 0.0220365 0.0223867 0.0225993 0.0226705 0.0225993 0.0223867 0.0220365 0.0215544 0.0209484 0.0202287 0.019407 0.0184966 0.0175118 0.0164679 0.0153807 0.0142659 0.013139 0.0120149 0.0109074 0.00982934 0.00879174 0.00780411 0.00687417 0.00600777 0.00520898 0.0044801 0.00382178 0.00323324 0.00271239 0.00225611 0.00186043 0.00152076 0.00123212 0.000989348 0.000787225 0.000620668 0.000484827 0.000375181 0.000287594 0.000218358 0.000164199 0.00012228 9.01771e-05 6.58538e-05 4.76235e-05 3.41102e-05 2.42084e-05 1.70431e-05 1.19337e-05 8.36079e-06 5.93823e-06 4.38974e-06 3.53084e-06 
4.57666e-06 4.95956e-06 6.15549e-06 8.30949e-06 1.16748e-05 1.66302e-05 2.37038e-05 3.36045e-05 4.72586e-05 6.58538e-05 9.08864e-05 0.000124213 0.000168101 0.00022528 0.000298986 0.000392995 0.000511642 0.000659822 0.000842967 0.00106699 0.00133819 0.00166316 0.00204856 0.00250102 0.00302682 0.00363168 0.00432046 0.00509692 0.00596339 0.00692052 0.00796705 0.00909963 0.0103126 0.0115981 0.0129459 0.0143435 0.0157765 0.0172284 0.0186814 0.0201165 0.021514 0.0228539 0.0241164 0.0252822 0.0263334 0.0272533 0.0280271 0.0286425 0.0290894 0.0293605 0.0294513 0.0293605 0.0290894 0.0286425 0.0280271 0.0272533 0.0263334 0.0252822 0.0241164 0.0228539 0.021514 0.0201165 0.0186814 0.0172284 0.0157765 0.0143435 0.0129459 0.0115981 0.0103126 0.00909963 0.00796705 0.00692052 0.00596339 0.00509692 0.00432046 0.00363168 0.00302682 0.00250102 0.00204856 0.00166316 0.00133819 0.00106699 0.000842967 0.000659822 0.000511642 0.000392995 0.000298986 0.00022528 0.000168101 0.000124213 9.08864e-05 6.58538e-05 4.72586e-05 3.36045e-05 2.37038e-05 1.66302e-05 1.16748e-05 8.30949e-06 6.15549e-06 4.95956e-06 
6.3711e-06 6.89934e-06 8.54835e-06 1.15155e-05 1.61451e-05 2.2951e-05 3.26485e-05 4.61951e-05 6.48394e-05 9.01771e-05 0.000124213 0.000169425 0.000228832 0.000306056 0.00040537 0.000531744 0.000690863 0.000889116 0.00113356 0.00143183 0.00179204 0.00222259 0.00273196 0.00332848 0.00401996 0.00481345 0.00571484 0.00672848 0.00785689 0.0091004 0.0104569 0.0119215 0.0134866 0.0151417 0.0168732 0.0186651 0.0204987 0.0223531 0.0242056 0.0260322 0.0278082 0.0295086 0.0311086 0.0325844 0.0339136 0.0350757 0.0360526 0.0368289 0.0373925 0.0377342 0.0378487 0.0377342 0.0373925 0.0368289 0.0360526 0.0350757 0.0339136 0.0325844 0.0311086 0.0295086 0.0278082 0.0260322 0.0242056 0.0223531 0.0204987 0.0186651 0.0168732 0.0151417 0.0134866 0.0119215 0.0104569 0.0091004 0.00785689 0.00672848 0.00571484 0.00481345 0.00401996 0.00332848 0.00273196 0.00222259 0.00179204 0.00143183 0.00113356 0.000889116 0.000690863 0.000531744 0.00040537 0.000306056 0.000228832 0.000169425 0.000124213 9.01771e-05 6.48394e-05 4.61951e-05 3.26485e-05 2.2951e-05 1.61451e-05 1.15155e-05 8.54835e-06 6.89934e-06 
8.78355e-06 9.50519e-06 1.17568e-05 1.58043e-05 2.21109e-05 3.13671e-05 4.45318e-05 6.28858e-05 8.80943e-05 0.00012228 0.000168101 0.000228832 0.000308452 0.000411709 0.000544196 0.000712383 0.00092364 0.00118622 0.00150917 0.00190228 0.00237583 0.00294044 0.00360673 0.00438503 0.00528497 0.00631506 0.00748226 0.00879154 0.0102455 0.0118437 0.013583 0.0154565 0.0174539 0.0195613 0.0217613 0.0240331 0.0263531 0.0286948 0.0310298 0.0333283 0.0355594 0.0376923 0.0396965 0.0415429 0.043204 0.0446549 0.0458736 0.0468415 0.0475438 0.0479695 0.0481121 0.0479695 0.0475438 0.0468415 0.0458736 0.0446549 0.043204 0.0415429 0.0396965 0.0376923 0.0355594 0.0333283 0.0310298 0.0286948 0.0263531 0.0240331 0.0217613 0.0195613 0.0174539 0.0154565 0.013583 0.0118437 0.0102455 0.00879154 0.00748226 0.00631506 0.00528497 0.00438503 0.00360673 0.00294044 0.00237583 0.00190228 0.00150917 0.00118622 0.00092364 0.000712383 0.000544196 0.000411709 0.000308452 0.000228832 0.000168101 0.00012228 8.80943e-05 6.28858e-05 4.45318e-05 3.13671e-05 2.21109e-05 1.58043e-05 1.17568e-05 9.50519e-06 
1.19929e-05 1.29692e-05 1.60138e-05 2.14813e-05 2.9989e-05 4.24551e-05 6.01526e-05 8.47771e-05 0.000118528 0.000164199 0.00022528 0.000306056 0.000411709 0.000548412 0.000723396 0.000944999 0.00122267 0.00156695 0.00198935 0.0025022 0.00311843 0.00385127 0.00471388 0.00571889 0.00687797 0.00820125 0.00969679 0.0113701 0.0132235 0.0152558 0.0174618 0.0198323 0.0223535 0.0250074 0.0277715 0.0306197 0.033522 0.0364457 0.0393554 0.0422144 0.044985 0.0476293 0.0501106 0.0523935 0.054445 0.0562351 0.0577375 0.0589299 0.0597945 0.0603185 0.0604941 0.0603185 0.0597945 0.0589299 0.0577375 0.0562351 0.054445 0.0523935 0.0501106 0.0476293 0.044985 0.0422144 0.0393554 0.0364457 0.033522 0.0306197 0.0277715 0.0250074 0.0223535 0.0198323 0.0174618 0.0152558 0.0132235 0.0113701 0.00969679 0.00820125 0.00687797 0.00571889 0.00471388 0.00385127 0.00311843 0.0025022 0.00198935 0.00156695 0.00122267 0.000944999 0.000723396 0.000548412 0.000411709 0.000306056 0.00022528 0.000164199 0.000118528 8.47771e-05 6.01526e-05 4.24551e-05 2.9989e-05 2.14813e-05 1.60138e-05 1.29692e-05 
1.62182e-05 1.75262e-05 2.16032e-05 2.89177e-05 4.02836e-05 5.69104e-05 8.04708e-05 0.000113188 0.000157936 0.000218358 0.000298986 0.00040537 0.000544196 0.000723396 0.000952228 0.00124132 0.00160267 0.00204957 0.00259649 0.00325883 0.00405263 0.00499418 0.00609954 0.007384 0.00886143 0.0105437 0.0124399 0.0145559 0.0168935 0.0194502 0.0222183 0.0251852 0.0283329 0.0316382 0.0350728 0.0386037 0.0421939 0.0458029 0.0493875 0.0529029 0.0563036 0.0595441 0.0625802 0.0653698 0.0678736 0.0700561 0.0718862 0.0733376 0.0743895 0.0750268 0.0752402 0.0750268 0.0743895 0.0733376 0.0718862 0.0700561 0.0678736 0.0653698 0.0625802 0.0595441 0.0563036 0.0529029 0.0493875 0.0458029 0.0421939 0.0386037 0.0350728 0.0316382 0.0283329 0.0251852 0.0222183 0.0194502 0.0168935 0.0145559 0.0124399 0.0105437 0.00886143 0.007384 0.00609954 0.00499418 0.00405263 0.00325883 0.00259649 0.00204957 0.00160267 0.00124132 0.000952228 0.000723396 0.000544196 0.00040537 0.000298986 0.000218358 0.000157936 0.000113188 8.04708e-05 5.69104e-05 4.02836e-05 2.89177e-05 2.16032e-05 1.75262e-05 
2.17233e-05 2.3459e-05 2.88662e-05 3.85575e-05 5.35963e-05 7.55594e-05 0.000106623 0.000149673 0.000208431 0.000287594 0.000392995 0.000531744 0.000712383 0.000944999 0.00124132 0.00161475 0.00208036 0.00265474 0.00335585 0.00420272 0.005215 0.00641252 0.00781463 0.00943951 0.0113035 0.0134201 0.0157994 0.0184474 0.0213647 0.0245469 0.0279832 0.0316567 0.035544 0.0396158 0.0438365 0.0481654 0.0525568 0.0569616 0.0613275 0.0656008 0.069727 0.073652 0.0773238 0.0806925 0.0837124 0.0863419 0.0885447 0.0902905 0.091555 0.0923208 0.0925772 0.0923208 0.091555 0.0902905 0.0885447 0.0863419 0.0837124 0.0806925 0.0773238 0.073652 0.069727 0.0656008 0.0613275 0.0569616 0.0525568 0.0481654 0.0438365 0.0396158 0.035544 0.0316567 0.0279832 0.0245469 0.0213647 0.0184474 0.0157994 0.0134201 0.0113035 0.00943951 0.00781463 0.00641252 0.005215 0.00420272 0.00335585 0.00265474 0.00208036 0.00161475 0.00124132 0.000944999 0.000712383 0.000531744 0.000392995 0.000287594 0.000208431 0.000149673 0.000106623 7.55594e-05 5.35963e-05 3.85575e-05 2.88662e-05 2.3459e-05 
2.88218e-05 3.11031e-05 3.82062e-05 5.09245e-05 7.06334e-05 9.9369e-05 0.000139936 0.000196042 0.000272455 0.000375181 0.000511642 0.000690863 0.00092364 0.00122267 0.00160267 0.00208036 0.00267443 0.00340542 0.00429536 0.00536748 0.00664558 0.00815346 0.00991414 0.011949 0.0142767 0.0169127 0.0198676 0.0231469 0.0267499 0.0306691 0.0348898 0.0393896 0.0441389 0.0491006 0.0542307 0.0594793 0.0647913 0.0701072 0.0753648 0.0805003 0.0854494 0.0901489 0.0945378 0.0985586 0.102158 0.105289 0.107909 0.109984 0.111486 0.112395 0.1127 0.112395 0.111486 0.109984 0.107909 0.105289 0.102158 0.0985586 0.0945378 0.0901489 0.0854494 0.0805003 0.0753648 0.0701072 0.0647913 0.0594793 0.0542307 0.0491006 0.0441389 0.0393896 0.0348898 0.0306691 0.0267499 0.0231469 0.0198676 0.0169127 0.0142767 0.011949 0.00991414 0.00815346 0.00664558 0.00536748 0.00429536 0.00340542 0.00267443 0.00208036 0.00160267 0.00122267 0.00092364 0.000690863 0.000511642 0.000375181 0.000272455 0.000196042 0.000139936 9.9369e-05 7.06334e-05 5.09245e-05 3.82062e-05 3.11031e-05 
3.78808e-05 4.08508e-05 5.00936e-05 6.66267e-05 9.22122e-05 0.000129453 0.000181929 0.000254358 0.000352792 0.000484827 0.000659822 0.000889116 0.00118622 0.00156695 0.00204957 0.00265474 0.00340542 0.00432669 0.00544533 0.00678934 0.00838721 0.0102672 0.0124562 0.014979 0.0178568 0.0211064 0.0247388 0.0287585 0.0331625 0.0379393 0.0430692 0.0485231 0.0542637 0.0602448 0.0664128 0.0727072 0.0790618 0.0854061 0.0916667 0.0977686 0.103637 0.1092 0.114385 0.119129 0.123369 0.127053 0.130133 0.132569 0.134332 0.135399 0.135756 0.135399 0.134332 0.132569 0.130133 0.127053 0.123369 0.119129 0.114385 0.1092 0.103637 0.0977686 0.0916667 0.0854061 0.0790618 0.0727072 0.0664128 0.0602448 0.0542637 0.0485231 0.0430692 0.0379393 0.0331625 0.0287585 0.0247388 0.0211064 0.0178568 0.014979 0.0124562 0.0102672 0.00838721 0.00678934 0.00544533 0.00432669 0.00340542 0.00265474 0.00204957 0.00156695 0.00118622 0.000889116 0.000659822 0.000484827 0.000352792 0.000254358 0.000181929 0.000129453 9.22122e-05 6.66267e-05 5.00936e-05 4.08508e-05 
4.93228e-05 5.31534e-05 6.50679e-05 8.6359e-05 0.000119262 0.000167075 0.00023432 0.000326944 0.000452555 0.000620668 0.000842967 0.00113356 0.00150917 0.00198935 0.00259649 0.00335585 0.00429536 0.00544533 0.00683792 0.00850651 0.0104848 0.0128058 0.0155008 0.0185977 0.0221203 0.0260864 0.0305069 0.0353844 0.0407125 0.0464749 0.0526453 0.0591867 0.0660524 0.0731859 0.0805223 0.0879893 0.0955083 0.102997 0.110369 0.117538 0.124418 0.130927 0.136984 0.142515 0.147452 0.151736 0.155314 0.158142 0.160187 0.161423 0.161837 0.161423 0.160187 0.158142 0.155314 0.151736 0.147452 0.142515 0.136984 0.130927 0.124418 0.117538 0.110369 0.102997 0.0955083 0.0879893 0.0805223 0.0731859 0.0660524 0.0591867 0.0526453 0.0464749 0.0407125 0.0353844 0.0305069 0.0260864 0.0221203 0.0185977 0.0155008 0.0128058 0.0104848 0.00850651 0.00683792 0.00544533 0.00429536 0.00335585 0.00259649 0.00198935 0.00150917 0.00113356 0.000842967 0.000620668 0.000452555 0.000326944 0.00023432 0.000167075 0.000119262 8.6359e-05 6.50679e-05 5.31534e-05 
6.36267e-05 6.85212e-05 8.37373e-05 0.000110901 0.000152823 0.000213639 0.000299011 0.000416364 0.000575166 0.000787225 0.00106699 0.00143183 0.00190228 0.0025022 0.00325883 0.00420272 0.00536748 0.00678934 0.00850651 0.0105583 0.0129842 0.0158222 0.0191079 0.0228728 0.0271425 0.0319355 0.0372617 0.043121 0.0495024 0.0563833 0.0637294 0.0714943 0.0796203 0.088039 0.0966727 0.105436 0.114237 0.122979 0.131564 0.139894 0.14787 0.1554 0.162394 0.168769 0.174452 0.179376 0.183484 0.186728 0.189072 0.190489 0.190963 0.190489 0.189072 0.186728 0.183484 0.179376 0.174452 0.168769 0.162394 0.1554 0.14787 0.139894 0.131564 0.122979 0.114237 0.105436 0.0966727 0.088039 0.0796203 0.0714943 0.0637294 0.0563833 0.0495024 0.043121 0.0372617 0.0319355 0.0271425 0.0228728 0.0191079 0.0158222 0.0129842 0.0105583 0.00850651 0.00678934 0.00536748 0.00420272 0.00325883 0.0025022 0.00190228 0.00143183 0.00106699 0.000787225 0.000575166 0.000416364 0.000299011 0.000213639 0.000152823 0.000110901 8.37373e-05 6.85212e-05 
8.13249e-05 8.75216e-05 0.000106775 0.000141114 0.000194036 0.000270682 0.000378072 0.000525391 0.000724312 0.000989348 0.00133819 0.00179204 0.00237583 0.00311843 0.00405263 0.005215 0.00664558 0.00838721 0.0104848 0.0129842 0.0159307 0.019368 0.0233358 0.0278688 0.0329943 0.0387305 0.0450854 0.0520549 0.0596222 0.0677567 0.0764145 0.0855381 0.095057 0.10489 0.114944 0.12512 0.135311 0.145407 0.155296 0.164868 0.174012 0.182626 0.190611 0.197877 0.204342 0.209937 0.214598 0.218276 0.220931 0.222536 0.223072 0.222536 0.220931 0.218276 0.214598 0.209937 0.204342 0.197877 0.190611 0.182626 0.174012 0.164868 0.155296 0.145407 0.135311 0.12512 0.114944 0.10489 0.095057 0.0855381 0.0764145 0.0677567 0.0596222 0.0520549 0.0450854 0.0387305 0.0329943 0.0278688 0.0233358 0.019368 0.0159307 0.0129842 0.0104848 0.00838721 0.00664558 0.005215 0.00405263 0.00311843 0.00237583 0.00179204 0.00133819 0.000989348 0.000724312 0.000525391 0.000378072 0.000270682 0.000194036 0.000141114 0.000106775 8.75216e-05 
0.000102999 0.000110773 0.000134914 0.000177929 0.00024413 0.000339849 0.000473711 0.000656968 0.000903882 0.00123212 0.00166316 0.00222259 0.00294044 0.00385127 0.00499418 0.00641252 0.00815346 0.0102672 0.0128058 0.0158222 0.019368 0.0234922 0.0282389 0.0336453 0.0397397 0.0465393 0.0540488 0.0622587 0.0711447 0.0806668 0.0907694 0.101382 0.11242 0.123787 0.135375 0.147068 0.158745 0.170281 0.18155 0.192429 0.202797 0.212542 0.221556 0.229743 0.237017 0.2433 0.248529 0.25265 0.255624 0.257419 0.25802 0.257419 0.255624 0.25265 0.248529 0.2433 0.237017 0.229743 0.221556 0.212542 0.202797 0.192429 0.18155 0.170281 0.158745 0.147068 0.135375 0.123787 0.11242 0.101382 0.0907694 0.0806668 0.0711447 0.0622587 0.0540488 0.0465393 0.0397397 0.0336453 0.0282389 0.0234922 0.019368 0.0158222 0.0128058 0.0102672 0.00815346 0.00641252 0.00499418 0.00385127 0.00294044 0.00222259 0.00166316 0.00123212 0.000903882 0.000656968 0.000473711 0.000339849 0.00024413 0.000177929 0.000134914 0.000110773 
0.000129271 0.000138935 0.000168933 0.000222329 0.000304398 0.000422863 0.000588224 0.000814142 0.00111788 0.00152076 0.00204856 0.00273196 0.00360673 0.00471388 0.00609954 0.00781463 0.00991414 0.0124562 0.0155008 0.0191079 0.0233358 0.0282389 0.033865 0.0402535 0.0474325 0.055417 0.0642072 0.0737865 0.0841211 0.0951597 0.106833 0.119057 0.13173 0.144738 0.157958 0.171257 0.184498 0.19754 0.210246 0.222479 0.234108 0.245011 0.255075 0.264198 0.272287 0.279265 0.285063 0.289629 0.29292 0.294907 0.295571 0.294907 0.29292 0.289629 0.285063 0.279265 0.272287 0.264198 0.255075 0.245011 0.234108 0.222479 0.210246 0.19754 0.184498 0.171257 0.157958 0.144738 0.13173 0.119057 0.106833 0.0951597 0.0841211 0.0737865 0.0642072 0.055417 0.0474325 0.0402535 0.033865 0.0282389 0.0233358 0.0191079 0.0155008 0.0124562 0.00991414 0.00781463 0.00609954 0.00471388 0.00360673 0.00273196 0.00204856 0.00152076 0.00111788 0.000814142 0.000588224 0.000422863 0.000304398 0.000222329 0.000168933 0.000138935 
0.000160789 0.000172697 0.000209639 0.000275333 0.000376168 0.000521483 0.000723943 0.000999988 0.00137032 0.00186043 0.00250102 0.00332848 0.00438503 0.00571889 0.007384 0.00943951 0.011949 0.014979 0.0185977 0.0228728 0.0278688 0.0336453 0.0402535 0.0477337 0.0561131 0.065403 0.075597 0.0866699 0.0985766 0.111252 0.124612 0.138555 0.152963 0.167703 0.182635 0.197608 0.212469 0.227064 0.241239 0.254849 0.267753 0.279822 0.290935 0.300988 0.309885 0.317547 0.323905 0.328906 0.332507 0.33468 0.335406 0.33468 0.332507 0.328906 0.323905 0.317547 0.309885 0.300988 0.290935 0.279822 0.267753 0.254849 0.241239 0.227064 0.212469 0.197608 0.182635 0.167703 0.152963 0.138555 0.124612 0.111252 0.0985766 0.0866699 0.075597 0.065403 0.0561131 0.0477337 0.0402535 0.0336453 0.0278688 0.0228728 0.0185977 0.014979 0.011949 0.00943951 0.007384 0.00571889 0.00438503 0.00332848 0.00250102 0.00186043 0.00137032 0.000999988 0.000723943 0.000521483 0.000376168 0.000275333 0.000209639 0.000172697 
0.000198215 0.000212757 0.00025785 0.000337963 0.000460766 0.000637452 0.000883165 0.00121751 0.0016651 0.00225611 0.00302682 0.00401996 0.00528497 0.00687797 0.00886143 0.0113035 0.0142767 0.0178568 0.0221203 0.0271425 0.0329943 0.0397397 0.0474325 0.0561131 0.0658061 0.0765174 0.0882325 0.100915 0.114507 0.128927 0.144075 0.159829 0.176052 0.192595 0.209295 0.225987 0.2425 0.258665 0.274319 0.289304 0.303472 0.316688 0.328829 0.339786 0.349465 0.357785 0.364679 0.370095 0.373992 0.376341 0.377126 0.376341 0.373992 0.370095 0.364679 0.357785 0.349465 0.339786 0.328829 0.316688 0.303472 0.289304 0.274319 0.258665 0.2425 0.225987 0.209295 0.192595 0.176052 0.159829 0.144075 0.128927 0.114507 0.100915 0.0882325 0.0765174 0.0658061 0.0561131 0.0474325 0.0397397 0.0329943 0.0271425 0.0221203 0.0178568 0.0142767 0.0113035 0.00886143 0.00687797 0.00528497 0.00401996 0.00302682 0.00225611 0.0016651 0.00121751 0.000883165 0.000637452 0.000460766 0.000337963 0.00025785 0.000212757 
0.000242198 0.000259803 0.000314366 0.000411212 0.00055947 0.000772437 0.00106806 0.00146952 0.00200582 0.00271239 0.00363168 0.00481345 0.00631506 0.00820125 0.0105437 0.0134201 0.0169127 0.0211064 0.0260864 0.0319355 0.0387305 0.0465393 0.055417 0.065403 0.0765174 0.088759 0.102103 0.1165 0.131876 0.148133 0.16515 0.182786 0.200885 0.219274 0.237775 0.256203 0.274372 0.2921 0.309212 0.325543 0.340939 0.355261 0.368384 0.3802 0.390615 0.399551 0.406944 0.412745 0.416914 0.419426 0.420265 0.419426 0.416914 0.412745 0.406944 0.399551 0.390615 0.3802 0.368384 0.355261 0.340939 0.325543 0.309212 0.2921 0.274372 0.256203 0.237775 0.219274 0.200885 0.182786 0.16515 0.148133 0.131876 0.1165 0.102103 0.088759 0.0765174 0.065403 0.055417 0.0465393 0.0387305 0.0319355 0.0260864 0.0211064 0.0169127 0.0134201 0.0105437 0.00820125 0.00631506 0.00481345 0.00363168 0.00271239 0.00200582 0.00146952 0.00106806 0.000772437 0.00055947 0.000411212 0.000314366 0.000259803 
0.000293356 0.000314484 0.000379937 0.000496005 0.000673459 0.000927959 0.0012806 0.00175854 0.00239566 0.00323324 0.00432046 0.00571484 0.00748226 0.00969679 0.0124399 0.0157994 0.0198676 0.0247388 0.0305069 0.0372617 0.0450854 0.0540488 0.0642072 0.075597 0.0882325 0.102103 0.117171 0.133373 0.150615 0.168781 0.187728 0.207294 0.2273 0.247555 0.26786 0.288013 0.307813 0.327068 0.345591 0.363212 0.379773 0.395135 0.409172 0.42178 0.432869 0.442364 0.450207 0.456351 0.460764 0.46342 0.464307 0.46342 0.460764 0.456351 0.450207 0.442364 0.432869 0.42178 0.409172 0.395135 0.379773 0.363212 0.345591 0.327068 0.307813 0.288013 0.26786 0.247555 0.2273 0.207294 0.187728 0.168781 0.150615 0.133373 0.117171 0.102103 0.0882325 0.075597 0.0642072 0.0540488 0.0450854 0.0372617 0.0305069 0.0247388 0.0198676 0.0157994 0.0124399 0.00969679 0.00748226 0.00571484 0.00432046 0.00323324 0.00239566 0.00175854 0.0012806 0.000927959 0.000673459 0.000496005 0.000379937 0.000314484 
0.000352241 0.000377383 0.000455231 0.000593153 0.000803751 0.00110532 0.00152243 0.00208664 0.00283721 0.00382178 0.00509692 0.00672848 0.00879154 0.0113701 0.0145559 0.0184474 0.0231469 0.0287585 0.0353844 0.043121 0.0520549 0.0622587 0.0737865 0.0866699 0.100915 0.1165 0.133373 0.15145 0.170622 0.190746 0.21166 0.233178 0.255098 0.277209 0.299292 0.32113 0.342508 0.363222 0.383082 0.40191 0.41955 0.435861 0.450725 0.46404 0.475723 0.485707 0.493938 0.500378 0.504996 0.507775 0.508703 0.507775 0.504996 0.500378 0.493938 0.485707 0.475723 0.46404 0.450725 0.435861 0.41955 0.40191 0.383082 0.363222 0.342508 0.32113 0.299292 0.277209 0.255098 0.233178 0.21166 0.190746 0.170622 0.15145 0.133373 0.1165 0.100915 0.0866699 0.0737865 0.0622587 0.0520549 0.043121 0.0353844 0.0287585 0.0231469 0.0184474 0.0145559 0.0113701 0.00879154 0.00672848 0.00509692 0.00382178 0.00283721 0.00208664 0.00152243 0.00110532 0.000803751 0.000593153 0.000455231 0.000377383 
0.000419317 0.000448982 0.000540792 0.000703308 0.000951149 0.0013055 0.00179476 0.00245531 0.00333224 0.0044801 0.00596339 0.00785689 0.0102455 0.0132235 0.0168935 0.0213647 0.0267499 0.0331625 0.0407125 0.0495024 0.0596222 0.0711447 0.0841211 0.0985766 0.114507 0.131876 0.150615 0.170622 0.191761 0.213871 0.236763 0.260227 0.28404 0.307968 0.331775 0.355228 0.378102 0.400184 0.421278 0.441207 0.459815 0.476967 0.492551 0.506472 0.518656 0.529044 0.537594 0.544272 0.549056 0.551932 0.552891 0.551932 0.549056 0.544272 0.537594 0.529044 0.518656 0.506472 0.492551 0.476967 0.459815 0.441207 0.421278 0.400184 0.378102 0.355228 0.331775 0.307968 0.28404 0.260227 0.236763 0.213871 0.191761 0.170622 0.150615 0.131876 0.114507 0.0985766 0.0841211 0.0711447 0.0596222 0.0495024 0.0407125 0.0331625 0.0267499 0.0213647 0.0168935 0.0132235 0.0102455 0.00785689 0.00596339 0.0044801 0.00333224 0.00245531 0.00179476 0.0013055 0.000951149 0.000703308 0.000540792 0.000448982 
0.00049492 0.00052963 0.000637008 0.000826914 0.00111617 0.00152912 0.00209832 0.00286534 0.00388158 0.00520898 0.00692052 0.0091004 0.0118437 0.0152558 0.0194502 0.0245469 0.0306691 0.0379393 0.0464749 0.0563833 0.0677567 0.0806668 0.0951597 0.111252 0.128927 0.148133 0.168781 0.190746 0.213871 0.237968 0.262821 0.288199 0.313854 0.339533 0.364983 0.389955 0.414217 0.437549 0.459754 0.480655 0.500103 0.517969 0.53415 0.548563 0.561144 0.571846 0.580636 0.58749 0.592394 0.59534 0.596322 0.59534 0.592394 0.58749 0.580636 0.571846 0.561144 0.548563 0.53415 0.517969 0.500103 0.480655 0.459754 0.437549 0.414217 0.389955 0.364983 0.339533 0.313854 0.288199 0.262821 0.237968 0.213871 0.190746 0.168781 0.148133 0.128927 0.111252 0.0951597 0.0806668 0.0677567 0.0563833 0.0464749 0.0379393 0.0306691 0.0245469 0.0194502 0.0152558 0.0118437 0.0091004 0.00692052 0.00520898 0.00388158 0.00286534 0.00209832 0.00152912 0.00111617 0.000826914 0.000637008 0.00052963 
0.000579231 0.000619511 0.000744063 0.000964161 0.00129901 0.00177634 0.00243318 0.00331668 0.00448495 0.00600777 0.00796705 0.0104569 0.013583 0.0174618 0.0222183 0.0279832 0.0348898 0.0430692 0.0526453 0.0637294 0.0764145 0.0907694 0.106833 0.124612 0.144075 0.16515 0.187728 0.21166 0.236763 0.262821 0.289596 0.316829 0.34425 0.371588 0.398572 0.424945 0.450463 0.474907 0.498079 0.519809 0.539952 0.558393 0.575038 0.589819 0.602686 0.613603 0.622551 0.629516 0.634493 0.63748 0.638475 0.63748 0.634493 0.629516 0.622551 0.613603 0.602686 0.589819 0.575038 0.558393 0.539952 0.519809 0.498079 0.474907 0.450463 0.424945 0.398572 0.371588 0.34425 0.316829 0.289596 0.262821 0.236763 0.21166 0.187728 0.16515 0.144075 0.124612 0.106833 0.0907694 0.0764145 0.0637294 0.0526453 0.0430692 0.0348898 0.0279832 0.0222183 0.0174618 0.013583 0.0104569 0.00796705 0.00600777 0.00448495 0.00331668 0.00243318 0.00177634 0.00129901 0.000964161 0.000744063 0.000619511 
0.000672244 0.000718608 0.000861912 0.00111494 0.00149944 0.00204678 0.00279872 0.00380833 0.00514081 0.00687417 0.00909963 0.0119215 0.0154565 0.0198323 0.0251852 0.0316567 0.0393896 0.0485231 0.0591867 0.0714943 0.0855381 0.101382 0.119057 0.138555 0.159829 0.182786 0.207294 0.233178 0.260227 0.288199 0.316829 0.345833 0.374921 0.403801 0.432192 0.459824 0.486451 0.511852 0.535834 0.558234 0.57892 0.597787 0.614758 0.629779 0.642816 0.653849 0.66287 0.66988 0.674882 0.67788 0.67888 0.67788 0.674882 0.66988 0.66287 0.653849 0.642816 0.629779 0.614758 0.597787 0.57892 0.558234 0.535834 0.511852 0.486451 0.459824 0.432192 0.403801 0.374921 0.345833 0.316829 0.288199 0.260227 0.233178 0.207294 0.182786 0.159829 0.138555 0.119057 0.101382 0.0855381 0.0714943 0.0591867 0.0485231 0.0393896 0.0316567 0.0251852 0.0198323 0.0154565 0.0119215 0.00909963 0.00687417 0.00514081 0.00380833 0.00279872 0.00204678 0.00149944 0.00111494 0.000861912 0.000718608 
0.00077374 0.000826678 0.000990238 0.0012788 0.00171681 0.00233947 0.00319353 0.00433827 0.00584627 0.00780411 0.0103126 0.0134866 0.0174539 0.0223535 0.0283329 0.035544 0.0441389 0.0542637 0.0660524 0.0796203 0.095057 0.11242 0.13173 0.152963 0.176052 0.200885 0.2273 0.255098 0.28404 0.313854 0.34425 0.374921 0.405554 0.435843 0.465494 0.49423 0.521804 0.547997 0.572623 0.59553 0.616599 0.635741 0.652897 0.66803 0.681122 0.692171 0.701184 0.708174 0.713153 0.716135 0.717128 0.716135 0.713153 0.708174 0.701184 0.692171 0.681122 0.66803 0.652897 0.635741 0.616599 0.59553 0.572623 0.547997 0.521804 0.49423 0.465494 0.435843 0.405554 0.374921 0.34425 0.313854 0.28404 0.255098 0.2273 0.200885 0.176052 0.152963 0.13173 0.11242 0.095057 0.0796203 0.0660524 0.0542637 0.0441389 0.035544 0.0283329 0.0223535 0.0174539 0.0134866 0.0103126 0.00780411 0.00584627 0.00433827 0.00319353 0.00233947 0.00171681 0.0012788 0.000990238 0.000826678 
0.000883265 0.000943232 0.00112843 0.00145493 0.00195 0.00265282 0.00361538 0.00490337 0.00659704 0.00879174 0.0115981 0.0151417 0.0195613 0.0250074 0.0316382 0.0396158 0.0491006 0.0602448 0.0731859 0.088039 0.10489 0.123787 0.144738 0.167703 0.192595 0.219274 0.247555 0.277209 0.307968 0.339533 0.371588 0.403801 0.435843 0.467392 0.498144 0.52782 0.556171 0.582985 0.608086 0.631334 0.652628 0.671898 0.689101 0.70422 0.717258 0.728228 0.737154 0.744061 0.748974 0.751913 0.752891 0.751913 0.748974 0.744061 0.737154 0.728228 0.717258 0.70422 0.689101 0.671898 0.652628 0.631334 0.608086 0.582985 0.556171 0.52782 0.498144 0.467392 0.435843 0.403801 0.371588 0.339533 0.307968 0.277209 0.247555 0.219274 0.192595 0.167703 0.144738 0.123787 0.10489 0.088039 0.0731859 0.0602448 0.0491006 0.0396158 0.0316382 0.0250074 0.0195613 0.0151417 0.0115981 0.00879174 0.00659704 0.00490337 0.00361538 0.00265282 0.00195 0.00145493 0.00112843 0.000943232 
0.00100011 0.00106751 0.00127559 0.00164214 0.00219736 0.00298459 0.00406118 0.00549941 0.00738737 0.00982934 0.0129459 0.0168732 0.0217613 0.0277715 0.0350728 0.0438365 0.0542307 0.0664128 0.0805223 0.0966727 0.114944 0.135375 0.157958 0.182635 0.209295 0.237775 0.26786 0.299292 0.331775 0.364983 0.398572 0.432192 0.465494 0.498144 0.529832 0.560276 0.589233 0.616498 0.641906 0.665336 0.686704 0.705958 0.723078 0.738068 0.750949 0.761753 0.77052 0.777288 0.782094 0.784965 0.78592 0.784965 0.782094 0.777288 0.77052 0.761753 0.750949 0.738068 0.723078 0.705958 0.686704 0.665336 0.641906 0.616498 0.589233 0.560276 0.529832 0.498144 0.465494 0.432192 0.398572 0.364983 0.331775 0.299292 0.26786 0.237775 0.209295 0.182635 0.157958 0.135375 0.114944 0.0966727 0.0805223 0.0664128 0.0542307 0.0438365 0.0350728 0.0277715 0.0217613 0.0168732 0.0129459 0.00982934 0.00738737 0.00549941 0.00406118 0.00298459 0.00219736 0.00164214 0.00127559 0.00106751 
0.00112332 0.00119849 0.00143046 0.00183883 0.00245679 0.0033319 0.00452698 0.00612106 0.00821011 0.0109074 0.0143435 0.0186651 0.0240331 0.0306197 0.0386037 0.0481654 0.0594793 0.0727072 0.0879893 0.105436 0.12512 0.147068 0.171257 0.197608 0.225987 0.256203 0.288013 0.32113 0.355228 0.389955 0.424945 0.459824 0.49423 0.52782 0.560276 0.591321 0.620715 0.648265 0.673823 0.697283 0.718582 0.737691 0.75461 0.769365 0.781998 0.792558 0.801102 0.807683 0.812347 0.81513 0.816055 0.81513 0.812347 0.807683 0.801102 0.792558 0.781998 0.769365 0.75461 0.737691 0.718582 0.697283 0.673823 0.648265 0.620715 0.591321 0.560276 0.52782 0.49423 0.459824 0.424945 0.389955 0.355228 0.32113 0.288013 0.256203 0.225987 0.197608 0.171257 0.147068 0.12512 0.105436 0.0879893 0.0727072 0.0594793 0.0481654 0.0386037 0.0306197 0.0240331 0.0186651 0.0143435 0.0109074 0.00821011 0.00612106 0.00452698 0.0033319 0.00245679 0.00183883 0.00143046 0.00119849 
0.00125168 0.00133487 0.00159152 0.00204304 0.00272565 0.0036912 0.00500804 0.00676194 0.00905679 0.0120149 0.0157765 0.0204987 0.0263531 0.033522 0.0421939 0.0525568 0.0647913 0.0790618 0.0955083 0.114237 0.135311 0.158745 0.184498 0.212469 0.2425 0.274372 0.307813 0.342508 0.378102 0.414217 0.450463 0.486451 0.521804 0.556171 0.589233 0.620715 0.650387 0.678069 0.70363 0.726983 0.748086 0.766934 0.783549 0.797979 0.810284 0.820536 0.828804 0.835157 0.83965 0.842327 0.843216 0.842327 0.83965 0.835157 0.828804 0.820536 0.810284 0.797979 0.783549 0.766934 0.748086 0.726983 0.70363 0.678069 0.650387 0.620715 0.589233 0.556171 0.521804 0.486451 0.450463 0.414217 0.378102 0.342508 0.307813 0.274372 0.2425 0.212469 0.184498 0.158745 0.135311 0.114237 0.0955083 0.0790618 0.0647913 0.0525568 0.0421939 0.033522 0.0263531 0.0204987 0.0157765 0.0120149 0.00905679 0.00676194 0.00500804 0.0036912 0.00272565 0.00204304 0.00159152 0.00133487 
0.00138372 0.0014751 0.00175693 0.00225243 0.00300088 0.00405841 0.00549886 0.00741473 0.00991773 0.013139 0.0172284 0.0223531 0.0286948 0.0364457 0.0458029 0.0569616 0.0701072 0.0854061 0.102997 0.122979 0.145407 0.170281 0.19754 0.227064 0.258665 0.2921 0.327068 0.363222 0.400184 0.437549 0.474907 0.511852 0.547997 0.582985 0.616498 0.648265 0.678069 0.705744 0.731177 0.754303 0.775102 0.793591 0.809816 0.823846 0.835762 0.845653 0.853604 0.859696 0.863996 0.866554 0.867403 0.866554 0.863996 0.859696 0.853604 0.845653 0.835762 0.823846 0.809816 0.793591 0.775102 0.754303 0.731177 0.705744 0.678069 0.648265 0.616498 0.582985 0.547997 0.511852 0.474907 0.437549 0.400184 0.363222 0.327068 0.2921 0.258665 0.227064 0.19754 0.170281 0.145407 0.122979 0.102997 0.0854061 0.0701072 0.0569616 0.0458029 0.0364457 0.0286948 0.0223531 0.0172284 0.013139 0.00991773 0.00741473 0.00549886 0.00405841 0.00300088 0.00225243 0.00175693 0.0014751 
