0.00107737 0.00109355 0.00114228 0.00122414 0.00134012 0.00149156 0.00168013 0.00190783 0.00217693 0.00248993 0.0028495 0.00325846 0.00371967 0.00423598 0.00481016 0.00544484 0.00614239 0.00690487 0.00773395 0.00863078 0.00959599 0.0106295 0.0117307 0.012898 0.014129 0.0154207 0.0167689 0.0181686 0.019614 0.0210984 0.0226141 0.0241527 0.0257051 0.0272614 0.0288113 0.0303439 0.0318481 0.0333125 0.0347257 0.0360763 0.0373531 0.0385454 0.0396429 0.0406359 0.0415157 0.0422743 0.0429047 0.0434012 0.0437592 0.0439754 0.0440476 0.0439754 0.0437592 0.0434012 0.0429047 0.0422743 0.0415157 0.0406359 0.0396429 0.0385454 0.0373531 0.0360763 0.0347257 0.0333125 0.0318481 0.0303439 0.0288113 0.0272614 0.0257051 0.0241527 0.0226141 0.0210984 0.019614 0.0181686 0.0167689 0.0154207 0.014129 0.012898 0.0117307 0.0106295 0.00959599 0.00863078 0.00773395 0.00690487 0.00614239 0.00544484 0.00481016 0.00423598 0.00371967 0.00325846 0.0028495 0.00248993 0.00217693 0.00190783 0.00168013 0.00149156 0.00134012 0.00122414 0.00114228 0.00109355 
0.00109355 0.00110995 0.00115935 0.00124234 0.00135991 0.00151342 0.00170457 0.00193536 0.00220809 0.00252529 0.00288966 0.00330404 0.00377131 0.00429436 0.00487598 0.00551881 0.00622525 0.00699738 0.00783685 0.00874484 0.00972195 0.0107681 0.0118827 0.013064 0.0143097 0.0156166 0.0169806 0.0183966 0.0198588 0.0213601 0.0228931 0.024449 0.0260188 0.0275924 0.0291594 0.0307089 0.0322295 0.0337098 0.0351382 0.0365033 0.0377937 0.0389987 0.0401078 0.0411113 0.0420003 0.0427668 0.0434039 0.0439056 0.0442673 0.0444857 0.0445587 0.0444857 0.0442673 0.0439056 0.0434039 0.0427668 0.0420003 0.0411113 0.0401078 0.0389987 0.0377937 0.0365033 0.0351382 0.0337098 0.0322295 0.0307089 0.0291594 0.0275924 0.0260188 0.024449 0.0228931 0.0213601 0.0198588 0.0183966 0.0169806 0.0156166 0.0143097 0.013064 0.0118827 0.0107681 0.00972195 0.00874484 0.00783685 0.00699738 0.00622525 0.00551881 0.00487598 0.00429436 0.00377131 0.00330404 0.00288966 0.00252529 0.00220809 0.00193536 0.00170457 0.00151342 0.00135991 0.00124234 0.00115935 0.00110995 
0.00114228 0.00115935 0.00121077 0.00129716 0.00141953 0.00157928 0.00177816 0.00201825 0.00230192 0.00263176 0.00301056 0.00344123 0.00392674 0.00447006 0.00507405 0.00574141 0.0064746 0.00727571 0.00814644 0.00908796 0.0101008 0.011185 0.0123397 0.0135632 0.014853 0.0162058 0.0176174 0.0190823 0.0205946 0.022147 0.0237317 0.0253398 0.0269618 0.0285874 0.0302058 0.0318058 0.0333756 0.0349036 0.0363778 0.0377863 0.0391177 0.0403607 0.0415046 0.0425396 0.0434563 0.0442467 0.0449035 0.0454207 0.0457936 0.0460188 0.0460941 0.0460188 0.0457936 0.0454207 0.0449035 0.0442467 0.0434563 0.0425396 0.0415046 0.0403607 0.0391177 0.0377863 0.0363778 0.0349036 0.0333756 0.0318058 0.0302058 0.0285874 0.0269618 0.0253398 0.0237317 0.022147 0.0205946 0.0190823 0.0176174 0.0162058 0.014853 0.0135632 0.0123397 0.011185 0.0101008 0.00908796 0.00814644 0.00727571 0.0064746 0.00574141 0.00507405 0.00447006 0.00392674 0.00344123 0.00301056 0.00263176 0.00230192 0.00201825 0.00177816 0.00157928 0.00141953 0.00129716 0.00121077 0.00115935 
0.00122414 0.00124234 0.00129716 0.00138924 0.00151965 0.00168987 0.00190173 0.00215742 0.00245941 0.00281043 0.00321341 0.00367139 0.00418748 0.00476475 0.00540621 0.00611466 0.00689262 0.00774227 0.00866532 0.00966295 0.0107357 0.0118835 0.0131052 0.0143993 0.0157629 0.0171925 0.0186834 0.0202302 0.0218262 0.023464 0.0251351 0.0268303 0.0285395 0.0302519 0.0319562 0.0336404 0.0352925 0.0369001 0.0384506 0.0399317 0.0413313 0.0426377 0.0438398 0.0449271 0.0458902 0.0467203 0.0474101 0.0479533 0.0483449 0.0485813 0.0486603 0.0485813 0.0483449 0.0479533 0.0474101 0.0467203 0.0458902 0.0449271 0.0438398 0.0426377 0.0413313 0.0399317 0.0384506 0.0369001 0.0352925 0.0336404 0.0319562 0.0302519 0.0285395 0.0268303 0.0251351 0.023464 0.0218262 0.0202302 0.0186834 0.0171925 0.0157629 0.0143993 0.0131052 0.0118835 0.0107357 0.00966295 0.00866532 0.00774227 0.00689262 0.00611466 0.00540621 0.00476475 0.00418748 0.00367139 0.00321341 0.00281043 0.00245941 0.00215742 0.00190173 0.00168987 0.00151965 0.00138924 0.00129716 0.00124234 
0.00134012 0.00135991 0.00141953 0.00151965 0.00166143 0.00184643 0.00207662 0.00235433 0.00268221 0.00306315 0.00350026 0.00399678 0.00455599 0.00518118 0.00587548 0.00664185 0.00748293 0.00840098 0.00939776 0.0104744 0.0116315 0.0128688 0.014185 0.0155783 0.0170458 0.0185833 0.0201859 0.0218477 0.0235614 0.0253191 0.0271117 0.0289292 0.0307608 0.0325951 0.0344198 0.0362224 0.0379899 0.039709 0.0413666 0.0429494 0.0444447 0.0458401 0.0471236 0.0482844 0.0493123 0.0501982 0.0509342 0.0515137 0.0519314 0.0521836 0.0522679 0.0521836 0.0519314 0.0515137 0.0509342 0.0501982 0.0493123 0.0482844 0.0471236 0.0458401 0.0444447 0.0429494 0.0413666 0.039709 0.0379899 0.0362224 0.0344198 0.0325951 0.0307608 0.0289292 0.0271117 0.0253191 0.0235614 0.0218477 0.0201859 0.0185833 0.0170458 0.0155783 0.014185 0.0128688 0.0116315 0.0104744 0.00939776 0.00840098 0.00748293 0.00664185 0.00587548 0.00518118 0.00455599 0.00399678 0.00350026 0.00306315 0.00268221 0.00235433 0.00207662 0.00184643 0.00166143 0.00151965 0.00141953 0.00135991 
0.00149156 0.00151342 0.00157928 0.00168987 0.00184643 0.00205067 0.0023047 0.00261105 0.00297257 0.00339239 0.00387386 0.00442045 0.00503569 0.00572308 0.00648598 0.00732751 0.00825047 0.00925722 0.0103496 0.0115287 0.012795 0.0141481 0.0155868 0.0171086 0.0187103 0.0203874 0.0221345 0.0239448 0.0258107 0.0277233 0.0296727 0.031648 0.0336377 0.0356292 0.0376093 0.0395645 0.0414807 0.0433436 0.0451391 0.046853 0.0484716 0.0499814 0.0513699 0.0526252 0.0537366 0.0546942 0.0554897 0.0561159 0.0565673 0.0568397 0.0569308 0.0568397 0.0565673 0.0561159 0.0554897 0.0546942 0.0537366 0.0526252 0.0513699 0.0499814 0.0484716 0.046853 0.0451391 0.0433436 0.0414807 0.0395645 0.0376093 0.0356292 0.0336377 0.031648 0.0296727 0.0277233 0.0258107 0.0239448 0.0221345 0.0203874 0.0187103 0.0171086 0.0155868 0.0141481 0.012795 0.0115287 0.0103496 0.00925722 0.00825047 0.00732751 0.00648598 0.00572308 0.00503569 0.00442045 0.00387386 0.00339239 0.00297257 0.00261105 0.0023047 0.00205067 0.00184643 0.00168987 0.00157928 0.00151342 
0.00168013 0.00170457 0.00177816 0.00190173 0.00207662 0.0023047 0.00258829 0.00293013 0.00333333 0.0038013 0.00433768 0.00494624 0.00563079 0.00639512 0.00724282 0.00817725 0.00920137 0.0103177 0.011528 0.0128335 0.0142346 0.0157306 0.01732 0.0190001 0.0207671 0.0226161 0.0245408 0.0265339 0.0285868 0.0306897 0.0328318 0.0350011 0.0371847 0.0393691 0.0415399 0.0436821 0.0457806 0.0478198 0.0497843 0.0516587 0.0534281 0.0550782 0.0565951 0.0579661 0.0591796 0.060225 0.0610932 0.0617766 0.0622691 0.0625664 0.0626657 0.0625664 0.0622691 0.0617766 0.0610932 0.060225 0.0591796 0.0579661 0.0565951 0.0550782 0.0534281 0.0516587 0.0497843 0.0478198 0.0457806 0.0436821 0.0415399 0.0393691 0.0371847 0.0350011 0.0328318 0.0306897 0.0285868 0.0265339 0.0245408 0.0226161 0.0207671 0.0190001 0.01732 0.0157306 0.0142346 0.0128335 0.011528 0.0103177 0.00920137 0.00817725 0.00724282 0.00639512 0.00563079 0.00494624 0.00433768 0.0038013 0.00333333 0.00293013 0.00258829 0.0023047 0.00207662 0.00190173 0.00177816 0.00170457 
0.00190783 0.00193536 0.00201825 0.00215742 0.00235433 0.00261105 0.00293013 0.00331457 0.0037678 0.00429355 0.00489579 0.00557865 0.00634627 0.00720276 0.00815202 0.00919763 0.0103428 0.0115901 0.0129414 0.0143979 0.0159599 0.0176264 0.0193957 0.0212645 0.0232286 0.0252823 0.0274186 0.0296292 0.0319046 0.0342338 0.0366048 0.0390044 0.0414184 0.0438318 0.0462287 0.0485928 0.0509074 0.0531555 0.0553202 0.0573847 0.0593328 0.0611488 0.0628176 0.0643256 0.0656598 0.066809 0.0677632 0.0685141 0.0690553 0.0693819 0.0694911 0.0693819 0.0690553 0.0685141 0.0677632 0.066809 0.0656598 0.0643256 0.0628176 0.0611488 0.0593328 0.0573847 0.0553202 0.0531555 0.0509074 0.0485928 0.0462287 0.0438318 0.0414184 0.0390044 0.0366048 0.0342338 0.0319046 0.0296292 0.0274186 0.0252823 0.0232286 0.0212645 0.0193957 0.0176264 0.0159599 0.0143979 0.0129414 0.0115901 0.0103428 0.00919763 0.00815202 0.00720276 0.00634627 0.00557865 0.00489579 0.00429355 0.0037678 0.00331457 0.00293013 0.00261105 0.00235433 0.00215742 0.00201825 0.00193536 
0.00217693 0.00220809 0.00230192 0.00245941 0.00268221 0.00297257 0.00333333 0.0037678 0.00427975 0.00487329 0.00555278 0.00632274 0.00718772 0.00815216 0.0092203 0.010396 0.0116827 0.0130831 0.0145992 0.016232 0.0179817 0.0198472 0.0218261 0.0239148 0.0261084 0.0284003 0.0307827 0.0332462 0.03578 0.0383721 0.0410088 0.0436756 0.0463567 0.0490354 0.0516943 0.0543153 0.05688 0.0593698 0.061766 0.0640503 0.0662049 0.0682125 0.0700569 0.0717228 0.0731965 0.0744655 0.0755189 0.0763478 0.0769451 0.0773055 0.077426 0.0773055 0.0769451 0.0763478 0.0755189 0.0744655 0.0731965 0.0717228 0.0700569 0.0682125 0.0662049 0.0640503 0.061766 0.0593698 0.05688 0.0543153 0.0516943 0.0490354 0.0463567 0.0436756 0.0410088 0.0383721 0.03578 0.0332462 0.0307827 0.0284003 0.0261084 0.0239148 0.0218261 0.0198472 0.0179817 0.016232 0.0145992 0.0130831 0.0116827 0.010396 0.0092203 0.00815216 0.00718772 0.00632274 0.00555278 0.00487329 0.00427975 0.0037678 0.00333333 0.00297257 0.00268221 0.00245941 0.00230192 0.00220809 
0.00248993 0.00252529 0.00263176 0.00281043 0.00306315 0.00339239 0.0038013 0.00429355 0.00487329 0.00554506 0.00631366 0.00718404 0.00816119 0.00924997 0.010455 0.0117804 0.0132298 0.0148061 0.0165114 0.0183466 0.0203117 0.0224051 0.0246243 0.0269648 0.0294209 0.0319852 0.0346488 0.0374011 0.04023 0.0431218 0.0460616 0.0490328 0.0520181 0.0549988 0.0579557 0.0608688 0.0637178 0.066482 0.0691411 0.0716748 0.0740636 0.0762886 0.078332 0.0801771 0.0818087 0.0832133 0.0843792 0.0852964 0.0859572 0.086356 0.0864893 0.086356 0.0859572 0.0852964 0.0843792 0.0832133 0.0818087 0.0801771 0.078332 0.0762886 0.0740636 0.0716748 0.0691411 0.066482 0.0637178 0.0608688 0.0579557 0.0549988 0.0520181 0.0490328 0.0460616 0.0431218 0.04023 0.0374011 0.0346488 0.0319852 0.0294209 0.0269648 0.0246243 0.0224051 0.0203117 0.0183466 0.0165114 0.0148061 0.0132298 0.0117804 0.010455 0.00924997 0.00816119 0.00718404 0.00631366 0.00554506 0.00487329 0.00429355 0.0038013 0.00339239 0.00306315 0.00281043 0.00263176 0.00252529 
0.0028495 0.00288966 0.00301056 0.00321341 0.00350026 0.00387386 0.00433768 0.00489579 0.00555278 0.00631366 0.0071837 0.00816836 0.00927309 0.0105032 0.0118636 0.013359 0.014993 0.0167688 0.0186885 0.0207529 0.0229616 0.025313 0.0278035 0.0304283 0.0331807 0.0360523 0.0390329 0.0421104 0.0452714 0.0485004 0.0517807 0.055094 0.0584207 0.0617403 0.0650314 0.0682718 0.0714391 0.0745107 0.0774639 0.0802766 0.0829273 0.0853952 0.0876608 0.0897059 0.0915139 0.09307 0.0943612 0.0953769 0.0961086 0.0965501 0.0966977 0.0965501 0.0961086 0.0953769 0.0943612 0.09307 0.0915139 0.0897059 0.0876608 0.0853952 0.0829273 0.0802766 0.0774639 0.0745107 0.0714391 0.0682718 0.0650314 0.0617403 0.0584207 0.055094 0.0517807 0.0485004 0.0452714 0.0421104 0.0390329 0.0360523 0.0331807 0.0304283 0.0278035 0.025313 0.0229616 0.0207529 0.0186885 0.0167688 0.014993 0.013359 0.0118636 0.0105032 0.00927309 0.00816836 0.0071837 0.00631366 0.00555278 0.00489579 0.00433768 0.00387386 0.00350026 0.00321341 0.00301056 0.00288966 
0.00325846 0.00330404 0.00344123 0.00367139 0.00399678 0.00442045 0.00494624 0.00557865 0.00632274 0.00718404 0.00816836 0.00928167 0.0105299 0.0119189 0.0134541 0.0151403 0.0169815 0.0189811 0.021141 0.023462 0.0259435 0.0285832 0.0313771 0.0343194 0.0374024 0.0406166 0.0439503 0.04739 0.0509204 0.0545244 0.058183 0.061876 0.0655816 0.0692769 0.0729383 0.0765413 0.0800609 0.0834724 0.0867508 0.0898717 0.0928116 0.0955476 0.0980585 0.100324 0.102327 0.10405 0.105479 0.106603 0.107413 0.107902 0.108065 0.107902 0.107413 0.106603 0.105479 0.10405 0.102327 0.100324 0.0980585 0.0955476 0.0928116 0.0898717 0.0867508 0.0834724 0.0800609 0.0765413 0.0729383 0.0692769 0.0655816 0.061876 0.058183 0.0545244 0.0509204 0.04739 0.0439503 0.0406166 0.0374024 0.0343194 0.0313771 0.0285832 0.0259435 0.023462 0.021141 0.0189811 0.0169815 0.0151403 0.0134541 0.0119189 0.0105299 0.00928167 0.00816836 0.00718404 0.00632274 0.00557865 0.00494624 0.00442045 0.00399678 0.00367139 0.00344123 0.00330404 
0.00371967 0.00377131 0.00392674 0.00418748 0.00455599 0.00503569 0.00563079 0.00634627 0.00718772 0.00816119 0.00927309 0.0105299 0.0119383 0.0135044 0.0152341 0.0171326 0.0192043 0.0214524 0.0238791 0.0264849 0.0292688 0.0322279 0.0353576 0.0386511 0.0420995 0.045692 0.0494154 0.0532545 0.057192 0.0612087 0.0652836 0.0693939 0.0735157 0.0776235 0.0816911 0.0856914 0.0895971 0.0933806 0.0970148 0.100473 0.103729 0.106758 0.109536 0.112043 0.114258 0.116163 0.117743 0.118986 0.11988 0.12042 0.120601 0.12042 0.11988 0.118986 0.117743 0.116163 0.114258 0.112043 0.109536 0.106758 0.103729 0.100473 0.0970148 0.0933806 0.0895971 0.0856914 0.0816911 0.0776235 0.0735157 0.0693939 0.0652836 0.0612087 0.057192 0.0532545 0.0494154 0.045692 0.0420995 0.0386511 0.0353576 0.0322279 0.0292688 0.0264849 0.0238791 0.0214524 0.0192043 0.0171326 0.0152341 0.0135044 0.0119383 0.0105299 0.00927309 0.00816119 0.00718772 0.00634627 0.00563079 0.00503569 0.00455599 0.00418748 0.00392674 0.00377131 
0.00423598 0.00429436 0.00447006 0.00476475 0.00518118 0.00572308 0.00639512 0.00720276 0.00815216 0.00924997 0.0105032 0.0119189 0.0135044 0.0152662 0.0172109 0.0193438 0.0216697 0.0241919 0.0269125 0.0298317 0.032948 0.0362582 0.0397565 0.0434352 0.0472842 0.051291 0.0554408 0.0597164 0.0640986 0.0685659 0.0730947 0.07766 0.0822349 0.0867915 0.0913006 0.0957327 0.100057 0.104245 0.108265 0.112088 0.115686 0.119032 0.122101 0.124868 0.127312 0.129414 0.131157 0.132527 0.133514 0.134109 0.134308 0.134109 0.133514 0.132527 0.131157 0.129414 0.127312 0.124868 0.122101 0.119032 0.115686 0.112088 0.108265 0.104245 0.100057 0.0957327 0.0913006 0.0867915 0.0822349 0.07766 0.0730947 0.0685659 0.0640986 0.0597164 0.0554408 0.051291 0.0472842 0.0434352 0.0397565 0.0362582 0.032948 0.0298317 0.0269125 0.0241919 0.0216697 0.0193438 0.0172109 0.0152662 0.0135044 0.0119189 0.0105032 0.00924997 0.00815216 0.00720276 0.00639512 0.00572308 0.00518118 0.00476475 0.00447006 0.00429436 
0.00481016 0.00487598 0.00507405 0.00540621 0.00587548 0.00648598 0.00724282 0.00815202 0.0092203 0.010455 0.0118636 0.0134541 0.0152341 0.0172109 0.0193913 0.0217813 0.0243856 0.0272077 0.0302496 0.0335112 0.0369906 0.0406836 0.0445836 0.0486818 0.0529665 0.0574236 0.0620365 0.0667859 0.0716501 0.0766053 0.0816255 0.0866826 0.0917471 0.0967881 0.101774 0.106671 0.111447 0.116069 0.120504 0.12472 0.128686 0.132372 0.135752 0.138798 0.141488 0.143801 0.145718 0.147226 0.148311 0.148965 0.149184 0.148965 0.148311 0.147226 0.145718 0.143801 0.141488 0.138798 0.135752 0.132372 0.128686 0.12472 0.120504 0.116069 0.111447 0.106671 0.101774 0.0967881 0.0917471 0.0866826 0.0816255 0.0766053 0.0716501 0.0667859 0.0620365 0.0574236 0.0529665 0.0486818 0.0445836 0.0406836 0.0369906 0.0335112 0.0302496 0.0272077 0.0243856 0.0217813 0.0193913 0.0172109 0.0152341 0.0134541 0.0118636 0.010455 0.0092203 0.00815202 0.00724282 0.00648598 0.00587548 0.00540621 0.00507405 0.00487598 
0.00544484 0.00551881 0.00574141 0.00611466 0.00664185 0.00732751 0.00817725 0.00919763 0.010396 0.0117804 0.013359 0.0151403 0.0171326 0.0193438 0.0217813 0.0244511 0.0273584 0.0305067 0.0338976 0.0375309 0.0414039 0.0455117 0.0498467 0.0543985 0.059154 0.0640973 0.0692095 0.0744693 0.0798526 0.0853326 0.0908806 0.0964658 0.102055 0.107616 0.113111 0.118506 0.123765 0.128851 0.133729 0.138364 0.142722 0.146771 0.150481 0.153825 0.156776 0.159313 0.161416 0.163069 0.164259 0.164977 0.165217 0.164977 0.164259 0.163069 0.161416 0.159313 0.156776 0.153825 0.150481 0.146771 0.142722 0.138364 0.133729 0.128851 0.123765 0.118506 0.113111 0.107616 0.102055 0.0964658 0.0908806 0.0853326 0.0798526 0.0744693 0.0692095 0.0640973 0.059154 0.0543985 0.0498467 0.0455117 0.0414039 0.0375309 0.0338976 0.0305067 0.0273584 0.0244511 0.0217813 0.0193438 0.0171326 0.0151403 0.013359 0.0117804 0.010396 0.00919763 0.00817725 0.00732751 0.00664185 0.00611466 0.00574141 0.00551881 
0.00614239 0.00622525 0.0064746 0.00689262 0.00748293 0.00825047 0.00920137 0.0103428 0.0116827 0.0132298 0.014993 0.0169815 0.0192043 0.0216697 0.0243856 0.0273584 0.0305934 0.0340941 0.037862 0.0418962 0.0461935 0.0507479 0.0555507 0.06059 0.065851 0.0713157 0.0769631 0.0827693 0.0887076 0.0947484 0.10086 0.107008 0.113157 0.11927 0.125308 0.131233 0.137004 0.142582 0.147929 0.153008 0.15778 0.162213 0.166274 0.169931 0.173159 0.175933 0.178232 0.180038 0.181338 0.182122 0.182384 0.182122 0.181338 0.180038 0.178232 0.175933 0.173159 0.169931 0.166274 0.162213 0.15778 0.153008 0.147929 0.142582 0.137004 0.131233 0.125308 0.11927 0.113157 0.107008 0.10086 0.0947484 0.0887076 0.0827693 0.0769631 0.0713157 0.065851 0.06059 0.0555507 0.0507479 0.0461935 0.0418962 0.037862 0.0340941 0.0305934 0.0273584 0.0243856 0.0216697 0.0192043 0.0169815 0.014993 0.0132298 0.0116827 0.0103428 0.00920137 0.00825047 0.00748293 0.00689262 0.0064746 0.00622525 
0.00690487 0.00699738 0.00727571 0.00774227 0.00840098 0.00925722 0.0103177 0.0115901 0.0130831 0.0148061 0.0167688 0.0189811 0.0214524 0.0241919 0.0272077 0.0305067 0.0340941 0.0379735 0.0421459 0.04661 0.0513619 0.0563945 0.0616975 0.0672576 0.0730581 0.0790787 0.0852961 0.0916837 0.0982119 0.104848 0.111557 0.118303 0.125044 0.131741 0.138353 0.144836 0.151147 0.157244 0.163086 0.168631 0.17384 0.178676 0.183104 0.187091 0.190609 0.193631 0.196135 0.198102 0.199518 0.200372 0.200657 0.200372 0.199518 0.198102 0.196135 0.193631 0.190609 0.187091 0.183104 0.178676 0.17384 0.168631 0.163086 0.157244 0.151147 0.144836 0.138353 0.131741 0.125044 0.118303 0.111557 0.104848 0.0982119 0.0916837 0.0852961 0.0790787 0.0730581 0.0672576 0.0616975 0.0563945 0.0513619 0.04661 0.0421459 0.0379735 0.0340941 0.0305067 0.0272077 0.0241919 0.0214524 0.0189811 0.0167688 0.0148061 0.0130831 0.0115901 0.0103177 0.00925722 0.00840098 0.00774227 0.00727571 0.00699738 
0.00773395 0.00783685 0.00814644 0.00866532 0.00939776 0.0103496 0.011528 0.0129414 0.0145992 0.0165114 0.0186885 0.021141 0.0238791 0.0269125 0.0302496 0.0338976 0.037862 0.0421459 0.0467502 0.0516729 0.0569091 0.0624505 0.0682855 0.0743988 0.0807716 0.0873815 0.0942025 0.101205 0.108357 0.115621 0.122961 0.130335 0.1377 0.145011 0.152225 0.159293 0.166171 0.172812 0.179171 0.185204 0.190869 0.196126 0.200937 0.205268 0.209088 0.212368 0.215086 0.21722 0.218756 0.219682 0.219992 0.219682 0.218756 0.21722 0.215086 0.212368 0.209088 0.205268 0.200937 0.196126 0.190869 0.185204 0.179171 0.172812 0.166171 0.159293 0.152225 0.145011 0.1377 0.130335 0.122961 0.115621 0.108357 0.101205 0.0942025 0.0873815 0.0807716 0.0743988 0.0682855 0.0624505 0.0569091 0.0516729 0.0467502 0.0421459 0.037862 0.0338976 0.0302496 0.0269125 0.0238791 0.021141 0.0186885 0.0165114 0.0145992 0.0129414 0.011528 0.0103496 0.00939776 0.00866532 0.00814644 0.00783685 
0.00863078 0.00874484 0.00908796 0.00966295 0.0104744 0.0115287 0.0128335 0.0143979 0.016232 0.0183466 0.0207529 0.023462 0.0264849 0.0298317 0.0335112 0.0375309 0.0418962 0.04661 0.0516729 0.057082 0.0628314 0.0689114 0.0753089 0.0820066 0.0889834 0.0962145 0.103671 0.11132 0.119127 0.127051 0.135052 0.143084 0.151101 0.159054 0.166896 0.174576 0.182044 0.18925 0.196147 0.202687 0.208825 0.214518 0.219727 0.224414 0.228547 0.232095 0.235033 0.237341 0.239001 0.240002 0.240336 0.240002 0.239001 0.237341 0.235033 0.232095 0.228547 0.224414 0.219727 0.214518 0.208825 0.202687 0.196147 0.18925 0.182044 0.174576 0.166896 0.159054 0.151101 0.143084 0.135052 0.127051 0.119127 0.11132 0.103671 0.0962145 0.0889834 0.0820066 0.0753089 0.0689114 0.0628314 0.057082 0.0516729 0.04661 0.0418962 0.0375309 0.0335112 0.0298317 0.0264849 0.023462 0.0207529 0.0183466 0.016232 0.0143979 0.0128335 0.0115287 0.0104744 0.00966295 0.00908796 0.00874484 
0.00959599 0.00972195 0.0101008 0.0107357 0.0116315 0.012795 0.0142346 0.0159599 0.0179817 0.0203117 0.0229616 0.0259435 0.0292688 0.032948 0.0369906 0.0414039 0.0461935 0.0513619 0.0569091 0.0628314 0.0691217 0.0757689 0.082758 0.0900696 0.0976804 0.105563 0.113685 0.122011 0.130501 0.139114 0.147803 0.156521 0.165216 0.173837 0.182331 0.190644 0.198723 0.206515 0.213967 0.221031 0.227657 0.2338 0.239418 0.244472 0.248926 0.252749 0.255914 0.2584 0.260188 0.261266 0.261626 0.261266 0.260188 0.2584 0.255914 0.252749 0.248926 0.244472 0.239418 0.2338 0.227657 0.221031 0.213967 0.206515 0.198723 0.190644 0.182331 0.173837 0.165216 0.156521 0.147803 0.139114 0.130501 0.122011 0.113685 0.105563 0.0976804 0.0900696 0.082758 0.0757689 0.0691217 0.0628314 0.0569091 0.0513619 0.0461935 0.0414039 0.0369906 0.032948 0.0292688 0.0259435 0.0229616 0.0203117 0.0179817 0.0159599 0.0142346 0.012795 0.0116315 0.0107357 0.0101008 0.00972195 
0.0106295 0.0107681 0.011185 0.0118835 0.0128688 0.0141481 0.0157306 0.0176264 0.0198472 0.0224051 0.025313 0.0285832 0.0322279 0.0362582 0.0406836 0.0455117 0.0507479 0.0563945 0.0624505 0.0689114 0.0757689 0.0830101 0.0906182 0.0985715 0.106844 0.115405 0.12422 0.13325 0.142452 0.151779 0.161182 0.170609 0.180006 0.189316 0.198483 0.207449 0.216157 0.224551 0.232575 0.240176 0.247303 0.253907 0.259944 0.265373 0.270155 0.27426 0.277657 0.280324 0.282242 0.283398 0.283785 0.283398 0.282242 0.280324 0.277657 0.27426 0.270155 0.265373 0.259944 0.253907 0.247303 0.240176 0.232575 0.224551 0.216157 0.207449 0.198483 0.189316 0.180006 0.170609 0.161182 0.151779 0.142452 0.13325 0.12422 0.115405 0.106844 0.0985715 0.0906182 0.0830101 0.0757689 0.0689114 0.0624505 0.0563945 0.0507479 0.0455117 0.0406836 0.0362582 0.0322279 0.0285832 0.025313 0.0224051 0.0198472 0.0176264 0.0157306 0.0141481 0.0128688 0.0118835 0.011185 0.0107681 
0.0117307 0.0118827 0.0123397 0.0131052 0.014185 0.0155868 0.01732 0.0193957 0.0218261 0.0246243 0.0278035 0.0313771 0.0353576 0.0397565 0.0445836 0.0498467 0.0555507 0.0616975 0.0682855 0.0753089 0.082758 0.0906182 0.0988705 0.107491 0.116451 0.125716 0.135249 0.145007 0.154944 0.165009 0.175148 0.185306 0.195424 0.205442 0.215299 0.224934 0.234287 0.243296 0.251903 0.260052 0.26769 0.274764 0.281227 0.287037 0.292154 0.296544 0.300176 0.303027 0.305078 0.306314 0.306727 0.306314 0.305078 0.303027 0.300176 0.296544 0.292154 0.287037 0.281227 0.274764 0.26769 0.260052 0.251903 0.243296 0.234287 0.224934 0.215299 0.205442 0.195424 0.185306 0.175148 0.165009 0.154944 0.145007 0.135249 0.125716 0.116451 0.107491 0.0988705 0.0906182 0.082758 0.0753089 0.0682855 0.0616975 0.0555507 0.0498467 0.0445836 0.0397565 0.0353576 0.0313771 0.0278035 0.0246243 0.0218261 0.0193957 0.01732 0.0155868 0.014185 0.0131052 0.0123397 0.0118827 
0.012898 0.013064 0.0135632 0.0143993 0.0155783 0.0171086 0.0190001 0.0212645 0.0239148 0.0269648 0.0304283 0.0343194 0.0386511 0.0434352 0.0486818 0.0543985 0.06059 0.0672576 0.0743988 0.0820066 0.0900696 0.0985715 0.107491 0.116801 0.126471 0.136463 0.146736 0.157244 0.167936 0.178758 0.189652 0.200558 0.211414 0.222155 0.232717 0.243034 0.253042 0.262677 0.271877 0.280582 0.288736 0.296286 0.303181 0.309376 0.31483 0.319508 0.323378 0.326415 0.328599 0.329915 0.330354 0.329915 0.328599 0.326415 0.323378 0.319508 0.31483 0.309376 0.303181 0.296286 0.288736 0.280582 0.271877 0.262677 0.253042 0.243034 0.232717 0.222155 0.211414 0.200558 0.189652 0.178758 0.167936 0.157244 0.146736 0.136463 0.126471 0.116801 0.107491 0.0985715 0.0900696 0.0820066 0.0743988 0.0672576 0.06059 0.0543985 0.0486818 0.0434352 0.0386511 0.0343194 0.0304283 0.0269648 0.0239148 0.0212645 0.0190001 0.0171086 0.0155783 0.0143993 0.0135632 0.013064 
0.014129 0.0143097 0.014853 0.0157629 0.0170458 0.0187103 0.0207671 0.0232286 0.0261084 0.0294209 0.0331807 0.0374024 0.0420995 0.0472842 0.0529665 0.059154 0.065851 0.0730581 0.0807716 0.0889834 0.0976804 0.106844 0.116451 0.126471 0.13687 0.147608 0.158639 0.169915 0.181379 0.192974 0.204638 0.216307 0.227913 0.239389 0.250666 0.261674 0.272345 0.282612 0.29241 0.301677 0.310352 0.31838 0.325709 0.332291 0.338084 0.343051 0.347159 0.350382 0.352699 0.354095 0.354562 0.354095 0.352699 0.350382 0.347159 0.343051 0.338084 0.332291 0.325709 0.31838 0.310352 0.301677 0.29241 0.282612 0.272345 0.261674 0.250666 0.239389 0.227913 0.216307 0.204638 0.192974 0.181379 0.169915 0.158639 0.147608 0.13687 0.126471 0.116451 0.106844 0.0976804 0.0889834 0.0807716 0.0730581 0.065851 0.059154 0.0529665 0.0472842 0.0420995 0.0374024 0.0331807 0.0294209 0.0261084 0.0232286 0.0207671 0.0187103 0.0170458 0.0157629 0.014853 0.0143097 
0.0154207 0.0156166 0.0162058 0.0171925 0.0185833 0.0203874 0.0226161 0.0252823 0.0284003 0.0319852 0.0360523 0.0406166 0.045692 0.051291 0.0574236 0.0640973 0.0713157 0.0790787 0.0873815 0.0962145 0.105563 0.115405 0.125716 0.136463 0.147608 0.159107 0.170912 0.182969 0.195219 0.2076 0.220045 0.232486 0.244851 0.25707 0.269067 0.280771 0.29211 0.303013 0.313412 0.323241 0.332438 0.340944 0.348706 0.355675 0.361806 0.367061 0.371406 0.374815 0.377265 0.378741 0.379234 0.378741 0.377265 0.374815 0.371406 0.367061 0.361806 0.355675 0.348706 0.340944 0.332438 0.323241 0.313412 0.303013 0.29211 0.280771 0.269067 0.25707 0.244851 0.232486 0.220045 0.2076 0.195219 0.182969 0.170912 0.159107 0.147608 0.136463 0.125716 0.115405 0.105563 0.0962145 0.0873815 0.0790787 0.0713157 0.0640973 0.0574236 0.051291 0.045692 0.0406166 0.0360523 0.0319852 0.0284003 0.0252823 0.0226161 0.0203874 0.0185833 0.0171925 0.0162058 0.0156166 
0.0167689 0.0169806 0.0176174 0.0186834 0.0201859 0.0221345 0.0245408 0.0274186 0.0307827 0.0346488 0.0390329 0.0439503 0.0494154 0.0554408 0.0620365 0.0692095 0.0769631 0.0852961 0.0942025 0.103671 0.113685 0.12422 0.135249 0.146736 0.158639 0.170912 0.183502 0.196351 0.209396 0.22257 0.235803 0.249022 0.262151 0.275115 0.287836 0.300238 0.312245 0.323783 0.334781 0.345171 0.354887 0.363869 0.372062 0.379414 0.385881 0.391421 0.396001 0.399593 0.402174 0.403729 0.404249 0.403729 0.402174 0.399593 0.396001 0.391421 0.385881 0.379414 0.372062 0.363869 0.354887 0.345171 0.334781 0.323783 0.312245 0.300238 0.287836 0.275115 0.262151 0.249022 0.235803 0.22257 0.209396 0.196351 0.183502 0.170912 0.158639 0.146736 0.135249 0.12422 0.113685 0.103671 0.0942025 0.0852961 0.0769631 0.0692095 0.0620365 0.0554408 0.0494154 0.0439503 0.0390329 0.0346488 0.0307827 0.0274186 0.0245408 0.0221345 0.0201859 0.0186834 0.0176174 0.0169806 
0.0181686 0.0183966 0.0190823 0.0202302 0.0218477 0.0239448 0.0265339 0.0296292 0.0332462 0.0374011 0.0421104 0.04739 0.0532545 0.0597164 0.0667859 0.0744693 0.0827693 0.0916837 0.101205 0.11132 0.122011 0.13325 0.145007 0.157244 0.169915 0.182969 0.196351 0.209998 0.223842 0.237814 0.251838 0.265836 0.27973 0.293439 0.306882 0.319979 0.332651 0.34482 0.356412 0.367357 0.377587 0.38704 0.395658 0.403389 0.410185 0.416007 0.420818 0.42459 0.4273 0.428933 0.429478 0.428933 0.4273 0.42459 0.420818 0.416007 0.410185 0.403389 0.395658 0.38704 0.377587 0.367357 0.356412 0.34482 0.332651 0.319979 0.306882 0.293439 0.27973 0.265836 0.251838 0.237814 0.223842 0.209998 0.196351 0.182969 0.169915 0.157244 0.145007 0.13325 0.122011 0.11132 0.101205 0.0916837 0.0827693 0.0744693 0.0667859 0.0597164 0.0532545 0.04739 0.0421104 0.0374011 0.0332462 0.0296292 0.0265339 0.0239448 0.0218477 0.0202302 0.0190823 0.0183966 
0.019614 0.0198588 0.0205946 0.0218262 0.0235614 0.0258107 0.0285868 0.0319046 0.03578 0.04023 0.0452714 0.0509204 0.057192 0.0640986 0.0716501 0.0798526 0.0887076 0.0982119 0.108357 0.119127 0.130501 0.142452 0.154944 0.167936 0.181379 0.195219 0.209396 0.223842 0.238488 0.253256 0.268069 0.282845 0.297499 0.311949 0.326108 0.339893 0.353222 0.366015 0.378194 0.389686 0.400421 0.410337 0.419372 0.427473 0.434593 0.44069 0.445727 0.449675 0.452511 0.45422 0.454791 0.45422 0.452511 0.449675 0.445727 0.44069 0.434593 0.427473 0.419372 0.410337 0.400421 0.389686 0.378194 0.366015 0.353222 0.339893 0.326108 0.311949 0.297499 0.282845 0.268069 0.253256 0.238488 0.223842 0.209396 0.195219 0.181379 0.167936 0.154944 0.142452 0.130501 0.119127 0.108357 0.0982119 0.0887076 0.0798526 0.0716501 0.0640986 0.057192 0.0509204 0.0452714 0.04023 0.03578 0.0319046 0.0285868 0.0258107 0.0235614 0.0218262 0.0205946 0.0198588 
0.0210984 0.0213601 0.022147 0.023464 0.0253191 0.0277233 0.0306897 0.0342338 0.0383721 0.0431218 0.0485004 0.0545244 0.0612087 0.0685659 0.0766053 0.0853326 0.0947484 0.104848 0.115621 0.127051 0.139114 0.151779 0.165009 0.178758 0.192974 0.2076 0.22257 0.237814 0.253256 0.268817 0.284413 0.299959 0.315367 0.330548 0.345414 0.359877 0.373853 0.387257 0.400011 0.412039 0.423269 0.433636 0.443078 0.451541 0.458975 0.465339 0.470595 0.474715 0.477674 0.479456 0.480051 0.479456 0.477674 0.474715 0.470595 0.465339 0.458975 0.451541 0.443078 0.433636 0.423269 0.412039 0.400011 0.387257 0.373853 0.359877 0.345414 0.330548 0.315367 0.299959 0.284413 0.268817 0.253256 0.237814 0.22257 0.2076 0.192974 0.178758 0.165009 0.151779 0.139114 0.127051 0.115621 0.104848 0.0947484 0.0853326 0.0766053 0.0685659 0.0612087 0.0545244 0.0485004 0.0431218 0.0383721 0.0342338 0.0306897 0.0277233 0.0253191 0.023464 0.022147 0.0213601 
0.0226141 0.0228931 0.0237317 0.0251351 0.0271117 0.0296727 0.0328318 0.0366048 0.0410088 0.0460616 0.0517807 0.058183 0.0652836 0.0730947 0.0816255 0.0908806 0.10086 0.111557 0.122961 0.135052 0.147803 0.161182 0.175148 0.189652 0.204638 0.220045 0.235803 0.251838 0.268069 0.284413 0.300783 0.317088 0.333236 0.349136 0.364695 0.379823 0.39443 0.408433 0.421747 0.434296 0.446007 0.456812 0.466648 0.475461 0.4832 0.489822 0.49529 0.499574 0.502651 0.504504 0.505123 0.504504 0.502651 0.499574 0.49529 0.489822 0.4832 0.475461 0.466648 0.456812 0.446007 0.434296 0.421747 0.408433 0.39443 0.379823 0.364695 0.349136 0.333236 0.317088 0.300783 0.284413 0.268069 0.251838 0.235803 0.220045 0.204638 0.189652 0.175148 0.161182 0.147803 0.135052 0.122961 0.111557 0.10086 0.0908806 0.0816255 0.0730947 0.0652836 0.058183 0.0517807 0.0460616 0.0410088 0.0366048 0.0328318 0.0296727 0.0271117 0.0251351 0.0237317 0.0228931 
0.0241527 0.024449 0.0253398 0.0268303 0.0289292 0.031648 0.0350011 0.0390044 0.0436756 0.0490328 0.055094 0.061876 0.0693939 0.07766 0.0866826 0.0964658 0.107008 0.118303 0.130335 0.143084 0.156521 0.170609 0.185306 0.200558 0.216307 0.232486 0.249022 0.265836 0.282845 0.299959 0.317088 0.334137 0.35101 0.367612 0.383847 0.399621 0.414843 0.429426 0.443283 0.456337 0.468512 0.479739 0.489955 0.499104 0.507136 0.514006 0.519677 0.52412 0.52731 0.52923 0.529872 0.52923 0.52731 0.52412 0.519677 0.514006 0.507136 0.499104 0.489955 0.479739 0.468512 0.456337 0.443283 0.429426 0.414843 0.399621 0.383847 0.367612 0.35101 0.334137 0.317088 0.299959 0.282845 0.265836 0.249022 0.232486 0.216307 0.200558 0.185306 0.170609 0.156521 0.143084 0.130335 0.118303 0.107008 0.0964658 0.0866826 0.07766 0.0693939 0.061876 0.055094 0.0490328 0.0436756 0.0390044 0.0350011 0.031648 0.0289292 0.0268303 0.0253398 0.024449 
0.0257051 0.0260188 0.0269618 0.0285395 0.0307608 0.0336377 0.0371847 0.0414184 0.0463567 0.0520181 0.0584207 0.0655816 0.0735157 0.0822349 0.0917471 0.102055 0.113157 0.125044 0.1377 0.151101 0.165216 0.180006 0.195424 0.211414 0.227913 0.244851 0.262151 0.27973 0.297499 0.315367 0.333236 0.35101 0.368588 0.385872 0.402762 0.419163 0.434979 0.450121 0.464501 0.47804 0.49066 0.502292 0.512872 0.522343 0.530654 0.53776 0.543625 0.548218 0.551515 0.553501 0.554164 0.553501 0.551515 0.548218 0.543625 0.53776 0.530654 0.522343 0.512872 0.502292 0.49066 0.47804 0.464501 0.450121 0.434979 0.419163 0.402762 0.385872 0.368588 0.35101 0.333236 0.315367 0.297499 0.27973 0.262151 0.244851 0.227913 0.211414 0.195424 0.180006 0.165216 0.151101 0.1377 0.125044 0.113157 0.102055 0.0917471 0.0822349 0.0735157 0.0655816 0.0584207 0.0520181 0.0463567 0.0414184 0.0371847 0.0336377 0.0307608 0.0285395 0.0269618 0.0260188 
0.0272614 0.0275924 0.0285874 0.0302519 0.0325951 0.0356292 0.0393691 0.0438318 0.0490354 0.0549988 0.0617403 0.0692769 0.0776235 0.0867915 0.0967881 0.107616 0.11927 0.131741 0.145011 0.159054 0.173837 0.189316 0.205442 0.222155 0.239389 0.25707 0.275115 0.293439 0.311949 0.330548 0.349136 0.367612 0.385872 0.403814 0.421336 0.438339 0.454725 0.470403 0.485285 0.499287 0.512332 0.52435 0.535275 0.545051 0.553627 0.560957 0.567005 0.57174 0.57514 0.577186 0.577869 0.577186 0.57514 0.57174 0.567005 0.560957 0.553627 0.545051 0.535275 0.52435 0.512332 0.499287 0.485285 0.470403 0.454725 0.438339 0.421336 0.403814 0.385872 0.367612 0.349136 0.330548 0.311949 0.293439 0.275115 0.25707 0.239389 0.222155 0.205442 0.189316 0.173837 0.159054 0.145011 0.131741 0.11927 0.107616 0.0967881 0.0867915 0.0776235 0.0692769 0.0617403 0.0549988 0.0490354 0.0438318 0.0393691 0.0356292 0.0325951 0.0302519 0.0285874 0.0275924 
0.0288113 0.0291594 0.0302058 0.0319562 0.0344198 0.0376093 0.0415399 0.0462287 0.0516943 0.0579557 0.0650314 0.0729383 0.0816911 0.0913006 0.101774 0.113111 0.125308 0.138353 0.152225 0.166896 0.182331 0.198483 0.215299 0.232717 0.250666 0.269067 0.287836 0.306882 0.326108 0.345414 0.364695 0.383847 0.402762 0.421336 0.439463 0.457042 0.473973 0.490162 0.505519 0.519961 0.533409 0.545791 0.557044 0.567108 0.575932 0.583473 0.589693 0.594562 0.598057 0.60016 0.600863 0.60016 0.598057 0.594562 0.589693 0.583473 0.575932 0.567108 0.557044 0.545791 0.533409 0.519961 0.505519 0.490162 0.473973 0.457042 0.439463 0.421336 0.402762 0.383847 0.364695 0.345414 0.326108 0.306882 0.287836 0.269067 0.250666 0.232717 0.215299 0.198483 0.182331 0.166896 0.152225 0.138353 0.125308 0.113111 0.101774 0.0913006 0.0816911 0.0729383 0.0650314 0.0579557 0.0516943 0.0462287 0.0415399 0.0376093 0.0344198 0.0319562 0.0302058 0.0291594 
0.0303439 0.0307089 0.0318058 0.0336404 0.0362224 0.0395645 0.0436821 0.0485928 0.0543153 0.0608688 0.0682718 0.0765413 0.0856914 0.0957327 0.106671 0.118506 0.131233 0.144836 0.159293 0.174576 0.190644 0.207449 0.224934 0.243034 0.261674 0.280771 0.300238 0.319979 0.339893 0.359877 0.379823 0.399621 0.419163 0.438339 0.457042 0.475167 0.492614 0.509287 0.525094 0.539951 0.553778 0.566503 0.578062 0.588396 0.597453 0.605191 0.611572 0.616566 0.620149 0.622306 0.623026 0.622306 0.620149 0.616566 0.611572 0.605191 0.597453 0.588396 0.578062 0.566503 0.553778 0.539951 0.525094 0.509287 0.492614 0.475167 0.457042 0.438339 0.419163 0.399621 0.379823 0.359877 0.339893 0.319979 0.300238 0.280771 0.261674 0.243034 0.224934 0.207449 0.190644 0.174576 0.159293 0.144836 0.131233 0.118506 0.106671 0.0957327 0.0856914 0.0765413 0.0682718 0.0608688 0.0543153 0.0485928 0.0436821 0.0395645 0.0362224 0.0336404 0.0318058 0.0307089 
0.0318481 0.0322295 0.0333756 0.0352925 0.0379899 0.0414807 0.0457806 0.0509074 0.05688 0.0637178 0.0714391 0.0800609 0.0895971 0.100057 0.111447 0.123765 0.137004 0.151147 0.166171 0.182044 0.198723 0.216157 0.234287 0.253042 0.272345 0.29211 0.312245 0.332651 0.353222 0.373853 0.39443 0.414843 0.434979 0.454725 0.473973 0.492614 0.510548 0.527675 0.543904 0.559149 0.573331 0.586376 0.59822 0.608805 0.618079 0.626 0.632529 0.637638 0.641304 0.64351 0.644246 0.64351 0.641304 0.637638 0.632529 0.626 0.618079 0.608805 0.59822 0.586376 0.573331 0.559149 0.543904 0.527675 0.510548 0.492614 0.473973 0.454725 0.434979 0.414843 0.39443 0.373853 0.353222 0.332651 0.312245 0.29211 0.272345 0.253042 0.234287 0.216157 0.198723 0.182044 0.166171 0.151147 0.137004 0.123765 0.111447 0.100057 0.0895971 0.0800609 0.0714391 0.0637178 0.05688 0.0509074 0.0457806 0.0414807 0.0379899 0.0352925 0.0333756 0.0322295 
0.0333125 0.0337098 0.0349036 0.0369001 0.039709 0.0433436 0.0478198 0.0531555 0.0593698 0.066482 0.0745107 0.0834724 0.0933806 0.104245 0.116069 0.128851 0.142582 0.157244 0.172812 0.18925 0.206515 0.224551 0.243296 0.262677 0.282612 0.303013 0.323783 0.34482 0.366015 0.387257 0.408433 0.429426 0.450121 0.470403 0.490162 0.509287 0.527675 0.545227 0.561849 0.577455 0.591966 0.605308 0.617416 0.628232 0.637706 0.645795 0.652461 0.657676 0.661417 0.663668 0.664419 0.663668 0.661417 0.657676 0.652461 0.645795 0.637706 0.628232 0.617416 0.605308 0.591966 0.577455 0.561849 0.545227 0.527675 0.509287 0.490162 0.470403 0.450121 0.429426 0.408433 0.387257 0.366015 0.34482 0.323783 0.303013 0.282612 0.262677 0.243296 0.224551 0.206515 0.18925 0.172812 0.157244 0.142582 0.128851 0.116069 0.104245 0.0933806 0.0834724 0.0745107 0.066482 0.0593698 0.0531555 0.0478198 0.0433436 0.039709 0.0369001 0.0349036 0.0337098 
0.0347257 0.0351382 0.0363778 0.0384506 0.0413666 0.0451391 0.0497843 0.0553202 0.061766 0.0691411 0.0774639 0.0867508 0.0970148 0.108265 0.120504 0.133729 0.147929 0.163086 0.179171 0.196147 0.213967 0.232575 0.251903 0.271877 0.29241 0.313412 0.334781 0.356412 0.378194 0.400011 0.421747 0.443283 0.464501 0.485285 0.505519 0.525094 0.543904 0.561849 0.578835 0.594775 0.609588 0.623203 0.635553 0.646581 0.656238 0.66448 0.671271 0.676582 0.680392 0.682684 0.683449 0.682684 0.680392 0.676582 0.671271 0.66448 0.656238 0.646581 0.635553 0.623203 0.609588 0.594775 0.578835 0.561849 0.543904 0.525094 0.505519 0.485285 0.464501 0.443283 0.421747 0.400011 0.378194 0.356412 0.334781 0.313412 0.29241 0.271877 0.251903 0.232575 0.213967 0.196147 0.179171 0.163086 0.147929 0.133729 0.120504 0.108265 0.0970148 0.0867508 0.0774639 0.0691411 0.061766 0.0553202 0.0497843 0.0451391 0.0413666 0.0384506 0.0363778 0.0351382 
0.0360763 0.0365033 0.0377863 0.0399317 0.0429494 0.046853 0.0516587 0.0573847 0.0640503 0.0716748 0.0802766 0.0898717 0.100473 0.112088 0.12472 0.138364 0.153008 0.168631 0.185204 0.202687 0.221031 0.240176 0.260052 0.280582 0.301677 0.323241 0.345171 0.367357 0.389686 0.412039 0.434296 0.456337 0.47804 0.499287 0.519961 0.539951 0.559149 0.577455 0.594775 0.61102 0.62611 0.639973 0.652543 0.663765 0.673587 0.681968 0.688872 0.69427 0.698142 0.700471 0.701249 0.700471 0.698142 0.69427 0.688872 0.681968 0.673587 0.663765 0.652543 0.639973 0.62611 0.61102 0.594775 0.577455 0.559149 0.539951 0.519961 0.499287 0.47804 0.456337 0.434296 0.412039 0.389686 0.367357 0.345171 0.323241 0.301677 0.280582 0.260052 0.240176 0.221031 0.202687 0.185204 0.168631 0.153008 0.138364 0.12472 0.112088 0.100473 0.0898717 0.0802766 0.0716748 0.0640503 0.0573847 0.0516587 0.046853 0.0429494 0.0399317 0.0377863 0.0365033 
0.0373531 0.0377937 0.0391177 0.0413313 0.0444447 0.0484716 0.0534281 0.0593328 0.0662049 0.0740636 0.0829273 0.0928116 0.103729 0.115686 0.128686 0.142722 0.15778 0.17384 0.190869 0.208825 0.227657 0.247303 0.26769 0.288736 0.310352 0.332438 0.354887 0.377587 0.400421 0.423269 0.446007 0.468512 0.49066 0.512332 0.533409 0.553778 0.573331 0.591966 0.609588 0.62611 0.64145 0.655538 0.668307 0.679702 0.689673 0.698179 0.705184 0.710661 0.714588 0.71695 0.717739 0.71695 0.714588 0.710661 0.705184 0.698179 0.689673 0.679702 0.668307 0.655538 0.64145 0.62611 0.609588 0.591966 0.573331 0.553778 0.533409 0.512332 0.49066 0.468512 0.446007 0.423269 0.400421 0.377587 0.354887 0.332438 0.310352 0.288736 0.26769 0.247303 0.227657 0.208825 0.190869 0.17384 0.15778 0.142722 0.128686 0.115686 0.103729 0.0928116 0.0829273 0.0740636 0.0662049 0.0593328 0.0534281 0.0484716 0.0444447 0.0413313 0.0391177 0.0377937 
