8.10876e-05 8.35996e-05 9.12277e-05 0.000104248 0.000123122 0.000148498 0.000181212 0.000222289 0.000272943 0.000334574 0.000408764 0.000497269 0.000602005 0.000725032 0.000868528 0.00103476 0.00122606 0.00144475 0.00169313 0.0019734 0.0022876 0.00263755 0.00302479 0.00345047 0.00391534 0.00441963 0.00496305 0.00554464 0.00616283 0.00681534 0.00749916 0.0082106 0.00894524 0.00969797 0.0104631 0.0112342 0.0120047 0.0127672 0.0135143 0.0142384 0.0149316 0.0155865 0.0161955 0.0167515 0.0172481 0.0176791 0.0180394 0.0183244 0.0185306 0.0186554 0.0186971 0.0186554 0.0185306 0.0183244 0.0180394 0.0176791 0.0172481 0.0167515 0.0161955 0.0155865 0.0149316 0.0142384 0.0135143 0.0127672 0.0120047 0.0112342 0.0104631 0.00969797 0.00894524 0.0082106 0.00749916 0.00681534 0.00616283 0.00554464 0.00496305 0.00441963 0.00391534 0.00345047 0.00302479 0.00263755 0.0022876 0.0019734 0.00169313 0.00144475 0.00122606 0.00103476 0.000868528 0.000725032 0.000602005 0.000497269 0.000408764 0.000334574 0.000272943 0.000222289 0.000181212 0.000148498 0.000123122 0.000104248 9.12277e-05 8.35996e-05 
8.35996e-05 8.61846e-05 9.40339e-05 0.000107431 0.000126849 0.000152952 0.000186598 0.000228838 0.000280914 0.000344263 0.000420503 0.000511431 0.00061901 0.000745344 0.000892662 0.00106328 0.00125958 0.00148393 0.00173867 0.00202605 0.00234814 0.0027068 0.00310357 0.00353963 0.00401572 0.00453208 0.00508837 0.00568361 0.00631617 0.0069837 0.00768313 0.00841066 0.00916177 0.00993125 0.0107132 0.0115013 0.0122885 0.0130674 0.0138306 0.01457 0.015278 0.0159466 0.0165683 0.017136 0.0176429 0.0180828 0.0184505 0.0187414 0.0189518 0.0190792 0.0191218 0.0190792 0.0189518 0.0187414 0.0184505 0.0180828 0.0176429 0.017136 0.0165683 0.0159466 0.015278 0.01457 0.0138306 0.0130674 0.0122885 0.0115013 0.0107132 0.00993125 0.00916177 0.00841066 0.00768313 0.0069837 0.00631617 0.00568361 0.00508837 0.00453208 0.00401572 0.00353963 0.00310357 0.0027068 0.00234814 0.00202605 0.00173867 0.00148393 0.00125958 0.00106328 0.000892662 0.000745344 0.00061901 0.000511431 0.000420503 0.000344263 0.000280914 0.000228838 0.000186598 0.000152952 0.000126849 0.000107431 9.40339e-05 8.61846e-05 
9.12277e-05 9.40339e-05 0.000102554 0.000117093 0.00013816 0.000166469 0.00020294 0.000248703 0.000305091 0.000373642 0.000456091 0.00055436 0.000670545 0.000806894 0.000965781 0.00114967 0.00136109 0.00160256 0.00187655 0.00218543 0.00253138 0.00291635 0.00334194 0.00380937 0.00431938 0.00487217 0.00546732 0.00610377 0.0067797 0.00749259 0.00823912 0.00901521 0.00981602 0.010636 0.0114689 0.0123078 0.0131455 0.013974 0.0147854 0.0155713 0.0163234 0.0170336 0.0176938 0.0182964 0.0188343 0.0193011 0.0196912 0.0199998 0.020223 0.020358 0.0204032 0.020358 0.020223 0.0199998 0.0196912 0.0193011 0.0188343 0.0182964 0.0176938 0.0170336 0.0163234 0.0155713 0.0147854 0.013974 0.0131455 0.0123078 0.0114689 0.010636 0.00981602 0.00901521 0.00823912 0.00749259 0.0067797 0.00610377 0.00546732 0.00487217 0.00431938 0.00380937 0.00334194 0.00291635 0.00253138 0.00218543 0.00187655 0.00160256 0.00136109 0.00114967 0.000965781 0.000806894 0.000670545 0.00055436 0.000456091 0.000373642 0.000305091 0.000248703 0.00020294 0.000166469 0.00013816 0.000117093 0.000102554 9.40339e-05 
0.000104248 0.000107431 0.000117093 0.000133576 0.000157448 0.000189509 0.000230787 0.00028254 0.000346257 0.00042365 0.000516647 0.000627382 0.000758178 0.000911521 0.00109003 0.00129643 0.00153348 0.00180395 0.00211054 0.00245582 0.00284215 0.00327163 0.00374596 0.00426642 0.00483374 0.00544806 0.00610885 0.00681484 0.00756396 0.00835334 0.00917928 0.0100372 0.0109218 0.0118268 0.0127454 0.01367 0.0145925 0.0155045 0.016397 0.0172611 0.0180875 0.0188675 0.0195922 0.0202535 0.0208436 0.0213556 0.0217833 0.0221215 0.0223662 0.0225141 0.0225637 0.0225141 0.0223662 0.0221215 0.0217833 0.0213556 0.0208436 0.0202535 0.0195922 0.0188675 0.0180875 0.0172611 0.016397 0.0155045 0.0145925 0.01367 0.0127454 0.0118268 0.0109218 0.0100372 0.00917928 0.00835334 0.00756396 0.00681484 0.00610885 0.00544806 0.00483374 0.00426642 0.00374596 0.00327163 0.00284215 0.00245582 0.00211054 0.00180395 0.00153348 0.00129643 0.00109003 0.000911521 0.000758178 0.000627382 0.000516647 0.00042365 0.000346257 0.00028254 0.000230787 0.000189509 0.000157448 0.000133576 0.000117093 0.000107431 
0.000123122 0.000126849 0.00013816 0.000157448 0.00018537 0.000222843 0.000271052 0.000331443 0.000405721 0.000495848 0.000604029 0.000732702 0.000884509 0.00106228 0.00126898 0.00150769 0.00178152 0.00209358 0.00244689 0.00284431 0.00328847 0.00378163 0.00432566 0.0049219 0.00557108 0.00627325 0.00702769 0.00783284 0.00868628 0.00958463 0.0105236 0.011498 0.0125017 0.0135276 0.014568 0.0156143 0.0166574 0.0176877 0.0186954 0.0196702 0.020602 0.0214809 0.0222971 0.0230415 0.0237055 0.0242814 0.0247623 0.0251426 0.0254175 0.0255838 0.0256395 0.0255838 0.0254175 0.0251426 0.0247623 0.0242814 0.0237055 0.0230415 0.0222971 0.0214809 0.020602 0.0196702 0.0186954 0.0176877 0.0166574 0.0156143 0.014568 0.0135276 0.0125017 0.011498 0.0105236 0.00958463 0.00868628 0.00783284 0.00702769 0.00627325 0.00557108 0.0049219 0.00432566 0.00378163 0.00328847 0.00284431 0.00244689 0.00209358 0.00178152 0.00150769 0.00126898 0.00106228 0.000884509 0.000732702 0.000604029 0.000495848 0.000405721 0.000331443 0.000271052 0.000222843 0.00018537 0.000157448 0.00013816 0.000126849 
0.000148498 0.000152952 0.000166469 0.000189509 0.000222843 0.000267551 0.000325018 0.000396939 0.000485308 0.000592417 0.000720835 0.000873395 0.00105317 0.00126342 0.00150759 0.0017892 0.00211184 0.00247906 0.00289428 0.00336075 0.00388141 0.00445878 0.00509489 0.00579118 0.00654836 0.00736634 0.00824415 0.00917985 0.0101705 0.0112121 0.0122996 0.0134269 0.0145868 0.0157713 0.0169712 0.0181769 0.0193778 0.020563 0.0217211 0.0228407 0.0239102 0.0249182 0.0258538 0.0267067 0.0274671 0.0281263 0.0286766 0.0291116 0.0294261 0.0296163 0.0296799 0.0296163 0.0294261 0.0291116 0.0286766 0.0281263 0.0274671 0.0267067 0.0258538 0.0249182 0.0239102 0.0228407 0.0217211 0.020563 0.0193778 0.0181769 0.0169712 0.0157713 0.0145868 0.0134269 0.0122996 0.0112121 0.0101705 0.00917985 0.00824415 0.00736634 0.00654836 0.00579118 0.00509489 0.00445878 0.00388141 0.00336075 0.00289428 0.00247906 0.00211184 0.0017892 0.00150759 0.00126342 0.00105317 0.000873395 0.000720835 0.000592417 0.000485308 0.000396939 0.000325018 0.000267551 0.000222843 0.000189509 0.000166469 0.000152952 
0.000181212 0.000186598 0.00020294 0.000230787 0.000271052 0.000325018 0.000394329 0.00048099 0.000587363 0.000716151 0.000870383 0.00105339 0.00126878 0.00152037 0.00181218 0.0021483 0.0025329 0.00297006 0.00346373 0.0040176 0.00463501 0.00531879 0.00607117 0.00689367 0.00778696 0.00875076 0.00978378 0.0108836 0.0120466 0.013268 0.0145417 0.0158605 0.0172161 0.0185988 0.0199982 0.0214029 0.0228008 0.0241791 0.0255249 0.0268248 0.0280657 0.0292344 0.0303186 0.0313063 0.0321865 0.0329493 0.0335858 0.0340888 0.0344524 0.0346722 0.0347458 0.0346722 0.0344524 0.0340888 0.0335858 0.0329493 0.0321865 0.0313063 0.0303186 0.0292344 0.0280657 0.0268248 0.0255249 0.0241791 0.0228008 0.0214029 0.0199982 0.0185988 0.0172161 0.0158605 0.0145417 0.013268 0.0120466 0.0108836 0.00978378 0.00875076 0.00778696 0.00689367 0.00607117 0.00531879 0.00463501 0.0040176 0.00346373 0.00297006 0.0025329 0.0021483 0.00181218 0.00152037 0.00126878 0.00105339 0.000870383 0.000716151 0.000587363 0.00048099 0.000394329 0.000325018 0.000271052 0.000230787 0.00020294 0.000186598 
0.000222289 0.000228838 0.000248703 0.00028254 0.000331443 0.000396939 0.00048099 0.000585986 0.000714734 0.000870443 0.0010567 0.00127746 0.00153695 0.0018397 0.00219038 0.00259382 0.00305484 0.0035782 0.00416845 0.00482983 0.00556611 0.00638049 0.00727542 0.0082525 0.00931233 0.0104544 0.0116769 0.0129769 0.0143499 0.0157902 0.0172904 0.018842 0.020435 0.0220583 0.0236994 0.0253452 0.0269813 0.0285932 0.0301656 0.0316833 0.0331309 0.0344935 0.0357567 0.0369068 0.0379312 0.0388186 0.0395589 0.0401437 0.0405663 0.0408218 0.0409073 0.0408218 0.0405663 0.0401437 0.0395589 0.0388186 0.0379312 0.0369068 0.0357567 0.0344935 0.0331309 0.0316833 0.0301656 0.0285932 0.0269813 0.0253452 0.0236994 0.0220583 0.020435 0.018842 0.0172904 0.0157902 0.0143499 0.0129769 0.0116769 0.0104544 0.00931233 0.0082525 0.00727542 0.00638049 0.00556611 0.00482983 0.00416845 0.0035782 0.00305484 0.00259382 0.00219038 0.0018397 0.00153695 0.00127746 0.0010567 0.000870443 0.000714734 0.000585986 0.00048099 0.000396939 0.000331443 0.00028254 0.000248703 0.000228838 
0.000272943 0.000280914 0.000305091 0.000346257 0.000405721 0.000485308 0.000587363 0.000714734 0.000870764 0.00105927 0.00128451 0.00155116 0.00186423 0.00222904 0.00265109 0.00313602 0.00368947 0.00431696 0.00502374 0.00581468 0.00669408 0.0076655 0.00873166 0.0098942 0.0111536 0.012509 0.0139582 0.0154972 0.0171208 0.0188218 0.0205917 0.0224201 0.0242952 0.0262039 0.0281316 0.0300628 0.0319809 0.0338689 0.0357091 0.0374837 0.0391752 0.0407662 0.0422402 0.0435816 0.0447758 0.0458097 0.0466719 0.0473528 0.0478448 0.0481422 0.0482417 0.0481422 0.0478448 0.0473528 0.0466719 0.0458097 0.0447758 0.0435816 0.0422402 0.0407662 0.0391752 0.0374837 0.0357091 0.0338689 0.0319809 0.0300628 0.0281316 0.0262039 0.0242952 0.0224201 0.0205917 0.0188218 0.0171208 0.0154972 0.0139582 0.012509 0.0111536 0.0098942 0.00873166 0.0076655 0.00669408 0.00581468 0.00502374 0.00431696 0.00368947 0.00313602 0.00265109 0.00222904 0.00186423 0.00155116 0.00128451 0.00105927 0.000870764 0.000714734 0.000587363 0.000485308 0.000405721 0.000346257 0.000305091 0.000280914 
0.000334574 0.000344263 0.000373642 0.00042365 0.000495848 0.000592417 0.000716151 0.000870443 0.00105927 0.00128716 0.00155918 0.00188082 0.00225803 0.00269704 0.00320433 0.00378648 0.00445006 0.00520146 0.00604676 0.0069915 0.00804057 0.00919796 0.0104666 0.0118482 0.0133431 0.0149499 0.0166657 0.0184857 0.0204034 0.0224102 0.0244958 0.0266479 0.0288526 0.0310943 0.0333561 0.0356197 0.0378658 0.0400746 0.0422257 0.0442985 0.0462726 0.0481282 0.0498463 0.0514088 0.0527992 0.0540024 0.0550055 0.0557975 0.0563695 0.0567153 0.056831 0.0567153 0.0563695 0.0557975 0.0550055 0.0540024 0.0527992 0.0514088 0.0498463 0.0481282 0.0462726 0.0442985 0.0422257 0.0400746 0.0378658 0.0356197 0.0333561 0.0310943 0.0288526 0.0266479 0.0244958 0.0224102 0.0204034 0.0184857 0.0166657 0.0149499 0.0133431 0.0118482 0.0104666 0.00919796 0.00804057 0.0069915 0.00604676 0.00520146 0.00445006 0.00378648 0.00320433 0.00269704 0.00225803 0.00188082 0.00155918 0.00128716 0.00105927 0.000870443 0.000716151 0.000592417 0.000495848 0.00042365 0.000373642 0.000344263 
0.000408764 0.000420503 0.000456091 0.000516647 0.000604029 0.000720835 0.000870383 0.0010567 0.00128451 0.00155918 0.00188666 0.00227346 0.00272656 0.00325328 0.00386118 0.00455794 0.00535119 0.00624831 0.00725626 0.00838139 0.00962918 0.0110041 0.0125093 0.0141464 0.0159155 0.0178148 0.0198403 0.0219864 0.0242448 0.0266055 0.0290559 0.0315816 0.0341662 0.0367914 0.0394373 0.0420827 0.0447052 0.0472817 0.0497886 0.0522024 0.0544995 0.0566573 0.0586538 0.0604685 0.0620824 0.0634785 0.064642 0.0655602 0.0662233 0.0666241 0.0667582 0.0666241 0.0662233 0.0655602 0.064642 0.0634785 0.0620824 0.0604685 0.0586538 0.0566573 0.0544995 0.0522024 0.0497886 0.0472817 0.0447052 0.0420827 0.0394373 0.0367914 0.0341662 0.0315816 0.0290559 0.0266055 0.0242448 0.0219864 0.0198403 0.0178148 0.0159155 0.0141464 0.0125093 0.0110041 0.00962918 0.00838139 0.00725626 0.00624831 0.00535119 0.00455794 0.00386118 0.00325328 0.00272656 0.00227346 0.00188666 0.00155918 0.00128451 0.0010567 0.000870383 0.000720835 0.000604029 0.000516647 0.000456091 0.000420503 
0.000497269 0.000511431 0.00055436 0.000627382 0.000732702 0.000873395 0.00105339 0.00127746 0.00155116 0.00188082 0.00227346 0.00273672 0.00327875 0.00390811 0.00463361 0.00546416 0.00640856 0.00747529 0.00867233 0.0100069 0.011485 0.0131117 0.0148903 0.0168224 0.0189076 0.0211434 0.023525 0.0260452 0.0286941 0.0314596 0.034327 0.0372791 0.0402967 0.0433583 0.0464408 0.0495195 0.0525687 0.0555616 0.0584712 0.0612703 0.0639321 0.0664306 0.0687409 0.0708395 0.072705 0.074318 0.0756617 0.0767219 0.0774873 0.0779498 0.0781046 0.0779498 0.0774873 0.0767219 0.0756617 0.074318 0.072705 0.0708395 0.0687409 0.0664306 0.0639321 0.0612703 0.0584712 0.0555616 0.0525687 0.0495195 0.0464408 0.0433583 0.0402967 0.0372791 0.034327 0.0314596 0.0286941 0.0260452 0.023525 0.0211434 0.0189076 0.0168224 0.0148903 0.0131117 0.011485 0.0100069 0.00867233 0.00747529 0.00640856 0.00546416 0.00463361 0.00390811 0.00327875 0.00273672 0.00227346 0.00188082 0.00155116 0.00127746 0.00105339 0.000873395 0.000732702 0.000627382 0.00055436 0.000511431 
0.000602005 0.00061901 0.000670545 0.000758178 0.000884509 0.00105317 0.00126878 0.00153695 0.00186423 0.00225803 0.00272656 0.00327875 0.0039241 0.00467255 0.00553432 0.00651966 0.0076387 0.00890114 0.010316 0.0118914 0.0136342 0.0155497 0.0176414 0.0199107 0.0223569 0.0249764 0.0277633 0.0307086 0.0338008 0.0370251 0.0403642 0.043798 0.0473039 0.0508572 0.0544309 0.0579965 0.0615244 0.064984 0.0683442 0.0715741 0.0746431 0.0775218 0.0801818 0.0825967 0.0847422 0.0865964 0.0881405 0.0893583 0.0902374 0.0907685 0.0909462 0.0907685 0.0902374 0.0893583 0.0881405 0.0865964 0.0847422 0.0825967 0.0801818 0.0775218 0.0746431 0.0715741 0.0683442 0.064984 0.0615244 0.0579965 0.0544309 0.0508572 0.0473039 0.043798 0.0403642 0.0370251 0.0338008 0.0307086 0.0277633 0.0249764 0.0223569 0.0199107 0.0176414 0.0155497 0.0136342 0.0118914 0.010316 0.00890114 0.0076387 0.00651966 0.00553432 0.00467255 0.0039241 0.00327875 0.00272656 0.00225803 0.00186423 0.00153695 0.00126878 0.00105317 0.000884509 0.000758178 0.000670545 0.00061901 
0.000725032 0.000745344 0.000806894 0.000911521 0.00106228 0.00126342 0.00152037 0.0018397 0.00222904 0.00269704 0.00325328 0.00390811 0.00467255 0.00555809 0.00657648 0.00773951 0.00905871 0.0105451 0.012209 0.0140592 0.0161035 0.0183474 0.0207947 0.0234464 0.0263011 0.0293543 0.0325985 0.0360229 0.0396134 0.043353 0.047221 0.051194 0.0552459 0.0593478 0.0634689 0.0675763 0.0716362 0.0756136 0.0794732 0.08318 0.0866993 0.0899978 0.0930437 0.0958073 0.0982612 0.100381 0.102145 0.103537 0.104541 0.105147 0.10535 0.105147 0.104541 0.103537 0.102145 0.100381 0.0982612 0.0958073 0.0930437 0.0899978 0.0866993 0.08318 0.0794732 0.0756136 0.0716362 0.0675763 0.0634689 0.0593478 0.0552459 0.051194 0.047221 0.043353 0.0396134 0.0360229 0.0325985 0.0293543 0.0263011 0.0234464 0.0207947 0.0183474 0.0161035 0.0140592 0.012209 0.0105451 0.00905871 0.00773951 0.00657648 0.00555809 0.00467255 0.00390811 0.00325328 0.00269704 0.00222904 0.0018397 0.00152037 0.00126342 0.00106228 0.000911521 0.000806894 0.000745344 
0.000868528 0.000892662 0.000965781 0.00109003 0.00126898 0.00150759 0.00181218 0.00219038 0.00265109 0.00320433 0.00386118 0.00463361 0.00553432 0.00657648 0.00777357 0.00913901 0.0106859 0.0124267 0.0143728 0.0165342 0.0189192 0.0215339 0.0243818 0.0274636 0.0307771 0.0343165 0.0380724 0.042032 0.0461786 0.0504918 0.0549478 0.0595193 0.0641761 0.0688849 0.0736105 0.0783155 0.0829611 0.0875079 0.091916 0.0961457 0.100158 0.103916 0.107384 0.110528 0.113318 0.115727 0.117732 0.119312 0.120452 0.12114 0.121371 0.12114 0.120452 0.119312 0.117732 0.115727 0.113318 0.110528 0.107384 0.103916 0.100158 0.0961457 0.091916 0.0875079 0.0829611 0.0783155 0.0736105 0.0688849 0.0641761 0.0595193 0.0549478 0.0504918 0.0461786 0.042032 0.0380724 0.0343165 0.0307771 0.0274636 0.0243818 0.0215339 0.0189192 0.0165342 0.0143728 0.0124267 0.0106859 0.00913901 0.00777357 0.00657648 0.00553432 0.00463361 0.00386118 0.00320433 0.00265109 0.00219038 0.00181218 0.00150759 0.00126898 0.00109003 0.000965781 0.000892662 
0.00103476 0.00106328 0.00114967 0.00129643 0.00150769 0.0017892 0.0021483 0.00259382 0.00313602 0.00378648 0.00455794 0.00546416 0.00651966 0.00773951 0.00913901 0.0107334 0.0125374 0.014565 0.0168289 0.01934 0.0221073 0.0251372 0.028433 0.031995 0.0358198 0.0398999 0.0442241 0.048777 0.0535387 0.0584856 0.0635899 0.0688202 0.0741415 0.0795162 0.0849038 0.090262 0.0955471 0.100714 0.105719 0.110517 0.115065 0.119321 0.123245 0.126801 0.129955 0.132677 0.13494 0.136724 0.13801 0.138787 0.139047 0.138787 0.13801 0.136724 0.13494 0.132677 0.129955 0.126801 0.123245 0.119321 0.115065 0.110517 0.105719 0.100714 0.0955471 0.090262 0.0849038 0.0795162 0.0741415 0.0688202 0.0635899 0.0584856 0.0535387 0.048777 0.0442241 0.0398999 0.0358198 0.031995 0.028433 0.0251372 0.0221073 0.01934 0.0168289 0.014565 0.0125374 0.0107334 0.00913901 0.00773951 0.00651966 0.00546416 0.00455794 0.00378648 0.00313602 0.00259382 0.0021483 0.0017892 0.00150769 0.00129643 0.00114967 0.00106328 
0.00122606 0.00125958 0.00136109 0.00153348 0.00178152 0.00211184 0.0025329 0.00305484 0.00368947 0.00445006 0.00535119 0.00640856 0.0076387 0.00905871 0.0106859 0.0125374 0.0146297 0.0169784 0.0195975 0.0224988 0.025692 0.0291835 0.0329766 0.0370706 0.0414608 0.046138 0.0510885 0.0562938 0.061731 0.0673724 0.0731858 0.0791354 0.0851811 0.0912801 0.0973867 0.103453 0.10943 0.115268 0.120917 0.126327 0.131451 0.136241 0.140655 0.144653 0.148196 0.151252 0.153792 0.155793 0.157236 0.158108 0.158399 0.158108 0.157236 0.155793 0.153792 0.151252 0.148196 0.144653 0.140655 0.136241 0.131451 0.126327 0.120917 0.115268 0.10943 0.103453 0.0973867 0.0912801 0.0851811 0.0791354 0.0731858 0.0673724 0.061731 0.0562938 0.0510885 0.046138 0.0414608 0.0370706 0.0329766 0.0291835 0.025692 0.0224988 0.0195975 0.0169784 0.0146297 0.0125374 0.0106859 0.00905871 0.0076387 0.00640856 0.00535119 0.00445006 0.00368947 0.00305484 0.0025329 0.00211184 0.00178152 0.00153348 0.00136109 0.00125958 
0.00144475 0.00148393 0.00160256 0.00180395 0.00209358 0.00247906 0.00297006 0.0035782 0.00431696 0.00520146 0.00624831 0.00747529 0.00890114 0.0105451 0.0124267 0.014565 0.0169784 0.0196841 0.0226973 0.026031 0.0296952 0.0336965 0.0380376 0.0427168 0.0477278 0.0530593 0.0586948 0.0646126 0.0707858 0.0771823 0.0837655 0.0904942 0.0973232 0.104204 0.111085 0.117913 0.124633 0.131189 0.137526 0.14359 0.149328 0.154688 0.159623 0.164089 0.168045 0.171455 0.174289 0.17652 0.178129 0.1791 0.179424 0.1791 0.178129 0.17652 0.174289 0.171455 0.168045 0.164089 0.159623 0.154688 0.149328 0.14359 0.137526 0.131189 0.124633 0.117913 0.111085 0.104204 0.0973232 0.0904942 0.0837655 0.0771823 0.0707858 0.0646126 0.0586948 0.0530593 0.0477278 0.0427168 0.0380376 0.0336965 0.0296952 0.026031 0.0226973 0.0196841 0.0169784 0.014565 0.0124267 0.0105451 0.00890114 0.00747529 0.00624831 0.00520146 0.00431696 0.0035782 0.00297006 0.00247906 0.00209358 0.00180395 0.00160256 0.00148393 
0.00169313 0.00173867 0.00187655 0.00211054 0.00244689 0.00289428 0.00346373 0.00416845 0.00502374 0.00604676 0.00725626 0.00867233 0.010316 0.012209 0.0143728 0.0168289 0.0195975 0.0226973 0.0261451 0.0299545 0.0341361 0.0386962 0.0436369 0.0489553 0.0546432 0.0606865 0.0670658 0.0737556 0.0807247 0.0879364 0.0953487 0.102915 0.110584 0.118302 0.12601 0.13365 0.14116 0.14848 0.155548 0.162304 0.16869 0.174651 0.180135 0.185094 0.189484 0.193266 0.196408 0.19888 0.200662 0.201738 0.202097 0.201738 0.200662 0.19888 0.196408 0.193266 0.189484 0.185094 0.180135 0.174651 0.16869 0.162304 0.155548 0.14848 0.14116 0.13365 0.12601 0.118302 0.110584 0.102915 0.0953487 0.0879364 0.0807247 0.0737556 0.0670658 0.0606865 0.0546432 0.0489553 0.0436369 0.0386962 0.0341361 0.0299545 0.0261451 0.0226973 0.0195975 0.0168289 0.0143728 0.012209 0.010316 0.00867233 0.00725626 0.00604676 0.00502374 0.00416845 0.00346373 0.00289428 0.00244689 0.00211054 0.00187655 0.00173867 
0.0019734 0.00202605 0.00218543 0.00245582 0.00284431 0.00336075 0.0040176 0.00482983 0.00581468 0.0069915 0.00838139 0.0100069 0.0118914 0.0140592 0.0165342 0.01934 0.0224988 0.026031 0.0299545 0.0342838 0.0390297 0.0441984 0.0497908 0.0558024 0.0622227 0.0690351 0.0762162 0.0837364 0.0915599 0.0996448 0.107943 0.116403 0.124966 0.133573 0.142158 0.150657 0.159002 0.167125 0.174961 0.182443 0.189509 0.196099 0.202156 0.207629 0.212471 0.21664 0.220102 0.222825 0.224787 0.225971 0.226366 0.225971 0.224787 0.222825 0.220102 0.21664 0.212471 0.207629 0.202156 0.196099 0.189509 0.182443 0.174961 0.167125 0.159002 0.150657 0.142158 0.133573 0.124966 0.116403 0.107943 0.0996448 0.0915599 0.0837364 0.0762162 0.0690351 0.0622227 0.0558024 0.0497908 0.0441984 0.0390297 0.0342838 0.0299545 0.026031 0.0224988 0.01934 0.0165342 0.0140592 0.0118914 0.0100069 0.00838139 0.0069915 0.00581468 0.00482983 0.0040176 0.00336075 0.00284431 0.00245582 0.00218543 0.00202605 
0.0022876 0.00234814 0.00253138 0.00284215 0.00328847 0.00388141 0.00463501 0.00556611 0.00669408 0.00804057 0.00962918 0.011485 0.0136342 0.0161035 0.0189192 0.0221073 0.025692 0.0296952 0.0341361 0.0390297 0.0443871 0.0502136 0.0565093 0.0632675 0.0704752 0.0781122 0.0861514 0.0945586 0.103293 0.112306 0.121544 0.13095 0.140457 0.15 0.159508 0.168908 0.178126 0.187089 0.195725 0.203963 0.211735 0.218976 0.225626 0.231631 0.236939 0.241507 0.245298 0.248279 0.250425 0.251721 0.252154 0.251721 0.250425 0.248279 0.245298 0.241507 0.236939 0.231631 0.225626 0.218976 0.211735 0.203963 0.195725 0.187089 0.178126 0.168908 0.159508 0.15 0.140457 0.13095 0.121544 0.112306 0.103293 0.0945586 0.0861514 0.0781122 0.0704752 0.0632675 0.0565093 0.0502136 0.0443871 0.0390297 0.0341361 0.0296952 0.025692 0.0221073 0.0189192 0.0161035 0.0136342 0.011485 0.00962918 0.00804057 0.00669408 0.00556611 0.00463501 0.00388141 0.00328847 0.00284215 0.00253138 0.00234814 
0.00263755 0.0027068 0.00291635 0.00327163 0.00378163 0.00445878 0.00531879 0.00638049 0.0076655 0.00919796 0.0110041 0.0131117 0.0155497 0.0183474 0.0215339 0.0251372 0.0291835 0.0336965 0.0386962 0.0441984 0.0502136 0.0567468 0.0637961 0.0713529 0.0794008 0.0879162 0.0968672 0.106215 0.115912 0.125904 0.136133 0.146531 0.157029 0.167551 0.17802 0.188357 0.198482 0.208316 0.217779 0.226795 0.235293 0.243204 0.250462 0.25701 0.262795 0.26777 0.271896 0.27514 0.277475 0.278884 0.279354 0.278884 0.277475 0.27514 0.271896 0.26777 0.262795 0.25701 0.250462 0.243204 0.235293 0.226795 0.217779 0.208316 0.198482 0.188357 0.17802 0.167551 0.157029 0.146531 0.136133 0.125904 0.115912 0.106215 0.0968672 0.0879162 0.0794008 0.0713529 0.0637961 0.0567468 0.0502136 0.0441984 0.0386962 0.0336965 0.0291835 0.0251372 0.0215339 0.0183474 0.0155497 0.0131117 0.0110041 0.00919796 0.0076655 0.00638049 0.00531879 0.00445878 0.00378163 0.00327163 0.00291635 0.0027068 
0.00302479 0.00310357 0.00334194 0.00374596 0.00432566 0.00509489 0.00607117 0.00727542 0.00873166 0.0104666 0.0125093 0.0148903 0.0176414 0.0207947 0.0243818 0.028433 0.0329766 0.0380376 0.0436369 0.0497908 0.0565093 0.0637961 0.0716477 0.0800526 0.0889911 0.0984352 0.108348 0.118685 0.129394 0.140413 0.151676 0.163109 0.174636 0.186173 0.197638 0.208942 0.22 0.230727 0.241037 0.25085 0.260088 0.26868 0.276556 0.283655 0.289922 0.295309 0.299773 0.303281 0.305806 0.307329 0.307838 0.307329 0.305806 0.303281 0.299773 0.295309 0.289922 0.283655 0.276556 0.26868 0.260088 0.25085 0.241037 0.230727 0.22 0.208942 0.197638 0.186173 0.174636 0.163109 0.151676 0.140413 0.129394 0.118685 0.108348 0.0984352 0.0889911 0.0800526 0.0716477 0.0637961 0.0565093 0.0497908 0.0436369 0.0380376 0.0329766 0.028433 0.0243818 0.0207947 0.0176414 0.0148903 0.0125093 0.0104666 0.00873166 0.00727542 0.00607117 0.00509489 0.00432566 0.00374596 0.00334194 0.00310357 
0.00345047 0.00353963 0.00380937 0.00426642 0.0049219 0.00579118 0.00689367 0.0082525 0.0098942 0.0118482 0.0141464 0.0168224 0.0199107 0.0234464 0.0274636 0.031995 0.0370706 0.0427168 0.0489553 0.0558024 0.0632675 0.0713529 0.0800526 0.0893522 0.099228 0.109647 0.120568 0.131939 0.143702 0.155788 0.168124 0.180628 0.193216 0.205799 0.218284 0.230578 0.242589 0.254224 0.265395 0.276014 0.286001 0.295279 0.303776 0.311428 0.318179 0.323977 0.328779 0.332551 0.335266 0.336902 0.337449 0.336902 0.335266 0.332551 0.328779 0.323977 0.318179 0.311428 0.303776 0.295279 0.286001 0.276014 0.265395 0.254224 0.242589 0.230578 0.218284 0.205799 0.193216 0.180628 0.168124 0.155788 0.143702 0.131939 0.120568 0.109647 0.099228 0.0893522 0.0800526 0.0713529 0.0632675 0.0558024 0.0489553 0.0427168 0.0370706 0.031995 0.0274636 0.0234464 0.0199107 0.0168224 0.0141464 0.0118482 0.0098942 0.0082525 0.00689367 0.00579118 0.0049219 0.00426642 0.00380937 0.00353963 
0.00391534 0.00401572 0.00431938 0.00483374 0.00557108 0.00654836 0.00778696 0.00931233 0.0111536 0.0133431 0.0159155 0.0189076 0.0223569 0.0263011 0.0307771 0.0358198 0.0414608 0.0477278 0.0546432 0.0622227 0.0704752 0.0794008 0.0889911 0.099228 0.110083 0.12152 0.133488 0.145933 0.158786 0.171973 0.185413 0.199017 0.212692 0.226341 0.239865 0.253164 0.266138 0.278691 0.290728 0.302156 0.312892 0.322854 0.33197 0.340172 0.347402 0.353607 0.358744 0.362777 0.365677 0.367425 0.368009 0.367425 0.365677 0.362777 0.358744 0.353607 0.347402 0.340172 0.33197 0.322854 0.312892 0.302156 0.290728 0.278691 0.266138 0.253164 0.239865 0.226341 0.212692 0.199017 0.185413 0.171973 0.158786 0.145933 0.133488 0.12152 0.110083 0.099228 0.0889911 0.0794008 0.0704752 0.0622227 0.0546432 0.0477278 0.0414608 0.0358198 0.0307771 0.0263011 0.0223569 0.0189076 0.0159155 0.0133431 0.0111536 0.00931233 0.00778696 0.00654836 0.00557108 0.00483374 0.00431938 0.00401572 
0.00441963 0.00453208 0.00487217 0.00544806 0.00627325 0.00736634 0.00875076 0.0104544 0.012509 0.0149499 0.0178148 0.0211434 0.0249764 0.0293543 0.0343165 0.0398999 0.046138 0.0530593 0.0606865 0.0690351 0.0781122 0.0879162 0.0984352 0.109647 0.12152 0.134008 0.14706 0.160609 0.174583 0.188899 0.203467 0.21819 0.232968 0.247697 0.26227 0.27658 0.290522 0.303992 0.316891 0.329124 0.340602 0.351242 0.360967 0.36971 0.377409 0.384013 0.389477 0.393764 0.396846 0.398703 0.399324 0.398703 0.396846 0.393764 0.389477 0.384013 0.377409 0.36971 0.360967 0.351242 0.340602 0.329124 0.316891 0.303992 0.290522 0.27658 0.26227 0.247697 0.232968 0.21819 0.203467 0.188899 0.174583 0.160609 0.14706 0.134008 0.12152 0.109647 0.0984352 0.0879162 0.0781122 0.0690351 0.0606865 0.0530593 0.046138 0.0398999 0.0343165 0.0293543 0.0249764 0.0211434 0.0178148 0.0149499 0.012509 0.0104544 0.00875076 0.00736634 0.00627325 0.00544806 0.00487217 0.00453208 
0.00496305 0.00508837 0.00546732 0.00610885 0.00702769 0.00824415 0.00978378 0.0116769 0.0139582 0.0166657 0.0198403 0.023525 0.0277633 0.0325985 0.0380724 0.0442241 0.0510885 0.0586948 0.0670658 0.0762162 0.0861514 0.0968672 0.108348 0.120568 0.133488 0.14706 0.161221 0.175901 0.191018 0.206481 0.222192 0.238047 0.253937 0.26975 0.285373 0.300691 0.315595 0.329975 0.343726 0.356751 0.368958 0.380259 0.390579 0.399848 0.408003 0.414993 0.420772 0.425305 0.428562 0.430524 0.43118 0.430524 0.428562 0.425305 0.420772 0.414993 0.408003 0.399848 0.390579 0.380259 0.368958 0.356751 0.343726 0.329975 0.315595 0.300691 0.285373 0.26975 0.253937 0.238047 0.222192 0.206481 0.191018 0.175901 0.161221 0.14706 0.133488 0.120568 0.108348 0.0968672 0.0861514 0.0762162 0.0670658 0.0586948 0.0510885 0.0442241 0.0380724 0.0325985 0.0277633 0.023525 0.0198403 0.0166657 0.0139582 0.0116769 0.00978378 0.00824415 0.00702769 0.00610885 0.00546732 0.00508837 
0.00554464 0.00568361 0.00610377 0.00681484 0.00783284 0.00917985 0.0108836 0.0129769 0.0154972 0.0184857 0.0219864 0.0260452 0.0307086 0.0360229 0.042032 0.048777 0.0562938 0.0646126 0.0737556 0.0837364 0.0945586 0.106215 0.118685 0.131939 0.145933 0.160609 0.175901 0.191729 0.208002 0.224623 0.241485 0.258475 0.275476 0.292369 0.309034 0.325351 0.341202 0.356475 0.37106 0.384857 0.397771 0.409714 0.420607 0.430382 0.438974 0.446333 0.452413 0.457179 0.460603 0.462665 0.463354 0.462665 0.460603 0.457179 0.452413 0.446333 0.438974 0.430382 0.420607 0.409714 0.397771 0.384857 0.37106 0.356475 0.341202 0.325351 0.309034 0.292369 0.275476 0.258475 0.241485 0.224623 0.208002 0.191729 0.175901 0.160609 0.145933 0.131939 0.118685 0.106215 0.0945586 0.0837364 0.0737556 0.0646126 0.0562938 0.048777 0.042032 0.0360229 0.0307086 0.0260452 0.0219864 0.0184857 0.0154972 0.0129769 0.0108836 0.00917985 0.00783284 0.00681484 0.00610377 0.00568361 
0.00616283 0.00631617 0.0067797 0.00756396 0.00868628 0.0101705 0.0120466 0.0143499 0.0171208 0.0204034 0.0242448 0.0286941 0.0338008 0.0396134 0.0461786 0.0535387 0.061731 0.0707858 0.0807247 0.0915599 0.103293 0.115912 0.129394 0.143702 0.158786 0.174583 0.191018 0.208002 0.225439 0.24322 0.26123 0.279349 0.297453 0.315413 0.333104 0.350399 0.367175 0.383316 0.39871 0.413252 0.426846 0.439402 0.450843 0.461097 0.470104 0.477812 0.484175 0.489161 0.492741 0.494896 0.495616 0.494896 0.492741 0.489161 0.484175 0.477812 0.470104 0.461097 0.450843 0.439402 0.426846 0.413252 0.39871 0.383316 0.367175 0.350399 0.333104 0.315413 0.297453 0.279349 0.26123 0.24322 0.225439 0.208002 0.191018 0.174583 0.158786 0.143702 0.129394 0.115912 0.103293 0.0915599 0.0807247 0.0707858 0.061731 0.0535387 0.0461786 0.0396134 0.0338008 0.0286941 0.0242448 0.0204034 0.0171208 0.0143499 0.0120466 0.0101705 0.00868628 0.00756396 0.0067797 0.00631617 
0.00681534 0.0069837 0.00749259 0.00835334 0.00958463 0.0112121 0.013268 0.0157902 0.0188218 0.0224102 0.0266055 0.0314596 0.0370251 0.043353 0.0504918 0.0584856 0.0673724 0.0771823 0.0879364 0.0996448 0.112306 0.125904 0.140413 0.155788 0.171973 0.188899 0.206481 0.224623 0.24322 0.262154 0.281303 0.300537 0.319725 0.338731 0.357422 0.375668 0.39334 0.410318 0.426487 0.44174 0.45598 0.469117 0.481073 0.491778 0.501172 0.509204 0.515831 0.52102 0.524744 0.526986 0.527735 0.526986 0.524744 0.52102 0.515831 0.509204 0.501172 0.491778 0.481073 0.469117 0.45598 0.44174 0.426487 0.410318 0.39334 0.375668 0.357422 0.338731 0.319725 0.300537 0.281303 0.262154 0.24322 0.224623 0.206481 0.188899 0.171973 0.155788 0.140413 0.125904 0.112306 0.0996448 0.0879364 0.0771823 0.0673724 0.0584856 0.0504918 0.043353 0.0370251 0.0314596 0.0266055 0.0224102 0.0188218 0.0157902 0.013268 0.0112121 0.00958463 0.00835334 0.00749259 0.0069837 
0.00749916 0.00768313 0.00823912 0.00917928 0.0105236 0.0122996 0.0145417 0.0172904 0.0205917 0.0244958 0.0290559 0.034327 0.0403642 0.047221 0.0549478 0.0635899 0.0731858 0.0837655 0.0953487 0.107943 0.121544 0.136133 0.151676 0.168124 0.185413 0.203467 0.222192 0.241485 0.26123 0.281303 0.301571 0.321898 0.342143 0.362165 0.381825 0.400986 0.419517 0.437293 0.454197 0.470122 0.484969 0.498649 0.511085 0.522207 0.531958 0.540288 0.547156 0.55253 0.556386 0.558706 0.55948 0.558706 0.556386 0.55253 0.547156 0.540288 0.531958 0.522207 0.511085 0.498649 0.484969 0.470122 0.454197 0.437293 0.419517 0.400986 0.381825 0.362165 0.342143 0.321898 0.301571 0.281303 0.26123 0.241485 0.222192 0.203467 0.185413 0.168124 0.151676 0.136133 0.121544 0.107943 0.0953487 0.0837655 0.0731858 0.0635899 0.0549478 0.047221 0.0403642 0.034327 0.0290559 0.0244958 0.0205917 0.0172904 0.0145417 0.0122996 0.0105236 0.00917928 0.00823912 0.00768313 
0.0082106 0.00841066 0.00901521 0.0100372 0.011498 0.0134269 0.0158605 0.018842 0.0224201 0.0266479 0.0315816 0.0372791 0.043798 0.051194 0.0595193 0.0688202 0.0791354 0.0904942 0.102915 0.116403 0.13095 0.146531 0.163109 0.180628 0.199017 0.21819 0.238047 0.258475 0.279349 0.300537 0.321898 0.343286 0.364555 0.385556 0.406144 0.426179 0.445525 0.464054 0.481649 0.498201 0.513612 0.527793 0.540669 0.552172 0.562247 0.570846 0.57793 0.58347 0.587443 0.589833 0.590631 0.589833 0.587443 0.58347 0.57793 0.570846 0.562247 0.552172 0.540669 0.527793 0.513612 0.498201 0.481649 0.464054 0.445525 0.426179 0.406144 0.385556 0.364555 0.343286 0.321898 0.300537 0.279349 0.258475 0.238047 0.21819 0.199017 0.180628 0.163109 0.146531 0.13095 0.116403 0.102915 0.0904942 0.0791354 0.0688202 0.0595193 0.051194 0.043798 0.0372791 0.0315816 0.0266479 0.0224201 0.018842 0.0158605 0.0134269 0.011498 0.0100372 0.00901521 0.00841066 
0.00894524 0.00916177 0.00981602 0.0109218 0.0125017 0.0145868 0.0172161 0.020435 0.0242952 0.0288526 0.0341662 0.0402967 0.0473039 0.0552459 0.0641761 0.0741415 0.0851811 0.0973232 0.110584 0.124966 0.140457 0.157029 0.174636 0.193216 0.212692 0.232968 0.253937 0.275476 0.297453 0.319725 0.342143 0.364555 0.386806 0.408742 0.430213 0.451073 0.471185 0.490418 0.508655 0.525785 0.541713 0.55635 0.569624 0.581469 0.591833 0.60067 0.607945 0.613631 0.617707 0.620158 0.620976 0.620158 0.617707 0.613631 0.607945 0.60067 0.591833 0.581469 0.569624 0.55635 0.541713 0.525785 0.508655 0.490418 0.471185 0.451073 0.430213 0.408742 0.386806 0.364555 0.342143 0.319725 0.297453 0.275476 0.253937 0.232968 0.212692 0.193216 0.174636 0.157029 0.140457 0.124966 0.110584 0.0973232 0.0851811 0.0741415 0.0641761 0.0552459 0.0473039 0.0402967 0.0341662 0.0288526 0.0242952 0.020435 0.0172161 0.0145868 0.0125017 0.0109218 0.00981602 0.00916177 
0.00969797 0.00993125 0.010636 0.0118268 0.0135276 0.0157713 0.0185988 0.0220583 0.0262039 0.0310943 0.0367914 0.0433583 0.0508572 0.0593478 0.0688849 0.0795162 0.0912801 0.104204 0.118302 0.133573 0.15 0.167551 0.186173 0.205799 0.226341 0.247697 0.26975 0.292369 0.315413 0.338731 0.362165 0.385556 0.408742 0.431563 0.453865 0.475499 0.496323 0.516208 0.535033 0.552691 0.569085 0.584132 0.597759 0.609906 0.620523 0.629567 0.637008 0.642819 0.646982 0.649485 0.65032 0.649485 0.646982 0.642819 0.637008 0.629567 0.620523 0.609906 0.597759 0.584132 0.569085 0.552691 0.535033 0.516208 0.496323 0.475499 0.453865 0.431563 0.408742 0.385556 0.362165 0.338731 0.315413 0.292369 0.26975 0.247697 0.226341 0.205799 0.186173 0.167551 0.15 0.133573 0.118302 0.104204 0.0912801 0.0795162 0.0688849 0.0593478 0.0508572 0.0433583 0.0367914 0.0310943 0.0262039 0.0220583 0.0185988 0.0157713 0.0135276 0.0118268 0.010636 0.00993125 
0.0104631 0.0107132 0.0114689 0.0127454 0.014568 0.0169712 0.0199982 0.0236994 0.0281316 0.0333561 0.0394373 0.0464408 0.0544309 0.0634689 0.0736105 0.0849038 0.0973867 0.111085 0.12601 0.142158 0.159508 0.17802 0.197638 0.218284 0.239865 0.26227 0.285373 0.309034 0.333104 0.357422 0.381825 0.406144 0.430213 0.453865 0.476943 0.499293 0.520774 0.541253 0.560612 0.578744 0.595554 0.610962 0.624899 0.637307 0.64814 0.657361 0.66494 0.670855 0.675091 0.677637 0.678486 0.677637 0.675091 0.670855 0.66494 0.657361 0.64814 0.637307 0.624899 0.610962 0.595554 0.578744 0.560612 0.541253 0.520774 0.499293 0.476943 0.453865 0.430213 0.406144 0.381825 0.357422 0.333104 0.309034 0.285373 0.26227 0.239865 0.218284 0.197638 0.17802 0.159508 0.142158 0.12601 0.111085 0.0973867 0.0849038 0.0736105 0.0634689 0.0544309 0.0464408 0.0394373 0.0333561 0.0281316 0.0236994 0.0199982 0.0169712 0.014568 0.0127454 0.0114689 0.0107132 
0.0112342 0.0115013 0.0123078 0.01367 0.0156143 0.0181769 0.0214029 0.0253452 0.0300628 0.0356197 0.0420827 0.0495195 0.0579965 0.0675763 0.0783155 0.090262 0.103453 0.117913 0.13365 0.150657 0.168908 0.188357 0.208942 0.230578 0.253164 0.27658 0.300691 0.325351 0.350399 0.375668 0.400986 0.426179 0.451073 0.475499 0.499293 0.522301 0.54438 0.565397 0.585233 0.603785 0.62096 0.636681 0.650883 0.663512 0.674526 0.683892 0.691584 0.697584 0.701878 0.704457 0.705318 0.704457 0.701878 0.697584 0.691584 0.683892 0.674526 0.663512 0.650883 0.636681 0.62096 0.603785 0.585233 0.565397 0.54438 0.522301 0.499293 0.475499 0.451073 0.426179 0.400986 0.375668 0.350399 0.325351 0.300691 0.27658 0.253164 0.230578 0.208942 0.188357 0.168908 0.150657 0.13365 0.117913 0.103453 0.090262 0.0783155 0.0675763 0.0579965 0.0495195 0.0420827 0.0356197 0.0300628 0.0253452 0.0214029 0.0181769 0.0156143 0.01367 0.0123078 0.0115013 
0.0120047 0.0122885 0.0131455 0.0145925 0.0166574 0.0193778 0.0228008 0.0269813 0.0319809 0.0378658 0.0447052 0.0525687 0.0615244 0.0716362 0.0829611 0.0955471 0.10943 0.124633 0.14116 0.159002 0.178126 0.198482 0.22 0.242589 0.266138 0.290522 0.315595 0.341202 0.367175 0.39334 0.419517 0.445525 0.471185 0.496323 0.520774 0.54438 0.566997 0.588493 0.608752 0.62767 0.645159 0.661147 0.67557 0.688382 0.699543 0.709024 0.716805 0.722869 0.727207 0.729812 0.730681 0.729812 0.727207 0.722869 0.716805 0.709024 0.699543 0.688382 0.67557 0.661147 0.645159 0.62767 0.608752 0.588493 0.566997 0.54438 0.520774 0.496323 0.471185 0.445525 0.419517 0.39334 0.367175 0.341202 0.315595 0.290522 0.266138 0.242589 0.22 0.198482 0.178126 0.159002 0.14116 0.124633 0.10943 0.0955471 0.0829611 0.0716362 0.0615244 0.0525687 0.0447052 0.0378658 0.0319809 0.0269813 0.0228008 0.0193778 0.0166574 0.0145925 0.0131455 0.0122885 
0.0127672 0.0130674 0.013974 0.0155045 0.0176877 0.020563 0.0241791 0.0285932 0.0338689 0.0400746 0.0472817 0.0555616 0.064984 0.0756136 0.0875079 0.100714 0.115268 0.131189 0.14848 0.167125 0.187089 0.208316 0.230727 0.254224 0.278691 0.303992 0.329975 0.356475 0.383316 0.410318 0.437293 0.464054 0.490418 0.516208 0.541253 0.565397 0.588493 0.610412 0.631038 0.650271 0.668026 0.684235 0.698839 0.711796 0.723071 0.73264 0.740486 0.746597 0.750967 0.75359 0.754464 0.75359 0.750967 0.746597 0.740486 0.73264 0.723071 0.711796 0.698839 0.684235 0.668026 0.650271 0.631038 0.610412 0.588493 0.565397 0.541253 0.516208 0.490418 0.464054 0.437293 0.410318 0.383316 0.356475 0.329975 0.303992 0.278691 0.254224 0.230727 0.208316 0.187089 0.167125 0.14848 0.131189 0.115268 0.100714 0.0875079 0.0756136 0.064984 0.0555616 0.0472817 0.0400746 0.0338689 0.0285932 0.0241791 0.020563 0.0176877 0.0155045 0.013974 0.0130674 
0.0135143 0.0138306 0.0147854 0.016397 0.0186954 0.0217211 0.0255249 0.0301656 0.0357091 0.0422257 0.0497886 0.0584712 0.0683442 0.0794732 0.091916 0.105719 0.120917 0.137526 0.155548 0.174961 0.195725 0.217779 0.241037 0.265395 0.290728 0.316891 0.343726 0.37106 0.39871 0.426487 0.454197 0.481649 0.508655 0.535033 0.560612 0.585233 0.608752 0.631038 0.651978 0.671477 0.689453 0.70584 0.720587 0.733655 0.745014 0.754646 0.762536 0.768678 0.773067 0.775701 0.776579 0.775701 0.773067 0.768678 0.762536 0.754646 0.745014 0.733655 0.720587 0.70584 0.689453 0.671477 0.651978 0.631038 0.608752 0.585233 0.560612 0.535033 0.508655 0.481649 0.454197 0.426487 0.39871 0.37106 0.343726 0.316891 0.290728 0.265395 0.241037 0.217779 0.195725 0.174961 0.155548 0.137526 0.120917 0.105719 0.091916 0.0794732 0.0683442 0.0584712 0.0497886 0.0422257 0.0357091 0.0301656 0.0255249 0.0217211 0.0186954 0.016397 0.0147854 0.0138306 
0.0142384 0.01457 0.0155713 0.0172611 0.0196702 0.0228407 0.0268248 0.0316833 0.0374837 0.0442985 0.0522024 0.0612703 0.0715741 0.08318 0.0961457 0.110517 0.126327 0.14359 0.162304 0.182443 0.203963 0.226795 0.25085 0.276014 0.302156 0.329124 0.356751 0.384857 0.413252 0.44174 0.470122 0.498201 0.525785 0.552691 0.578744 0.603785 0.62767 0.650271 0.671477 0.691196 0.709349 0.725877 0.740731 0.753879 0.765296 0.774968 0.782884 0.789042 0.793441 0.796079 0.796959 0.796079 0.793441 0.789042 0.782884 0.774968 0.765296 0.753879 0.740731 0.725877 0.709349 0.691196 0.671477 0.650271 0.62767 0.603785 0.578744 0.552691 0.525785 0.498201 0.470122 0.44174 0.413252 0.384857 0.356751 0.329124 0.302156 0.276014 0.25085 0.226795 0.203963 0.182443 0.162304 0.14359 0.126327 0.110517 0.0961457 0.08318 0.0715741 0.0612703 0.0522024 0.0442985 0.0374837 0.0316833 0.0268248 0.0228407 0.0196702 0.0172611 0.0155713 0.01457 
