7.40961e-05 7.64406e-05 8.35624e-05 9.57268e-05 0.000113377 0.000137138 0.000167813 0.000206391 0.000254044 0.000312127 0.000382173 0.000465886 0.00056513 0.000681915 0.000818369 0.000976717 0.00115924 0.00136824 0.00160598 0.00187465 0.00217629 0.00251271 0.00288547 0.00329578 0.0037444 0.00423165 0.00475728 0.00532045 0.00591966 0.00655274 0.00721682 0.0079083 0.00862291 0.00935569 0.010101 0.0108528 0.0116043 0.0123486 0.0130781 0.0137855 0.0144631 0.0151035 0.0156991 0.0162433 0.0167293 0.0171513 0.017504 0.0177831 0.0179851 0.0181073 0.0181482 0.0181073 0.0179851 0.0177831 0.017504 0.0171513 0.0167293 0.0162433 0.0156991 0.0151035 0.0144631 0.0137855 0.0130781 0.0123486 0.0116043 0.0108528 0.010101 0.00935569 0.00862291 0.0079083 0.00721682 0.00655274 0.00591966 0.00532045 0.00475728 0.00423165 0.0037444 0.00329578 0.00288547 0.00251271 0.00217629 0.00187465 0.00160598 0.00136824 0.00115924 0.000976717 0.000818369 0.000681915 0.00056513 0.000465886 0.000382173 0.000312127 0.000254044 0.000206391 0.000167813 0.000137138 0.000113377 9.57268e-05 8.35624e-05 7.64406e-05 
7.64406e-05 7.88547e-05 8.61876e-05 9.87116e-05 0.000116882 0.000141338 0.000172906 0.0002126 0.00026162 0.000321357 0.000393379 0.000479434 0.000581429 0.00070142 0.000841587 0.0010042 0.00119159 0.00140612 0.00165008 0.00192571 0.00223508 0.00258005 0.00296218 0.0033827 0.00384239 0.00434154 0.00487988 0.00545654 0.00606996 0.00671793 0.00739748 0.00810493 0.0088359 0.00958531 0.0103474 0.011116 0.0118842 0.0126448 0.0133903 0.0141131 0.0148054 0.0154594 0.0160678 0.0166235 0.0171198 0.0175507 0.0179109 0.0181959 0.0184021 0.0185269 0.0185686 0.0185269 0.0184021 0.0181959 0.0179109 0.0175507 0.0171198 0.0166235 0.0160678 0.0154594 0.0148054 0.0141131 0.0133903 0.0126448 0.0118842 0.011116 0.0103474 0.00958531 0.0088359 0.00810493 0.00739748 0.00671793 0.00606996 0.00545654 0.00487988 0.00434154 0.00384239 0.0033827 0.00296218 0.00258005 0.00223508 0.00192571 0.00165008 0.00140612 0.00119159 0.0010042 0.000841587 0.00070142 0.000581429 0.000479434 0.000393379 0.000321357 0.00026162 0.0002126 0.000172906 0.000141338 0.000116882 9.87116e-05 8.61876e-05 7.88547e-05 
8.35624e-05 8.61876e-05 9.41608e-05 0.000107776 0.000127522 0.000154089 0.000188364 0.00023144 0.000284605 0.000349352 0.000427364 0.000520513 0.000630841 0.000760545 0.00091195 0.00108748 0.00128961 0.00152084 0.00178363 0.00208031 0.00241308 0.00278388 0.00319435 0.00364575 0.00413886 0.00467395 0.00525069 0.00586809 0.00652445 0.00721734 0.00794359 0.00869923 0.00947956 0.0102791 0.0110919 0.0119111 0.0127296 0.0135396 0.0143332 0.0151023 0.0158386 0.0165341 0.0171809 0.0177715 0.0182988 0.0187566 0.0191392 0.0194418 0.0196607 0.0197932 0.0198376 0.0197932 0.0196607 0.0194418 0.0191392 0.0187566 0.0182988 0.0177715 0.0171809 0.0165341 0.0158386 0.0151023 0.0143332 0.0135396 0.0127296 0.0119111 0.0110919 0.0102791 0.00947956 0.00869923 0.00794359 0.00721734 0.00652445 0.00586809 0.00525069 0.00467395 0.00413886 0.00364575 0.00319435 0.00278388 0.00241308 0.00208031 0.00178363 0.00152084 0.00128961 0.00108748 0.00091195 0.000760545 0.000630841 0.000520513 0.000427364 0.000349352 0.000284605 0.00023144 0.000188364 0.000154089 0.000127522 0.000107776 9.41608e-05 8.61876e-05 
9.57268e-05 9.87116e-05 0.000107776 0.000123248 0.000145678 0.000175837 0.000214722 0.000263551 0.000323767 0.000397033 0.000485227 0.000590431 0.000714912 0.000861107 0.00103159 0.00122903 0.00145616 0.00171572 0.00201039 0.00234273 0.00271512 0.00312964 0.00358806 0.00409168 0.0046413 0.00523713 0.00587873 0.00656492 0.00729375 0.00806246 0.00886747 0.00970436 0.0105679 0.011452 0.0123501 0.0132546 0.0141576 0.0150507 0.0159253 0.0167723 0.0175828 0.018348 0.0190593 0.0197085 0.020288 0.0207908 0.021211 0.0215433 0.0217837 0.0219291 0.0219778 0.0219291 0.0217837 0.0215433 0.021211 0.0207908 0.020288 0.0197085 0.0190593 0.018348 0.0175828 0.0167723 0.0159253 0.0150507 0.0141576 0.0132546 0.0123501 0.011452 0.0105679 0.00970436 0.00886747 0.00806246 0.00729375 0.00656492 0.00587873 0.00523713 0.0046413 0.00409168 0.00358806 0.00312964 0.00271512 0.00234273 0.00201039 0.00171572 0.00145616 0.00122903 0.00103159 0.000861107 0.000714912 0.000590431 0.000485227 0.000397033 0.000323767 0.000263551 0.000214722 0.000175837 0.000145678 0.000123248 0.000107776 9.87116e-05 
0.000113377 0.000116882 0.000127522 0.000145678 0.000171984 0.000207332 0.00025287 0.00031 0.000380385 0.000465933 0.000568797 0.00069136 0.000836212 0.00100613 0.00120403 0.00143296 0.00169598 0.0019962 0.00233661 0.00272007 0.00314922 0.00362635 0.00415338 0.00473168 0.00536207 0.00604468 0.00677888 0.00756323 0.00839541 0.00927219 0.0101894 0.011142 0.0121239 0.0131283 0.0141476 0.0151733 0.0161965 0.0172077 0.0181971 0.0191547 0.0200704 0.0209344 0.0217371 0.0224694 0.0231227 0.0236895 0.0241629 0.0245372 0.0248079 0.0249717 0.0250265 0.0249717 0.0248079 0.0245372 0.0241629 0.0236895 0.0231227 0.0224694 0.0217371 0.0209344 0.0200704 0.0191547 0.0181971 0.0172077 0.0161965 0.0151733 0.0141476 0.0131283 0.0121239 0.011142 0.0101894 0.00927219 0.00839541 0.00756323 0.00677888 0.00604468 0.00536207 0.00473168 0.00415338 0.00362635 0.00314922 0.00272007 0.00233661 0.0019962 0.00169598 0.00143296 0.00120403 0.00100613 0.000836212 0.00069136 0.000568797 0.000465933 0.000380385 0.00031 0.00025287 0.000207332 0.000171984 0.000145678 0.000127522 0.000116882 
0.000137138 0.000141338 0.000154089 0.000175837 0.000207332 0.000249622 0.000304055 0.000372282 0.000456249 0.000558193 0.000680628 0.000826334 0.000998325 0.00119982 0.00143421 0.00170499 0.0020157 0.00236988 0.00277096 0.00322217 0.00372649 0.00428648 0.00490423 0.00558122 0.00631827 0.00711537 0.00797166 0.00888534 0.00985358 0.0108725 0.0119373 0.0130418 0.0141792 0.0153415 0.0165197 0.0177043 0.0188848 0.0200505 0.0211902 0.0222924 0.0233456 0.0243387 0.0252608 0.0261015 0.0268513 0.0275014 0.0280443 0.0284734 0.0287837 0.0289714 0.0290342 0.0289714 0.0287837 0.0284734 0.0280443 0.0275014 0.0268513 0.0261015 0.0252608 0.0243387 0.0233456 0.0222924 0.0211902 0.0200505 0.0188848 0.0177043 0.0165197 0.0153415 0.0141792 0.0130418 0.0119373 0.0108725 0.00985358 0.00888534 0.00797166 0.00711537 0.00631827 0.00558122 0.00490423 0.00428648 0.00372649 0.00322217 0.00277096 0.00236988 0.0020157 0.00170499 0.00143421 0.00119982 0.000998325 0.000826334 0.000680628 0.000558193 0.000456249 0.000372282 0.000304055 0.000249622 0.000207332 0.000175837 0.000154089 0.000141338 
0.000167813 0.000172906 0.000188364 0.000214722 0.00025287 0.000304055 0.000369884 0.000452315 0.000553657 0.000676559 0.000823993 0.000999235 0.00120583 0.00144757 0.0017284 0.0020524 0.00242371 0.00284641 0.00332444 0.00386152 0.00446102 0.00512582 0.00585823 0.00665984 0.00753143 0.00847284 0.00948289 0.0105593 0.0116986 0.0128961 0.014146 0.0154411 0.0167733 0.0181331 0.0195102 0.0208934 0.0222705 0.0236291 0.0249562 0.0262387 0.0274633 0.0286172 0.0296879 0.0306636 0.0315333 0.0322871 0.0329163 0.0334136 0.033773 0.0339904 0.0340631 0.0339904 0.033773 0.0334136 0.0329163 0.0322871 0.0315333 0.0306636 0.0296879 0.0286172 0.0274633 0.0262387 0.0249562 0.0236291 0.0222705 0.0208934 0.0195102 0.0181331 0.0167733 0.0154411 0.014146 0.0128961 0.0116986 0.0105593 0.00948289 0.00847284 0.00753143 0.00665984 0.00585823 0.00512582 0.00446102 0.00386152 0.00332444 0.00284641 0.00242371 0.0020524 0.0017284 0.00144757 0.00120583 0.000999235 0.000823993 0.000676559 0.000553657 0.000452315 0.000369884 0.000304055 0.00025287 0.000214722 0.000188364 0.000172906 
0.000206391 0.0002126 0.00023144 0.000263551 0.00031 0.000372282 0.000452315 0.000552439 0.000675407 0.000824371 0.00100286 0.00121477 0.00146429 0.00175587 0.00209419 0.00248401 0.00293017 0.0034374 0.0040103 0.00465311 0.00536969 0.00616328 0.00703644 0.00799086 0.00902726 0.0101453 0.0113433 0.0126184 0.0139663 0.0153815 0.0168568 0.0183838 0.0199526 0.0215523 0.0231707 0.0247944 0.0264097 0.0280017 0.0295555 0.0310557 0.0324873 0.0338352 0.0350852 0.0362236 0.0372378 0.0381165 0.0388497 0.0394289 0.0398475 0.0401007 0.0401854 0.0401007 0.0398475 0.0394289 0.0388497 0.0381165 0.0372378 0.0362236 0.0350852 0.0338352 0.0324873 0.0310557 0.0295555 0.0280017 0.0264097 0.0247944 0.0231707 0.0215523 0.0199526 0.0183838 0.0168568 0.0153815 0.0139663 0.0126184 0.0113433 0.0101453 0.00902726 0.00799086 0.00703644 0.00616328 0.00536969 0.00465311 0.0040103 0.0034374 0.00293017 0.00248401 0.00209419 0.00175587 0.00146429 0.00121477 0.00100286 0.000824371 0.000675407 0.000552439 0.000452315 0.000372282 0.00031 0.000263551 0.00023144 0.0002126 
0.000254044 0.00026162 0.000284605 0.000323767 0.000380385 0.000456249 0.000553657 0.000675407 0.000824785 0.00100555 0.0012219 0.00147845 0.00178018 0.00213234 0.00254042 0.00301004 0.00354684 0.00415634 0.00484385 0.00561427 0.00647198 0.00742064 0.00846307 0.00960105 0.0108352 0.0121648 0.0135878 0.0151005 0.0166977 0.0183725 0.0201164 0.0219193 0.0237696 0.0256543 0.0275589 0.029468 0.0313652 0.0332334 0.0350552 0.0368128 0.0384886 0.0400655 0.0415268 0.0428569 0.0440413 0.045067 0.0459225 0.0465982 0.0470864 0.0473816 0.0474803 0.0473816 0.0470864 0.0465982 0.0459225 0.045067 0.0440413 0.0428569 0.0415268 0.0400655 0.0384886 0.0368128 0.0350552 0.0332334 0.0313652 0.029468 0.0275589 0.0256543 0.0237696 0.0219193 0.0201164 0.0183725 0.0166977 0.0151005 0.0135878 0.0121648 0.0108352 0.00960105 0.00846307 0.00742064 0.00647198 0.00561427 0.00484385 0.00415634 0.00354684 0.00301004 0.00254042 0.00213234 0.00178018 0.00147845 0.0012219 0.00100555 0.000824785 0.000675407 0.000553657 0.000456249 0.000380385 0.000323767 0.000284605 0.00026162 
0.000312127 0.000321357 0.000349352 0.000397033 0.000465933 0.000558193 0.000676559 0.000824371 0.00100555 0.00122456 0.00148641 0.00179655 0.00216086 0.00258556 0.0030771 0.00364206 0.00428701 0.00501839 0.00584231 0.00676442 0.00778968 0.00892222 0.0101651 0.0115202 0.0129879 0.0145672 0.0162552 0.0180475 0.0199376 0.0219171 0.0239759 0.026102 0.0282815 0.030499 0.0327376 0.0349793 0.0372049 0.0393944 0.0415277 0.0435841 0.0455433 0.0473855 0.0490916 0.0506437 0.052025 0.0532207 0.0542176 0.0550047 0.0555734 0.0559171 0.0560321 0.0559171 0.0555734 0.0550047 0.0542176 0.0532207 0.052025 0.0506437 0.0490916 0.0473855 0.0455433 0.0435841 0.0415277 0.0393944 0.0372049 0.0349793 0.0327376 0.030499 0.0282815 0.026102 0.0239759 0.0219171 0.0199376 0.0180475 0.0162552 0.0145672 0.0129879 0.0115202 0.0101651 0.00892222 0.00778968 0.00676442 0.00584231 0.00501839 0.00428701 0.00364206 0.0030771 0.00258556 0.00216086 0.00179655 0.00148641 0.00122456 0.00100555 0.000824371 0.000676559 0.000558193 0.000465933 0.000397033 0.000349352 0.000321357 
0.000382173 0.000393379 0.000427364 0.000485227 0.000568797 0.000680628 0.000823993 0.00100286 0.0012219 0.00148641 0.0018023 0.00217603 0.00261452 0.00312509 0.00371529 0.0043928 0.00516529 0.00604019 0.00702454 0.0081248 0.00934658 0.0106945 0.0121718 0.0137805 0.0155206 0.0173907 0.0193871 0.0215041 0.0237339 0.0260665 0.0284897 0.0309891 0.0335484 0.0361496 0.0387728 0.0413968 0.0439995 0.0465577 0.0490478 0.0514463 0.0537297 0.0558752 0.0578609 0.0596662 0.0612722 0.0626616 0.0638196 0.0647337 0.0653939 0.0657929 0.0659264 0.0657929 0.0653939 0.0647337 0.0638196 0.0626616 0.0612722 0.0596662 0.0578609 0.0558752 0.0537297 0.0514463 0.0490478 0.0465577 0.0439995 0.0413968 0.0387728 0.0361496 0.0335484 0.0309891 0.0284897 0.0260665 0.0237339 0.0215041 0.0193871 0.0173907 0.0155206 0.0137805 0.0121718 0.0106945 0.00934658 0.0081248 0.00702454 0.00604019 0.00516529 0.0043928 0.00371529 0.00312509 0.00261452 0.00217603 0.0018023 0.00148641 0.0012219 0.00100286 0.000823993 0.000680628 0.000568797 0.000485227 0.000427364 0.000393379 
0.000465886 0.000479434 0.000520513 0.000590431 0.00069136 0.000826334 0.000999235 0.00121477 0.00147845 0.00179655 0.00217603 0.00262448 0.00315005 0.00376127 0.00446696 0.00527606 0.00619743 0.00723964 0.00841076 0.00971812 0.011168 0.0127655 0.0145142 0.016416 0.0184705 0.0206757 0.0230269 0.0255171 0.0281367 0.0308738 0.0337137 0.0366397 0.0396324 0.0426707 0.0457314 0.04879 0.0518207 0.0547967 0.0576911 0.0604765 0.0631263 0.0656141 0.0679152 0.0700059 0.0718648 0.0734724 0.0748117 0.0758685 0.0766316 0.0770928 0.077247 0.0770928 0.0766316 0.0758685 0.0748117 0.0734724 0.0718648 0.0700059 0.0679152 0.0656141 0.0631263 0.0604765 0.0576911 0.0547967 0.0518207 0.04879 0.0457314 0.0426707 0.0396324 0.0366397 0.0337137 0.0308738 0.0281367 0.0255171 0.0230269 0.0206757 0.0184705 0.016416 0.0145142 0.0127655 0.011168 0.00971812 0.00841076 0.00723964 0.00619743 0.00527606 0.00446696 0.00376127 0.00315005 0.00262448 0.00217603 0.00179655 0.00147845 0.00121477 0.000999235 0.000826334 0.00069136 0.000590431 0.000520513 0.000479434 
0.00056513 0.000581429 0.000630841 0.000714912 0.000836212 0.000998325 0.00120583 0.00146429 0.00178018 0.00216086 0.00261452 0.00315005 0.00377693 0.0045051 0.00534482 0.00630641 0.00740006 0.0086356 0.0100222 0.0115681 0.0132805 0.0151647 0.0172246 0.0194619 0.0218759 0.0244636 0.0272192 0.030134 0.0331965 0.0363924 0.0397045 0.0431129 0.0465951 0.0501263 0.0536797 0.057227 0.0607384 0.0641831 0.0675303 0.0707488 0.073808 0.0766782 0.079331 0.08174 0.0838806 0.085731 0.0872719 0.0884875 0.089365 0.0898952 0.0900726 0.0898952 0.089365 0.0884875 0.0872719 0.085731 0.0838806 0.08174 0.079331 0.0766782 0.073808 0.0707488 0.0675303 0.0641831 0.0607384 0.057227 0.0536797 0.0501263 0.0465951 0.0431129 0.0397045 0.0363924 0.0331965 0.030134 0.0272192 0.0244636 0.0218759 0.0194619 0.0172246 0.0151647 0.0132805 0.0115681 0.0100222 0.0086356 0.00740006 0.00630641 0.00534482 0.0045051 0.00377693 0.00315005 0.00261452 0.00216086 0.00178018 0.00146429 0.00120583 0.000998325 0.000836212 0.000714912 0.000630841 0.000581429 
0.000681915 0.00070142 0.000760545 0.000861107 0.00100613 0.00119982 0.00144757 0.00175587 0.00213234 0.00258556 0.00312509 0.00376127 0.0045051 0.00536812 0.00636213 0.007499 0.0087904 0.0102475 0.0118807 0.0136993 0.0157109 0.0179217 0.0203355 0.0229537 0.0257752 0.0287958 0.0320081 0.0354019 0.0389632 0.042675 0.046517 0.050466 0.0544958 0.0585777 0.0626808 0.0667724 0.0708184 0.0747839 0.0786333 0.0823315 0.0858438 0.0891367 0.0921781 0.0949381 0.0973893 0.0995072 0.10127 0.10266 0.103664 0.10427 0.104473 0.10427 0.103664 0.10266 0.10127 0.0995072 0.0973893 0.0949381 0.0921781 0.0891367 0.0858438 0.0823315 0.0786333 0.0747839 0.0708184 0.0667724 0.0626808 0.0585777 0.0544958 0.050466 0.046517 0.042675 0.0389632 0.0354019 0.0320081 0.0287958 0.0257752 0.0229537 0.0203355 0.0179217 0.0157109 0.0136993 0.0118807 0.0102475 0.0087904 0.007499 0.00636213 0.00536812 0.0045051 0.00376127 0.00312509 0.00258556 0.00213234 0.00175587 0.00144757 0.00119982 0.00100613 0.000861107 0.000760545 0.00070142 
0.000818369 0.000841587 0.00091195 0.00103159 0.00120403 0.00143421 0.0017284 0.00209419 0.00254042 0.0030771 0.00371529 0.00446696 0.00534482 0.00636213 0.00753243 0.00886928 0.0103859 0.0120951 0.0140083 0.0161359 0.0184863 0.0210661 0.0238791 0.0269264 0.030206 0.0337124 0.0374366 0.0413661 0.0454843 0.0497711 0.054203 0.0587526 0.0633898 0.0680815 0.0727923 0.0774847 0.08212 0.0866584 0.0910599 0.0952847 0.0992937 0.103049 0.106516 0.109659 0.112449 0.114859 0.116864 0.118445 0.119585 0.120274 0.120504 0.120274 0.119585 0.118445 0.116864 0.114859 0.112449 0.109659 0.106516 0.103049 0.0992937 0.0952847 0.0910599 0.0866584 0.08212 0.0774847 0.0727923 0.0680815 0.0633898 0.0587526 0.054203 0.0497711 0.0454843 0.0413661 0.0374366 0.0337124 0.030206 0.0269264 0.0238791 0.0210661 0.0184863 0.0161359 0.0140083 0.0120951 0.0103859 0.00886928 0.00753243 0.00636213 0.00534482 0.00446696 0.00371529 0.0030771 0.00254042 0.00209419 0.0017284 0.00143421 0.00120403 0.00103159 0.00091195 0.000841587 
0.000976717 0.0010042 0.00108748 0.00122903 0.00143296 0.00170499 0.0020524 0.00248401 0.00301004 0.00364206 0.0043928 0.00527606 0.00630641 0.007499 0.00886928 0.0104326 0.012204 0.0141977 0.0164265 0.0189019 0.021633 0.0246266 0.0278865 0.0314133 0.0352039 0.0392514 0.0435447 0.0480686 0.0528037 0.0577264 0.0628092 0.0680206 0.0733258 0.0786871 0.0840639 0.0894138 0.0946928 0.0998562 0.104859 0.109656 0.114205 0.118462 0.122389 0.125948 0.129105 0.13183 0.134096 0.135882 0.13717 0.137948 0.138208 0.137948 0.13717 0.135882 0.134096 0.13183 0.129105 0.125948 0.122389 0.118462 0.114205 0.109656 0.104859 0.0998562 0.0946928 0.0894138 0.0840639 0.0786871 0.0733258 0.0680206 0.0628092 0.0577264 0.0528037 0.0480686 0.0435447 0.0392514 0.0352039 0.0314133 0.0278865 0.0246266 0.021633 0.0189019 0.0164265 0.0141977 0.012204 0.0104326 0.00886928 0.007499 0.00630641 0.00527606 0.0043928 0.00364206 0.00301004 0.00248401 0.0020524 0.00170499 0.00143296 0.00122903 0.00108748 0.0010042 
0.00115924 0.00119159 0.00128961 0.00145616 0.00169598 0.0020157 0.00242371 0.00293017 0.00354684 0.00428701 0.00516529 0.00619743 0.00740006 0.0087904 0.0103859 0.012204 0.0142615 0.016574 0.0191561 0.02202 0.0251756 0.02863 0.0323866 0.0364454 0.0408018 0.0454473 0.0503683 0.0555468 0.0609599 0.0665802 0.0723757 0.0783103 0.0843443 0.0904346 0.0965353 0.102599 0.108575 0.114414 0.120066 0.125481 0.13061 0.135407 0.139828 0.143832 0.147382 0.150444 0.15299 0.154995 0.156442 0.157315 0.157607 0.157315 0.156442 0.154995 0.15299 0.150444 0.147382 0.143832 0.139828 0.135407 0.13061 0.125481 0.120066 0.114414 0.108575 0.102599 0.0965353 0.0904346 0.0843443 0.0783103 0.0723757 0.0665802 0.0609599 0.0555468 0.0503683 0.0454473 0.0408018 0.0364454 0.0323866 0.02863 0.0251756 0.02202 0.0191561 0.016574 0.0142615 0.012204 0.0103859 0.0087904 0.00740006 0.00619743 0.00516529 0.00428701 0.00354684 0.00293017 0.00242371 0.0020157 0.00169598 0.00145616 0.00128961 0.00119159 
0.00136824 0.00140612 0.00152084 0.00171572 0.0019962 0.00236988 0.00284641 0.0034374 0.00415634 0.00501839 0.00604019 0.00723964 0.0086356 0.0102475 0.0120951 0.0141977 0.016574 0.0192417 0.0222163 0.0255112 0.0291369 0.0331005 0.0374052 0.0420497 0.0470282 0.0523296 0.057938 0.0638318 0.0699844 0.076364 0.0829337 0.0896526 0.0964752 0.103353 0.110234 0.117065 0.12379 0.130354 0.1367 0.142775 0.148523 0.153895 0.158842 0.163319 0.167286 0.170706 0.173548 0.175786 0.177399 0.178373 0.178699 0.178373 0.177399 0.175786 0.173548 0.170706 0.167286 0.163319 0.158842 0.153895 0.148523 0.142775 0.1367 0.130354 0.12379 0.117065 0.110234 0.103353 0.0964752 0.0896526 0.0829337 0.076364 0.0699844 0.0638318 0.057938 0.0523296 0.0470282 0.0420497 0.0374052 0.0331005 0.0291369 0.0255112 0.0222163 0.0192417 0.016574 0.0141977 0.0120951 0.0102475 0.0086356 0.00723964 0.00604019 0.00501839 0.00415634 0.0034374 0.00284641 0.00236988 0.0019962 0.00171572 0.00152084 0.00140612 
0.00160598 0.00165008 0.00178363 0.00201039 0.00233661 0.00277096 0.00332444 0.0040103 0.00484385 0.00584231 0.00702454 0.00841076 0.0100222 0.0118807 0.0140083 0.0164265 0.0191561 0.0222163 0.0256241 0.0293938 0.0335364 0.038059 0.042964 0.048249 0.0539062 0.0599221 0.0662775 0.0729473 0.0799003 0.0871 0.0945045 0.102067 0.109736 0.117457 0.125173 0.132823 0.140345 0.147679 0.154763 0.161536 0.16794 0.173919 0.17942 0.184395 0.1888 0.192596 0.195748 0.19823 0.200019 0.201098 0.201459 0.201098 0.200019 0.19823 0.195748 0.192596 0.1888 0.184395 0.17942 0.173919 0.16794 0.161536 0.154763 0.147679 0.140345 0.132823 0.125173 0.117457 0.109736 0.102067 0.0945045 0.0871 0.0799003 0.0729473 0.0662775 0.0599221 0.0539062 0.048249 0.042964 0.038059 0.0335364 0.0293938 0.0256241 0.0222163 0.0191561 0.0164265 0.0140083 0.0118807 0.0100222 0.00841076 0.00702454 0.00584231 0.00484385 0.0040103 0.00332444 0.00277096 0.00233661 0.00201039 0.00178363 0.00165008 
0.00187465 0.00192571 0.00208031 0.00234273 0.00272007 0.00322217 0.00386152 0.00465311 0.00561427 0.00676442 0.0081248 0.00971812 0.0115681 0.0136993 0.0161359 0.0189019 0.02202 0.0255112 0.0293938 0.033683 0.0383902 0.0435219 0.04908 0.0550603 0.0614528 0.0682412 0.0754026 0.0829077 0.0907207 0.0987997 0.107097 0.11556 0.124131 0.132749 0.141349 0.149866 0.158231 0.166376 0.174236 0.181742 0.188832 0.195446 0.201526 0.207021 0.211883 0.216069 0.219545 0.22228 0.22425 0.22544 0.225837 0.22544 0.22425 0.22228 0.219545 0.216069 0.211883 0.207021 0.201526 0.195446 0.188832 0.181742 0.174236 0.166376 0.158231 0.149866 0.141349 0.132749 0.124131 0.11556 0.107097 0.0987997 0.0907207 0.0829077 0.0754026 0.0682412 0.0614528 0.0550603 0.04908 0.0435219 0.0383902 0.033683 0.0293938 0.0255112 0.02202 0.0189019 0.0161359 0.0136993 0.0115681 0.00971812 0.0081248 0.00676442 0.00561427 0.00465311 0.00386152 0.00322217 0.00272007 0.00234273 0.00208031 0.00192571 
0.00217629 0.00223508 0.00241308 0.00271512 0.00314922 0.00372649 0.00446102 0.00536969 0.00647198 0.00778968 0.00934658 0.011168 0.0132805 0.0157109 0.0184863 0.021633 0.0251756 0.0291369 0.0335364 0.0383902 0.0437095 0.0495007 0.0557641 0.0624939 0.0696775 0.0772951 0.0853198 0.0937177 0.102448 0.111462 0.120707 0.130124 0.139648 0.149211 0.158742 0.168168 0.177416 0.18641 0.195077 0.203347 0.21115 0.218422 0.225102 0.231133 0.236466 0.241056 0.244864 0.24786 0.250017 0.251319 0.251754 0.251319 0.250017 0.24786 0.244864 0.241056 0.236466 0.231133 0.225102 0.218422 0.21115 0.203347 0.195077 0.18641 0.177416 0.168168 0.158742 0.149211 0.139648 0.130124 0.120707 0.111462 0.102448 0.0937177 0.0853198 0.0772951 0.0696775 0.0624939 0.0557641 0.0495007 0.0437095 0.0383902 0.0335364 0.0291369 0.0251756 0.021633 0.0184863 0.0157109 0.0132805 0.011168 0.00934658 0.00778968 0.00647198 0.00536969 0.00446102 0.00372649 0.00314922 0.00271512 0.00241308 0.00223508 
0.00251271 0.00258005 0.00278388 0.00312964 0.00362635 0.00428648 0.00512582 0.00616328 0.00742064 0.00892222 0.0106945 0.0127655 0.0151647 0.0179217 0.0210661 0.0246266 0.02863 0.0331005 0.038059 0.0435219 0.0495007 0.0560006 0.0630208 0.0705529 0.0785814 0.0870827 0.0960255 0.105371 0.115071 0.125074 0.135317 0.145736 0.156259 0.166811 0.177313 0.187687 0.19785 0.207723 0.217226 0.226283 0.23482 0.242768 0.250062 0.256643 0.262458 0.267459 0.271606 0.274867 0.277215 0.278631 0.279104 0.278631 0.277215 0.274867 0.271606 0.267459 0.262458 0.256643 0.250062 0.242768 0.23482 0.226283 0.217226 0.207723 0.19785 0.187687 0.177313 0.166811 0.156259 0.145736 0.135317 0.125074 0.115071 0.105371 0.0960255 0.0870827 0.0785814 0.0705529 0.0630208 0.0560006 0.0495007 0.0435219 0.038059 0.0331005 0.02863 0.0246266 0.0210661 0.0179217 0.0151647 0.0127655 0.0106945 0.00892222 0.00742064 0.00616328 0.00512582 0.00428648 0.00362635 0.00312964 0.00278388 0.00258005 
0.00288547 0.00296218 0.00319435 0.00358806 0.00415338 0.00490423 0.00585823 0.00703644 0.00846307 0.0101651 0.0121718 0.0145142 0.0172246 0.0203355 0.0238791 0.0278865 0.0323866 0.0374052 0.042964 0.04908 0.0557641 0.0630208 0.0708471 0.0792321 0.0881567 0.0975932 0.107505 0.117848 0.128569 0.139606 0.150894 0.162358 0.17392 0.185498 0.197005 0.208356 0.219462 0.230238 0.240597 0.250459 0.259745 0.268381 0.276299 0.283437 0.289739 0.295155 0.299645 0.303173 0.305712 0.307243 0.307755 0.307243 0.305712 0.303173 0.299645 0.295155 0.289739 0.283437 0.276299 0.268381 0.259745 0.250459 0.240597 0.230238 0.219462 0.208356 0.197005 0.185498 0.17392 0.162358 0.150894 0.139606 0.128569 0.117848 0.107505 0.0975932 0.0881567 0.0792321 0.0708471 0.0630208 0.0557641 0.04908 0.042964 0.0374052 0.0323866 0.0278865 0.0238791 0.0203355 0.0172246 0.0145142 0.0121718 0.0101651 0.00846307 0.00703644 0.00585823 0.00490423 0.00415338 0.00358806 0.00319435 0.00296218 
0.00329578 0.0033827 0.00364575 0.00409168 0.00473168 0.00558122 0.00665984 0.00799086 0.00960105 0.0115202 0.0137805 0.016416 0.0194619 0.0229537 0.0269264 0.0314133 0.0364454 0.0420497 0.048249 0.0550603 0.0624939 0.0705529 0.0792321 0.0885175 0.0983859 0.108805 0.119733 0.131119 0.142903 0.155018 0.167389 0.179935 0.192569 0.205202 0.217741 0.230093 0.242162 0.253856 0.265085 0.275762 0.285804 0.295133 0.303679 0.311375 0.318165 0.323997 0.328829 0.332623 0.335353 0.337 0.33755 0.337 0.335353 0.332623 0.328829 0.323997 0.318165 0.311375 0.303679 0.295133 0.285804 0.275762 0.265085 0.253856 0.242162 0.230093 0.217741 0.205202 0.192569 0.179935 0.167389 0.155018 0.142903 0.131119 0.119733 0.108805 0.0983859 0.0885175 0.0792321 0.0705529 0.0624939 0.0550603 0.048249 0.0420497 0.0364454 0.0314133 0.0269264 0.0229537 0.0194619 0.016416 0.0137805 0.0115202 0.00960105 0.00799086 0.00665984 0.00558122 0.00473168 0.00409168 0.00364575 0.0033827 
0.0037444 0.00384239 0.00413886 0.0046413 0.00536207 0.00631827 0.00753143 0.00902726 0.0108352 0.0129879 0.0155206 0.0184705 0.0218759 0.0257752 0.030206 0.0352039 0.0408018 0.0470282 0.0539062 0.0614528 0.0696775 0.0785814 0.0881567 0.0983859 0.109241 0.120686 0.132671 0.14514 0.158025 0.171252 0.184739 0.198395 0.212127 0.225838 0.239427 0.252794 0.265837 0.278459 0.290562 0.302057 0.312855 0.322877 0.332047 0.340299 0.347573 0.353816 0.358984 0.363042 0.36596 0.367719 0.368307 0.367719 0.36596 0.363042 0.358984 0.353816 0.347573 0.340299 0.332047 0.322877 0.312855 0.302057 0.290562 0.278459 0.265837 0.252794 0.239427 0.225838 0.212127 0.198395 0.184739 0.171252 0.158025 0.14514 0.132671 0.120686 0.109241 0.0983859 0.0881567 0.0785814 0.0696775 0.0614528 0.0539062 0.0470282 0.0408018 0.0352039 0.030206 0.0257752 0.0218759 0.0184705 0.0155206 0.0129879 0.0108352 0.00902726 0.00753143 0.00631827 0.00536207 0.0046413 0.00413886 0.00384239 
0.00423165 0.00434154 0.00467395 0.00523713 0.00604468 0.00711537 0.00847284 0.0101453 0.0121648 0.0145672 0.0173907 0.0206757 0.0244636 0.0287958 0.0337124 0.0392514 0.0454473 0.0523296 0.0599221 0.0682412 0.0772951 0.0870827 0.0975932 0.108805 0.120686 0.133192 0.14627 0.159854 0.173872 0.188238 0.202864 0.217652 0.2325 0.247302 0.261951 0.276339 0.29036 0.303909 0.316884 0.329191 0.340739 0.351444 0.36123 0.370027 0.377775 0.384421 0.389919 0.394233 0.397335 0.399204 0.399828 0.399204 0.397335 0.394233 0.389919 0.384421 0.377775 0.370027 0.36123 0.351444 0.340739 0.329191 0.316884 0.303909 0.29036 0.276339 0.261951 0.247302 0.2325 0.217652 0.202864 0.188238 0.173872 0.159854 0.14627 0.133192 0.120686 0.108805 0.0975932 0.0870827 0.0772951 0.0682412 0.0599221 0.0523296 0.0454473 0.0392514 0.0337124 0.0287958 0.0244636 0.0206757 0.0173907 0.0145672 0.0121648 0.0101453 0.00847284 0.00711537 0.00604468 0.00523713 0.00467395 0.00434154 
0.00475728 0.00487988 0.00525069 0.00587873 0.00677888 0.00797166 0.00948289 0.0113433 0.0135878 0.0162552 0.0193871 0.0230269 0.0272192 0.0320081 0.0374366 0.0435447 0.0503683 0.057938 0.0662775 0.0754026 0.0853198 0.0960255 0.107505 0.119733 0.132671 0.14627 0.160468 0.175194 0.190366 0.205892 0.221674 0.237605 0.253577 0.269475 0.285185 0.300593 0.315585 0.330052 0.343889 0.356995 0.369278 0.380652 0.391037 0.400365 0.408573 0.415607 0.421423 0.425984 0.429262 0.431237 0.431897 0.431237 0.429262 0.425984 0.421423 0.415607 0.408573 0.400365 0.391037 0.380652 0.369278 0.356995 0.343889 0.330052 0.315585 0.300593 0.285185 0.269475 0.253577 0.237605 0.221674 0.205892 0.190366 0.175194 0.160468 0.14627 0.132671 0.119733 0.107505 0.0960255 0.0853198 0.0754026 0.0662775 0.057938 0.0503683 0.0435447 0.0374366 0.0320081 0.0272192 0.0230269 0.0193871 0.0162552 0.0135878 0.0113433 0.00948289 0.00797166 0.00677888 0.00587873 0.00525069 0.00487988 
0.00532045 0.00545654 0.00586809 0.00656492 0.00756323 0.00888534 0.0105593 0.0126184 0.0151005 0.0180475 0.0215041 0.0255171 0.030134 0.0354019 0.0413661 0.0480686 0.0555468 0.0638318 0.0729473 0.0829077 0.0937177 0.105371 0.117848 0.131119 0.14514 0.159854 0.175194 0.19108 0.207421 0.224117 0.241061 0.25814 0.275235 0.292225 0.308988 0.325403 0.341353 0.356722 0.3714 0.385286 0.398282 0.410302 0.421266 0.431103 0.439751 0.447157 0.453276 0.458072 0.461518 0.463593 0.464286 0.463593 0.461518 0.458072 0.453276 0.447157 0.439751 0.431103 0.421266 0.410302 0.398282 0.385286 0.3714 0.356722 0.341353 0.325403 0.308988 0.292225 0.275235 0.25814 0.241061 0.224117 0.207421 0.19108 0.175194 0.159854 0.14514 0.131119 0.117848 0.105371 0.0937177 0.0829077 0.0729473 0.0638318 0.0555468 0.0480686 0.0413661 0.0354019 0.030134 0.0255171 0.0215041 0.0180475 0.0151005 0.0126184 0.0105593 0.00888534 0.00756323 0.00656492 0.00586809 0.00545654 
0.00591966 0.00606996 0.00652445 0.00729375 0.00839541 0.00985358 0.0116986 0.0139663 0.0166977 0.0199376 0.0237339 0.0281367 0.0331965 0.0389632 0.0454843 0.0528037 0.0609599 0.0699844 0.0799003 0.0907207 0.102448 0.115071 0.128569 0.142903 0.158025 0.173872 0.190366 0.207421 0.224937 0.242805 0.260911 0.279131 0.297339 0.315408 0.333207 0.350611 0.367495 0.38374 0.399233 0.41387 0.427552 0.44019 0.451704 0.462025 0.471089 0.478845 0.485249 0.490266 0.493868 0.496037 0.496761 0.496037 0.493868 0.490266 0.485249 0.478845 0.471089 0.462025 0.451704 0.44019 0.427552 0.41387 0.399233 0.38374 0.367495 0.350611 0.333207 0.315408 0.297339 0.279131 0.260911 0.242805 0.224937 0.207421 0.190366 0.173872 0.158025 0.142903 0.128569 0.115071 0.102448 0.0907207 0.0799003 0.0699844 0.0609599 0.0528037 0.0454843 0.0389632 0.0331965 0.0281367 0.0237339 0.0199376 0.0166977 0.0139663 0.0116986 0.00985358 0.00839541 0.00729375 0.00652445 0.00606996 
0.00655274 0.00671793 0.00721734 0.00806246 0.00927219 0.0108725 0.0128961 0.0153815 0.0183725 0.0219171 0.0260665 0.0308738 0.0363924 0.042675 0.0497711 0.0577264 0.0665802 0.076364 0.0871 0.0987997 0.111462 0.125074 0.139606 0.155018 0.171252 0.188238 0.205892 0.224117 0.242805 0.26184 0.281096 0.300443 0.319747 0.338871 0.357682 0.376045 0.393832 0.410921 0.427196 0.442549 0.456881 0.470103 0.482136 0.492909 0.502362 0.510444 0.517112 0.522332 0.526079 0.528335 0.529088 0.528335 0.526079 0.522332 0.517112 0.510444 0.502362 0.492909 0.482136 0.470103 0.456881 0.442549 0.427196 0.410921 0.393832 0.376045 0.357682 0.338871 0.319747 0.300443 0.281096 0.26184 0.242805 0.224117 0.205892 0.188238 0.171252 0.155018 0.139606 0.125074 0.111462 0.0987997 0.0871 0.076364 0.0665802 0.0577264 0.0497711 0.042675 0.0363924 0.0308738 0.0260665 0.0219171 0.0183725 0.0153815 0.0128961 0.0108725 0.00927219 0.00806246 0.00721734 0.00671793 
0.00721682 0.00739748 0.00794359 0.00886747 0.0101894 0.0119373 0.014146 0.0168568 0.0201164 0.0239759 0.0284897 0.0337137 0.0397045 0.046517 0.054203 0.0628092 0.0723757 0.0829337 0.0945045 0.107097 0.120707 0.135317 0.150894 0.167389 0.184739 0.202864 0.221674 0.241061 0.260911 0.281096 0.301484 0.321934 0.342306 0.362457 0.382244 0.401531 0.420184 0.438077 0.455092 0.47112 0.486063 0.499831 0.512344 0.523536 0.533346 0.541726 0.548635 0.554041 0.557919 0.560253 0.561032 0.560253 0.557919 0.554041 0.548635 0.541726 0.533346 0.523536 0.512344 0.499831 0.486063 0.47112 0.455092 0.438077 0.420184 0.401531 0.382244 0.362457 0.342306 0.321934 0.301484 0.281096 0.260911 0.241061 0.221674 0.202864 0.184739 0.167389 0.150894 0.135317 0.120707 0.107097 0.0945045 0.0829337 0.0723757 0.0628092 0.054203 0.046517 0.0397045 0.0337137 0.0284897 0.0239759 0.0201164 0.0168568 0.014146 0.0119373 0.0101894 0.00886747 0.00794359 0.00739748 
0.0079083 0.00810493 0.00869923 0.00970436 0.011142 0.0130418 0.0154411 0.0183838 0.0219193 0.026102 0.0309891 0.0366397 0.0431129 0.050466 0.0587526 0.0680206 0.0783103 0.0896526 0.102067 0.11556 0.130124 0.145736 0.162358 0.179935 0.198395 0.217652 0.237605 0.25814 0.279131 0.300443 0.321934 0.343457 0.364863 0.386001 0.406725 0.426892 0.446366 0.465017 0.482727 0.499385 0.514893 0.529163 0.542117 0.55369 0.563824 0.572472 0.579597 0.585168 0.589163 0.591566 0.592368 0.591566 0.589163 0.585168 0.579597 0.572472 0.563824 0.55369 0.542117 0.529163 0.514893 0.499385 0.482727 0.465017 0.446366 0.426892 0.406725 0.386001 0.364863 0.343457 0.321934 0.300443 0.279131 0.25814 0.237605 0.217652 0.198395 0.179935 0.162358 0.145736 0.130124 0.11556 0.102067 0.0896526 0.0783103 0.0680206 0.0587526 0.050466 0.0431129 0.0366397 0.0309891 0.026102 0.0219193 0.0183838 0.0154411 0.0130418 0.011142 0.00970436 0.00869923 0.00810493 
0.00862291 0.0088359 0.00947956 0.0105679 0.0121239 0.0141792 0.0167733 0.0199526 0.0237696 0.0282815 0.0335484 0.0396324 0.0465951 0.0544958 0.0633898 0.0733258 0.0843443 0.0964752 0.109736 0.124131 0.139648 0.156259 0.17392 0.192569 0.212127 0.2325 0.253577 0.275235 0.297339 0.319747 0.342306 0.364863 0.387259 0.409341 0.430954 0.451953 0.472197 0.491556 0.509909 0.527148 0.543173 0.557899 0.57125 0.583164 0.593585 0.602471 0.609785 0.615501 0.619598 0.622061 0.622883 0.622061 0.619598 0.615501 0.609785 0.602471 0.593585 0.583164 0.57125 0.557899 0.543173 0.527148 0.509909 0.491556 0.472197 0.451953 0.430954 0.409341 0.387259 0.364863 0.342306 0.319747 0.297339 0.275235 0.253577 0.2325 0.212127 0.192569 0.17392 0.156259 0.139648 0.124131 0.109736 0.0964752 0.0843443 0.0733258 0.0633898 0.0544958 0.0465951 0.0396324 0.0335484 0.0282815 0.0237696 0.0199526 0.0167733 0.0141792 0.0121239 0.0105679 0.00947956 0.0088359 
0.00935569 0.00958531 0.0102791 0.011452 0.0131283 0.0153415 0.0181331 0.0215523 0.0256543 0.030499 0.0361496 0.0426707 0.0501263 0.0585777 0.0680815 0.0786871 0.0904346 0.103353 0.117457 0.132749 0.149211 0.166811 0.185498 0.205202 0.225838 0.247302 0.269475 0.292225 0.315408 0.338871 0.362457 0.386001 0.409341 0.432314 0.454765 0.476541 0.497501 0.517513 0.536456 0.554222 0.570713 0.585847 0.599551 0.611764 0.622436 0.631527 0.639004 0.644844 0.649027 0.651541 0.65238 0.651541 0.649027 0.644844 0.639004 0.631527 0.622436 0.611764 0.599551 0.585847 0.570713 0.554222 0.536456 0.517513 0.497501 0.476541 0.454765 0.432314 0.409341 0.386001 0.362457 0.338871 0.315408 0.292225 0.269475 0.247302 0.225838 0.205202 0.185498 0.166811 0.149211 0.132749 0.117457 0.103353 0.0904346 0.0786871 0.0680815 0.0585777 0.0501263 0.0426707 0.0361496 0.030499 0.0256543 0.0215523 0.0181331 0.0153415 0.0131283 0.011452 0.0102791 0.00958531 
0.010101 0.0103474 0.0110919 0.0123501 0.0141476 0.0165197 0.0195102 0.0231707 0.0275589 0.0327376 0.0387728 0.0457314 0.0536797 0.0626808 0.0727923 0.0840639 0.0965353 0.110234 0.125173 0.141349 0.158742 0.177313 0.197005 0.217741 0.239427 0.261951 0.285185 0.308988 0.333207 0.357682 0.382244 0.406725 0.430954 0.454765 0.477995 0.500491 0.522109 0.542717 0.562194 0.580432 0.597338 0.61283 0.626841 0.639312 0.650198 0.659462 0.667075 0.673016 0.67727 0.679827 0.680679 0.679827 0.67727 0.673016 0.667075 0.659462 0.650198 0.639312 0.626841 0.61283 0.597338 0.580432 0.562194 0.542717 0.522109 0.500491 0.477995 0.454765 0.430954 0.406725 0.382244 0.357682 0.333207 0.308988 0.285185 0.261951 0.239427 0.217741 0.197005 0.177313 0.158742 0.141349 0.125173 0.110234 0.0965353 0.0840639 0.0727923 0.0626808 0.0536797 0.0457314 0.0387728 0.0327376 0.0275589 0.0231707 0.0195102 0.0165197 0.0141476 0.0123501 0.0110919 0.0103474 
0.0108528 0.011116 0.0119111 0.0132546 0.0151733 0.0177043 0.0208934 0.0247944 0.029468 0.0349793 0.0413968 0.04879 0.057227 0.0667724 0.0774847 0.0894138 0.102599 0.117065 0.132823 0.149866 0.168168 0.187687 0.208356 0.230093 0.252794 0.276339 0.300593 0.325403 0.350611 0.376045 0.401531 0.426892 0.451953 0.476541 0.500491 0.523647 0.545864 0.567008 0.586961 0.605617 0.622885 0.638687 0.652959 0.665647 0.67671 0.686115 0.693838 0.699861 0.704171 0.70676 0.707624 0.70676 0.704171 0.699861 0.693838 0.686115 0.67671 0.665647 0.652959 0.638687 0.622885 0.605617 0.586961 0.567008 0.545864 0.523647 0.500491 0.476541 0.451953 0.426892 0.401531 0.376045 0.350611 0.325403 0.300593 0.276339 0.252794 0.230093 0.208356 0.187687 0.168168 0.149866 0.132823 0.117065 0.102599 0.0894138 0.0774847 0.0667724 0.057227 0.04879 0.0413968 0.0349793 0.029468 0.0247944 0.0208934 0.0177043 0.0151733 0.0132546 0.0119111 0.011116 
0.0116043 0.0118842 0.0127296 0.0141576 0.0161965 0.0188848 0.0222705 0.0264097 0.0313652 0.0372049 0.0439995 0.0518207 0.0607384 0.0708184 0.08212 0.0946928 0.108575 0.12379 0.140345 0.158231 0.177416 0.19785 0.219462 0.242162 0.265837 0.29036 0.315585 0.341353 0.367495 0.393832 0.420184 0.446366 0.472197 0.497501 0.522109 0.545864 0.568619 0.590241 0.610613 0.629633 0.647211 0.663274 0.677763 0.690628 0.701833 0.71135 0.719158 0.725242 0.729594 0.732207 0.733079 0.732207 0.729594 0.725242 0.719158 0.71135 0.701833 0.690628 0.677763 0.663274 0.647211 0.629633 0.610613 0.590241 0.568619 0.545864 0.522109 0.497501 0.472197 0.446366 0.420184 0.393832 0.367495 0.341353 0.315585 0.29036 0.265837 0.242162 0.219462 0.19785 0.177416 0.158231 0.140345 0.12379 0.108575 0.0946928 0.08212 0.0708184 0.0607384 0.0518207 0.0439995 0.0372049 0.0313652 0.0264097 0.0222705 0.0188848 0.0161965 0.0141576 0.0127296 0.0118842 
0.0123486 0.0126448 0.0135396 0.0150507 0.0172077 0.0200505 0.0236291 0.0280017 0.0332334 0.0393944 0.0465577 0.0547967 0.0641831 0.0747839 0.0866584 0.0998562 0.114414 0.130354 0.147679 0.166376 0.18641 0.207723 0.230238 0.253856 0.278459 0.303909 0.330052 0.356722 0.38374 0.410921 0.438077 0.465017 0.491556 0.517513 0.542717 0.567008 0.590241 0.612283 0.633019 0.652349 0.670188 0.686467 0.701131 0.714136 0.72545 0.735049 0.742918 0.749047 0.753427 0.756057 0.756934 0.756057 0.753427 0.749047 0.742918 0.735049 0.72545 0.714136 0.701131 0.686467 0.670188 0.652349 0.633019 0.612283 0.590241 0.567008 0.542717 0.517513 0.491556 0.465017 0.438077 0.410921 0.38374 0.356722 0.330052 0.303909 0.278459 0.253856 0.230238 0.207723 0.18641 0.166376 0.147679 0.130354 0.114414 0.0998562 0.0866584 0.0747839 0.0641831 0.0547967 0.0465577 0.0393944 0.0332334 0.0280017 0.0236291 0.0200505 0.0172077 0.0150507 0.0135396 0.0126448 
0.0130781 0.0133903 0.0143332 0.0159253 0.0181971 0.0211902 0.0249562 0.0295555 0.0350552 0.0415277 0.0490478 0.0576911 0.0675303 0.0786333 0.0910599 0.104859 0.120066 0.1367 0.154763 0.174236 0.195077 0.217226 0.240597 0.265085 0.290562 0.316884 0.343889 0.3714 0.399233 0.427196 0.455092 0.482727 0.509909 0.536456 0.562194 0.586961 0.610613 0.633019 0.654065 0.673655 0.691709 0.708161 0.722961 0.736071 0.747463 0.75712 0.765029 0.771184 0.775582 0.778221 0.7791 0.778221 0.775582 0.771184 0.765029 0.75712 0.747463 0.736071 0.722961 0.708161 0.691709 0.673655 0.654065 0.633019 0.610613 0.586961 0.562194 0.536456 0.509909 0.482727 0.455092 0.427196 0.399233 0.3714 0.343889 0.316884 0.290562 0.265085 0.240597 0.217226 0.195077 0.174236 0.154763 0.1367 0.120066 0.104859 0.0910599 0.0786333 0.0675303 0.0576911 0.0490478 0.0415277 0.0350552 0.0295555 0.0249562 0.0211902 0.0181971 0.0159253 0.0143332 0.0133903 
0.0137855 0.0141131 0.0151023 0.0167723 0.0191547 0.0222924 0.0262387 0.0310557 0.0368128 0.0435841 0.0514463 0.0604765 0.0707488 0.0823315 0.0952847 0.109656 0.125481 0.142775 0.161536 0.181742 0.203347 0.226283 0.250459 0.275762 0.302057 0.329191 0.356995 0.385286 0.41387 0.442549 0.47112 0.499385 0.527148 0.554222 0.580432 0.605617 0.629633 0.652349 0.673655 0.693459 0.711684 0.72827 0.743171 0.756355 0.767799 0.77749 0.78542 0.791588 0.795992 0.798634 0.799514 0.798634 0.795992 0.791588 0.78542 0.77749 0.767799 0.756355 0.743171 0.72827 0.711684 0.693459 0.673655 0.652349 0.629633 0.605617 0.580432 0.554222 0.527148 0.499385 0.47112 0.442549 0.41387 0.385286 0.356995 0.329191 0.302057 0.275762 0.250459 0.226283 0.203347 0.181742 0.161536 0.142775 0.125481 0.109656 0.0952847 0.0823315 0.0707488 0.0604765 0.0514463 0.0435841 0.0368128 0.0310557 0.0262387 0.0222924 0.0191547 0.0167723 0.0151023 0.0141131 
