0.00303606 0.00306718 0.00316073 0.00331724 0.00353756 0.00382289 0.00417467 0.00459461 0.00508459 0.00564663 0.00628284 0.00699529 0.007786 0.00865684 0.00960943 0.0106451 0.0117647 0.0129688 0.0142571 0.015629 0.017083 0.0186168 0.0202275 0.0219111 0.023663 0.0254774 0.0273479 0.029267 0.0312263 0.0332168 0.0352286 0.037251 0.0392728 0.0412824 0.0432674 0.0452155 0.047114 0.0489501 0.0507112 0.0523849 0.0539592 0.0554226 0.0567639 0.0579733 0.0590412 0.0599595 0.060721 0.0613197 0.0617507 0.0620107 0.0620976 0.0620107 0.0617507 0.0613197 0.060721 0.0599595 0.0590412 0.0579733 0.0567639 0.0554226 0.0539592 0.0523849 0.0507112 0.0489501 0.047114 0.0452155 0.0432674 0.0412824 0.0392728 0.037251 0.0352286 0.0332168 0.0312263 0.029267 0.0273479 0.0254774 0.023663 0.0219111 0.0202275 0.0186168 0.017083 0.015629 0.0142571 0.0129688 0.0117647 0.0106451 0.00960943 0.00865684 0.007786 0.00699529 0.00628284 0.00564663 0.00508459 0.00459461 0.00417467 0.00382289 0.00353756 0.00331724 0.00316073 0.00306718 
0.00306718 0.0030986 0.00319302 0.00335099 0.00357336 0.00386133 0.00421637 0.00464018 0.00513466 0.00570184 0.00634383 0.00706272 0.00786054 0.00873916 0.00970021 0.010745 0.0118745 0.013089 0.0143885 0.0157721 0.0172384 0.0187852 0.0204094 0.0221071 0.0238734 0.0257028 0.0275885 0.0295231 0.0314982 0.0335046 0.0355323 0.0375706 0.0396083 0.0416335 0.0436339 0.045597 0.04751 0.0493601 0.0511346 0.052821 0.0544071 0.0558814 0.0572328 0.0584511 0.0595269 0.060452 0.0612192 0.0618222 0.0622564 0.0625184 0.0626059 0.0625184 0.0622564 0.0618222 0.0612192 0.060452 0.0595269 0.0584511 0.0572328 0.0558814 0.0544071 0.052821 0.0511346 0.0493601 0.04751 0.045597 0.0436339 0.0416335 0.0396083 0.0375706 0.0355323 0.0335046 0.0314982 0.0295231 0.0275885 0.0257028 0.0238734 0.0221071 0.0204094 0.0187852 0.0172384 0.0157721 0.0143885 0.013089 0.0118745 0.010745 0.00970021 0.00873916 0.00786054 0.00706272 0.00634383 0.00570184 0.00513466 0.00464018 0.00421637 0.00386133 0.00357336 0.00335099 0.00319302 0.0030986 
0.00316073 0.00319302 0.00329007 0.00345242 0.00368095 0.00397688 0.0043417 0.00477713 0.00528512 0.00586773 0.00652709 0.00726532 0.00808449 0.00898647 0.0099729 0.0110451 0.012204 0.01345 0.0147828 0.0162018 0.0177053 0.019291 0.0209557 0.0226955 0.0245053 0.0263794 0.0283109 0.0302921 0.0323144 0.0343685 0.0364441 0.0385303 0.0406155 0.0426876 0.0447341 0.0467422 0.0486988 0.0505908 0.0524053 0.0541296 0.0557512 0.0572583 0.0586397 0.059885 0.0609846 0.0619301 0.0627141 0.0633303 0.0637741 0.0640417 0.0641312 0.0640417 0.0637741 0.0633303 0.0627141 0.0619301 0.0609846 0.059885 0.0586397 0.0572583 0.0557512 0.0541296 0.0524053 0.0505908 0.0486988 0.0467422 0.0447341 0.0426876 0.0406155 0.0385303 0.0364441 0.0343685 0.0323144 0.0302921 0.0283109 0.0263794 0.0245053 0.0226955 0.0209557 0.019291 0.0177053 0.0162018 0.0147828 0.01345 0.012204 0.0110451 0.0099729 0.00898647 0.00808449 0.00726532 0.00652709 0.00586773 0.00528512 0.00477713 0.0043417 0.00397688 0.00368095 0.00345242 0.00329007 0.00319302 
0.00331724 0.00335099 0.00345242 0.00362209 0.00386092 0.00417014 0.00455129 0.00500615 0.00553671 0.00614508 0.00683344 0.00760398 0.00845878 0.00939976 0.0104286 0.0115466 0.0127546 0.0140531 0.0154417 0.0169196 0.018485 0.0201357 0.0218681 0.023678 0.0255604 0.027509 0.0295168 0.0315757 0.0336769 0.0358105 0.0379659 0.0401318 0.0422962 0.0444465 0.0465698 0.0486528 0.050682 0.0526439 0.0545251 0.0563125 0.0579932 0.059555 0.0609864 0.0622766 0.0634158 0.0643952 0.0652072 0.0658455 0.0663051 0.0665823 0.0666749 0.0665823 0.0663051 0.0658455 0.0652072 0.0643952 0.0634158 0.0622766 0.0609864 0.059555 0.0579932 0.0563125 0.0545251 0.0526439 0.050682 0.0486528 0.0465698 0.0444465 0.0422962 0.0401318 0.0379659 0.0358105 0.0336769 0.0315757 0.0295168 0.027509 0.0255604 0.023678 0.0218681 0.0201357 0.018485 0.0169196 0.0154417 0.0140531 0.0127546 0.0115466 0.0104286 0.00939976 0.00845878 0.00760398 0.00683344 0.00614508 0.00553671 0.00500615 0.00455129 0.00417014 0.00386092 0.00362209 0.00345242 0.00335099 
0.00353756 0.00357336 0.00368095 0.00386092 0.0041142 0.00444209 0.00484619 0.00532833 0.00589059 0.00653514 0.00726424 0.00808013 0.00898497 0.0099807 0.011069 0.0122512 0.0135282 0.0149003 0.0163671 0.0179276 0.0195801 0.0213217 0.023149 0.0250573 0.0270413 0.0290944 0.0312091 0.0333769 0.0355884 0.0378334 0.0401005 0.042378 0.0446532 0.046913 0.0491438 0.0513317 0.0534625 0.0555222 0.0574967 0.0593723 0.0611356 0.062774 0.0642752 0.0656282 0.0668227 0.0678495 0.0687008 0.0693699 0.0698516 0.0701422 0.0702393 0.0701422 0.0698516 0.0693699 0.0687008 0.0678495 0.0668227 0.0656282 0.0642752 0.062774 0.0611356 0.0593723 0.0574967 0.0555222 0.0534625 0.0513317 0.0491438 0.046913 0.0446532 0.042378 0.0401005 0.0378334 0.0355884 0.0333769 0.0312091 0.0290944 0.0270413 0.0250573 0.023149 0.0213217 0.0195801 0.0179276 0.0163671 0.0149003 0.0135282 0.0122512 0.011069 0.0099807 0.00898497 0.00808013 0.00726424 0.00653514 0.00589059 0.00532833 0.00484619 0.00444209 0.0041142 0.00386092 0.00368095 0.00357336 
0.00382289 0.00386133 0.00397688 0.00417014 0.00444209 0.0047941 0.00522782 0.0057452 0.00634837 0.00703963 0.00782131 0.00869573 0.00966513 0.0107315 0.0118966 0.0131616 0.0145275 0.0159945 0.0175621 0.0192291 0.0209935 0.0228524 0.0248019 0.0268369 0.0289518 0.0311393 0.0333916 0.0356995 0.038053 0.0404411 0.042852 0.0452729 0.0476906 0.0500911 0.0524599 0.0547825 0.0570438 0.0592291 0.0613234 0.0633123 0.0651818 0.0669183 0.0685093 0.0699428 0.0712082 0.0722959 0.0731975 0.0739062 0.0744163 0.074724 0.0748268 0.074724 0.0744163 0.0739062 0.0731975 0.0722959 0.0712082 0.0699428 0.0685093 0.0669183 0.0651818 0.0633123 0.0613234 0.0592291 0.0570438 0.0547825 0.0524599 0.0500911 0.0476906 0.0452729 0.042852 0.0404411 0.038053 0.0356995 0.0333916 0.0311393 0.0289518 0.0268369 0.0248019 0.0228524 0.0209935 0.0192291 0.0175621 0.0159945 0.0145275 0.0131616 0.0118966 0.0107315 0.00966513 0.00869573 0.00782131 0.00703963 0.00634837 0.0057452 0.00522782 0.0047941 0.00444209 0.00417014 0.00397688 0.00386133 
0.00417467 0.00421637 0.0043417 0.00455129 0.00484619 0.00522782 0.00569795 0.00625861 0.00691205 0.00766066 0.0085069 0.00945319 0.0105018 0.0116549 0.0129141 0.0142808 0.0157557 0.017339 0.0190302 0.0208277 0.0227294 0.0247319 0.0268309 0.0290211 0.031296 0.0336481 0.0360687 0.0385479 0.041075 0.0436382 0.0462247 0.0488209 0.0514126 0.0539849 0.0565224 0.0590094 0.0614301 0.0637685 0.066009 0.0681362 0.070135 0.0719914 0.0736917 0.0752235 0.0765754 0.0777373 0.0787003 0.0794571 0.0800019 0.0803304 0.0804403 0.0803304 0.0800019 0.0794571 0.0787003 0.0777373 0.0765754 0.0752235 0.0736917 0.0719914 0.070135 0.0681362 0.066009 0.0637685 0.0614301 0.0590094 0.0565224 0.0539849 0.0514126 0.0488209 0.0462247 0.0436382 0.041075 0.0385479 0.0360687 0.0336481 0.031296 0.0290211 0.0268309 0.0247319 0.0227294 0.0208277 0.0190302 0.017339 0.0157557 0.0142808 0.0129141 0.0116549 0.0105018 0.00945319 0.0085069 0.00766066 0.00691205 0.00625861 0.00569795 0.00522782 0.00484619 0.00455129 0.0043417 0.00421637 
0.00459461 0.00464018 0.00477713 0.00500615 0.00532833 0.0057452 0.00625861 0.00687071 0.00758389 0.00840066 0.0093236 0.0103552 0.011498 0.0127539 0.0141249 0.0156122 0.0172164 0.0189378 0.0207754 0.0227276 0.0247919 0.0269645 0.0292407 0.0316145 0.034079 0.0366258 0.0392454 0.0419272 0.0446595 0.0474296 0.0502235 0.0530268 0.055824 0.0585991 0.0613356 0.0640167 0.0666253 0.0691445 0.0715573 0.0738474 0.0759989 0.0779964 0.0798256 0.0814731 0.082927 0.0841762 0.0852115 0.0860251 0.0866106 0.0869638 0.0870818 0.0869638 0.0866106 0.0860251 0.0852115 0.0841762 0.082927 0.0814731 0.0798256 0.0779964 0.0759989 0.0738474 0.0715573 0.0691445 0.0666253 0.0640167 0.0613356 0.0585991 0.055824 0.0530268 0.0502235 0.0474296 0.0446595 0.0419272 0.0392454 0.0366258 0.034079 0.0316145 0.0292407 0.0269645 0.0247919 0.0227276 0.0207754 0.0189378 0.0172164 0.0156122 0.0141249 0.0127539 0.011498 0.0103552 0.0093236 0.00840066 0.00758389 0.00687071 0.00625861 0.0057452 0.00532833 0.00500615 0.00477713 0.00464018 
0.00508459 0.00513466 0.00528512 0.00553671 0.00589059 0.00634837 0.00691205 0.00758389 0.00836642 0.0092623 0.0102742 0.0114049 0.0126568 0.0140321 0.0155326 0.0171596 0.0189137 0.0207949 0.0228021 0.0249333 0.0271857 0.0295551 0.0320361 0.0346222 0.0373056 0.0400772 0.0429267 0.0458424 0.0488115 0.0518201 0.0548533 0.0578953 0.0609293 0.0639381 0.0669038 0.0698083 0.0726332 0.0753603 0.0779715 0.0804491 0.0827759 0.0849357 0.0869131 0.0886937 0.0902647 0.0916143 0.0927327 0.0936114 0.0942438 0.0946252 0.0947526 0.0946252 0.0942438 0.0936114 0.0927327 0.0916143 0.0902647 0.0886937 0.0869131 0.0849357 0.0827759 0.0804491 0.0779715 0.0753603 0.0726332 0.0698083 0.0669038 0.0639381 0.0609293 0.0578953 0.0548533 0.0518201 0.0488115 0.0458424 0.0429267 0.0400772 0.0373056 0.0346222 0.0320361 0.0295551 0.0271857 0.0249333 0.0228021 0.0207949 0.0189137 0.0171596 0.0155326 0.0140321 0.0126568 0.0114049 0.0102742 0.0092623 0.00836642 0.00758389 0.00691205 0.00634837 0.00589059 0.00553671 0.00528512 0.00513466 
0.00564663 0.00570184 0.00586773 0.00614508 0.00653514 0.00703963 0.00766066 0.00840066 0.0092623 0.0102484 0.0113618 0.0126054 0.0139816 0.0154928 0.0171409 0.0189269 0.0208516 0.0229146 0.0251146 0.0274494 0.0299155 0.0325084 0.035222 0.038049 0.0409809 0.0440075 0.0471175 0.0502982 0.0535355 0.0568144 0.0601185 0.0634305 0.0667324 0.0700055 0.0732303 0.0763873 0.0794566 0.0824186 0.0852537 0.0879429 0.0904677 0.0928106 0.0949551 0.0968859 0.0985889 0.100052 0.101264 0.102216 0.102901 0.103314 0.103452 0.103314 0.102901 0.102216 0.101264 0.100052 0.0985889 0.0968859 0.0949551 0.0928106 0.0904677 0.0879429 0.0852537 0.0824186 0.0794566 0.0763873 0.0732303 0.0700055 0.0667324 0.0634305 0.0601185 0.0568144 0.0535355 0.0502982 0.0471175 0.0440075 0.0409809 0.038049 0.035222 0.0325084 0.0299155 0.0274494 0.0251146 0.0229146 0.0208516 0.0189269 0.0171409 0.0154928 0.0139816 0.0126054 0.0113618 0.0102484 0.0092623 0.00840066 0.00766066 0.00703963 0.00653514 0.00614508 0.00586773 0.00570184 
0.00628284 0.00634383 0.00652709 0.00683344 0.00726424 0.00782131 0.0085069 0.0093236 0.0102742 0.0113618 0.0125894 0.0139598 0.0154758 0.0171397 0.0189534 0.0209181 0.0230341 0.025301 0.0277172 0.0302801 0.0329858 0.0358289 0.0388028 0.0418994 0.0451092 0.0484209 0.0518221 0.0552988 0.0588357 0.0624161 0.0660224 0.0696356 0.0732362 0.0768037 0.0803171 0.0837553 0.0870967 0.0903201 0.0934043 0.0963288 0.0990738 0.10162 0.103951 0.106048 0.107898 0.109486 0.110802 0.111836 0.11258 0.113029 0.113179 0.113029 0.11258 0.111836 0.110802 0.109486 0.107898 0.106048 0.103951 0.10162 0.0990738 0.0963288 0.0934043 0.0903201 0.0870967 0.0837553 0.0803171 0.0768037 0.0732362 0.0696356 0.0660224 0.0624161 0.0588357 0.0552988 0.0518221 0.0484209 0.0451092 0.0418994 0.0388028 0.0358289 0.0329858 0.0302801 0.0277172 0.025301 0.0230341 0.0209181 0.0189534 0.0171397 0.0154758 0.0139598 0.0125894 0.0113618 0.0102742 0.0093236 0.0085069 0.00782131 0.00726424 0.00683344 0.00652709 0.00634383 
0.00699529 0.00706272 0.00726532 0.00760398 0.00808013 0.00869573 0.00945319 0.0103552 0.0114049 0.0126054 0.0139598 0.0154713 0.0171426 0.0189761 0.0209737 0.0231366 0.0254649 0.0279579 0.0306139 0.0334295 0.0364004 0.0395206 0.0427825 0.0461773 0.0496942 0.0533209 0.0570437 0.0608472 0.0647146 0.0686276 0.072567 0.0765122 0.0804417 0.0843334 0.0881646 0.0919121 0.0955527 0.0990635 0.102421 0.105605 0.108591 0.111361 0.113896 0.116176 0.118187 0.119913 0.121344 0.122467 0.123275 0.123762 0.123925 0.123762 0.123275 0.122467 0.121344 0.119913 0.118187 0.116176 0.113896 0.111361 0.108591 0.105605 0.102421 0.0990635 0.0955527 0.0919121 0.0881646 0.0843334 0.0804417 0.0765122 0.072567 0.0686276 0.0647146 0.0608472 0.0570437 0.0533209 0.0496942 0.0461773 0.0427825 0.0395206 0.0364004 0.0334295 0.0306139 0.0279579 0.0254649 0.0231366 0.0209737 0.0189761 0.0171426 0.0154713 0.0139598 0.0126054 0.0114049 0.0103552 0.00945319 0.00869573 0.00808013 0.00760398 0.00726532 0.00706272 
0.007786 0.00786054 0.00808449 0.00845878 0.00898497 0.00966513 0.0105018 0.011498 0.0126568 0.0139816 0.0154758 0.0171426 0.0189848 0.021005 0.0232049 0.0255856 0.0281472 0.0308887 0.0338077 0.0369007 0.0401625 0.0435864 0.047164 0.0508853 0.0547384 0.0587098 0.0627842 0.0669449 0.0711733 0.0754496 0.0797526 0.0840598 0.0883481 0.0925932 0.0967704 0.100855 0.104821 0.108645 0.1123 0.115765 0.119014 0.122027 0.124783 0.127262 0.129448 0.131324 0.132878 0.134099 0.134977 0.135506 0.135683 0.135506 0.134977 0.134099 0.132878 0.131324 0.129448 0.127262 0.124783 0.122027 0.119014 0.115765 0.1123 0.108645 0.104821 0.100855 0.0967704 0.0925932 0.0883481 0.0840598 0.0797526 0.0754496 0.0711733 0.0669449 0.0627842 0.0587098 0.0547384 0.0508853 0.047164 0.0435864 0.0401625 0.0369007 0.0338077 0.0308887 0.0281472 0.0255856 0.0232049 0.021005 0.0189848 0.0171426 0.0154758 0.0139816 0.0126568 0.011498 0.0105018 0.00966513 0.00898497 0.00845878 0.00808449 0.00786054 
0.00865684 0.00873916 0.00898647 0.00939976 0.0099807 0.0107315 0.0116549 0.0127539 0.0140321 0.0154928 0.0171397 0.0189761 0.021005 0.0232288 0.0256494 0.0282677 0.0310836 0.0340956 0.0373011 0.0406959 0.0442741 0.0480282 0.0519488 0.0560246 0.0602426 0.0645879 0.0690437 0.0735914 0.0782109 0.0828804 0.0875768 0.0922756 0.0969516 0.101578 0.106129 0.110578 0.114895 0.119056 0.123033 0.1268 0.130333 0.133608 0.136602 0.139295 0.141669 0.143707 0.145394 0.146719 0.147672 0.148246 0.148438 0.148246 0.147672 0.146719 0.145394 0.143707 0.141669 0.139295 0.136602 0.133608 0.130333 0.1268 0.123033 0.119056 0.114895 0.110578 0.106129 0.101578 0.0969516 0.0922756 0.0875768 0.0828804 0.0782109 0.0735914 0.0690437 0.0645879 0.0602426 0.0560246 0.0519488 0.0480282 0.0442741 0.0406959 0.0373011 0.0340956 0.0310836 0.0282677 0.0256494 0.0232288 0.021005 0.0189761 0.0171397 0.0154928 0.0140321 0.0127539 0.0116549 0.0107315 0.0099807 0.00939976 0.00898647 0.00873916 
0.00960943 0.00970021 0.0099729 0.0104286 0.011069 0.0118966 0.0129141 0.0141249 0.0155326 0.0171409 0.0189534 0.0209737 0.0232049 0.0256494 0.028309 0.0311845 0.0342754 0.0375801 0.0410953 0.0448161 0.048736 0.0528463 0.0571368 0.0615948 0.066206 0.0709538 0.0758199 0.0807839 0.0858238 0.0909157 0.0960344 0.101154 0.106245 0.111282 0.116233 0.121071 0.125765 0.130286 0.134606 0.138698 0.142533 0.146087 0.149336 0.152258 0.154833 0.157042 0.158872 0.160308 0.161341 0.161964 0.162172 0.161964 0.161341 0.160308 0.158872 0.157042 0.154833 0.152258 0.149336 0.146087 0.142533 0.138698 0.134606 0.130286 0.125765 0.121071 0.116233 0.111282 0.106245 0.101154 0.0960344 0.0909157 0.0858238 0.0807839 0.0758199 0.0709538 0.066206 0.0615948 0.0571368 0.0528463 0.048736 0.0448161 0.0410953 0.0375801 0.0342754 0.0311845 0.028309 0.0256494 0.0232049 0.0209737 0.0189534 0.0171409 0.0155326 0.0141249 0.0129141 0.0118966 0.011069 0.0104286 0.0099729 0.00970021 
0.0106451 0.010745 0.0110451 0.0115466 0.0122512 0.0131616 0.0142808 0.0156122 0.0171596 0.0189269 0.0209181 0.0231366 0.0255856 0.0282677 0.0311845 0.0343366 0.0377232 0.0413422 0.0451899 0.0492607 0.0535469 0.0580392 0.0627259 0.0675932 0.0726251 0.0778034 0.0831081 0.0885168 0.0940053 0.0995479 0.105117 0.110684 0.116219 0.121691 0.127068 0.13232 0.137414 0.142319 0.147004 0.151439 0.155596 0.159446 0.162965 0.166129 0.168917 0.171309 0.173289 0.174843 0.175961 0.176635 0.17686 0.176635 0.175961 0.174843 0.173289 0.171309 0.168917 0.166129 0.162965 0.159446 0.155596 0.151439 0.147004 0.142319 0.137414 0.13232 0.127068 0.121691 0.116219 0.110684 0.105117 0.0995479 0.0940053 0.0885168 0.0831081 0.0778034 0.0726251 0.0675932 0.0627259 0.0580392 0.0535469 0.0492607 0.0451899 0.0413422 0.0377232 0.0343366 0.0311845 0.0282677 0.0255856 0.0231366 0.0209181 0.0189269 0.0171596 0.0156122 0.0142808 0.0131616 0.0122512 0.0115466 0.0110451 0.010745 
0.0117647 0.0118745 0.012204 0.0127546 0.0135282 0.0145275 0.0157557 0.0172164 0.0189137 0.0208516 0.0230341 0.0254649 0.0281472 0.0310836 0.0342754 0.0377232 0.0414258 0.0453806 0.0495831 0.0540271 0.058704 0.0636033 0.0687119 0.0740146 0.0794939 0.0851299 0.0909003 0.096781 0.102746 0.108766 0.114812 0.120854 0.126857 0.13279 0.138618 0.144307 0.149824 0.155133 0.160203 0.165001 0.169496 0.173659 0.177463 0.180882 0.183893 0.186477 0.188615 0.190294 0.191501 0.192229 0.192472 0.192229 0.191501 0.190294 0.188615 0.186477 0.183893 0.180882 0.177463 0.173659 0.169496 0.165001 0.160203 0.155133 0.149824 0.144307 0.138618 0.13279 0.126857 0.120854 0.114812 0.108766 0.102746 0.096781 0.0909003 0.0851299 0.0794939 0.0740146 0.0687119 0.0636033 0.058704 0.0540271 0.0495831 0.0453806 0.0414258 0.0377232 0.0342754 0.0310836 0.0281472 0.0254649 0.0230341 0.0208516 0.0189137 0.0172164 0.0157557 0.0145275 0.0135282 0.0127546 0.012204 0.0118745 
0.0129688 0.013089 0.01345 0.0140531 0.0149003 0.0159945 0.017339 0.0189378 0.0207949 0.0229146 0.025301 0.0279579 0.0308887 0.0340956 0.0375801 0.0413422 0.0453806 0.0496919 0.0542712 0.059111 0.0642021 0.0695324 0.0750877 0.0808513 0.0868036 0.0929231 0.0991855 0.105564 0.112031 0.118555 0.125104 0.131645 0.138142 0.144559 0.15086 0.157009 0.162969 0.168703 0.174176 0.179354 0.184204 0.188694 0.192795 0.196481 0.199727 0.202512 0.204816 0.206624 0.207924 0.208708 0.20897 0.208708 0.207924 0.206624 0.204816 0.202512 0.199727 0.196481 0.192795 0.188694 0.184204 0.179354 0.174176 0.168703 0.162969 0.157009 0.15086 0.144559 0.138142 0.131645 0.125104 0.118555 0.112031 0.105564 0.0991855 0.0929231 0.0868036 0.0808513 0.0750877 0.0695324 0.0642021 0.059111 0.0542712 0.0496919 0.0453806 0.0413422 0.0375801 0.0340956 0.0308887 0.0279579 0.025301 0.0229146 0.0207949 0.0189378 0.017339 0.0159945 0.0149003 0.0140531 0.01345 0.013089 
0.0142571 0.0143885 0.0147828 0.0154417 0.0163671 0.0175621 0.0190302 0.0207754 0.0228021 0.0251146 0.0277172 0.0306139 0.0338077 0.0373011 0.0410953 0.0451899 0.0495831 0.0542712 0.0592481 0.0645057 0.0700334 0.075818 0.0818438 0.0880922 0.0945421 0.10117 0.107949 0.114851 0.121844 0.128896 0.135972 0.143035 0.150047 0.156971 0.163767 0.170396 0.176818 0.182995 0.188889 0.194463 0.199682 0.204513 0.208924 0.212888 0.216378 0.21937 0.221847 0.22379 0.225188 0.22603 0.226311 0.22603 0.225188 0.22379 0.221847 0.21937 0.216378 0.212888 0.208924 0.204513 0.199682 0.194463 0.188889 0.182995 0.176818 0.170396 0.163767 0.156971 0.150047 0.143035 0.135972 0.128896 0.121844 0.114851 0.107949 0.10117 0.0945421 0.0880922 0.0818438 0.075818 0.0700334 0.0645057 0.0592481 0.0542712 0.0495831 0.0451899 0.0410953 0.0373011 0.0338077 0.0306139 0.0277172 0.0251146 0.0228021 0.0207754 0.0190302 0.0175621 0.0163671 0.0154417 0.0147828 0.0143885 
0.015629 0.0157721 0.0162018 0.0169196 0.0179276 0.0192291 0.0208277 0.0227276 0.0249333 0.0274494 0.0302801 0.0334295 0.0369007 0.0406959 0.0448161 0.0492607 0.0540271 0.059111 0.0645057 0.0702018 0.0761876 0.0824485 0.0889672 0.0957233 0.102694 0.109853 0.117172 0.124619 0.132162 0.139764 0.147389 0.154996 0.162546 0.169997 0.177307 0.184434 0.191336 0.197973 0.204302 0.210287 0.215888 0.221072 0.225804 0.230055 0.233797 0.237005 0.239659 0.241742 0.24324 0.244142 0.244444 0.244142 0.24324 0.241742 0.239659 0.237005 0.233797 0.230055 0.225804 0.221072 0.215888 0.210287 0.204302 0.197973 0.191336 0.184434 0.177307 0.169997 0.162546 0.154996 0.147389 0.139764 0.132162 0.124619 0.117172 0.109853 0.102694 0.0957233 0.0889672 0.0824485 0.0761876 0.0702018 0.0645057 0.059111 0.0540271 0.0492607 0.0448161 0.0406959 0.0369007 0.0334295 0.0302801 0.0274494 0.0249333 0.0227276 0.0208277 0.0192291 0.0179276 0.0169196 0.0162018 0.0157721 
0.017083 0.0172384 0.0177053 0.018485 0.0195801 0.0209935 0.0227294 0.0247919 0.0271857 0.0299155 0.0329858 0.0364004 0.0401625 0.0442741 0.048736 0.0535469 0.058704 0.0642021 0.0700334 0.0761876 0.0826517 0.0894095 0.096442 0.103727 0.111239 0.118951 0.126831 0.134846 0.142959 0.151133 0.159326 0.167497 0.175602 0.183598 0.19144 0.199082 0.20648 0.21359 0.22037 0.226777 0.232773 0.238319 0.243382 0.247928 0.251929 0.255359 0.258196 0.260423 0.262023 0.262987 0.26331 0.262987 0.262023 0.260423 0.258196 0.255359 0.251929 0.247928 0.243382 0.238319 0.232773 0.226777 0.22037 0.21359 0.20648 0.199082 0.19144 0.183598 0.175602 0.167497 0.159326 0.151133 0.142959 0.134846 0.126831 0.118951 0.111239 0.103727 0.096442 0.0894095 0.0826517 0.0761876 0.0700334 0.0642021 0.058704 0.0535469 0.048736 0.0442741 0.0401625 0.0364004 0.0329858 0.0299155 0.0271857 0.0247919 0.0227294 0.0209935 0.0195801 0.018485 0.0177053 0.0172384 
0.0186168 0.0187852 0.019291 0.0201357 0.0213217 0.0228524 0.0247319 0.0269645 0.0295551 0.0325084 0.0358289 0.0395206 0.0435864 0.0480282 0.0528463 0.0580392 0.0636033 0.0695324 0.075818 0.0824485 0.0894095 0.0966832 0.104249 0.112082 0.120156 0.12844 0.136901 0.145502 0.154204 0.162967 0.171747 0.180499 0.189177 0.197734 0.206122 0.214293 0.222201 0.229798 0.237039 0.24388 0.25028 0.256198 0.261599 0.266447 0.270714 0.27437 0.277395 0.279767 0.281473 0.282501 0.282844 0.282501 0.281473 0.279767 0.277395 0.27437 0.270714 0.266447 0.261599 0.256198 0.25028 0.24388 0.237039 0.229798 0.222201 0.214293 0.206122 0.197734 0.189177 0.180499 0.171747 0.162967 0.154204 0.145502 0.136901 0.12844 0.120156 0.112082 0.104249 0.0966832 0.0894095 0.0824485 0.075818 0.0695324 0.0636033 0.0580392 0.0528463 0.0480282 0.0435864 0.0395206 0.0358289 0.0325084 0.0295551 0.0269645 0.0247319 0.0228524 0.0213217 0.0201357 0.019291 0.0187852 
0.0202275 0.0204094 0.0209557 0.0218681 0.023149 0.0248019 0.0268309 0.0292407 0.0320361 0.035222 0.0388028 0.0427825 0.047164 0.0519488 0.0571368 0.0627259 0.0687119 0.0750877 0.0818438 0.0889672 0.096442 0.104249 0.112365 0.120764 0.129417 0.138291 0.147349 0.156554 0.165862 0.17523 0.184612 0.19396 0.203225 0.212357 0.221304 0.230017 0.238445 0.246539 0.254251 0.261535 0.268346 0.274644 0.280389 0.285545 0.290082 0.293969 0.297184 0.299705 0.301518 0.30261 0.302975 0.30261 0.301518 0.299705 0.297184 0.293969 0.290082 0.285545 0.280389 0.274644 0.268346 0.261535 0.254251 0.246539 0.238445 0.230017 0.221304 0.212357 0.203225 0.19396 0.184612 0.17523 0.165862 0.156554 0.147349 0.138291 0.129417 0.120764 0.112365 0.104249 0.096442 0.0889672 0.0818438 0.0750877 0.0687119 0.0627259 0.0571368 0.0519488 0.047164 0.0427825 0.0388028 0.035222 0.0320361 0.0292407 0.0268309 0.0248019 0.023149 0.0218681 0.0209557 0.0204094 
0.0219111 0.0221071 0.0226955 0.023678 0.0250573 0.0268369 0.0290211 0.0316145 0.0346222 0.038049 0.0418994 0.0461773 0.0508853 0.0560246 0.0615948 0.0675932 0.0740146 0.0808513 0.0880922 0.0957233 0.103727 0.112082 0.120764 0.129745 0.138992 0.14847 0.158141 0.167963 0.177891 0.187879 0.197876 0.207833 0.217696 0.227413 0.236931 0.246194 0.255152 0.263751 0.271942 0.279675 0.286904 0.293586 0.29968 0.305149 0.309958 0.31408 0.317487 0.320159 0.32208 0.323237 0.323624 0.323237 0.32208 0.320159 0.317487 0.31408 0.309958 0.305149 0.29968 0.293586 0.286904 0.279675 0.271942 0.263751 0.255152 0.246194 0.236931 0.227413 0.217696 0.207833 0.197876 0.187879 0.177891 0.167963 0.158141 0.14847 0.138992 0.129745 0.120764 0.112082 0.103727 0.0957233 0.0880922 0.0808513 0.0740146 0.0675932 0.0615948 0.0560246 0.0508853 0.0461773 0.0418994 0.038049 0.0346222 0.0316145 0.0290211 0.0268369 0.0250573 0.023678 0.0226955 0.0221071 
0.023663 0.0238734 0.0245053 0.0255604 0.0270413 0.0289518 0.031296 0.034079 0.0373056 0.0409809 0.0451092 0.0496942 0.0547384 0.0602426 0.066206 0.0726251 0.0794939 0.0868036 0.0945421 0.102694 0.111239 0.120156 0.129417 0.138992 0.148846 0.158942 0.169238 0.179689 0.190249 0.200866 0.211489 0.222064 0.232535 0.242846 0.252941 0.262763 0.272257 0.281367 0.290041 0.298228 0.30588 0.312949 0.319395 0.325178 0.330263 0.33462 0.338221 0.341045 0.343075 0.344297 0.344706 0.344297 0.343075 0.341045 0.338221 0.33462 0.330263 0.325178 0.319395 0.312949 0.30588 0.298228 0.290041 0.281367 0.272257 0.262763 0.252941 0.242846 0.232535 0.222064 0.211489 0.200866 0.190249 0.179689 0.169238 0.158942 0.148846 0.138992 0.129417 0.120156 0.111239 0.102694 0.0945421 0.0868036 0.0794939 0.0726251 0.066206 0.0602426 0.0547384 0.0496942 0.0451092 0.0409809 0.0373056 0.034079 0.031296 0.0289518 0.0270413 0.0255604 0.0245053 0.0238734 
0.0254774 0.0257028 0.0263794 0.027509 0.0290944 0.0311393 0.0336481 0.0366258 0.0400772 0.0440075 0.0484209 0.0533209 0.0587098 0.0645879 0.0709538 0.0778034 0.0851299 0.0929231 0.10117 0.109853 0.118951 0.12844 0.138291 0.14847 0.158942 0.169665 0.180595 0.191685 0.202885 0.21414 0.225396 0.236596 0.247681 0.258592 0.26927 0.279655 0.289688 0.299313 0.308474 0.317117 0.325192 0.332651 0.339451 0.345549 0.35091 0.355503 0.359298 0.362274 0.364413 0.365701 0.366131 0.365701 0.364413 0.362274 0.359298 0.355503 0.35091 0.345549 0.339451 0.332651 0.325192 0.317117 0.308474 0.299313 0.289688 0.279655 0.26927 0.258592 0.247681 0.236596 0.225396 0.21414 0.202885 0.191685 0.180595 0.169665 0.158942 0.14847 0.138291 0.12844 0.118951 0.109853 0.10117 0.0929231 0.0851299 0.0778034 0.0709538 0.0645879 0.0587098 0.0533209 0.0484209 0.0440075 0.0400772 0.0366258 0.0336481 0.0311393 0.0290944 0.027509 0.0263794 0.0257028 
0.0273479 0.0275885 0.0283109 0.0295168 0.0312091 0.0333916 0.0360687 0.0392454 0.0429267 0.0471175 0.0518221 0.0570437 0.0627842 0.0690437 0.0758199 0.0831081 0.0909003 0.0991855 0.107949 0.117172 0.126831 0.136901 0.147349 0.158141 0.169238 0.180595 0.192167 0.203902 0.215747 0.227645 0.239539 0.251368 0.263071 0.274585 0.285847 0.296797 0.307371 0.317512 0.32716 0.336259 0.344758 0.352606 0.359758 0.366172 0.371809 0.376636 0.380625 0.383753 0.386 0.387354 0.387806 0.387354 0.386 0.383753 0.380625 0.376636 0.371809 0.366172 0.359758 0.352606 0.344758 0.336259 0.32716 0.317512 0.307371 0.296797 0.285847 0.274585 0.263071 0.251368 0.239539 0.227645 0.215747 0.203902 0.192167 0.180595 0.169238 0.158141 0.147349 0.136901 0.126831 0.117172 0.107949 0.0991855 0.0909003 0.0831081 0.0758199 0.0690437 0.0627842 0.0570437 0.0518221 0.0471175 0.0429267 0.0392454 0.0360687 0.0333916 0.0312091 0.0295168 0.0283109 0.0275885 
0.029267 0.0295231 0.0302921 0.0315757 0.0333769 0.0356995 0.0385479 0.0419272 0.0458424 0.0502982 0.0552988 0.0608472 0.0669449 0.0735914 0.0807839 0.0885168 0.096781 0.105564 0.114851 0.124619 0.134846 0.145502 0.156554 0.167963 0.179689 0.191685 0.203902 0.216285 0.228778 0.241322 0.253855 0.266315 0.278635 0.290752 0.302599 0.314112 0.325227 0.335881 0.346014 0.355568 0.364489 0.372724 0.380226 0.386952 0.392863 0.397924 0.402105 0.405383 0.407738 0.409156 0.40963 0.409156 0.407738 0.405383 0.402105 0.397924 0.392863 0.386952 0.380226 0.372724 0.364489 0.355568 0.346014 0.335881 0.325227 0.314112 0.302599 0.290752 0.278635 0.266315 0.253855 0.241322 0.228778 0.216285 0.203902 0.191685 0.179689 0.167963 0.156554 0.145502 0.134846 0.124619 0.114851 0.105564 0.096781 0.0885168 0.0807839 0.0735914 0.0669449 0.0608472 0.0552988 0.0502982 0.0458424 0.0419272 0.0385479 0.0356995 0.0333769 0.0315757 0.0302921 0.0295231 
0.0312263 0.0314982 0.0323144 0.0336769 0.0355884 0.038053 0.041075 0.0446595 0.0488115 0.0535355 0.0588357 0.0647146 0.0711733 0.0782109 0.0858238 0.0940053 0.102746 0.112031 0.121844 0.132162 0.142959 0.154204 0.165862 0.177891 0.190249 0.202885 0.215747 0.228778 0.241919 0.255108 0.268279 0.281367 0.294303 0.30702 0.319448 0.331522 0.343172 0.354336 0.36495 0.374955 0.384293 0.392911 0.400759 0.407795 0.413975 0.419266 0.423637 0.427063 0.429525 0.431007 0.431502 0.431007 0.429525 0.427063 0.423637 0.419266 0.413975 0.407795 0.400759 0.392911 0.384293 0.374955 0.36495 0.354336 0.343172 0.331522 0.319448 0.30702 0.294303 0.281367 0.268279 0.255108 0.241919 0.228778 0.215747 0.202885 0.190249 0.177891 0.165862 0.154204 0.142959 0.132162 0.121844 0.112031 0.102746 0.0940053 0.0858238 0.0782109 0.0711733 0.0647146 0.0588357 0.0535355 0.0488115 0.0446595 0.041075 0.038053 0.0355884 0.0336769 0.0323144 0.0314982 
0.0332168 0.0335046 0.0343685 0.0358105 0.0378334 0.0404411 0.0436382 0.0474296 0.0518201 0.0568144 0.0624161 0.0686276 0.0754496 0.0828804 0.0909157 0.0995479 0.108766 0.118555 0.128896 0.139764 0.151133 0.162967 0.17523 0.187879 0.200866 0.21414 0.227645 0.241322 0.255108 0.268937 0.282742 0.296453 0.309999 0.32331 0.336314 0.348941 0.361122 0.372789 0.383878 0.394326 0.404075 0.41307 0.42126 0.428599 0.435045 0.440562 0.44512 0.448691 0.451257 0.452802 0.453318 0.452802 0.451257 0.448691 0.44512 0.440562 0.435045 0.428599 0.42126 0.41307 0.404075 0.394326 0.383878 0.372789 0.361122 0.348941 0.336314 0.32331 0.309999 0.296453 0.282742 0.268937 0.255108 0.241322 0.227645 0.21414 0.200866 0.187879 0.17523 0.162967 0.151133 0.139764 0.128896 0.118555 0.108766 0.0995479 0.0909157 0.0828804 0.0754496 0.0686276 0.0624161 0.0568144 0.0518201 0.0474296 0.0436382 0.0404411 0.0378334 0.0358105 0.0343685 0.0335046 
0.0352286 0.0355323 0.0364441 0.0379659 0.0401005 0.042852 0.0462247 0.0502235 0.0548533 0.0601185 0.0660224 0.072567 0.0797526 0.0875768 0.0960344 0.105117 0.114812 0.125104 0.135972 0.147389 0.159326 0.171747 0.184612 0.197876 0.211489 0.225396 0.239539 0.253855 0.268279 0.282742 0.297173 0.311499 0.325648 0.339544 0.353115 0.366287 0.378989 0.39115 0.402704 0.413588 0.42374 0.433104 0.441628 0.449264 0.45597 0.461708 0.466448 0.470161 0.472829 0.474435 0.474972 0.474435 0.472829 0.470161 0.466448 0.461708 0.45597 0.449264 0.441628 0.433104 0.42374 0.413588 0.402704 0.39115 0.378989 0.366287 0.353115 0.339544 0.325648 0.311499 0.297173 0.282742 0.268279 0.253855 0.239539 0.225396 0.211489 0.197876 0.184612 0.171747 0.159326 0.147389 0.135972 0.125104 0.114812 0.105117 0.0960344 0.0875768 0.0797526 0.072567 0.0660224 0.0601185 0.0548533 0.0502235 0.0462247 0.042852 0.0401005 0.0379659 0.0364441 0.0355323 
0.037251 0.0375706 0.0385303 0.0401318 0.042378 0.0452729 0.0488209 0.0530268 0.0578953 0.0634305 0.0696356 0.0765122 0.0840598 0.0922756 0.101154 0.110684 0.120854 0.131645 0.143035 0.154996 0.167497 0.180499 0.19396 0.207833 0.222064 0.236596 0.251368 0.266315 0.281367 0.296453 0.311499 0.32643 0.34117 0.355641 0.369767 0.383472 0.396683 0.409328 0.421337 0.432645 0.44319 0.452914 0.461763 0.469688 0.476647 0.482601 0.487517 0.491369 0.494135 0.495801 0.496357 0.495801 0.494135 0.491369 0.487517 0.482601 0.476647 0.469688 0.461763 0.452914 0.44319 0.432645 0.421337 0.409328 0.396683 0.383472 0.369767 0.355641 0.34117 0.32643 0.311499 0.296453 0.281367 0.266315 0.251368 0.236596 0.222064 0.207833 0.19396 0.180499 0.167497 0.154996 0.143035 0.131645 0.120854 0.110684 0.101154 0.0922756 0.0840598 0.0765122 0.0696356 0.0634305 0.0578953 0.0530268 0.0488209 0.0452729 0.042378 0.0401318 0.0385303 0.0375706 
0.0392728 0.0396083 0.0406155 0.0422962 0.0446532 0.0476906 0.0514126 0.055824 0.0609293 0.0667324 0.0732362 0.0804417 0.0883481 0.0969516 0.106245 0.116219 0.126857 0.138142 0.150047 0.162546 0.175602 0.189177 0.203225 0.217696 0.232535 0.247681 0.263071 0.278635 0.294303 0.309999 0.325648 0.34117 0.356486 0.371517 0.386184 0.400409 0.414116 0.42723 0.439682 0.451402 0.462328 0.472401 0.481565 0.48977 0.496974 0.503136 0.508223 0.512208 0.51507 0.516794 0.517369 0.516794 0.51507 0.512208 0.508223 0.503136 0.496974 0.48977 0.481565 0.472401 0.462328 0.451402 0.439682 0.42723 0.414116 0.400409 0.386184 0.371517 0.356486 0.34117 0.325648 0.309999 0.294303 0.278635 0.263071 0.247681 0.232535 0.217696 0.203225 0.189177 0.175602 0.162546 0.150047 0.138142 0.126857 0.116219 0.106245 0.0969516 0.0883481 0.0804417 0.0732362 0.0667324 0.0609293 0.055824 0.0514126 0.0476906 0.0446532 0.0422962 0.0406155 0.0396083 
0.0412824 0.0416335 0.0426876 0.0444465 0.046913 0.0500911 0.0539849 0.0585991 0.0639381 0.0700055 0.0768037 0.0843334 0.0925932 0.101578 0.111282 0.121691 0.13279 0.144559 0.156971 0.169997 0.183598 0.197734 0.212357 0.227413 0.242846 0.258592 0.274585 0.290752 0.30702 0.32331 0.339544 0.355641 0.371517 0.387092 0.402284 0.417012 0.431199 0.444768 0.457646 0.469765 0.481058 0.491467 0.500934 0.50941 0.516849 0.523211 0.528462 0.532576 0.53553 0.537309 0.537902 0.537309 0.53553 0.532576 0.528462 0.523211 0.516849 0.50941 0.500934 0.491467 0.481058 0.469765 0.457646 0.444768 0.431199 0.417012 0.402284 0.387092 0.371517 0.355641 0.339544 0.32331 0.30702 0.290752 0.274585 0.258592 0.242846 0.227413 0.212357 0.197734 0.183598 0.169997 0.156971 0.144559 0.13279 0.121691 0.111282 0.101578 0.0925932 0.0843334 0.0768037 0.0700055 0.0639381 0.0585991 0.0539849 0.0500911 0.046913 0.0444465 0.0426876 0.0416335 
0.0432674 0.0436339 0.0447341 0.0465698 0.0491438 0.0524599 0.0565224 0.0613356 0.0669038 0.0732303 0.0803171 0.0881646 0.0967704 0.106129 0.116233 0.127068 0.138618 0.15086 0.163767 0.177307 0.19144 0.206122 0.221304 0.236931 0.252941 0.26927 0.285847 0.302599 0.319448 0.336314 0.353115 0.369767 0.386184 0.402284 0.417982 0.433195 0.447843 0.461849 0.475137 0.487638 0.499285 0.510016 0.519774 0.528508 0.536172 0.542726 0.548135 0.552371 0.555413 0.557244 0.557856 0.557244 0.555413 0.552371 0.548135 0.542726 0.536172 0.528508 0.519774 0.510016 0.499285 0.487638 0.475137 0.461849 0.447843 0.433195 0.417982 0.402284 0.386184 0.369767 0.353115 0.336314 0.319448 0.302599 0.285847 0.26927 0.252941 0.236931 0.221304 0.206122 0.19144 0.177307 0.163767 0.15086 0.138618 0.127068 0.116233 0.106129 0.0967704 0.0881646 0.0803171 0.0732303 0.0669038 0.0613356 0.0565224 0.0524599 0.0491438 0.0465698 0.0447341 0.0436339 
0.0452155 0.045597 0.0467422 0.0486528 0.0513317 0.0547825 0.0590094 0.0640167 0.0698083 0.0763873 0.0837553 0.0919121 0.100855 0.110578 0.121071 0.13232 0.144307 0.157009 0.170396 0.184434 0.199082 0.214293 0.230017 0.246194 0.262763 0.279655 0.296797 0.314112 0.331522 0.348941 0.366287 0.383472 0.400409 0.417012 0.433195 0.448872 0.463962 0.478386 0.492066 0.504932 0.516916 0.527954 0.537989 0.546969 0.554847 0.561583 0.567141 0.571494 0.57462 0.576501 0.577129 0.576501 0.57462 0.571494 0.567141 0.561583 0.554847 0.546969 0.537989 0.527954 0.516916 0.504932 0.492066 0.478386 0.463962 0.448872 0.433195 0.417012 0.400409 0.383472 0.366287 0.348941 0.331522 0.314112 0.296797 0.279655 0.262763 0.246194 0.230017 0.214293 0.199082 0.184434 0.170396 0.157009 0.144307 0.13232 0.121071 0.110578 0.100855 0.0919121 0.0837553 0.0763873 0.0698083 0.0640167 0.0590094 0.0547825 0.0513317 0.0486528 0.0467422 0.045597 
0.047114 0.04751 0.0486988 0.050682 0.0534625 0.0570438 0.0614301 0.0666253 0.0726332 0.0794566 0.0870967 0.0955527 0.104821 0.114895 0.125765 0.137414 0.149824 0.162969 0.176818 0.191336 0.20648 0.222201 0.238445 0.255152 0.272257 0.289688 0.307371 0.325227 0.343172 0.361122 0.378989 0.396683 0.414116 0.431199 0.447843 0.463962 0.479473 0.494293 0.508346 0.521558 0.533861 0.54519 0.555487 0.5647 0.572781 0.579688 0.585388 0.589851 0.593055 0.594984 0.595628 0.594984 0.593055 0.589851 0.585388 0.579688 0.572781 0.5647 0.555487 0.54519 0.533861 0.521558 0.508346 0.494293 0.479473 0.463962 0.447843 0.431199 0.414116 0.396683 0.378989 0.361122 0.343172 0.325227 0.307371 0.289688 0.272257 0.255152 0.238445 0.222201 0.20648 0.191336 0.176818 0.162969 0.149824 0.137414 0.125765 0.114895 0.104821 0.0955527 0.0870967 0.0794566 0.0726332 0.0666253 0.0614301 0.0570438 0.0534625 0.050682 0.0486988 0.04751 
0.0489501 0.0493601 0.0505908 0.0526439 0.0555222 0.0592291 0.0637685 0.0691445 0.0753603 0.0824186 0.0903201 0.0990635 0.108645 0.119056 0.130286 0.142319 0.155133 0.168703 0.182995 0.197973 0.21359 0.229798 0.246539 0.263751 0.281367 0.299313 0.317512 0.335881 0.354336 0.372789 0.39115 0.409328 0.42723 0.444768 0.461849 0.478386 0.494293 0.509488 0.523892 0.53743 0.550033 0.561636 0.57218 0.581612 0.589883 0.596952 0.602785 0.607351 0.610629 0.612602 0.613261 0.612602 0.610629 0.607351 0.602785 0.596952 0.589883 0.581612 0.57218 0.561636 0.550033 0.53743 0.523892 0.509488 0.494293 0.478386 0.461849 0.444768 0.42723 0.409328 0.39115 0.372789 0.354336 0.335881 0.317512 0.299313 0.281367 0.263751 0.246539 0.229798 0.21359 0.197973 0.182995 0.168703 0.155133 0.142319 0.130286 0.119056 0.108645 0.0990635 0.0903201 0.0824186 0.0753603 0.0691445 0.0637685 0.0592291 0.0555222 0.0526439 0.0505908 0.0493601 
0.0507112 0.0511346 0.0524053 0.0545251 0.0574967 0.0613234 0.066009 0.0715573 0.0779715 0.0852537 0.0934043 0.102421 0.1123 0.123033 0.134606 0.147004 0.160203 0.174176 0.188889 0.204302 0.22037 0.237039 0.254251 0.271942 0.290041 0.308474 0.32716 0.346014 0.36495 0.383878 0.402704 0.421337 0.439682 0.457646 0.475137 0.492066 0.508346 0.523892 0.538624 0.552468 0.565352 0.577211 0.587985 0.597621 0.606069 0.613289 0.619245 0.623908 0.627255 0.629269 0.629942 0.629269 0.627255 0.623908 0.619245 0.613289 0.606069 0.597621 0.587985 0.577211 0.565352 0.552468 0.538624 0.523892 0.508346 0.492066 0.475137 0.457646 0.439682 0.421337 0.402704 0.383878 0.36495 0.346014 0.32716 0.308474 0.290041 0.271942 0.254251 0.237039 0.22037 0.204302 0.188889 0.174176 0.160203 0.147004 0.134606 0.123033 0.1123 0.102421 0.0934043 0.0852537 0.0779715 0.0715573 0.066009 0.0613234 0.0574967 0.0545251 0.0524053 0.0511346 
0.0523849 0.052821 0.0541296 0.0563125 0.0593723 0.0633123 0.0681362 0.0738474 0.0804491 0.0879429 0.0963288 0.105605 0.115765 0.1268 0.138698 0.151439 0.165001 0.179354 0.194463 0.210287 0.226777 0.24388 0.261535 0.279675 0.298228 0.317117 0.336259 0.355568 0.374955 0.394326 0.413588 0.432645 0.451402 0.469765 0.487638 0.504932 0.521558 0.53743 0.552468 0.566595 0.579739 0.591836 0.602823 0.612647 0.62126 0.62862 0.63469 0.639441 0.642852 0.644904 0.64559 0.644904 0.642852 0.639441 0.63469 0.62862 0.62126 0.612647 0.602823 0.591836 0.579739 0.566595 0.552468 0.53743 0.521558 0.504932 0.487638 0.469765 0.451402 0.432645 0.413588 0.394326 0.374955 0.355568 0.336259 0.317117 0.298228 0.279675 0.261535 0.24388 0.226777 0.210287 0.194463 0.179354 0.165001 0.151439 0.138698 0.1268 0.115765 0.105605 0.0963288 0.0879429 0.0804491 0.0738474 0.0681362 0.0633123 0.0593723 0.0563125 0.0541296 0.052821 
0.0539592 0.0544071 0.0557512 0.0579932 0.0611356 0.0651818 0.070135 0.0759989 0.0827759 0.0904677 0.0990738 0.108591 0.119014 0.130333 0.142533 0.155596 0.169496 0.184204 0.199682 0.215888 0.232773 0.25028 0.268346 0.286904 0.30588 0.325192 0.344758 0.364489 0.384293 0.404075 0.42374 0.44319 0.462328 0.481058 0.499285 0.516916 0.533861 0.550033 0.565352 0.579739 0.593123 0.605438 0.616621 0.626619 0.635382 0.642869 0.649044 0.653877 0.657345 0.659433 0.66013 0.659433 0.657345 0.653877 0.649044 0.642869 0.635382 0.626619 0.616621 0.605438 0.593123 0.579739 0.565352 0.550033 0.533861 0.516916 0.499285 0.481058 0.462328 0.44319 0.42374 0.404075 0.384293 0.364489 0.344758 0.325192 0.30588 0.286904 0.268346 0.25028 0.232773 0.215888 0.199682 0.184204 0.169496 0.155596 0.142533 0.130333 0.119014 0.108591 0.0990738 0.0904677 0.0827759 0.0759989 0.070135 0.0651818 0.0611356 0.0579932 0.0557512 0.0544071 
0.0554226 0.0558814 0.0572583 0.059555 0.062774 0.0669183 0.0719914 0.0779964 0.0849357 0.0928106 0.10162 0.111361 0.122027 0.133608 0.146087 0.159446 0.173659 0.188694 0.204513 0.221072 0.238319 0.256198 0.274644 0.293586 0.312949 0.332651 0.352606 0.372724 0.392911 0.41307 0.433104 0.452914 0.472401 0.491467 0.510016 0.527954 0.54519 0.561636 0.577211 0.591836 0.605438 0.61795 0.629311 0.639466 0.648366 0.655969 0.662239 0.667146 0.670667 0.672786 0.673494 0.672786 0.670667 0.667146 0.662239 0.655969 0.648366 0.639466 0.629311 0.61795 0.605438 0.591836 0.577211 0.561636 0.54519 0.527954 0.510016 0.491467 0.472401 0.452914 0.433104 0.41307 0.392911 0.372724 0.352606 0.332651 0.312949 0.293586 0.274644 0.256198 0.238319 0.221072 0.204513 0.188694 0.173659 0.159446 0.146087 0.133608 0.122027 0.111361 0.10162 0.0928106 0.0849357 0.0779964 0.0719914 0.0669183 0.062774 0.059555 0.0572583 0.0558814 
