1.02191e-08 1.15649e-08 1.58865e-08 2.40814e-08 3.77952e-08 5.96605e-08 9.36572e-08 1.45621e-07 2.23928e-07 3.40401e-07 5.1146e-07 7.59569e-07 1.115e-06 1.61792e-06 2.32083e-06 3.29129e-06 4.61485e-06 6.39812e-06 8.77171e-06 1.1893e-05 1.5948e-05 2.11529e-05 2.77536e-05 3.60239e-05 4.62618e-05 5.8783e-05 7.39123e-05 9.19716e-05 0.000113266 0.000138069 0.000166601 0.000199014 0.00023537 0.000275628 0.000319622 0.000367059 0.000417506 0.000470391 0.000525014 0.000580554 0.000636092 0.000690633 0.000743139 0.000792557 0.000837856 0.00087806 0.000912281 0.000939749 0.000959836 0.000972077 0.00097619 0.000972077 0.000959836 0.000939749 0.000912281 0.00087806 0.000837856 0.000792557 0.000743139 0.000690633 0.000636092 0.000580554 0.000525014 0.000470391 0.000417506 0.000367059 0.000319622 0.000275628 0.00023537 0.000199014 0.000166601 0.000138069 0.000113266 9.19716e-05 7.39123e-05 5.8783e-05 4.62618e-05 3.60239e-05 2.77536e-05 2.11529e-05 1.5948e-05 1.1893e-05 8.77171e-06 6.39812e-06 4.61485e-06 3.29129e-06 2.32083e-06 1.61792e-06 1.115e-06 7.59569e-07 5.1146e-07 3.40401e-07 2.23928e-07 1.45621e-07 9.36572e-08 5.96605e-08 3.77952e-08 2.40814e-08 1.58865e-08 1.15649e-08 
1.15649e-08 1.30821e-08 1.79531e-08 2.71841e-08 4.26201e-08 6.72093e-08 1.05405e-07 1.63727e-07 2.51528e-07 3.81984e-07 5.73378e-07 8.50686e-07 1.24752e-06 1.80841e-06 2.5915e-06 3.67147e-06 5.14277e-06 7.12291e-06 9.75566e-06 1.32139e-05 1.77019e-05 2.34562e-05 3.07458e-05 3.98696e-05 5.11522e-05 6.49369e-05 8.15759e-05 0.000101418 0.000124792 0.000151991 0.000183251 0.000218732 0.000258497 0.000302492 0.000350534 0.000402297 0.000457306 0.000514937 0.000574424 0.000634875 0.000695292 0.000754597 0.000811663 0.000865351 0.000914548 0.000958198 0.000995344 0.00102515 0.00104695 0.00106023 0.00106469 0.00106023 0.00104695 0.00102515 0.000995344 0.000958198 0.000914548 0.000865351 0.000811663 0.000754597 0.000695292 0.000634875 0.000574424 0.000514937 0.000457306 0.000402297 0.000350534 0.000302492 0.000258497 0.000218732 0.000183251 0.000151991 0.000124792 0.000101418 8.15759e-05 6.49369e-05 5.11522e-05 3.98696e-05 3.07458e-05 2.34562e-05 1.77019e-05 1.32139e-05 9.75566e-06 7.12291e-06 5.14277e-06 3.67147e-06 2.5915e-06 1.80841e-06 1.24752e-06 8.50686e-07 5.73378e-07 3.81984e-07 2.51528e-07 1.63727e-07 1.05405e-07 6.72093e-08 4.26201e-08 2.71841e-08 1.79531e-08 1.30821e-08 
1.58865e-08 1.79531e-08 2.45826e-08 3.71299e-08 5.80742e-08 9.13704e-08 1.42977e-07 2.21597e-07 3.39674e-07 5.14695e-07 7.70843e-07 1.14106e-06 1.66952e-06 2.41458e-06 3.45216e-06 4.87945e-06 6.81893e-06 9.42243e-06 1.2875e-05 1.73985e-05 2.32538e-05 3.07419e-05 4.02037e-05 5.20162e-05 6.65873e-05 8.43458e-05 0.00010573 0.000131169 0.000161068 0.00019578 0.000235588 0.000280675 0.000331101 0.000386783 0.000447472 0.000512745 0.000581992 0.000654423 0.000729074 0.00080483 0.000880443 0.000954576 0.00102583 0.00109281 0.00115413 0.00120849 0.00125473 0.00129181 0.00131892 0.00133543 0.00134098 0.00133543 0.00131892 0.00129181 0.00125473 0.00120849 0.00115413 0.00109281 0.00102583 0.000954576 0.000880443 0.00080483 0.000729074 0.000654423 0.000581992 0.000512745 0.000447472 0.000386783 0.000331101 0.000280675 0.000235588 0.00019578 0.000161068 0.000131169 0.00010573 8.43458e-05 6.65873e-05 5.20162e-05 4.02037e-05 3.07419e-05 2.32538e-05 1.73985e-05 1.2875e-05 9.42243e-06 6.81893e-06 4.87945e-06 3.45216e-06 2.41458e-06 1.66952e-06 1.14106e-06 7.70843e-07 5.14695e-07 3.39674e-07 2.21597e-07 1.42977e-07 9.13704e-08 5.80742e-08 3.71299e-08 2.45826e-08 1.79531e-08 
2.40814e-08 2.71841e-08 3.71299e-08 5.59256e-08 8.72381e-08 1.36903e-07 2.1369e-07 3.30366e-07 5.05131e-07 7.63471e-07 1.14051e-06 1.68392e-06 2.4574e-06 3.54476e-06 5.05461e-06 7.12545e-06 9.93107e-06 1.3686e-05 1.86507e-05 2.51356e-05 3.35045e-05 4.41752e-05 5.76178e-05 7.43504e-05 9.49294e-05 0.000119937 0.000149963 0.000185582 0.000227329 0.000275667 0.000330953 0.000393411 0.000463093 0.000539855 0.000623329 0.00071291 0.00080775 0.000906756 0.00100861 0.00111179 0.00121462 0.00131528 0.00141191 0.00150262 0.00158559 0.00165908 0.00172153 0.00177159 0.00180816 0.00183044 0.00183792 0.00183044 0.00180816 0.00177159 0.00172153 0.00165908 0.00158559 0.00150262 0.00141191 0.00131528 0.00121462 0.00111179 0.00100861 0.000906756 0.00080775 0.00071291 0.000623329 0.000539855 0.000463093 0.000393411 0.000330953 0.000275667 0.000227329 0.000185582 0.000149963 0.000119937 9.49294e-05 7.43504e-05 5.76178e-05 4.41752e-05 3.35045e-05 2.51356e-05 1.86507e-05 1.3686e-05 9.93107e-06 7.12545e-06 5.05461e-06 3.54476e-06 2.4574e-06 1.68392e-06 1.14051e-06 7.63471e-07 5.05131e-07 3.30366e-07 2.1369e-07 1.36903e-07 8.72381e-08 5.59256e-08 3.71299e-08 2.71841e-08 
3.77952e-08 4.26201e-08 5.80742e-08 8.72381e-08 1.35731e-07 2.12477e-07 3.30847e-07 5.10258e-07 7.78295e-07 1.17346e-06 1.74865e-06 2.57536e-06 3.74881e-06 5.39383e-06 7.6715e-06 1.07864e-05 1.49944e-05 2.06096e-05 2.80119e-05 3.76523e-05 5.00564e-05 6.58249e-05 8.56307e-05 0.000110211 0.000140352 0.000176872 0.000220596 0.000272317 0.000332767 0.000402568 0.000482192 0.000571911 0.000671757 0.000781481 0.000900523 0.00102799 0.00116266 0.00130296 0.00144702 0.0015927 0.00173765 0.00187933 0.00201515 0.0021425 0.00225884 0.0023618 0.00244923 0.00251926 0.0025704 0.00260154 0.002612 0.00260154 0.0025704 0.00251926 0.00244923 0.0023618 0.00225884 0.0021425 0.00201515 0.00187933 0.00173765 0.0015927 0.00144702 0.00130296 0.00116266 0.00102799 0.000900523 0.000781481 0.000671757 0.000571911 0.000482192 0.000402568 0.000332767 0.000272317 0.000220596 0.000176872 0.000140352 0.000110211 8.56307e-05 6.58249e-05 5.00564e-05 3.76523e-05 2.80119e-05 2.06096e-05 1.49944e-05 1.07864e-05 7.6715e-06 5.39383e-06 3.74881e-06 2.57536e-06 1.74865e-06 1.17346e-06 7.78295e-07 5.10258e-07 3.30847e-07 2.12477e-07 1.35731e-07 8.72381e-08 5.80742e-08 4.26201e-08 
5.96605e-08 6.72093e-08 9.13704e-08 1.36903e-07 2.12477e-07 3.31827e-07 5.15488e-07 7.93187e-07 1.20703e-06 1.81562e-06 2.69916e-06 3.96572e-06 5.75871e-06 8.26542e-06 1.17267e-05 1.64471e-05 2.28061e-05 3.12677e-05 4.23905e-05 5.68347e-05 7.5366e-05 9.88557e-05 0.000128274 0.000164679 0.000209193 0.000262975 0.000327182 0.000402923 0.000491205 0.000592872 0.000708543 0.000838547 0.000982868 0.00114109 0.00131235 0.00149534 0.00168825 0.00188884 0.00209442 0.00230196 0.0025081 0.0027093 0.00290192 0.0030823 0.00324692 0.00339246 0.00351595 0.00361481 0.00368697 0.00373089 0.00374563 0.00373089 0.00368697 0.00361481 0.00351595 0.00339246 0.00324692 0.0030823 0.00290192 0.0027093 0.0025081 0.00230196 0.00209442 0.00188884 0.00168825 0.00149534 0.00131235 0.00114109 0.000982868 0.000838547 0.000708543 0.000592872 0.000491205 0.000402923 0.000327182 0.000262975 0.000209193 0.000164679 0.000128274 9.88557e-05 7.5366e-05 5.68347e-05 4.23905e-05 3.12677e-05 2.28061e-05 1.64471e-05 1.17267e-05 8.26542e-06 5.75871e-06 3.96572e-06 2.69916e-06 1.81562e-06 1.20703e-06 7.93187e-07 5.15488e-07 3.31827e-07 2.12477e-07 1.36903e-07 9.13704e-08 6.72093e-08 
9.36572e-08 1.05405e-07 1.42977e-07 2.1369e-07 3.30847e-07 5.15488e-07 7.98982e-07 1.22662e-06 1.86237e-06 2.79495e-06 4.14543e-06 6.07637e-06 8.80274e-06 1.26043e-05 1.78393e-05 2.49594e-05 3.45244e-05 4.7217e-05 6.38546e-05 8.53993e-05 0.000112962 0.0001478 0.000191308 0.000244994 0.000310452 0.000389317 0.000483207 0.000593659 0.000722049 0.000869513 0.00103685 0.00122445 0.0014322 0.00165941 0.0019048 0.0021664 0.00244162 0.00272721 0.00301938 0.0033138 0.00360577 0.00389033 0.00416236 0.0044168 0.00464876 0.00485365 0.00502735 0.00516632 0.00526771 0.0053294 0.0053501 0.0053294 0.00526771 0.00516632 0.00502735 0.00485365 0.00464876 0.0044168 0.00416236 0.00389033 0.00360577 0.0033138 0.00301938 0.00272721 0.00244162 0.0021664 0.0019048 0.00165941 0.0014322 0.00122445 0.00103685 0.000869513 0.000722049 0.000593659 0.000483207 0.000389317 0.000310452 0.000244994 0.000191308 0.0001478 0.000112962 8.53993e-05 6.38546e-05 4.7217e-05 3.45244e-05 2.49594e-05 1.78393e-05 1.26043e-05 8.80274e-06 6.07637e-06 4.14543e-06 2.79495e-06 1.86237e-06 1.22662e-06 7.98982e-07 5.15488e-07 3.30847e-07 2.1369e-07 1.42977e-07 1.05405e-07 
1.45621e-07 1.63727e-07 2.21597e-07 3.30366e-07 5.10258e-07 7.93187e-07 1.22662e-06 1.87891e-06 2.84628e-06 4.26181e-06 6.30646e-06 9.22247e-06 1.33289e-05 1.90397e-05 2.68828e-05 3.75212e-05 5.17734e-05 7.06331e-05 9.52856e-05 0.000127119 0.000167729 0.000218911 0.000282648 0.000361072 0.00045642 0.000570971 0.000706964 0.000866501 0.00105144 0.00126329 0.00150305 0.00177116 0.00206732 0.00239046 0.00273862 0.00310897 0.00349776 0.00390041 0.00431154 0.0047251 0.00513454 0.00553296 0.00591333 0.00626866 0.00659222 0.00687776 0.00711964 0.00731303 0.00745405 0.00753982 0.00756861 0.00753982 0.00745405 0.00731303 0.00711964 0.00687776 0.00659222 0.00626866 0.00591333 0.00553296 0.00513454 0.0047251 0.00431154 0.00390041 0.00349776 0.00310897 0.00273862 0.00239046 0.00206732 0.00177116 0.00150305 0.00126329 0.00105144 0.000866501 0.000706964 0.000570971 0.00045642 0.000361072 0.000282648 0.000218911 0.000167729 0.000127119 9.52856e-05 7.06331e-05 5.17734e-05 3.75212e-05 2.68828e-05 1.90397e-05 1.33289e-05 9.22247e-06 6.30646e-06 4.26181e-06 2.84628e-06 1.87891e-06 1.22662e-06 7.93187e-07 5.10258e-07 3.30366e-07 2.21597e-07 1.63727e-07 
2.23928e-07 2.51528e-07 3.39674e-07 5.05131e-07 7.78295e-07 1.20703e-06 1.86237e-06 2.84628e-06 4.30192e-06 6.42661e-06 9.48783e-06 1.38423e-05 1.99585e-05 2.84415e-05 4.00604e-05 5.57773e-05 7.67748e-05 0.000104483 0.000140598 0.000187101 0.000246254 0.000320594 0.000412898 0.000526145 0.000663432 0.000827896 0.00102259 0.00125034 0.00151362 0.00181437 0.00215385 0.00253246 0.00294962 0.00340365 0.00389169 0.00440963 0.00495219 0.00551291 0.00608431 0.00665804 0.00722509 0.00777601 0.00830122 0.00879121 0.00923689 0.0096298 0.00996237 0.0102281 0.0104217 0.0105395 0.010579 0.0105395 0.0104217 0.0102281 0.00996237 0.0096298 0.00923689 0.00879121 0.00830122 0.00777601 0.00722509 0.00665804 0.00608431 0.00551291 0.00495219 0.00440963 0.00389169 0.00340365 0.00294962 0.00253246 0.00215385 0.00181437 0.00151362 0.00125034 0.00102259 0.000827896 0.000663432 0.000526145 0.000412898 0.000320594 0.000246254 0.000187101 0.000140598 0.000104483 7.67748e-05 5.57773e-05 4.00604e-05 2.84415e-05 1.99585e-05 1.38423e-05 9.48783e-06 6.42661e-06 4.30192e-06 2.84628e-06 1.86237e-06 1.20703e-06 7.78295e-07 5.05131e-07 3.39674e-07 2.51528e-07 
3.40401e-07 3.81984e-07 5.14695e-07 7.63471e-07 1.17346e-06 1.81562e-06 2.79495e-06 4.26181e-06 6.42661e-06 9.57847e-06 1.4108e-05 2.05343e-05 2.95365e-05 4.19886e-05 5.89975e-05 8.19415e-05 0.000112508 0.000152729 0.000205005 0.00027212 0.000357243 0.000463905 0.000595955 0.000757484 0.000952728 0.00118593 0.00146119 0.00178226 0.00215235 0.00257393 0.00304848 0.0035763 0.00415634 0.00478602 0.0054612 0.00617607 0.00692321 0.00769371 0.0084773 0.00926258 0.0100373 0.0107888 0.0115042 0.0121707 0.0127762 0.0133094 0.0137604 0.0141205 0.0143827 0.0145422 0.0145956 0.0145422 0.0143827 0.0141205 0.0137604 0.0133094 0.0127762 0.0121707 0.0115042 0.0107888 0.0100373 0.00926258 0.0084773 0.00769371 0.00692321 0.00617607 0.0054612 0.00478602 0.00415634 0.0035763 0.00304848 0.00257393 0.00215235 0.00178226 0.00146119 0.00118593 0.000952728 0.000757484 0.000595955 0.000463905 0.000357243 0.00027212 0.000205005 0.000152729 0.000112508 8.19415e-05 5.89975e-05 4.19886e-05 2.95365e-05 2.05343e-05 1.4108e-05 9.57847e-06 6.42661e-06 4.26181e-06 2.79495e-06 1.81562e-06 1.17346e-06 7.63471e-07 5.14695e-07 3.81984e-07 
5.1146e-07 5.73378e-07 7.70843e-07 1.14051e-06 1.74865e-06 2.69916e-06 4.14543e-06 6.30646e-06 9.48783e-06 1.4108e-05 2.07303e-05 3.0101e-05 4.31925e-05 6.12517e-05 8.58511e-05 0.000118941 0.000162899 0.000220573 0.000295314 0.000390989 0.000511975 0.00066312 0.000849676 0.00107719 0.00135137 0.00167786 0.00206207 0.0025089 0.00302244 0.00360572 0.00426042 0.00498658 0.00578241 0.00664408 0.00756564 0.00853899 0.00955389 0.0105982 0.011658 0.0127179 0.0137618 0.0147725 0.0157332 0.016627 0.017438 0.0181514 0.0187542 0.0192352 0.0195854 0.0197981 0.0198695 0.0197981 0.0195854 0.0192352 0.0187542 0.0181514 0.017438 0.016627 0.0157332 0.0147725 0.0137618 0.0127179 0.011658 0.0105982 0.00955389 0.00853899 0.00756564 0.00664408 0.00578241 0.00498658 0.00426042 0.00360572 0.00302244 0.0025089 0.00206207 0.00167786 0.00135137 0.00107719 0.000849676 0.00066312 0.000511975 0.000390989 0.000295314 0.000220573 0.000162899 0.000118941 8.58511e-05 6.12517e-05 4.31925e-05 3.0101e-05 2.07303e-05 1.4108e-05 9.48783e-06 6.30646e-06 4.14543e-06 2.69916e-06 1.74865e-06 1.14051e-06 7.70843e-07 5.73378e-07 
7.59569e-07 8.50686e-07 1.14106e-06 1.68392e-06 2.57536e-06 3.96572e-06 6.07637e-06 9.22247e-06 1.38423e-05 2.05343e-05 3.0101e-05 4.36017e-05 6.24119e-05 8.82879e-05 0.000123436 0.00017058 0.000233027 0.000314718 0.000420269 0.000554977 0.000724805 0.000936319 0.00119659 0.00151302 0.00189316 0.00234444 0.00287388 0.0034877 0.00419104 0.0049875 0.00587885 0.00686464 0.00794196 0.00910523 0.0103461 0.0116533 0.013013 0.0144088 0.0158222 0.0172329 0.0186194 0.0199597 0.0212314 0.0224129 0.0234835 0.0244243 0.0252185 0.0258516 0.0263123 0.0265921 0.026686 0.0265921 0.0263123 0.0258516 0.0252185 0.0244243 0.0234835 0.0224129 0.0212314 0.0199597 0.0186194 0.0172329 0.0158222 0.0144088 0.013013 0.0116533 0.0103461 0.00910523 0.00794196 0.00686464 0.00587885 0.0049875 0.00419104 0.0034877 0.00287388 0.00234444 0.00189316 0.00151302 0.00119659 0.000936319 0.000724805 0.000554977 0.000420269 0.000314718 0.000233027 0.00017058 0.000123436 8.82879e-05 6.24119e-05 4.36017e-05 3.0101e-05 2.05343e-05 1.38423e-05 9.22247e-06 6.07637e-06 3.96572e-06 2.57536e-06 1.68392e-06 1.14106e-06 8.50686e-07 
1.115e-06 1.24752e-06 1.66952e-06 2.4574e-06 3.74881e-06 5.75871e-06 8.80274e-06 1.33289e-05 1.99585e-05 2.95365e-05 4.31925e-05 6.24119e-05 8.91157e-05 0.000125747 0.000175362 0.000241718 0.000329354 0.000443655 0.000590893 0.000778228 0.00101367 0.00130599 0.00166456 0.00209913 0.00261954 0.00323539 0.00395559 0.00478797 0.00573875 0.0068121 0.00800967 0.00933017 0.0107691 0.0123184 0.0139664 0.015698 0.0174945 0.0193343 0.021193 0.0230441 0.0248599 0.0266117 0.0282712 0.0298105 0.0312035 0.0324261 0.0334572 0.0342785 0.0348757 0.0352383 0.0353599 0.0352383 0.0348757 0.0342785 0.0334572 0.0324261 0.0312035 0.0298105 0.0282712 0.0266117 0.0248599 0.0230441 0.021193 0.0193343 0.0174945 0.015698 0.0139664 0.0123184 0.0107691 0.00933017 0.00800967 0.0068121 0.00573875 0.00478797 0.00395559 0.00323539 0.00261954 0.00209913 0.00166456 0.00130599 0.00101367 0.000778228 0.000590893 0.000443655 0.000329354 0.000241718 0.000175362 0.000125747 8.91157e-05 6.24119e-05 4.31925e-05 2.95365e-05 1.99585e-05 1.33289e-05 8.80274e-06 5.75871e-06 3.74881e-06 2.4574e-06 1.66952e-06 1.24752e-06 
1.61792e-06 1.80841e-06 2.41458e-06 3.54476e-06 5.39383e-06 8.26542e-06 1.26043e-05 1.90397e-05 2.84415e-05 4.19886e-05 6.12517e-05 8.82879e-05 0.000125747 0.000176986 0.000246185 0.00033846 0.000459962 0.000617953 0.000820842 0.00107818 0.00140058 0.0017996 0.00228746 0.00287682 0.00358031 0.00441009 0.00537733 0.0064916 0.00776028 0.00918795 0.0107758 0.0125213 0.0144175 0.0164532 0.0186124 0.0208749 0.023216 0.0256073 0.0280174 0.0304123 0.0327565 0.0350138 0.0371481 0.0391248 0.040911 0.0424768 0.0437959 0.0448458 0.0456088 0.0460718 0.046227 0.0460718 0.0456088 0.0448458 0.0437959 0.0424768 0.040911 0.0391248 0.0371481 0.0350138 0.0327565 0.0304123 0.0280174 0.0256073 0.023216 0.0208749 0.0186124 0.0164532 0.0144175 0.0125213 0.0107758 0.00918795 0.00776028 0.0064916 0.00537733 0.00441009 0.00358031 0.00287682 0.00228746 0.0017996 0.00140058 0.00107818 0.000820842 0.000617953 0.000459962 0.00033846 0.000246185 0.000176986 0.000125747 8.82879e-05 6.12517e-05 4.19886e-05 2.84415e-05 1.90397e-05 1.26043e-05 8.26542e-06 5.39383e-06 3.54476e-06 2.41458e-06 1.80841e-06 
2.32083e-06 2.5915e-06 3.45216e-06 5.05461e-06 7.6715e-06 1.17267e-05 1.78393e-05 2.68828e-05 4.00604e-05 5.89975e-05 8.58511e-05 0.000123436 0.000175362 0.000246185 0.000341551 0.000468338 0.000634776 0.000850529 0.00112673 0.00147593 0.00191203 0.00244999 0.00310559 0.00389496 0.00483405 0.00593804 0.00722062 0.00869324 0.0103644 0.0122387 0.0143167 0.0165935 0.0190593 0.0216983 0.0244891 0.027405 0.0304138 0.0334792 0.0365608 0.0396158 0.0425994 0.0454665 0.0481724 0.0506741 0.0529314 0.0549077 0.0565706 0.0578931 0.0588534 0.059436 0.0596312 0.059436 0.0588534 0.0578931 0.0565706 0.0549077 0.0529314 0.0506741 0.0481724 0.0454665 0.0425994 0.0396158 0.0365608 0.0334792 0.0304138 0.027405 0.0244891 0.0216983 0.0190593 0.0165935 0.0143167 0.0122387 0.0103644 0.00869324 0.00722062 0.00593804 0.00483405 0.00389496 0.00310559 0.00244999 0.00191203 0.00147593 0.00112673 0.000850529 0.000634776 0.000468338 0.000341551 0.000246185 0.000175362 0.000123436 8.58511e-05 5.89975e-05 4.00604e-05 2.68828e-05 1.78393e-05 1.17267e-05 7.6715e-06 5.05461e-06 3.45216e-06 2.5915e-06 
3.29129e-06 3.67147e-06 4.87945e-06 7.12545e-06 1.07864e-05 1.64471e-05 2.49594e-05 3.75212e-05 5.57773e-05 8.19415e-05 0.000118941 0.00017058 0.000241718 0.00033846 0.000468338 0.000640485 0.00086577 0.00115689 0.00152838 0.00199655 0.00257929 0.00329577 0.004166 0.00521024 0.00644832 0.00789882 0.00957818 0.0114998 0.013673 0.0161022 0.0187862 0.0217174 0.0248815 0.0282572 0.031816 0.0355231 0.0393374 0.0432126 0.0470982 0.0509406 0.0546846 0.0582746 0.0616561 0.0647769 0.0675884 0.0700463 0.0721123 0.0737537 0.0749448 0.075667 0.075909 0.075667 0.0749448 0.0737537 0.0721123 0.0700463 0.0675884 0.0647769 0.0616561 0.0582746 0.0546846 0.0509406 0.0470982 0.0432126 0.0393374 0.0355231 0.031816 0.0282572 0.0248815 0.0217174 0.0187862 0.0161022 0.013673 0.0114998 0.00957818 0.00789882 0.00644832 0.00521024 0.004166 0.00329577 0.00257929 0.00199655 0.00152838 0.00115689 0.00086577 0.000640485 0.000468338 0.00033846 0.000241718 0.00017058 0.000118941 8.19415e-05 5.57773e-05 3.75212e-05 2.49594e-05 1.64471e-05 1.07864e-05 7.12545e-06 4.87945e-06 3.67147e-06 
4.61485e-06 5.14277e-06 6.81893e-06 9.93107e-06 1.49944e-05 2.28061e-05 3.45244e-05 5.17734e-05 7.67748e-05 0.000112508 0.000162899 0.000233027 0.000329354 0.000459962 0.000634776 0.00086577 0.00116712 0.00155529 0.00204902 0.0026692 0.00343856 0.0043813 0.00552242 0.00688698 0.00849921 0.0103814 0.012553 0.015029 0.0178193 0.0209275 0.0243498 0.0280746 0.0320817 0.0363426 0.0408203 0.0454701 0.0502398 0.0550718 0.0599034 0.064669 0.0693012 0.0737328 0.0778984 0.0817357 0.0851868 0.0881997 0.0907289 0.0927364 0.0941922 0.0950743 0.0953699 0.0950743 0.0941922 0.0927364 0.0907289 0.0881997 0.0851868 0.0817357 0.0778984 0.0737328 0.0693012 0.064669 0.0599034 0.0550718 0.0502398 0.0454701 0.0408203 0.0363426 0.0320817 0.0280746 0.0243498 0.0209275 0.0178193 0.015029 0.012553 0.0103814 0.00849921 0.00688698 0.00552242 0.0043813 0.00343856 0.0026692 0.00204902 0.00155529 0.00116712 0.00086577 0.000634776 0.000459962 0.000329354 0.000233027 0.000162899 0.000112508 7.67748e-05 5.17734e-05 3.45244e-05 2.28061e-05 1.49944e-05 9.93107e-06 6.81893e-06 5.14277e-06 
6.39812e-06 7.12291e-06 9.42243e-06 1.3686e-05 2.06096e-05 3.12677e-05 4.7217e-05 7.06331e-05 0.000104483 0.000152729 0.000220573 0.000314718 0.000443655 0.000617953 0.000850529 0.00115689 0.00155529 0.00206681 0.0027153 0.00352713 0.00453085 0.0057565 0.00723489 0.00899653 0.0110705 0.0134831 0.0162564 0.0194072 0.0229452 0.026872 0.0311801 0.0358524 0.0408613 0.0461692 0.0517286 0.0574828 0.0633671 0.0693101 0.0752357 0.0810642 0.0867153 0.0921089 0.0971676 0.101818 0.105994 0.109634 0.112685 0.115105 0.116858 0.117919 0.118275 0.117919 0.116858 0.115105 0.112685 0.109634 0.105994 0.101818 0.0971676 0.0921089 0.0867153 0.0810642 0.0752357 0.0693101 0.0633671 0.0574828 0.0517286 0.0461692 0.0408613 0.0358524 0.0311801 0.026872 0.0229452 0.0194072 0.0162564 0.0134831 0.0110705 0.00899653 0.00723489 0.0057565 0.00453085 0.00352713 0.0027153 0.00206681 0.00155529 0.00115689 0.000850529 0.000617953 0.000443655 0.000314718 0.000220573 0.000152729 0.000104483 7.06331e-05 4.7217e-05 3.12677e-05 2.06096e-05 1.3686e-05 9.42243e-06 7.12291e-06 
8.77171e-06 9.75566e-06 1.2875e-05 1.86507e-05 2.80119e-05 4.23905e-05 6.38546e-05 9.52856e-05 0.000140598 0.000205005 0.000295314 0.000420269 0.000590893 0.000820842 0.00112673 0.00152838 0.00204902 0.0027153 0.00355715 0.00460748 0.00590157 0.00747627 0.00936891 0.011616 0.0142519 0.0173069 0.0208058 0.0247661 0.0291965 0.0340955 0.0394504 0.0452367 0.0514175 0.0579441 0.0647561 0.0717829 0.078945 0.0861559 0.093324 0.100355 0.107153 0.113625 0.119682 0.125239 0.130218 0.134552 0.13818 0.141054 0.143134 0.144393 0.144815 0.144393 0.143134 0.141054 0.13818 0.134552 0.130218 0.125239 0.119682 0.113625 0.107153 0.100355 0.093324 0.0861559 0.078945 0.0717829 0.0647561 0.0579441 0.0514175 0.0452367 0.0394504 0.0340955 0.0291965 0.0247661 0.0208058 0.0173069 0.0142519 0.011616 0.00936891 0.00747627 0.00590157 0.00460748 0.00355715 0.0027153 0.00204902 0.00152838 0.00112673 0.000820842 0.000590893 0.000420269 0.000295314 0.000205005 0.000140598 9.52856e-05 6.38546e-05 4.23905e-05 2.80119e-05 1.86507e-05 1.2875e-05 9.75566e-06 
1.1893e-05 1.32139e-05 1.73985e-05 2.51356e-05 3.76523e-05 5.68347e-05 8.53993e-05 0.000127119 0.000187101 0.00027212 0.000390989 0.000554977 0.000778228 0.00107818 0.00147593 0.00199655 0.0026692 0.00352713 0.00460748 0.00595072 0.00759988 0.00959947 0.0119941 0.0148268 0.0181371 0.0219595 0.0263206 0.031238 0.0367181 0.0427547 0.049328 0.0564039 0.063934 0.071856 0.0800947 0.0885632 0.0971653 0.105798 0.114351 0.122716 0.130782 0.138441 0.14559 0.152135 0.157989 0.163075 0.167327 0.170691 0.173124 0.174596 0.175088 0.174596 0.173124 0.170691 0.167327 0.163075 0.157989 0.152135 0.14559 0.138441 0.130782 0.122716 0.114351 0.105798 0.0971653 0.0885632 0.0800947 0.071856 0.063934 0.0564039 0.049328 0.0427547 0.0367181 0.031238 0.0263206 0.0219595 0.0181371 0.0148268 0.0119941 0.00959947 0.00759988 0.00595072 0.00460748 0.00352713 0.0026692 0.00199655 0.00147593 0.00107818 0.000778228 0.000554977 0.000390989 0.00027212 0.000187101 0.000127119 8.53993e-05 5.68347e-05 3.76523e-05 2.51356e-05 1.73985e-05 1.32139e-05 
1.5948e-05 1.77019e-05 2.32538e-05 3.35045e-05 5.00564e-05 7.5366e-05 0.000112962 0.000167729 0.000246254 0.000357243 0.000511975 0.000724805 0.00101367 0.00140058 0.00191203 0.00257929 0.00343856 0.00453085 0.00590157 0.00759988 0.00967754 0.0121875 0.0151823 0.0187117 0.0228206 0.0275467 0.0329181 0.038951 0.0456479 0.0529958 0.0609656 0.0695113 0.0785703 0.0880644 0.0979009 0.107975 0.118171 0.128368 0.138439 0.148257 0.157695 0.166633 0.174955 0.182556 0.18934 0.195223 0.200135 0.204015 0.206819 0.208515 0.209082 0.208515 0.206819 0.204015 0.200135 0.195223 0.18934 0.182556 0.174955 0.166633 0.157695 0.148257 0.138439 0.128368 0.118171 0.107975 0.0979009 0.0880644 0.0785703 0.0695113 0.0609656 0.0529958 0.0456479 0.038951 0.0329181 0.0275467 0.0228206 0.0187117 0.0151823 0.0121875 0.00967754 0.00759988 0.00590157 0.00453085 0.00343856 0.00257929 0.00191203 0.00140058 0.00101367 0.000724805 0.000511975 0.000357243 0.000246254 0.000167729 0.000112962 7.5366e-05 5.00564e-05 3.35045e-05 2.32538e-05 1.77019e-05 
2.11529e-05 2.34562e-05 3.07419e-05 4.41752e-05 6.58249e-05 9.88557e-05 0.0001478 0.000218911 0.000320594 0.000463905 0.00066312 0.000936319 0.00130599 0.0017996 0.00244999 0.00329577 0.0043813 0.0057565 0.00747627 0.00959947 0.0121875 0.0153026 0.0190055 0.0233526 0.028394 0.03417 0.0407085 0.0480229 0.0561096 0.0649467 0.0744928 0.0846875 0.0954514 0.106687 0.118283 0.130114 0.142044 0.153931 0.165632 0.177 0.187895 0.198183 0.207736 0.21644 0.224191 0.230901 0.236493 0.240906 0.244091 0.246016 0.24666 0.246016 0.244091 0.240906 0.236493 0.230901 0.224191 0.21644 0.207736 0.198183 0.187895 0.177 0.165632 0.153931 0.142044 0.130114 0.118283 0.106687 0.0954514 0.0846875 0.0744928 0.0649467 0.0561096 0.0480229 0.0407085 0.03417 0.028394 0.0233526 0.0190055 0.0153026 0.0121875 0.00959947 0.00747627 0.0057565 0.0043813 0.00329577 0.00244999 0.0017996 0.00130599 0.000936319 0.00066312 0.000463905 0.000320594 0.000218911 0.0001478 9.88557e-05 6.58249e-05 4.41752e-05 3.07419e-05 2.34562e-05 
2.77536e-05 3.07458e-05 4.02037e-05 5.76178e-05 8.56307e-05 0.000128274 0.000191308 0.000282648 0.000412898 0.000595955 0.000849676 0.00119659 0.00166456 0.00228746 0.00310559 0.004166 0.00552242 0.00723489 0.00936891 0.0119941 0.0151823 0.0190055 0.0235326 0.0288269 0.0349425 0.0419212 0.0497893 0.0585549 0.068206 0.0787089 0.0900073 0.102023 0.114657 0.127792 0.141292 0.15501 0.16879 0.18247 0.195886 0.208876 0.221284 0.232965 0.243781 0.25361 0.262343 0.269888 0.276165 0.281111 0.284678 0.286831 0.287552 0.286831 0.284678 0.281111 0.276165 0.269888 0.262343 0.25361 0.243781 0.232965 0.221284 0.208876 0.195886 0.18247 0.16879 0.15501 0.141292 0.127792 0.114657 0.102023 0.0900073 0.0787089 0.068206 0.0585549 0.0497893 0.0419212 0.0349425 0.0288269 0.0235326 0.0190055 0.0151823 0.0119941 0.00936891 0.00723489 0.00552242 0.004166 0.00310559 0.00228746 0.00166456 0.00119659 0.000849676 0.000595955 0.000412898 0.000282648 0.000191308 0.000128274 8.56307e-05 5.76178e-05 4.02037e-05 3.07458e-05 
3.60239e-05 3.98696e-05 5.20162e-05 7.43504e-05 0.000110211 0.000164679 0.000244994 0.000361072 0.000526145 0.000757484 0.00107719 0.00151302 0.00209913 0.00287682 0.00389496 0.00521024 0.00688698 0.00899653 0.011616 0.0148268 0.0187117 0.0233526 0.0288269 0.0352037 0.0425401 0.0508779 0.0602393 0.0706251 0.0820116 0.0943502 0.107567 0.121562 0.136215 0.151382 0.166907 0.182618 0.198336 0.213878 0.229062 0.243711 0.257657 0.270742 0.282822 0.29377 0.303474 0.311838 0.318785 0.324251 0.328188 0.330564 0.331358 0.330564 0.328188 0.324251 0.318785 0.311838 0.303474 0.29377 0.282822 0.270742 0.257657 0.243711 0.229062 0.213878 0.198336 0.182618 0.166907 0.151382 0.136215 0.121562 0.107567 0.0943502 0.0820116 0.0706251 0.0602393 0.0508779 0.0425401 0.0352037 0.0288269 0.0233526 0.0187117 0.0148268 0.011616 0.00899653 0.00688698 0.00521024 0.00389496 0.00287682 0.00209913 0.00151302 0.00107719 0.000757484 0.000526145 0.000361072 0.000244994 0.000164679 0.000110211 7.43504e-05 5.20162e-05 3.98696e-05 
4.62618e-05 5.11522e-05 6.65873e-05 9.49294e-05 0.000140352 0.000209193 0.000310452 0.00045642 0.000663432 0.000952728 0.00135137 0.00189316 0.00261954 0.00358031 0.00483405 0.00644832 0.00849921 0.0110705 0.0142519 0.0181371 0.0228206 0.028394 0.0349425 0.0425401 0.0512456 0.0610982 0.0721139 0.0842826 0.0975662 0.111898 0.127181 0.143294 0.160089 0.177398 0.195038 0.212812 0.23052 0.247957 0.264925 0.281233 0.296702 0.311166 0.324478 0.336508 0.347142 0.356288 0.363869 0.369825 0.37411 0.376693 0.377556 0.376693 0.37411 0.369825 0.363869 0.356288 0.347142 0.336508 0.324478 0.311166 0.296702 0.281233 0.264925 0.247957 0.23052 0.212812 0.195038 0.177398 0.160089 0.143294 0.127181 0.111898 0.0975662 0.0842826 0.0721139 0.0610982 0.0512456 0.0425401 0.0349425 0.028394 0.0228206 0.0181371 0.0142519 0.0110705 0.00849921 0.00644832 0.00483405 0.00358031 0.00261954 0.00189316 0.00135137 0.000952728 0.000663432 0.00045642 0.000310452 0.000209193 0.000140352 9.49294e-05 6.65873e-05 5.11522e-05 
5.8783e-05 6.49369e-05 8.43458e-05 0.000119937 0.000176872 0.000262975 0.000389317 0.000570971 0.000827896 0.00118593 0.00167786 0.00234444 0.00323539 0.00441009 0.00593804 0.00789882 0.0103814 0.0134831 0.0173069 0.0219595 0.0275467 0.03417 0.0419212 0.0508779 0.0610982 0.0726165 0.0854393 0.0995427 0.11487 0.131332 0.148809 0.167151 0.186182 0.205707 0.225515 0.245384 0.265092 0.284417 0.303144 0.32107 0.338008 0.35379 0.368267 0.381308 0.392805 0.40267 0.410829 0.417228 0.421827 0.424597 0.425522 0.424597 0.421827 0.417228 0.410829 0.40267 0.392805 0.381308 0.368267 0.35379 0.338008 0.32107 0.303144 0.284417 0.265092 0.245384 0.225515 0.205707 0.186182 0.167151 0.148809 0.131332 0.11487 0.0995427 0.0854393 0.0726165 0.0610982 0.0508779 0.0419212 0.03417 0.0275467 0.0219595 0.0173069 0.0134831 0.0103814 0.00789882 0.00593804 0.00441009 0.00323539 0.00234444 0.00167786 0.00118593 0.000827896 0.000570971 0.000389317 0.000262975 0.000176872 0.000119937 8.43458e-05 6.49369e-05 
7.39123e-05 8.15759e-05 0.00010573 0.000149963 0.000220596 0.000327182 0.000483207 0.000706964 0.00102259 0.00146119 0.00206207 0.00287388 0.00395559 0.00537733 0.00722062 0.00957818 0.012553 0.0162564 0.0208058 0.0263206 0.0329181 0.0407085 0.0497893 0.0602393 0.0721139 0.0854393 0.100209 0.116382 0.13388 0.152587 0.172355 0.193004 0.214329 0.236105 0.258093 0.280048 0.301725 0.322885 0.343301 0.362762 0.381078 0.398079 0.413617 0.42757 0.439836 0.450332 0.458995 0.465776 0.470643 0.473572 0.47455 0.473572 0.470643 0.465776 0.458995 0.450332 0.439836 0.42757 0.413617 0.398079 0.381078 0.362762 0.343301 0.322885 0.301725 0.280048 0.258093 0.236105 0.214329 0.193004 0.172355 0.152587 0.13388 0.116382 0.100209 0.0854393 0.0721139 0.0602393 0.0497893 0.0407085 0.0329181 0.0263206 0.0208058 0.0162564 0.012553 0.00957818 0.00722062 0.00537733 0.00395559 0.00287388 0.00206207 0.00146119 0.00102259 0.000706964 0.000483207 0.000327182 0.000220596 0.000149963 0.00010573 8.15759e-05 
9.19716e-05 0.000101418 0.000131169 0.000185582 0.000272317 0.000402923 0.000593659 0.000866501 0.00125034 0.00178226 0.0025089 0.0034877 0.00478797 0.0064916 0.00869324 0.0114998 0.015029 0.0194072 0.0247661 0.031238 0.038951 0.0480229 0.0585549 0.0706251 0.0842826 0.0995427 0.116382 0.134738 0.154506 0.175542 0.197666 0.220665 0.244303 0.268324 0.292462 0.316448 0.340017 0.362917 0.384911 0.405785 0.425346 0.443431 0.459899 0.474635 0.487549 0.49857 0.507644 0.514735 0.519816 0.52287 0.523889 0.52287 0.519816 0.514735 0.507644 0.49857 0.487549 0.474635 0.459899 0.443431 0.425346 0.405785 0.384911 0.362917 0.340017 0.316448 0.292462 0.268324 0.244303 0.220665 0.197666 0.175542 0.154506 0.134738 0.116382 0.0995427 0.0842826 0.0706251 0.0585549 0.0480229 0.038951 0.031238 0.0247661 0.0194072 0.015029 0.0114998 0.00869324 0.0064916 0.00478797 0.0034877 0.0025089 0.00178226 0.00125034 0.000866501 0.000593659 0.000402923 0.000272317 0.000185582 0.000131169 0.000101418 
0.000113266 0.000124792 0.000161068 0.000227329 0.000332767 0.000491205 0.000722049 0.00105144 0.00151362 0.00215235 0.00302244 0.00419104 0.00573875 0.00776028 0.0103644 0.013673 0.0178193 0.0229452 0.0291965 0.0367181 0.0456479 0.0561096 0.068206 0.0820116 0.0975662 0.11487 0.13388 0.154506 0.176615 0.200031 0.224539 0.249892 0.27582 0.302037 0.328249 0.354167 0.37951 0.404013 0.427435 0.449561 0.470204 0.489208 0.506445 0.521813 0.535236 0.546657 0.556038 0.563353 0.568586 0.571729 0.572778 0.571729 0.568586 0.563353 0.556038 0.546657 0.535236 0.521813 0.506445 0.489208 0.470204 0.449561 0.427435 0.404013 0.37951 0.354167 0.328249 0.302037 0.27582 0.249892 0.224539 0.200031 0.176615 0.154506 0.13388 0.11487 0.0975662 0.0820116 0.068206 0.0561096 0.0456479 0.0367181 0.0291965 0.0229452 0.0178193 0.013673 0.0103644 0.00776028 0.00573875 0.00419104 0.00302244 0.00215235 0.00151362 0.00105144 0.000722049 0.000491205 0.000332767 0.000227329 0.000161068 0.000124792 
0.000138069 0.000151991 0.00019578 0.000275667 0.000402568 0.000592872 0.000869513 0.00126329 0.00181437 0.00257393 0.00360572 0.0049875 0.0068121 0.00918795 0.0122387 0.0161022 0.0209275 0.026872 0.0340955 0.0427547 0.0529958 0.0649467 0.0787089 0.0943502 0.111898 0.131332 0.152587 0.175542 0.200031 0.225842 0.252723 0.280393 0.308546 0.336868 0.365039 0.39275 0.419708 0.44564 0.470305 0.493492 0.515025 0.534759 0.552583 0.568414 0.582191 0.593878 0.603451 0.6109 0.61622 0.619411 0.620475 0.619411 0.61622 0.6109 0.603451 0.593878 0.582191 0.568414 0.552583 0.534759 0.515025 0.493492 0.470305 0.44564 0.419708 0.39275 0.365039 0.336868 0.308546 0.280393 0.252723 0.225842 0.200031 0.175542 0.152587 0.131332 0.111898 0.0943502 0.0787089 0.0649467 0.0529958 0.0427547 0.0340955 0.026872 0.0209275 0.0161022 0.0122387 0.00918795 0.0068121 0.0049875 0.00360572 0.00257393 0.00181437 0.00126329 0.000869513 0.000592872 0.000402568 0.000275667 0.00019578 0.000151991 
0.000166601 0.000183251 0.000235588 0.000330953 0.000482192 0.000708543 0.00103685 0.00150305 0.00215385 0.00304848 0.00426042 0.00587885 0.00800967 0.0107758 0.0143167 0.0187862 0.0243498 0.0311801 0.0394504 0.049328 0.0609656 0.0744928 0.0900073 0.107567 0.127181 0.148809 0.172355 0.197666 0.224539 0.252723 0.28193 0.311839 0.342114 0.37241 0.402385 0.431715 0.460094 0.487251 0.512947 0.536981 0.559191 0.57945 0.597667 0.613779 0.62775 0.63956 0.649207 0.656696 0.662034 0.665233 0.666298 0.665233 0.662034 0.656696 0.649207 0.63956 0.62775 0.613779 0.597667 0.57945 0.559191 0.536981 0.512947 0.487251 0.460094 0.431715 0.402385 0.37241 0.342114 0.311839 0.28193 0.252723 0.224539 0.197666 0.172355 0.148809 0.127181 0.107567 0.0900073 0.0744928 0.0609656 0.049328 0.0394504 0.0311801 0.0243498 0.0187862 0.0143167 0.0107758 0.00800967 0.00587885 0.00426042 0.00304848 0.00215385 0.00150305 0.00103685 0.000708543 0.000482192 0.000330953 0.000235588 0.000183251 
0.000199014 0.000218732 0.000280675 0.000393411 0.000571911 0.000838547 0.00122445 0.00177116 0.00253246 0.0035763 0.00498658 0.00686464 0.00933017 0.0125213 0.0165935 0.0217174 0.0280746 0.0358524 0.0452367 0.0564039 0.0695113 0.0846875 0.102023 0.121562 0.143294 0.167151 0.193004 0.220665 0.249892 0.280393 0.311839 0.343876 0.376132 0.408237 0.43983 0.470573 0.500157 0.528311 0.554807 0.579458 0.60212 0.62269 0.641099 0.65731 0.67131 0.683103 0.692707 0.700142 0.705433 0.708599 0.709652 0.708599 0.705433 0.700142 0.692707 0.683103 0.67131 0.65731 0.641099 0.62269 0.60212 0.579458 0.554807 0.528311 0.500157 0.470573 0.43983 0.408237 0.376132 0.343876 0.311839 0.280393 0.249892 0.220665 0.193004 0.167151 0.143294 0.121562 0.102023 0.0846875 0.0695113 0.0564039 0.0452367 0.0358524 0.0280746 0.0217174 0.0165935 0.0125213 0.00933017 0.00686464 0.00498658 0.0035763 0.00253246 0.00177116 0.00122445 0.000838547 0.000571911 0.000393411 0.000280675 0.000218732 
0.00023537 0.000258497 0.000331101 0.000463093 0.000671757 0.000982868 0.0014322 0.00206732 0.00294962 0.00415634 0.00578241 0.00794196 0.0107691 0.0144175 0.0190593 0.0248815 0.0320817 0.0408613 0.0514175 0.063934 0.0785703 0.0954514 0.114657 0.136215 0.160089 0.186182 0.214329 0.244303 0.27582 0.308546 0.342114 0.376132 0.410199 0.44392 0.476919 0.50885 0.539402 0.568314 0.59537 0.620402 0.64329 0.663956 0.68236 0.698491 0.712362 0.724003 0.73345 0.740745 0.745925 0.74902 0.750049 0.74902 0.745925 0.740745 0.73345 0.724003 0.712362 0.698491 0.68236 0.663956 0.64329 0.620402 0.59537 0.568314 0.539402 0.50885 0.476919 0.44392 0.410199 0.376132 0.342114 0.308546 0.27582 0.244303 0.214329 0.186182 0.160089 0.136215 0.114657 0.0954514 0.0785703 0.063934 0.0514175 0.0408613 0.0320817 0.0248815 0.0190593 0.0144175 0.0107691 0.00794196 0.00578241 0.00415634 0.00294962 0.00206732 0.0014322 0.000982868 0.000671757 0.000463093 0.000331101 0.000258497 
0.000275628 0.000302492 0.000386783 0.000539855 0.000781481 0.00114109 0.00165941 0.00239046 0.00340365 0.00478602 0.00664408 0.00910523 0.0123184 0.0164532 0.0216983 0.0282572 0.0363426 0.0461692 0.0579441 0.071856 0.0880644 0.106687 0.127792 0.151382 0.177398 0.205707 0.236105 0.268324 0.302037 0.336868 0.37241 0.408237 0.44392 0.479045 0.513222 0.546101 0.577379 0.606804 0.634178 0.659359 0.682253 0.70281 0.721022 0.736905 0.750501 0.761864 0.771054 0.778129 0.783141 0.786131 0.787125 0.786131 0.783141 0.778129 0.771054 0.761864 0.750501 0.736905 0.721022 0.70281 0.682253 0.659359 0.634178 0.606804 0.577379 0.546101 0.513222 0.479045 0.44392 0.408237 0.37241 0.336868 0.302037 0.268324 0.236105 0.205707 0.177398 0.151382 0.127792 0.106687 0.0880644 0.071856 0.0579441 0.0461692 0.0363426 0.0282572 0.0216983 0.0164532 0.0123184 0.00910523 0.00664408 0.00478602 0.00340365 0.00239046 0.00165941 0.00114109 0.000781481 0.000539855 0.000386783 0.000302492 
0.000319622 0.000350534 0.000447472 0.000623329 0.000900523 0.00131235 0.0019048 0.00273862 0.00389169 0.0054612 0.00756564 0.0103461 0.0139664 0.0186124 0.0244891 0.031816 0.0408203 0.0517286 0.0647561 0.0800947 0.0979009 0.118283 0.141292 0.166907 0.195038 0.225515 0.258093 0.292462 0.328249 0.365039 0.402385 0.43983 0.476919 0.513222 0.548341 0.581928 0.613688 0.643386 0.670848 0.695957 0.718651 0.738912 0.75676 0.772246 0.785437 0.796413 0.805257 0.812043 0.81684 0.819696 0.820645 0.819696 0.81684 0.812043 0.805257 0.796413 0.785437 0.772246 0.75676 0.738912 0.718651 0.695957 0.670848 0.643386 0.613688 0.581928 0.548341 0.513222 0.476919 0.43983 0.402385 0.365039 0.328249 0.292462 0.258093 0.225515 0.195038 0.166907 0.141292 0.118283 0.0979009 0.0800947 0.0647561 0.0517286 0.0408203 0.031816 0.0244891 0.0186124 0.0139664 0.0103461 0.00756564 0.0054612 0.00389169 0.00273862 0.0019048 0.00131235 0.000900523 0.000623329 0.000447472 0.000350534 
0.000367059 0.000402297 0.000512745 0.00071291 0.00102799 0.00149534 0.0021664 0.00310897 0.00440963 0.00617607 0.00853899 0.0116533 0.015698 0.0208749 0.027405 0.0355231 0.0454701 0.0574828 0.0717829 0.0885632 0.107975 0.130114 0.15501 0.182618 0.212812 0.245384 0.280048 0.316448 0.354167 0.39275 0.431715 0.470573 0.50885 0.546101 0.581928 0.615986 0.647995 0.677741 0.705076 0.729914 0.752223 0.772021 0.789359 0.804319 0.816997 0.827496 0.835921 0.842364 0.846906 0.849606 0.850501 0.849606 0.846906 0.842364 0.835921 0.827496 0.816997 0.804319 0.789359 0.772021 0.752223 0.729914 0.705076 0.677741 0.647995 0.615986 0.581928 0.546101 0.50885 0.470573 0.431715 0.39275 0.354167 0.316448 0.280048 0.245384 0.212812 0.182618 0.15501 0.130114 0.107975 0.0885632 0.0717829 0.0574828 0.0454701 0.0355231 0.027405 0.0208749 0.015698 0.0116533 0.00853899 0.00617607 0.00440963 0.00310897 0.0021664 0.00149534 0.00102799 0.00071291 0.000512745 0.000402297 
0.000417506 0.000457306 0.000581992 0.00080775 0.00116266 0.00168825 0.00244162 0.00349776 0.00495219 0.00692321 0.00955389 0.013013 0.0174945 0.023216 0.0304138 0.0393374 0.0502398 0.0633671 0.078945 0.0971653 0.118171 0.142044 0.16879 0.198336 0.23052 0.265092 0.301725 0.340017 0.37951 0.419708 0.460094 0.500157 0.539402 0.577379 0.613688 0.647995 0.680039 0.709629 0.736646 0.761038 0.782806 0.802001 0.818709 0.83304 0.845119 0.855072 0.863023 0.869082 0.873341 0.875867 0.876705 0.875867 0.873341 0.869082 0.863023 0.855072 0.845119 0.83304 0.818709 0.802001 0.782806 0.761038 0.736646 0.709629 0.680039 0.647995 0.613688 0.577379 0.539402 0.500157 0.460094 0.419708 0.37951 0.340017 0.301725 0.265092 0.23052 0.198336 0.16879 0.142044 0.118171 0.0971653 0.078945 0.0633671 0.0502398 0.0393374 0.0304138 0.023216 0.0174945 0.013013 0.00955389 0.00692321 0.00495219 0.00349776 0.00244162 0.00168825 0.00116266 0.00080775 0.000581992 0.000457306 
0.000470391 0.000514937 0.000654423 0.000906756 0.00130296 0.00188884 0.00272721 0.00390041 0.00551291 0.00769371 0.0105982 0.0144088 0.0193343 0.0256073 0.0334792 0.0432126 0.0550718 0.0693101 0.0861559 0.105798 0.128368 0.153931 0.18247 0.213878 0.247957 0.284417 0.322885 0.362917 0.404013 0.44564 0.487251 0.528311 0.568314 0.606804 0.643386 0.677741 0.709629 0.738886 0.765425 0.789226 0.810326 0.828811 0.844797 0.858424 0.869843 0.879202 0.886644 0.892292 0.896249 0.898592 0.899368 0.898592 0.896249 0.892292 0.886644 0.879202 0.869843 0.858424 0.844797 0.828811 0.810326 0.789226 0.765425 0.738886 0.709629 0.677741 0.643386 0.606804 0.568314 0.528311 0.487251 0.44564 0.404013 0.362917 0.322885 0.284417 0.247957 0.213878 0.18247 0.153931 0.128368 0.105798 0.0861559 0.0693101 0.0550718 0.0432126 0.0334792 0.0256073 0.0193343 0.0144088 0.0105982 0.00769371 0.00551291 0.00390041 0.00272721 0.00188884 0.00130296 0.000906756 0.000654423 0.000514937 
