0.000549124 0.000559344 0.000590182 0.000642172 0.000716197 0.000813476 0.000935554 0.00108427 0.00126175 0.00147036 0.00171267 0.00199142 0.00230946 0.00266971 0.00307507 0.0035284 0.00403241 0.00458959 0.00520216 0.00587195 0.00660034 0.00738821 0.00823581 0.00914274 0.0101078 0.0111292 0.0122041 0.0133289 0.0144991 0.0157094 0.0169536 0.0182247 0.0195148 0.0208156 0.0221179 0.0234122 0.0246883 0.025936 0.0271448 0.0283043 0.0294041 0.0304341 0.0313848 0.0322471 0.0330126 0.0336738 0.0342241 0.034658 0.0349712 0.0351603 0.0352236 0.0351603 0.0349712 0.034658 0.0342241 0.0336738 0.0330126 0.0322471 0.0313848 0.0304341 0.0294041 0.0283043 0.0271448 0.025936 0.0246883 0.0234122 0.0221179 0.0208156 0.0195148 0.0182247 0.0169536 0.0157094 0.0144991 0.0133289 0.0122041 0.0111292 0.0101078 0.00914274 0.00823581 0.00738821 0.00660034 0.00587195 0.00520216 0.00458959 0.00403241 0.0035284 0.00307507 0.00266971 0.00230946 0.00199142 0.00171267 0.00147036 0.00126175 0.00108427 0.000935554 0.000813476 0.000716197 0.000642172 0.000590182 0.000559344 
0.000559344 0.00056974 0.000601108 0.000653991 0.000729282 0.000828221 0.00095237 0.0011036 0.00128406 0.00149615 0.00174247 0.00202579 0.00234901 0.00271508 0.00312695 0.00358748 0.00409944 0.00466532 0.00528738 0.00596744 0.00670692 0.00750666 0.00836693 0.00928729 0.0102666 0.0113028 0.0123932 0.0135341 0.0147209 0.0159482 0.0172097 0.0184984 0.0198063 0.0211248 0.0224448 0.0237564 0.0250496 0.0263138 0.0275386 0.0287132 0.0298274 0.0308708 0.0318338 0.0327071 0.0334824 0.0341521 0.0347094 0.0351489 0.035466 0.0356576 0.0357217 0.0356576 0.035466 0.0351489 0.0347094 0.0341521 0.0334824 0.0327071 0.0318338 0.0308708 0.0298274 0.0287132 0.0275386 0.0263138 0.0250496 0.0237564 0.0224448 0.0211248 0.0198063 0.0184984 0.0172097 0.0159482 0.0147209 0.0135341 0.0123932 0.0113028 0.0102666 0.00928729 0.00836693 0.00750666 0.00670692 0.00596744 0.00528738 0.00466532 0.00409944 0.00358748 0.00312695 0.00271508 0.00234901 0.00202579 0.00174247 0.00149615 0.00128406 0.0011036 0.00095237 0.000828221 0.000729282 0.000653991 0.000601108 0.00056974 
0.000590182 0.000601108 0.000634076 0.000689649 0.000768759 0.000872697 0.00100309 0.00116189 0.00135132 0.00157388 0.00183228 0.0021294 0.00246824 0.00285185 0.00328329 0.00376553 0.0043014 0.00489349 0.0055441 0.00625511 0.00702793 0.00786342 0.0087618 0.00972257 0.0107445 0.0118254 0.0129624 0.0141517 0.0153884 0.0166669 0.0179807 0.0193222 0.0206834 0.0220552 0.0234281 0.024792 0.0261364 0.0274503 0.028723 0.0299433 0.0311006 0.0321841 0.033184 0.0340907 0.0348955 0.0355906 0.036169 0.036625 0.0369541 0.0371529 0.0372194 0.0371529 0.0369541 0.036625 0.036169 0.0355906 0.0348955 0.0340907 0.033184 0.0321841 0.0311006 0.0299433 0.028723 0.0274503 0.0261364 0.024792 0.0234281 0.0220552 0.0206834 0.0193222 0.0179807 0.0166669 0.0153884 0.0141517 0.0129624 0.0118254 0.0107445 0.00972257 0.0087618 0.00786342 0.00702793 0.00625511 0.0055441 0.00489349 0.0043014 0.00376553 0.00328329 0.00285185 0.00246824 0.0021294 0.00183228 0.00157388 0.00135132 0.00116189 0.00100309 0.000872697 0.000768759 0.000689649 0.000634076 0.000601108 
0.000642172 0.000653991 0.000689649 0.000749748 0.000835283 0.000947631 0.00108853 0.00126004 0.00146456 0.00170474 0.00198345 0.00230375 0.00266882 0.0030819 0.00354621 0.00406489 0.00464092 0.005277 0.00597553 0.00673845 0.00756721 0.00846265 0.00942492 0.0104534 0.0115468 0.0127026 0.0139178 0.0151881 0.0165083 0.0178725 0.0192736 0.0207037 0.022154 0.0236149 0.0250765 0.0265278 0.0279577 0.0293548 0.0307075 0.0320042 0.0332334 0.0343841 0.0354456 0.036408 0.037262 0.0379995 0.0386131 0.0390969 0.0394459 0.0396567 0.0397273 0.0396567 0.0394459 0.0390969 0.0386131 0.0379995 0.037262 0.036408 0.0354456 0.0343841 0.0332334 0.0320042 0.0307075 0.0293548 0.0279577 0.0265278 0.0250765 0.0236149 0.022154 0.0207037 0.0192736 0.0178725 0.0165083 0.0151881 0.0139178 0.0127026 0.0115468 0.0104534 0.00942492 0.00846265 0.00756721 0.00673845 0.00597553 0.005277 0.00464092 0.00406489 0.00354621 0.0030819 0.00266882 0.00230375 0.00198345 0.00170474 0.00146456 0.00126004 0.00108853 0.000947631 0.000835283 0.000749748 0.000689649 0.000653991 
0.000716197 0.000729282 0.000768759 0.000835283 0.000929938 0.00105422 0.00121001 0.00139958 0.0016255 0.00189065 0.00219815 0.0025513 0.00295354 0.00340836 0.00391922 0.00448948 0.00512232 0.00582063 0.00658692 0.00742323 0.00833104 0.00931117 0.0103637 0.0114878 0.012682 0.0139435 0.0152689 0.0166534 0.0180915 0.0195764 0.0211005 0.0226552 0.024231 0.0258174 0.0274036 0.0289779 0.0305282 0.0320422 0.0335074 0.0349113 0.0362417 0.0374867 0.0386348 0.0396754 0.0405986 0.0413956 0.0420586 0.0425813 0.0429583 0.0431861 0.0432622 0.0431861 0.0429583 0.0425813 0.0420586 0.0413956 0.0405986 0.0396754 0.0386348 0.0374867 0.0362417 0.0349113 0.0335074 0.0320422 0.0305282 0.0289779 0.0274036 0.0258174 0.024231 0.0226552 0.0211005 0.0195764 0.0180915 0.0166534 0.0152689 0.0139435 0.012682 0.0114878 0.0103637 0.00931117 0.00833104 0.00742323 0.00658692 0.00582063 0.00512232 0.00448948 0.00391922 0.00340836 0.00295354 0.0025513 0.00219815 0.00189065 0.0016255 0.00139958 0.00121001 0.00105422 0.000929938 0.000835283 0.000768759 0.000729282 
0.000813476 0.000828221 0.000872697 0.000947631 0.00105422 0.00119411 0.0013694 0.00158257 0.00183647 0.00213426 0.00247938 0.00287544 0.00332622 0.00383551 0.00440709 0.00504462 0.00575153 0.00653092 0.00738547 0.00831733 0.00932801 0.0104183 0.0115881 0.0128366 0.0141617 0.0155605 0.0170289 0.0185616 0.0201525 0.021794 0.0234776 0.0251937 0.0269319 0.0286808 0.0304283 0.0321616 0.0338675 0.0355326 0.0371432 0.0386858 0.0401468 0.0415135 0.0427734 0.043915 0.0449274 0.0458013 0.0465281 0.0471009 0.0475141 0.0477636 0.0478471 0.0477636 0.0475141 0.0471009 0.0465281 0.0458013 0.0449274 0.043915 0.0427734 0.0415135 0.0401468 0.0386858 0.0371432 0.0355326 0.0338675 0.0321616 0.0304283 0.0286808 0.0269319 0.0251937 0.0234776 0.021794 0.0201525 0.0185616 0.0170289 0.0155605 0.0141617 0.0128366 0.0115881 0.0104183 0.00932801 0.00831733 0.00738547 0.00653092 0.00575153 0.00504462 0.00440709 0.00383551 0.00332622 0.00287544 0.00247938 0.00213426 0.00183647 0.00158257 0.0013694 0.00119411 0.00105422 0.000947631 0.000872697 0.000828221 
0.000935554 0.00095237 0.00100309 0.00108853 0.00121001 0.0013694 0.00156902 0.00181164 0.00210043 0.00243892 0.00283091 0.00328043 0.00379163 0.00436872 0.00501584 0.00573701 0.00653596 0.00741605 0.00838016 0.00943057 0.0105688 0.0117957 0.0131109 0.0145132 0.0160004 0.0175689 0.0192141 0.0209301 0.0227096 0.0245443 0.0264246 0.0283398 0.0302783 0.0322273 0.0341734 0.0361024 0.0379999 0.0398508 0.0416402 0.0433531 0.0449747 0.0464909 0.0478881 0.0491536 0.0502756 0.0512437 0.0520488 0.0526831 0.0531406 0.0534169 0.0535093 0.0534169 0.0531406 0.0526831 0.0520488 0.0512437 0.0502756 0.0491536 0.0478881 0.0464909 0.0449747 0.0433531 0.0416402 0.0398508 0.0379999 0.0361024 0.0341734 0.0322273 0.0302783 0.0283398 0.0264246 0.0245443 0.0227096 0.0209301 0.0192141 0.0175689 0.0160004 0.0145132 0.0131109 0.0117957 0.0105688 0.00943057 0.00838016 0.00741605 0.00653596 0.00573701 0.00501584 0.00436872 0.00379163 0.00328043 0.00283091 0.00243892 0.00210043 0.00181164 0.00156902 0.0013694 0.00121001 0.00108853 0.00100309 0.00095237 
0.00108427 0.0011036 0.00116189 0.00126004 0.00139958 0.00158257 0.00181164 0.00208989 0.00242089 0.00280858 0.00325723 0.00377131 0.00435546 0.00501434 0.00575256 0.00657453 0.00748434 0.00848566 0.00958158 0.0107745 0.0120661 0.0134569 0.0149465 0.0165334 0.0182149 0.0199867 0.0218436 0.0237787 0.0257838 0.0278494 0.0299646 0.0321175 0.0342949 0.0364825 0.0386653 0.0408275 0.042953 0.0450251 0.0470271 0.0489425 0.050755 0.0524488 0.054009 0.0554216 0.0566737 0.0577537 0.0586516 0.059359 0.0598691 0.0601771 0.0602801 0.0601771 0.0598691 0.059359 0.0586516 0.0577537 0.0566737 0.0554216 0.054009 0.0524488 0.050755 0.0489425 0.0470271 0.0450251 0.042953 0.0408275 0.0386653 0.0364825 0.0342949 0.0321175 0.0299646 0.0278494 0.0257838 0.0237787 0.0218436 0.0199867 0.0182149 0.0165334 0.0149465 0.0134569 0.0120661 0.0107745 0.00958158 0.00848566 0.00748434 0.00657453 0.00575256 0.00501434 0.00435546 0.00377131 0.00325723 0.00280858 0.00242089 0.00208989 0.00181164 0.00158257 0.00139958 0.00126004 0.00116189 0.0011036 
0.00126175 0.00128406 0.00135132 0.00146456 0.0016255 0.00183647 0.00210043 0.00242089 0.00280186 0.00324778 0.00376342 0.00435382 0.00502415 0.0057796 0.0066253 0.00756611 0.00860655 0.00975061 0.0110016 0.0123622 0.0138338 0.0154171 0.0171115 0.0189148 0.0208239 0.0228339 0.0249384 0.0271297 0.0293984 0.0317337 0.0341231 0.0365532 0.0390089 0.0414744 0.0439328 0.0463663 0.0487569 0.051086 0.053335 0.0554855 0.0575195 0.0594194 0.0611687 0.0627518 0.0641546 0.0653643 0.0663697 0.0671616 0.0677326 0.0680774 0.0681926 0.0680774 0.0677326 0.0671616 0.0663697 0.0653643 0.0641546 0.0627518 0.0611687 0.0594194 0.0575195 0.0554855 0.053335 0.051086 0.0487569 0.0463663 0.0439328 0.0414744 0.0390089 0.0365532 0.0341231 0.0317337 0.0293984 0.0271297 0.0249384 0.0228339 0.0208239 0.0189148 0.0171115 0.0154171 0.0138338 0.0123622 0.0110016 0.00975061 0.00860655 0.00756611 0.0066253 0.0057796 0.00502415 0.00435382 0.00376342 0.00324778 0.00280186 0.00242089 0.00210043 0.00183647 0.0016255 0.00146456 0.00135132 0.00128406 
0.00147036 0.00149615 0.00157388 0.00170474 0.00189065 0.00213426 0.00243892 0.00280858 0.00324778 0.0037615 0.00435512 0.00503428 0.00580478 0.00667242 0.00764287 0.00872153 0.00991337 0.0112228 0.0126533 0.0142076 0.0158874 0.0176931 0.0196235 0.0216764 0.0238477 0.0261317 0.0285212 0.031007 0.0335784 0.0362231 0.0389269 0.0416746 0.0444491 0.0472327 0.0500061 0.0527497 0.055443 0.0580655 0.0605963 0.0630149 0.0653012 0.0674358 0.0694004 0.0711776 0.0727519 0.074109 0.0752367 0.0761247 0.0767649 0.0771514 0.0772807 0.0771514 0.0767649 0.0761247 0.0752367 0.074109 0.0727519 0.0711776 0.0694004 0.0674358 0.0653012 0.0630149 0.0605963 0.0580655 0.055443 0.0527497 0.0500061 0.0472327 0.0444491 0.0416746 0.0389269 0.0362231 0.0335784 0.031007 0.0285212 0.0261317 0.0238477 0.0216764 0.0196235 0.0176931 0.0158874 0.0142076 0.0126533 0.0112228 0.00991337 0.00872153 0.00764287 0.00667242 0.00580478 0.00503428 0.00435512 0.0037615 0.00324778 0.00280858 0.00243892 0.00213426 0.00189065 0.00170474 0.00157388 0.00149615 
0.00171267 0.00174247 0.00183228 0.00198345 0.00219815 0.00247938 0.00283091 0.00325723 0.00376342 0.00435512 0.00503836 0.00581948 0.00670494 0.00770123 0.00881466 0.0100512 0.0114163 0.0129147 0.0145503 0.0163259 0.018243 0.0203019 0.0225013 0.024838 0.0273073 0.0299026 0.0326153 0.035435 0.0383493 0.0413442 0.0444036 0.0475101 0.0506447 0.053787 0.0569157 0.0600085 0.0630428 0.0659953 0.0688429 0.0715627 0.0741325 0.0765306 0.0787367 0.0807317 0.0824981 0.0840205 0.0852852 0.0862809 0.0869986 0.0874319 0.0875767 0.0874319 0.0869986 0.0862809 0.0852852 0.0840205 0.0824981 0.0807317 0.0787367 0.0765306 0.0741325 0.0715627 0.0688429 0.0659953 0.0630428 0.0600085 0.0569157 0.053787 0.0506447 0.0475101 0.0444036 0.0413442 0.0383493 0.035435 0.0326153 0.0299026 0.0273073 0.024838 0.0225013 0.0203019 0.018243 0.0163259 0.0145503 0.0129147 0.0114163 0.0100512 0.00881466 0.00770123 0.00670494 0.00581948 0.00503836 0.00435512 0.00376342 0.00325723 0.00283091 0.00247938 0.00219815 0.00198345 0.00183228 0.00174247 
0.00199142 0.00202579 0.0021294 0.00230375 0.0025513 0.00287544 0.00328043 0.00377131 0.00435382 0.00503428 0.00581948 0.00671649 0.00773255 0.00887486 0.0101504 0.0115658 0.0131271 0.0148393 0.0167066 0.0187321 0.020917 0.0232615 0.0257636 0.0284197 0.031224 0.0341688 0.0372442 0.0404381 0.0437366 0.0471233 0.0505803 0.0540877 0.057624 0.0611664 0.0646909 0.0681727 0.0715861 0.0749056 0.0781051 0.0811595 0.0840437 0.086734 0.0892078 0.0914439 0.0934233 0.0951286 0.0965449 0.0976597 0.0984632 0.0989482 0.0991103 0.0989482 0.0984632 0.0976597 0.0965449 0.0951286 0.0934233 0.0914439 0.0892078 0.086734 0.0840437 0.0811595 0.0781051 0.0749056 0.0715861 0.0681727 0.0646909 0.0611664 0.057624 0.0540877 0.0505803 0.0471233 0.0437366 0.0404381 0.0372442 0.0341688 0.031224 0.0284197 0.0257636 0.0232615 0.020917 0.0187321 0.0167066 0.0148393 0.0131271 0.0115658 0.0101504 0.00887486 0.00773255 0.00671649 0.00581948 0.00503428 0.00435382 0.00377131 0.00328043 0.00287544 0.0025513 0.00230375 0.0021294 0.00202579 
0.00230946 0.00234901 0.00246824 0.00266882 0.00295354 0.00332622 0.00379163 0.00435546 0.00502415 0.00580478 0.00670494 0.00773255 0.00889565 0.0102022 0.0116601 0.0132764 0.0150577 0.0170096 0.0191365 0.0214415 0.0239258 0.0265891 0.029429 0.0324411 0.0356184 0.0389521 0.0424305 0.04604 0.0497644 0.0535854 0.0574825 0.0614332 0.0654135 0.0693977 0.0733588 0.0772692 0.0811003 0.0848234 0.08841 0.0918318 0.0950614 0.0980723 0.10084 0.10334 0.105553 0.107458 0.109041 0.110286 0.111183 0.111725 0.111906 0.111725 0.111183 0.110286 0.109041 0.107458 0.105553 0.10334 0.10084 0.0980723 0.0950614 0.0918318 0.08841 0.0848234 0.0811003 0.0772692 0.0733588 0.0693977 0.0654135 0.0614332 0.0574825 0.0535854 0.0497644 0.04604 0.0424305 0.0389521 0.0356184 0.0324411 0.029429 0.0265891 0.0239258 0.0214415 0.0191365 0.0170096 0.0150577 0.0132764 0.0116601 0.0102022 0.00889565 0.00773255 0.00670494 0.00580478 0.00502415 0.00435546 0.00379163 0.00332622 0.00295354 0.00266882 0.00246824 0.00234901 
0.00266971 0.00271508 0.00285185 0.0030819 0.00340836 0.00383551 0.00436872 0.00501434 0.0057796 0.00667242 0.00770123 0.00887486 0.0102022 0.0116922 0.0133533 0.0151935 0.0172198 0.0194383 0.0218536 0.0244688 0.0272851 0.0303016 0.0335154 0.0369209 0.0405102 0.0442727 0.0481954 0.0522623 0.0564552 0.0607532 0.0651333 0.0695702 0.0740367 0.0785042 0.0829427 0.0873212 0.091608 0.0957714 0.0997796 0.103602 0.107207 0.110566 0.113653 0.11644 0.118906 0.121029 0.122791 0.124178 0.125177 0.12578 0.125981 0.12578 0.125177 0.124178 0.122791 0.121029 0.118906 0.11644 0.113653 0.110566 0.107207 0.103602 0.0997796 0.0957714 0.091608 0.0873212 0.0829427 0.0785042 0.0740367 0.0695702 0.0651333 0.0607532 0.0564552 0.0522623 0.0481954 0.0442727 0.0405102 0.0369209 0.0335154 0.0303016 0.0272851 0.0244688 0.0218536 0.0194383 0.0172198 0.0151935 0.0133533 0.0116922 0.0102022 0.00887486 0.00770123 0.00667242 0.0057796 0.00501434 0.00436872 0.00383551 0.00340836 0.0030819 0.00285185 0.00271508 
0.00307507 0.00312695 0.00328329 0.00354621 0.00391922 0.00440709 0.00501584 0.00575256 0.0066253 0.00764287 0.00881466 0.0101504 0.0116601 0.0133533 0.0152396 0.0173274 0.0196245 0.0221374 0.0248708 0.0278279 0.0310095 0.0344144 0.0380387 0.041876 0.0459167 0.0501489 0.0545573 0.059124 0.0638281 0.0686461 0.0735521 0.0785177 0.0835126 0.0885048 0.0934609 0.0983465 0.103127 0.107766 0.11223 0.116484 0.120494 0.124229 0.127659 0.130756 0.133494 0.135851 0.137807 0.139345 0.140454 0.141122 0.141346 0.141122 0.140454 0.139345 0.137807 0.135851 0.133494 0.130756 0.127659 0.124229 0.120494 0.116484 0.11223 0.107766 0.103127 0.0983465 0.0934609 0.0885048 0.0835126 0.0785177 0.0735521 0.0686461 0.0638281 0.059124 0.0545573 0.0501489 0.0459167 0.041876 0.0380387 0.0344144 0.0310095 0.0278279 0.0248708 0.0221374 0.0196245 0.0173274 0.0152396 0.0133533 0.0116601 0.0101504 0.00881466 0.00764287 0.0066253 0.00575256 0.00501584 0.00440709 0.00391922 0.00354621 0.00328329 0.00312695 
0.0035284 0.00358748 0.00376553 0.00406489 0.00448948 0.00504462 0.00573701 0.00657453 0.00756611 0.00872153 0.0100512 0.0115658 0.0132764 0.0151935 0.0173274 0.0196874 0.0222819 0.0251176 0.0281996 0.0315308 0.035112 0.038941 0.0430133 0.0473209 0.0518531 0.0565957 0.0615316 0.0666403 0.0718983 0.0772791 0.0827535 0.08829 0.0938548 0.0994123 0.104925 0.110356 0.115666 0.120816 0.125769 0.130485 0.134929 0.139066 0.142863 0.14629 0.149319 0.151925 0.154087 0.155788 0.157013 0.157751 0.157998 0.157751 0.157013 0.155788 0.154087 0.151925 0.149319 0.14629 0.142863 0.139066 0.134929 0.130485 0.125769 0.120816 0.115666 0.110356 0.104925 0.0994123 0.0938548 0.08829 0.0827535 0.0772791 0.0718983 0.0666403 0.0615316 0.0565957 0.0518531 0.0473209 0.0430133 0.038941 0.035112 0.0315308 0.0281996 0.0251176 0.0222819 0.0196874 0.0173274 0.0151935 0.0132764 0.0115658 0.0100512 0.00872153 0.00756611 0.00657453 0.00573701 0.00504462 0.00448948 0.00406489 0.00376553 0.00358748 
0.00403241 0.00409944 0.0043014 0.00464092 0.00512232 0.00575153 0.00653596 0.00748434 0.00860655 0.00991337 0.0114163 0.0131271 0.0150577 0.0172198 0.0196245 0.0222819 0.0252008 0.0283885 0.0318499 0.0355881 0.0396033 0.0438926 0.0484503 0.0532671 0.0583307 0.0636247 0.0691296 0.0748222 0.0806762 0.0866618 0.0927466 0.0988952 0.10507 0.111233 0.117341 0.123354 0.129229 0.134923 0.140395 0.145603 0.150508 0.155071 0.159258 0.163034 0.166371 0.169241 0.171622 0.173494 0.174842 0.175655 0.175927 0.175655 0.174842 0.173494 0.171622 0.169241 0.166371 0.163034 0.159258 0.155071 0.150508 0.145603 0.140395 0.134923 0.129229 0.123354 0.117341 0.111233 0.10507 0.0988952 0.0927466 0.0866618 0.0806762 0.0748222 0.0691296 0.0636247 0.0583307 0.0532671 0.0484503 0.0438926 0.0396033 0.0355881 0.0318499 0.0283885 0.0252008 0.0222819 0.0196245 0.0172198 0.0150577 0.0131271 0.0114163 0.00991337 0.00860655 0.00748434 0.00653596 0.00575153 0.00512232 0.00464092 0.0043014 0.00409944 
0.00458959 0.00466532 0.00489349 0.005277 0.00582063 0.00653092 0.00741605 0.00848566 0.00975061 0.0112228 0.0129147 0.0148393 0.0170096 0.0194383 0.0221374 0.0251176 0.0283885 0.0319574 0.0358296 0.0400077 0.0444914 0.0492771 0.0543577 0.0597225 0.0653569 0.0712426 0.0773574 0.0836752 0.0901664 0.0967979 0.103534 0.110334 0.117159 0.123964 0.130704 0.137334 0.143806 0.150076 0.156097 0.161824 0.167215 0.172228 0.176824 0.180969 0.18463 0.187777 0.190387 0.192439 0.193916 0.194807 0.195105 0.194807 0.193916 0.192439 0.190387 0.187777 0.18463 0.180969 0.176824 0.172228 0.167215 0.161824 0.156097 0.150076 0.143806 0.137334 0.130704 0.123964 0.117159 0.110334 0.103534 0.0967979 0.0901664 0.0836752 0.0773574 0.0712426 0.0653569 0.0597225 0.0543577 0.0492771 0.0444914 0.0400077 0.0358296 0.0319574 0.0283885 0.0251176 0.0221374 0.0194383 0.0170096 0.0148393 0.0129147 0.0112228 0.00975061 0.00848566 0.00741605 0.00653092 0.00582063 0.005277 0.00489349 0.00466532 
0.00520216 0.00528738 0.0055441 0.00597553 0.00658692 0.00738547 0.00838016 0.00958158 0.0110016 0.0126533 0.0145503 0.0167066 0.0191365 0.0218536 0.0248708 0.0281996 0.0318499 0.0358296 0.0401437 0.0447946 0.0497813 0.0550991 0.0607396 0.0666903 0.0729345 0.0794514 0.0862159 0.0931988 0.100367 0.107684 0.115109 0.1226 0.130111 0.137594 0.145 0.15228 0.159382 0.166256 0.172853 0.179125 0.185024 0.190507 0.195532 0.200061 0.20406 0.207497 0.210346 0.212585 0.214197 0.215169 0.215494 0.215169 0.214197 0.212585 0.210346 0.207497 0.20406 0.200061 0.195532 0.190507 0.185024 0.179125 0.172853 0.166256 0.159382 0.15228 0.145 0.137594 0.130111 0.1226 0.115109 0.107684 0.100367 0.0931988 0.0862159 0.0794514 0.0729345 0.0666903 0.0607396 0.0550991 0.0497813 0.0447946 0.0401437 0.0358296 0.0318499 0.0281996 0.0248708 0.0218536 0.0191365 0.0167066 0.0145503 0.0126533 0.0110016 0.00958158 0.00838016 0.00738547 0.00658692 0.00597553 0.0055441 0.00528738 
0.00587195 0.00596744 0.00625511 0.00673845 0.00742323 0.00831733 0.00943057 0.0107745 0.0123622 0.0142076 0.0163259 0.0187321 0.0214415 0.0244688 0.0278279 0.0315308 0.0355881 0.0400077 0.0447946 0.0499507 0.0554742 0.0613592 0.0675957 0.0741693 0.081061 0.0882471 0.0956995 0.103386 0.111269 0.119308 0.12746 0.135677 0.143909 0.152103 0.160207 0.168166 0.175926 0.183431 0.190629 0.197467 0.203896 0.209867 0.215337 0.220265 0.224614 0.22835 0.231447 0.23388 0.235631 0.236688 0.23704 0.236688 0.235631 0.23388 0.231447 0.22835 0.224614 0.220265 0.215337 0.209867 0.203896 0.197467 0.190629 0.183431 0.175926 0.168166 0.160207 0.152103 0.143909 0.135677 0.12746 0.119308 0.111269 0.103386 0.0956995 0.0882471 0.081061 0.0741693 0.0675957 0.0613592 0.0554742 0.0499507 0.0447946 0.0400077 0.0355881 0.0315308 0.0278279 0.0244688 0.0214415 0.0187321 0.0163259 0.0142076 0.0123622 0.0107745 0.00943057 0.00831733 0.00742323 0.00673845 0.00625511 0.00596744 
0.00660034 0.00670692 0.00702793 0.00756721 0.00833104 0.00932801 0.0105688 0.0120661 0.0138338 0.0158874 0.018243 0.020917 0.0239258 0.0272851 0.0310095 0.035112 0.0396033 0.0444914 0.0497813 0.0554742 0.0615673 0.0680534 0.0749209 0.0821529 0.089728 0.0976195 0.105796 0.114222 0.122855 0.131653 0.140565 0.14954 0.158524 0.16746 0.176291 0.184956 0.193398 0.201558 0.209378 0.216802 0.223777 0.230252 0.236181 0.24152 0.246229 0.250274 0.253625 0.256257 0.258152 0.259294 0.259676 0.259294 0.258152 0.256257 0.253625 0.250274 0.246229 0.24152 0.236181 0.230252 0.223777 0.216802 0.209378 0.201558 0.193398 0.184956 0.176291 0.16746 0.158524 0.14954 0.140565 0.131653 0.122855 0.114222 0.105796 0.0976195 0.089728 0.0821529 0.0749209 0.0680534 0.0615673 0.0554742 0.0497813 0.0444914 0.0396033 0.035112 0.0310095 0.0272851 0.0239258 0.020917 0.018243 0.0158874 0.0138338 0.0120661 0.0105688 0.00932801 0.00833104 0.00756721 0.00702793 0.00670692 
0.00738821 0.00750666 0.00786342 0.00846265 0.00931117 0.0104183 0.0117957 0.0134569 0.0154171 0.0176931 0.0203019 0.0232615 0.0265891 0.0303016 0.0344144 0.038941 0.0438926 0.0492771 0.0550991 0.0613592 0.0680534 0.0751731 0.0827045 0.0906286 0.098921 0.107552 0.116487 0.125685 0.135102 0.144688 0.154392 0.164155 0.17392 0.183624 0.193206 0.202601 0.211747 0.22058 0.22904 0.237066 0.244602 0.251594 0.257993 0.263752 0.268829 0.273189 0.2768 0.279635 0.281676 0.282906 0.283317 0.282906 0.281676 0.279635 0.2768 0.273189 0.268829 0.263752 0.257993 0.251594 0.244602 0.237066 0.22904 0.22058 0.211747 0.202601 0.193206 0.183624 0.17392 0.164155 0.154392 0.144688 0.135102 0.125685 0.116487 0.107552 0.098921 0.0906286 0.0827045 0.0751731 0.0680534 0.0613592 0.0550991 0.0492771 0.0438926 0.038941 0.0344144 0.0303016 0.0265891 0.0232615 0.0203019 0.0176931 0.0154171 0.0134569 0.0117957 0.0104183 0.00931117 0.00846265 0.00786342 0.00750666 
0.00823581 0.00836693 0.0087618 0.00942492 0.0103637 0.0115881 0.0131109 0.0149465 0.0171115 0.0196235 0.0225013 0.0257636 0.029429 0.0335154 0.0380387 0.0430133 0.0484503 0.0543577 0.0607396 0.0675957 0.0749209 0.0827045 0.0909309 0.0995782 0.108619 0.118021 0.127744 0.137745 0.147974 0.158379 0.1689 0.179478 0.190047 0.200543 0.210896 0.221041 0.230908 0.240431 0.249544 0.258185 0.266293 0.273811 0.280687 0.286873 0.292324 0.297003 0.300877 0.303919 0.306107 0.307426 0.307866 0.307426 0.306107 0.303919 0.300877 0.297003 0.292324 0.286873 0.280687 0.273811 0.266293 0.258185 0.249544 0.240431 0.230908 0.221041 0.210896 0.200543 0.190047 0.179478 0.1689 0.158379 0.147974 0.137745 0.127744 0.118021 0.108619 0.0995782 0.0909309 0.0827045 0.0749209 0.0675957 0.0607396 0.0543577 0.0484503 0.0430133 0.0380387 0.0335154 0.029429 0.0257636 0.0225013 0.0196235 0.0171115 0.0149465 0.0131109 0.0115881 0.0103637 0.00942492 0.0087618 0.00836693 
0.00914274 0.00928729 0.00972257 0.0104534 0.0114878 0.0128366 0.0145132 0.0165334 0.0189148 0.0216764 0.024838 0.0284197 0.0324411 0.0369209 0.041876 0.0473209 0.0532671 0.0597225 0.0666903 0.0741693 0.0821529 0.0906286 0.0995782 0.108977 0.118795 0.128995 0.139534 0.150365 0.161432 0.172679 0.184041 0.195454 0.206849 0.218153 0.229296 0.240204 0.250806 0.26103 0.270807 0.280071 0.288758 0.296808 0.304166 0.310783 0.316611 0.321612 0.32575 0.328999 0.331336 0.332744 0.333214 0.332744 0.331336 0.328999 0.32575 0.321612 0.316611 0.310783 0.304166 0.296808 0.288758 0.280071 0.270807 0.26103 0.250806 0.240204 0.229296 0.218153 0.206849 0.195454 0.184041 0.172679 0.161432 0.150365 0.139534 0.128995 0.118795 0.108977 0.0995782 0.0906286 0.0821529 0.0741693 0.0666903 0.0597225 0.0532671 0.0473209 0.041876 0.0369209 0.0324411 0.0284197 0.024838 0.0216764 0.0189148 0.0165334 0.0145132 0.0128366 0.0114878 0.0104534 0.00972257 0.00928729 
0.0101078 0.0102666 0.0107445 0.0115468 0.012682 0.0141617 0.0160004 0.0182149 0.0208239 0.0238477 0.0273073 0.031224 0.0356184 0.0405102 0.0459167 0.0518531 0.0583307 0.0653569 0.0729345 0.081061 0.089728 0.098921 0.108619 0.118795 0.129415 0.140437 0.151816 0.163498 0.175425 0.187534 0.199756 0.212022 0.224256 0.236384 0.248327 0.26001 0.271355 0.282287 0.292734 0.302625 0.311894 0.320479 0.328321 0.335369 0.341574 0.346896 0.3513 0.354755 0.35724 0.358737 0.359237 0.358737 0.35724 0.354755 0.3513 0.346896 0.341574 0.335369 0.328321 0.320479 0.311894 0.302625 0.292734 0.282287 0.271355 0.26001 0.248327 0.236384 0.224256 0.212022 0.199756 0.187534 0.175425 0.163498 0.151816 0.140437 0.129415 0.118795 0.108619 0.098921 0.089728 0.081061 0.0729345 0.0653569 0.0583307 0.0518531 0.0459167 0.0405102 0.0356184 0.031224 0.0273073 0.0238477 0.0208239 0.0182149 0.0160004 0.0141617 0.012682 0.0115468 0.0107445 0.0102666 
0.0111292 0.0113028 0.0118254 0.0127026 0.0139435 0.0155605 0.0175689 0.0199867 0.0228339 0.0261317 0.0299026 0.0341688 0.0389521 0.0442727 0.0501489 0.0565957 0.0636247 0.0712426 0.0794514 0.0882471 0.0976195 0.107552 0.118021 0.128995 0.140437 0.152303 0.16454 0.177092 0.189896 0.202882 0.215978 0.229108 0.242193 0.255152 0.267904 0.280367 0.292459 0.304102 0.31522 0.325739 0.33559 0.344707 0.353031 0.360508 0.367088 0.37273 0.377395 0.381056 0.383687 0.385273 0.385802 0.385273 0.383687 0.381056 0.377395 0.37273 0.367088 0.360508 0.353031 0.344707 0.33559 0.325739 0.31522 0.304102 0.292459 0.280367 0.267904 0.255152 0.242193 0.229108 0.215978 0.202882 0.189896 0.177092 0.16454 0.152303 0.140437 0.128995 0.118021 0.107552 0.0976195 0.0882471 0.0794514 0.0712426 0.0636247 0.0565957 0.0501489 0.0442727 0.0389521 0.0341688 0.0299026 0.0261317 0.0228339 0.0199867 0.0175689 0.0155605 0.0139435 0.0127026 0.0118254 0.0113028 
0.0122041 0.0123932 0.0129624 0.0139178 0.0152689 0.0170289 0.0192141 0.0218436 0.0249384 0.0285212 0.0326153 0.0372442 0.0424305 0.0481954 0.0545573 0.0615316 0.0691296 0.0773574 0.0862159 0.0956995 0.105796 0.116487 0.127744 0.139534 0.151816 0.16454 0.177651 0.191087 0.204778 0.218652 0.232631 0.246633 0.260574 0.274369 0.287931 0.301174 0.314013 0.326365 0.338151 0.349293 0.359721 0.369366 0.378167 0.386068 0.393018 0.398974 0.403898 0.40776 0.410535 0.412208 0.412766 0.412208 0.410535 0.40776 0.403898 0.398974 0.393018 0.386068 0.378167 0.369366 0.359721 0.349293 0.338151 0.326365 0.314013 0.301174 0.287931 0.274369 0.260574 0.246633 0.232631 0.218652 0.204778 0.191087 0.177651 0.16454 0.151816 0.139534 0.127744 0.116487 0.105796 0.0956995 0.0862159 0.0773574 0.0691296 0.0615316 0.0545573 0.0481954 0.0424305 0.0372442 0.0326153 0.0285212 0.0249384 0.0218436 0.0192141 0.0170289 0.0152689 0.0139178 0.0129624 0.0123932 
0.0133289 0.0135341 0.0141517 0.0151881 0.0166534 0.0185616 0.0209301 0.0237787 0.0271297 0.031007 0.035435 0.0404381 0.04604 0.0522623 0.059124 0.0666403 0.0748222 0.0836752 0.0931988 0.103386 0.114222 0.125685 0.137745 0.150365 0.163498 0.177092 0.191087 0.205414 0.22 0.234767 0.249632 0.264508 0.279305 0.293934 0.308304 0.322323 0.335903 0.348958 0.361404 0.373163 0.384159 0.394323 0.403592 0.411909 0.419221 0.425485 0.430661 0.43472 0.437636 0.439393 0.43998 0.439393 0.437636 0.43472 0.430661 0.425485 0.419221 0.411909 0.403592 0.394323 0.384159 0.373163 0.361404 0.348958 0.335903 0.322323 0.308304 0.293934 0.279305 0.264508 0.249632 0.234767 0.22 0.205414 0.191087 0.177092 0.163498 0.150365 0.137745 0.125685 0.114222 0.103386 0.0931988 0.0836752 0.0748222 0.0666403 0.059124 0.0522623 0.04604 0.0404381 0.035435 0.031007 0.0271297 0.0237787 0.0209301 0.0185616 0.0166534 0.0151881 0.0141517 0.0135341 
0.0144991 0.0147209 0.0153884 0.0165083 0.0180915 0.0201525 0.0227096 0.0257838 0.0293984 0.0335784 0.0383493 0.0437366 0.0497644 0.0564552 0.0638281 0.0718983 0.0806762 0.0901664 0.100367 0.111269 0.122855 0.135102 0.147974 0.161432 0.175425 0.189896 0.204778 0.22 0.235483 0.251144 0.266893 0.282639 0.298288 0.313745 0.328913 0.3437 0.358011 0.371757 0.384852 0.397215 0.408767 0.419439 0.429165 0.437886 0.44555 0.452112 0.457534 0.461783 0.464836 0.466675 0.467289 0.466675 0.464836 0.461783 0.457534 0.452112 0.44555 0.437886 0.429165 0.419439 0.408767 0.397215 0.384852 0.371757 0.358011 0.3437 0.328913 0.313745 0.298288 0.282639 0.266893 0.251144 0.235483 0.22 0.204778 0.189896 0.175425 0.161432 0.147974 0.135102 0.122855 0.111269 0.100367 0.0901664 0.0806762 0.0718983 0.0638281 0.0564552 0.0497644 0.0437366 0.0383493 0.0335784 0.0293984 0.0257838 0.0227096 0.0201525 0.0180915 0.0165083 0.0153884 0.0147209 
0.0157094 0.0159482 0.0166669 0.0178725 0.0195764 0.021794 0.0245443 0.0278494 0.0317337 0.0362231 0.0413442 0.0471233 0.0535854 0.0607532 0.0686461 0.0772791 0.0866618 0.0967979 0.107684 0.119308 0.131653 0.144688 0.158379 0.172679 0.187534 0.202882 0.218652 0.234767 0.251144 0.267692 0.284318 0.300926 0.317417 0.33369 0.349645 0.365185 0.380212 0.394635 0.408363 0.421313 0.433406 0.44457 0.454737 0.46385 0.471854 0.478704 0.484361 0.488794 0.491978 0.493895 0.494535 0.493895 0.491978 0.488794 0.484361 0.478704 0.471854 0.46385 0.454737 0.44457 0.433406 0.421313 0.408363 0.394635 0.380212 0.365185 0.349645 0.33369 0.317417 0.300926 0.284318 0.267692 0.251144 0.234767 0.218652 0.202882 0.187534 0.172679 0.158379 0.144688 0.131653 0.119308 0.107684 0.0967979 0.0866618 0.0772791 0.0686461 0.0607532 0.0535854 0.0471233 0.0413442 0.0362231 0.0317337 0.0278494 0.0245443 0.021794 0.0195764 0.0178725 0.0166669 0.0159482 
0.0169536 0.0172097 0.0179807 0.0192736 0.0211005 0.0234776 0.0264246 0.0299646 0.0341231 0.0389269 0.0444036 0.0505803 0.0574825 0.0651333 0.0735521 0.0827535 0.0927466 0.103534 0.115109 0.12746 0.140565 0.154392 0.1689 0.184041 0.199756 0.215978 0.232631 0.249632 0.266893 0.284318 0.30181 0.319267 0.336583 0.353656 0.370381 0.386655 0.40238 0.417459 0.431801 0.445319 0.457934 0.469571 0.480163 0.489651 0.49798 0.505106 0.510988 0.515596 0.518905 0.520897 0.521562 0.520897 0.518905 0.515596 0.510988 0.505106 0.49798 0.489651 0.480163 0.469571 0.457934 0.445319 0.431801 0.417459 0.40238 0.386655 0.370381 0.353656 0.336583 0.319267 0.30181 0.284318 0.266893 0.249632 0.232631 0.215978 0.199756 0.184041 0.1689 0.154392 0.140565 0.12746 0.115109 0.103534 0.0927466 0.0827535 0.0735521 0.0651333 0.0574825 0.0505803 0.0444036 0.0389269 0.0341231 0.0299646 0.0264246 0.0234776 0.0211005 0.0192736 0.0179807 0.0172097 
0.0182247 0.0184984 0.0193222 0.0207037 0.0226552 0.0251937 0.0283398 0.0321175 0.0365532 0.0416746 0.0475101 0.0540877 0.0614332 0.0695702 0.0785177 0.08829 0.0988952 0.110334 0.1226 0.135677 0.14954 0.164155 0.179478 0.195454 0.212022 0.229108 0.246633 0.264508 0.282639 0.300926 0.319267 0.337553 0.355676 0.373527 0.390999 0.407986 0.424385 0.440097 0.455029 0.469093 0.482208 0.494298 0.505295 0.51514 0.523779 0.531165 0.537261 0.542034 0.545461 0.547524 0.548213 0.547524 0.545461 0.542034 0.537261 0.531165 0.523779 0.51514 0.505295 0.494298 0.482208 0.469093 0.455029 0.440097 0.424385 0.407986 0.390999 0.373527 0.355676 0.337553 0.319267 0.300926 0.282639 0.264508 0.246633 0.229108 0.212022 0.195454 0.179478 0.164155 0.14954 0.135677 0.1226 0.110334 0.0988952 0.08829 0.0785177 0.0695702 0.0614332 0.0540877 0.0475101 0.0416746 0.0365532 0.0321175 0.0283398 0.0251937 0.0226552 0.0207037 0.0193222 0.0184984 
0.0195148 0.0198063 0.0206834 0.022154 0.024231 0.0269319 0.0302783 0.0342949 0.0390089 0.0444491 0.0506447 0.057624 0.0654135 0.0740367 0.0835126 0.0938548 0.10507 0.117159 0.130111 0.143909 0.158524 0.17392 0.190047 0.206849 0.224256 0.242193 0.260574 0.279305 0.298288 0.317417 0.336583 0.355676 0.374581 0.393186 0.41138 0.429052 0.446099 0.462418 0.477914 0.492498 0.506088 0.518607 0.529989 0.540171 0.549101 0.556733 0.563029 0.567957 0.571495 0.573624 0.574335 0.573624 0.571495 0.567957 0.563029 0.556733 0.549101 0.540171 0.529989 0.518607 0.506088 0.492498 0.477914 0.462418 0.446099 0.429052 0.41138 0.393186 0.374581 0.355676 0.336583 0.317417 0.298288 0.279305 0.260574 0.242193 0.224256 0.206849 0.190047 0.17392 0.158524 0.143909 0.130111 0.117159 0.10507 0.0938548 0.0835126 0.0740367 0.0654135 0.057624 0.0506447 0.0444491 0.0390089 0.0342949 0.0302783 0.0269319 0.024231 0.022154 0.0206834 0.0198063 
0.0208156 0.0211248 0.0220552 0.0236149 0.0258174 0.0286808 0.0322273 0.0364825 0.0414744 0.0472327 0.053787 0.0611664 0.0693977 0.0785042 0.0885048 0.0994123 0.111233 0.123964 0.137594 0.152103 0.16746 0.183624 0.200543 0.218153 0.236384 0.255152 0.274369 0.293934 0.313745 0.33369 0.353656 0.373527 0.393186 0.412516 0.431401 0.449729 0.467393 0.48429 0.500322 0.515398 0.529437 0.54236 0.554102 0.5646 0.573803 0.581664 0.588146 0.59322 0.59686 0.599051 0.599782 0.599051 0.59686 0.59322 0.588146 0.581664 0.573803 0.5646 0.554102 0.54236 0.529437 0.515398 0.500322 0.48429 0.467393 0.449729 0.431401 0.412516 0.393186 0.373527 0.353656 0.33369 0.313745 0.293934 0.274369 0.255152 0.236384 0.218153 0.200543 0.183624 0.16746 0.152103 0.137594 0.123964 0.111233 0.0994123 0.0885048 0.0785042 0.0693977 0.0611664 0.053787 0.0472327 0.0414744 0.0364825 0.0322273 0.0286808 0.0258174 0.0236149 0.0220552 0.0211248 
0.0221179 0.0224448 0.0234281 0.0250765 0.0274036 0.0304283 0.0341734 0.0386653 0.0439328 0.0500061 0.0569157 0.0646909 0.0733588 0.0829427 0.0934609 0.104925 0.117341 0.130704 0.145 0.160207 0.176291 0.193206 0.210896 0.229296 0.248327 0.267904 0.287931 0.308304 0.328913 0.349645 0.370381 0.390999 0.41138 0.431401 0.450945 0.469897 0.488146 0.505588 0.522124 0.537663 0.552122 0.565423 0.5775 0.588292 0.597748 0.605821 0.612476 0.617682 0.621417 0.623665 0.624415 0.623665 0.621417 0.617682 0.612476 0.605821 0.597748 0.588292 0.5775 0.565423 0.552122 0.537663 0.522124 0.505588 0.488146 0.469897 0.450945 0.431401 0.41138 0.390999 0.370381 0.349645 0.328913 0.308304 0.287931 0.267904 0.248327 0.229296 0.210896 0.193206 0.176291 0.160207 0.145 0.130704 0.117341 0.104925 0.0934609 0.0829427 0.0733588 0.0646909 0.0569157 0.0500061 0.0439328 0.0386653 0.0341734 0.0304283 0.0274036 0.0250765 0.0234281 0.0224448 
0.0234122 0.0237564 0.024792 0.0265278 0.0289779 0.0321616 0.0361024 0.0408275 0.0463663 0.0527497 0.0600085 0.0681727 0.0772692 0.0873212 0.0983465 0.110356 0.123354 0.137334 0.15228 0.168166 0.184956 0.202601 0.221041 0.240204 0.26001 0.280367 0.301174 0.322323 0.3437 0.365185 0.386655 0.407986 0.429052 0.449729 0.469897 0.489436 0.508236 0.526189 0.543197 0.559168 0.574017 0.587669 0.600056 0.611119 0.620807 0.629075 0.635887 0.641216 0.645037 0.647336 0.648104 0.647336 0.645037 0.641216 0.635887 0.629075 0.620807 0.611119 0.600056 0.587669 0.574017 0.559168 0.543197 0.526189 0.508236 0.489436 0.469897 0.449729 0.429052 0.407986 0.386655 0.365185 0.3437 0.322323 0.301174 0.280367 0.26001 0.240204 0.221041 0.202601 0.184956 0.168166 0.15228 0.137334 0.123354 0.110356 0.0983465 0.0873212 0.0772692 0.0681727 0.0600085 0.0527497 0.0463663 0.0408275 0.0361024 0.0321616 0.0289779 0.0265278 0.024792 0.0237564 
0.0246883 0.0250496 0.0261364 0.0279577 0.0305282 0.0338675 0.0379999 0.042953 0.0487569 0.055443 0.0630428 0.0715861 0.0811003 0.091608 0.103127 0.115666 0.129229 0.143806 0.159382 0.175926 0.193398 0.211747 0.230908 0.250806 0.271355 0.292459 0.314013 0.335903 0.358011 0.380212 0.40238 0.424385 0.446099 0.467393 0.488146 0.508236 0.527549 0.545979 0.563425 0.579794 0.595004 0.608978 0.62165 0.63296 0.642859 0.651304 0.65826 0.663699 0.667598 0.669944 0.670727 0.669944 0.667598 0.663699 0.65826 0.651304 0.642859 0.63296 0.62165 0.608978 0.595004 0.579794 0.563425 0.545979 0.527549 0.508236 0.488146 0.467393 0.446099 0.424385 0.40238 0.380212 0.358011 0.335903 0.314013 0.292459 0.271355 0.250806 0.230908 0.211747 0.193398 0.175926 0.159382 0.143806 0.129229 0.115666 0.103127 0.091608 0.0811003 0.0715861 0.0630428 0.055443 0.0487569 0.042953 0.0379999 0.0338675 0.0305282 0.0279577 0.0261364 0.0250496 
0.025936 0.0263138 0.0274503 0.0293548 0.0320422 0.0355326 0.0398508 0.0450251 0.051086 0.0580655 0.0659953 0.0749056 0.0848234 0.0957714 0.107766 0.120816 0.134923 0.150076 0.166256 0.183431 0.201558 0.22058 0.240431 0.26103 0.282287 0.304102 0.326365 0.348958 0.371757 0.394635 0.417459 0.440097 0.462418 0.48429 0.505588 0.526189 0.545979 0.564849 0.582698 0.599434 0.614973 0.62924 0.64217 0.653705 0.663796 0.6724 0.679485 0.685022 0.688992 0.691379 0.692176 0.691379 0.688992 0.685022 0.679485 0.6724 0.663796 0.653705 0.64217 0.62924 0.614973 0.599434 0.582698 0.564849 0.545979 0.526189 0.505588 0.48429 0.462418 0.440097 0.417459 0.394635 0.371757 0.348958 0.326365 0.304102 0.282287 0.26103 0.240431 0.22058 0.201558 0.183431 0.166256 0.150076 0.134923 0.120816 0.107766 0.0957714 0.0848234 0.0749056 0.0659953 0.0580655 0.051086 0.0450251 0.0398508 0.0355326 0.0320422 0.0293548 0.0274503 0.0263138 
0.0271448 0.0275386 0.028723 0.0307075 0.0335074 0.0371432 0.0416402 0.0470271 0.053335 0.0605963 0.0688429 0.0781051 0.08841 0.0997796 0.11223 0.125769 0.140395 0.156097 0.172853 0.190629 0.209378 0.22904 0.249544 0.270807 0.292734 0.31522 0.338151 0.361404 0.384852 0.408363 0.431801 0.455029 0.477914 0.500322 0.522124 0.543197 0.563425 0.582698 0.600915 0.617984 0.633822 0.648355 0.661518 0.673254 0.683516 0.692263 0.699462 0.705087 0.709119 0.711543 0.712352 0.711543 0.709119 0.705087 0.699462 0.692263 0.683516 0.673254 0.661518 0.648355 0.633822 0.617984 0.600915 0.582698 0.563425 0.543197 0.522124 0.500322 0.477914 0.455029 0.431801 0.408363 0.384852 0.361404 0.338151 0.31522 0.292734 0.270807 0.249544 0.22904 0.209378 0.190629 0.172853 0.156097 0.140395 0.125769 0.11223 0.0997796 0.08841 0.0781051 0.0688429 0.0605963 0.053335 0.0470271 0.0416402 0.0371432 0.0335074 0.0307075 0.028723 0.0275386 
0.0283043 0.0287132 0.0299433 0.0320042 0.0349113 0.0386858 0.0433531 0.0489425 0.0554855 0.0630149 0.0715627 0.0811595 0.0918318 0.103602 0.116484 0.130485 0.145603 0.161824 0.179125 0.197467 0.216802 0.237066 0.258185 0.280071 0.302625 0.325739 0.349293 0.373163 0.397215 0.421313 0.445319 0.469093 0.492498 0.515398 0.537663 0.559168 0.579794 0.599434 0.617984 0.635354 0.651461 0.666232 0.679602 0.691518 0.701931 0.710803 0.718103 0.723805 0.727892 0.730348 0.731168 0.730348 0.727892 0.723805 0.718103 0.710803 0.701931 0.691518 0.679602 0.666232 0.651461 0.635354 0.617984 0.599434 0.579794 0.559168 0.537663 0.515398 0.492498 0.469093 0.445319 0.421313 0.397215 0.373163 0.349293 0.325739 0.302625 0.280071 0.258185 0.237066 0.216802 0.197467 0.179125 0.161824 0.145603 0.130485 0.116484 0.103602 0.0918318 0.0811595 0.0715627 0.0630149 0.0554855 0.0489425 0.0433531 0.0386858 0.0349113 0.0320042 0.0299433 0.0287132 
0.0294041 0.0298274 0.0311006 0.0332334 0.0362417 0.0401468 0.0449747 0.050755 0.0575195 0.0653012 0.0741325 0.0840437 0.0950614 0.107207 0.120494 0.134929 0.150508 0.167215 0.185024 0.203896 0.223777 0.244602 0.266293 0.288758 0.311894 0.33559 0.359721 0.384159 0.408767 0.433406 0.457934 0.482208 0.506088 0.529437 0.552122 0.574017 0.595004 0.614973 0.633822 0.651461 0.667807 0.682789 0.696343 0.708416 0.718962 0.727944 0.735332 0.741101 0.745235 0.747719 0.748548 0.747719 0.745235 0.741101 0.735332 0.727944 0.718962 0.708416 0.696343 0.682789 0.667807 0.651461 0.633822 0.614973 0.595004 0.574017 0.552122 0.529437 0.506088 0.482208 0.457934 0.433406 0.408767 0.384159 0.359721 0.33559 0.311894 0.288758 0.266293 0.244602 0.223777 0.203896 0.185024 0.167215 0.150508 0.134929 0.120494 0.107207 0.0950614 0.0840437 0.0741325 0.0653012 0.0575195 0.050755 0.0449747 0.0401468 0.0362417 0.0332334 0.0311006 0.0298274 
