0.00026342 0.000269474 0.000287782 0.00031878 0.000363192 0.000422026 0.000496562 0.000588349 0.000699185 0.0008311 0.000986337 0.00116732 0.00137663 0.00161694 0.00189101 0.0022016 0.00255143 0.00294311 0.00337906 0.00386147 0.0043922 0.0049727 0.00560395 0.00628639 0.00701983 0.00780339 0.0086355 0.00951377 0.010435 0.0113953 0.0123898 0.0134128 0.0144581 0.0155185 0.0165864 0.0176534 0.0187107 0.0197494 0.0207601 0.0217333 0.0226598 0.0235303 0.0243362 0.025069 0.025721 0.0262852 0.0267556 0.027127 0.0273953 0.0275574 0.0276117 0.0275574 0.0273953 0.027127 0.0267556 0.0262852 0.025721 0.025069 0.0243362 0.0235303 0.0226598 0.0217333 0.0207601 0.0197494 0.0187107 0.0176534 0.0165864 0.0155185 0.0144581 0.0134128 0.0123898 0.0113953 0.010435 0.00951377 0.0086355 0.00780339 0.00701983 0.00628639 0.00560395 0.0049727 0.0043922 0.00386147 0.00337906 0.00294311 0.00255143 0.0022016 0.00189101 0.00161694 0.00137663 0.00116732 0.000986337 0.0008311 0.000699185 0.000588349 0.000496562 0.000422026 0.000363192 0.00031878 0.000287782 0.000269474 
0.000269474 0.000275657 0.000294356 0.000326015 0.00037137 0.000431448 0.000507552 0.000601258 0.000714396 0.000849031 0.00100744 0.0011921 0.00140562 0.00165073 0.00193022 0.0022469 0.00260352 0.00300273 0.003447 0.00393852 0.00447918 0.00507044 0.00571329 0.00640814 0.0071548 0.00795236 0.00879919 0.00969286 0.0106301 0.011607 0.0126184 0.0136588 0.0147217 0.0157998 0.0168853 0.0179698 0.0190444 0.0200999 0.0211269 0.0221157 0.0230569 0.0239413 0.0247598 0.0255041 0.0261663 0.0267393 0.027217 0.0275942 0.0278666 0.0280313 0.0280864 0.0280313 0.0278666 0.0275942 0.027217 0.0267393 0.0261663 0.0255041 0.0247598 0.0239413 0.0230569 0.0221157 0.0211269 0.0200999 0.0190444 0.0179698 0.0168853 0.0157998 0.0147217 0.0136588 0.0126184 0.011607 0.0106301 0.00969286 0.00879919 0.00795236 0.0071548 0.00640814 0.00571329 0.00507044 0.00447918 0.00393852 0.003447 0.00300273 0.00260352 0.0022469 0.00193022 0.00165073 0.00140562 0.0011921 0.00100744 0.000849031 0.000714396 0.000601258 0.000507552 0.000431448 0.00037137 0.000326015 0.000294356 0.000275657 
0.000287782 0.000294356 0.000314236 0.00034789 0.000396094 0.000459928 0.000540767 0.000640268 0.000760356 0.000903202 0.0010712 0.00126695 0.00149318 0.00175275 0.0020486 0.00238364 0.00276075 0.00318269 0.00365202 0.00417101 0.0047416 0.0053653 0.00604308 0.00677535 0.00756183 0.00840155 0.00929274 0.0102328 0.0112183 0.012245 0.0133076 0.0144002 0.0155159 0.0166472 0.0177859 0.0189231 0.0200496 0.0211558 0.0222316 0.0232673 0.0242529 0.0251787 0.0260354 0.0268143 0.0275071 0.0281066 0.0286063 0.0290008 0.0292857 0.0294579 0.0295155 0.0294579 0.0292857 0.0290008 0.0286063 0.0281066 0.0275071 0.0268143 0.0260354 0.0251787 0.0242529 0.0232673 0.0222316 0.0211558 0.0200496 0.0189231 0.0177859 0.0166472 0.0155159 0.0144002 0.0133076 0.012245 0.0112183 0.0102328 0.00929274 0.00840155 0.00756183 0.00677535 0.00604308 0.0053653 0.0047416 0.00417101 0.00365202 0.00318269 0.00276075 0.00238364 0.0020486 0.00175275 0.00149318 0.00126695 0.0010712 0.000903202 0.000760356 0.000640268 0.000540767 0.000459928 0.000396094 0.00034789 0.000314236 0.000294356 
0.00031878 0.000326015 0.00034789 0.000384913 0.000437929 0.000508107 0.00059694 0.000706223 0.000838041 0.000994743 0.00117892 0.00139336 0.00164103 0.00192499 0.00224839 0.00261437 0.003026 0.00348621 0.00399773 0.00456295 0.00518391 0.00586215 0.00659868 0.00739384 0.00824726 0.00915781 0.0101235 0.0111415 0.0122079 0.0133182 0.0144667 0.0156468 0.0168512 0.0180717 0.0192995 0.0205252 0.0217386 0.0229295 0.0240873 0.0252015 0.0262613 0.0272565 0.0281771 0.0290139 0.029758 0.0304017 0.0309382 0.0313616 0.0316674 0.0318522 0.0319141 0.0318522 0.0316674 0.0313616 0.0309382 0.0304017 0.029758 0.0290139 0.0281771 0.0272565 0.0262613 0.0252015 0.0240873 0.0229295 0.0217386 0.0205252 0.0192995 0.0180717 0.0168512 0.0156468 0.0144667 0.0133182 0.0122079 0.0111415 0.0101235 0.00915781 0.00824726 0.00739384 0.00659868 0.00586215 0.00518391 0.00456295 0.00399773 0.00348621 0.003026 0.00261437 0.00224839 0.00192499 0.00164103 0.00139336 0.00117892 0.000994743 0.000838041 0.000706223 0.00059694 0.000508107 0.000437929 0.000384913 0.00034789 0.000326015 
0.000363192 0.00037137 0.000396094 0.000437929 0.000497812 0.000577045 0.000677284 0.000800522 0.000949067 0.00112552 0.00133275 0.00157383 0.00185202 0.0021707 0.00253332 0.0029433 0.00340401 0.00391862 0.00449006 0.00512094 0.00581339 0.00656904 0.00738888 0.0082732 0.00922149 0.0102324 0.0113036 0.0124318 0.0136128 0.0148413 0.0161111 0.0174149 0.0187446 0.0200912 0.0214448 0.0227951 0.0241312 0.0254418 0.0267152 0.0279399 0.0291043 0.0301973 0.031208 0.0321262 0.0329426 0.0336486 0.0342368 0.034701 0.0350362 0.0352388 0.0353065 0.0352388 0.0350362 0.034701 0.0342368 0.0336486 0.0329426 0.0321262 0.031208 0.0301973 0.0291043 0.0279399 0.0267152 0.0254418 0.0241312 0.0227951 0.0214448 0.0200912 0.0187446 0.0174149 0.0161111 0.0148413 0.0136128 0.0124318 0.0113036 0.0102324 0.00922149 0.0082732 0.00738888 0.00656904 0.00581339 0.00512094 0.00449006 0.00391862 0.00340401 0.0029433 0.00253332 0.0021707 0.00185202 0.00157383 0.00133275 0.00112552 0.000949067 0.000800522 0.000677284 0.000577045 0.000497812 0.000437929 0.000396094 0.00037137 
0.000422026 0.000431448 0.000459928 0.000508107 0.000577045 0.000668214 0.000783483 0.000925102 0.00109567 0.00129813 0.00153568 0.00181179 0.0021301 0.0024944 0.0029085 0.00337624 0.00390131 0.00448723 0.00513721 0.00585405 0.00664008 0.00749698 0.00842575 0.00942658 0.0104988 0.0116406 0.0128494 0.0141214 0.0154517 0.0168343 0.0182621 0.0197269 0.0212195 0.0227298 0.024247 0.0257593 0.0272547 0.0287204 0.0301438 0.0315119 0.032812 0.0340317 0.035159 0.0361829 0.0370928 0.0378794 0.0385347 0.0390516 0.0394249 0.0396504 0.0397259 0.0396504 0.0394249 0.0390516 0.0385347 0.0378794 0.0370928 0.0361829 0.035159 0.0340317 0.032812 0.0315119 0.0301438 0.0287204 0.0272547 0.0257593 0.024247 0.0227298 0.0212195 0.0197269 0.0182621 0.0168343 0.0154517 0.0141214 0.0128494 0.0116406 0.0104988 0.00942658 0.00842575 0.00749698 0.00664008 0.00585405 0.00513721 0.00448723 0.00390131 0.00337624 0.0029085 0.0024944 0.0021301 0.00181179 0.00153568 0.00129813 0.00109567 0.000925102 0.000783483 0.000668214 0.000577045 0.000508107 0.000459928 0.000431448 
0.000496562 0.000507552 0.000540767 0.00059694 0.000677284 0.000783483 0.000917674 0.00108242 0.0012807 0.00151584 0.00179149 0.00211159 0.00248025 0.00290175 0.0033804 0.00392049 0.00452614 0.00520128 0.00594943 0.00677369 0.00767655 0.00865979 0.00972439 0.0108704 0.0120969 0.0134017 0.0147817 0.0162324 0.0177481 0.019322 0.0209457 0.0226101 0.0243046 0.0260178 0.0277373 0.02945 0.0311423 0.0327999 0.0344085 0.0359536 0.0374212 0.0387972 0.0400684 0.0412224 0.0422476 0.0431337 0.0438715 0.0444535 0.0448736 0.0451274 0.0452124 0.0451274 0.0448736 0.0444535 0.0438715 0.0431337 0.0422476 0.0412224 0.0400684 0.0387972 0.0374212 0.0359536 0.0344085 0.0327999 0.0311423 0.02945 0.0277373 0.0260178 0.0243046 0.0226101 0.0209457 0.019322 0.0177481 0.0162324 0.0147817 0.0134017 0.0120969 0.0108704 0.00972439 0.00865979 0.00767655 0.00677369 0.00594943 0.00520128 0.00452614 0.00392049 0.0033804 0.00290175 0.00248025 0.00211159 0.00179149 0.00151584 0.0012807 0.00108242 0.000917674 0.000783483 0.000677284 0.00059694 0.000540767 0.000507552 
0.000588349 0.000601258 0.000640268 0.000706223 0.000800522 0.000925102 0.00108242 0.00127543 0.00150754 0.00178257 0.0021047 0.00247842 0.00290842 0.00339956 0.00395672 0.00458474 0.00528828 0.00607169 0.00693892 0.00789335 0.00893769 0.0100738 0.0113026 0.012624 0.0140368 0.0155382 0.0171245 0.0187905 0.0205294 0.0223332 0.0241925 0.0260965 0.0280334 0.0299898 0.0319519 0.0339047 0.0358327 0.0377198 0.0395499 0.0413067 0.0429742 0.0445369 0.0459798 0.0472891 0.0484518 0.0494564 0.0502927 0.0509521 0.0514281 0.0517157 0.0518119 0.0517157 0.0514281 0.0509521 0.0502927 0.0494564 0.0484518 0.0472891 0.0459798 0.0445369 0.0429742 0.0413067 0.0395499 0.0377198 0.0358327 0.0339047 0.0319519 0.0299898 0.0280334 0.0260965 0.0241925 0.0223332 0.0205294 0.0187905 0.0171245 0.0155382 0.0140368 0.012624 0.0113026 0.0100738 0.00893769 0.00789335 0.00693892 0.00607169 0.00528828 0.00458474 0.00395672 0.00339956 0.00290842 0.00247842 0.0021047 0.00178257 0.00150754 0.00127543 0.00108242 0.000925102 0.000800522 0.000706223 0.000640268 0.000601258 
0.000699185 0.000714396 0.000760356 0.000838041 0.000949067 0.00109567 0.0012807 0.00150754 0.00178013 0.00210285 0.00248052 0.00291825 0.00342143 0.00399558 0.00464626 0.00537894 0.00619887 0.00711094 0.00811954 0.00922838 0.0104404 0.0117575 0.0131806 0.0147094 0.016342 0.0180755 0.0199051 0.0218246 0.0238261 0.0259004 0.0280365 0.030222 0.032443 0.0346847 0.036931 0.0391647 0.0413684 0.0435238 0.0456126 0.0476165 0.0495174 0.0512978 0.052941 0.0544313 0.0557541 0.0568967 0.0578475 0.0585972 0.0591382 0.059465 0.0595743 0.059465 0.0591382 0.0585972 0.0578475 0.0568967 0.0557541 0.0544313 0.052941 0.0512978 0.0495174 0.0476165 0.0456126 0.0435238 0.0413684 0.0391647 0.036931 0.0346847 0.032443 0.030222 0.0280365 0.0259004 0.0238261 0.0218246 0.0199051 0.0180755 0.016342 0.0147094 0.0131806 0.0117575 0.0104404 0.00922838 0.00811954 0.00711094 0.00619887 0.00537894 0.00464626 0.00399558 0.00342143 0.00291825 0.00248052 0.00210285 0.00178013 0.00150754 0.0012807 0.00109567 0.000949067 0.000838041 0.000760356 0.000714396 
0.0008311 0.000849031 0.000903202 0.000994743 0.00112552 0.00129813 0.00151584 0.00178257 0.00210285 0.00248174 0.00292474 0.00343773 0.00402688 0.00469846 0.00545881 0.00631411 0.00727028 0.00833281 0.00950656 0.0107956 0.0122032 0.0137312 0.0153804 0.0171503 0.0190385 0.0210412 0.0231528 0.0253659 0.0276715 0.0300585 0.0325143 0.0350245 0.0375734 0.0401437 0.042717 0.045274 0.0477945 0.0502581 0.0526439 0.0549311 0.0570995 0.0591293 0.0610017 0.0626991 0.0642052 0.0655055 0.0665874 0.0674402 0.0680554 0.068427 0.0685513 0.068427 0.0680554 0.0674402 0.0665874 0.0655055 0.0642052 0.0626991 0.0610017 0.0591293 0.0570995 0.0549311 0.0526439 0.0502581 0.0477945 0.045274 0.042717 0.0401437 0.0375734 0.0350245 0.0325143 0.0300585 0.0276715 0.0253659 0.0231528 0.0210412 0.0190385 0.0171503 0.0153804 0.0137312 0.0122032 0.0107956 0.00950656 0.00833281 0.00727028 0.00631411 0.00545881 0.00469846 0.00402688 0.00343773 0.00292474 0.00248174 0.00210285 0.00178257 0.00151584 0.00129813 0.00112552 0.000994743 0.000903202 0.000849031 
0.000986337 0.00100744 0.0010712 0.00117892 0.00133275 0.00153568 0.00179149 0.0021047 0.00248052 0.00292474 0.00344369 0.0040441 0.004733 0.00551755 0.00640492 0.00740212 0.0085158 0.00975208 0.0111164 0.0126132 0.0142458 0.0160164 0.0179255 0.019972 0.0221532 0.0244643 0.0268986 0.0294474 0.0321001 0.0348438 0.0376639 0.0405439 0.0434656 0.0464092 0.0493538 0.0522774 0.0551571 0.0579695 0.0606913 0.063299 0.0657696 0.068081 0.0702121 0.072143 0.0738557 0.0753338 0.0765632 0.0775321 0.078231 0.078653 0.0787942 0.078653 0.078231 0.0775321 0.0765632 0.0753338 0.0738557 0.072143 0.0702121 0.068081 0.0657696 0.063299 0.0606913 0.0579695 0.0551571 0.0522774 0.0493538 0.0464092 0.0434656 0.0405439 0.0376639 0.0348438 0.0321001 0.0294474 0.0268986 0.0244643 0.0221532 0.019972 0.0179255 0.0160164 0.0142458 0.0126132 0.0111164 0.00975208 0.0085158 0.00740212 0.00640492 0.00551755 0.004733 0.0040441 0.00344369 0.00292474 0.00248052 0.0021047 0.00179149 0.00153568 0.00133275 0.00117892 0.0010712 0.00100744 
0.00116732 0.0011921 0.00126695 0.00139336 0.00157383 0.00181179 0.00211159 0.00247842 0.00291825 0.00343773 0.0040441 0.00474504 0.00554854 0.00646274 0.00749576 0.00865548 0.00994938 0.0113843 0.0129661 0.0146998 0.0165889 0.0186355 0.02084 0.0232007 0.0257141 0.0283746 0.0311741 0.0341025 0.037147 0.0402931 0.0435237 0.0468198 0.0501606 0.0535236 0.0568848 0.0602193 0.0635012 0.0667041 0.0698014 0.072767 0.075575 0.0782005 0.0806199 0.0828111 0.0847538 0.0864298 0.0878234 0.0889214 0.0897133 0.0901914 0.0903513 0.0901914 0.0897133 0.0889214 0.0878234 0.0864298 0.0847538 0.0828111 0.0806199 0.0782005 0.075575 0.072767 0.0698014 0.0667041 0.0635012 0.0602193 0.0568848 0.0535236 0.0501606 0.0468198 0.0435237 0.0402931 0.037147 0.0341025 0.0311741 0.0283746 0.0257141 0.0232007 0.02084 0.0186355 0.0165889 0.0146998 0.0129661 0.0113843 0.00994938 0.00865548 0.00749576 0.00646274 0.00554854 0.00474504 0.0040441 0.00343773 0.00291825 0.00247842 0.00211159 0.00181179 0.00157383 0.00139336 0.00126695 0.0011921 
0.00137663 0.00140562 0.00149318 0.00164103 0.00185202 0.0021301 0.00248025 0.00290842 0.00342143 0.00402688 0.004733 0.00554854 0.00648256 0.00754428 0.00874283 0.0100871 0.0115854 0.0132452 0.0150733 0.0170747 0.0192534 0.0216112 0.0241483 0.0268625 0.0297493 0.0328019 0.0360107 0.0393639 0.0428468 0.0464422 0.0501308 0.0538907 0.057698 0.0615273 0.0653513 0.0691418 0.0728694 0.0765046 0.0800176 0.0833788 0.0865594 0.0895316 0.092269 0.094747 0.0969431 0.098837 0.100411 0.101651 0.102546 0.103085 0.103266 0.103085 0.102546 0.101651 0.100411 0.098837 0.0969431 0.094747 0.092269 0.0895316 0.0865594 0.0833788 0.0800176 0.0765046 0.0728694 0.0691418 0.0653513 0.0615273 0.057698 0.0538907 0.0501308 0.0464422 0.0428468 0.0393639 0.0360107 0.0328019 0.0297493 0.0268625 0.0241483 0.0216112 0.0192534 0.0170747 0.0150733 0.0132452 0.0115854 0.0100871 0.00874283 0.00754428 0.00648256 0.00554854 0.004733 0.00402688 0.00342143 0.00290842 0.00248025 0.0021301 0.00185202 0.00164103 0.00149318 0.00140562 
0.00161694 0.00165073 0.00175275 0.00192499 0.0021707 0.0024944 0.00290175 0.00339956 0.00399558 0.00469846 0.00551755 0.00646274 0.00754428 0.00877253 0.0101578 0.0117099 0.0134381 0.0153509 0.0174553 0.0197569 0.0222598 0.0249658 0.0278744 0.0309829 0.0342858 0.0377747 0.0414385 0.0452633 0.0492321 0.0533251 0.0575202 0.0617923 0.0661144 0.0704575 0.0747909 0.0790826 0.0832999 0.0874094 0.0913779 0.0951723 0.0987606 0.102112 0.105197 0.107988 0.11046 0.112592 0.114363 0.115758 0.116763 0.11737 0.117573 0.11737 0.116763 0.115758 0.114363 0.112592 0.11046 0.107988 0.105197 0.102112 0.0987606 0.0951723 0.0913779 0.0874094 0.0832999 0.0790826 0.0747909 0.0704575 0.0661144 0.0617923 0.0575202 0.0533251 0.0492321 0.0452633 0.0414385 0.0377747 0.0342858 0.0309829 0.0278744 0.0249658 0.0222598 0.0197569 0.0174553 0.0153509 0.0134381 0.0117099 0.0101578 0.00877253 0.00754428 0.00646274 0.00551755 0.00469846 0.00399558 0.00339956 0.00290175 0.0024944 0.0021707 0.00192499 0.00175275 0.00165073 
0.00189101 0.00193022 0.0020486 0.00224839 0.00253332 0.0029085 0.0033804 0.00395672 0.00464626 0.00545881 0.00640492 0.00749576 0.00874283 0.0101578 0.011752 0.0135366 0.0155218 0.0177166 0.0201289 0.0227647 0.025628 0.0287204 0.032041 0.0355861 0.0393489 0.0433197 0.0474853 0.0518295 0.0563327 0.0609724 0.065723 0.0705563 0.0754417 0.0803463 0.0852357 0.090074 0.0948244 0.0994499 0.103913 0.108178 0.112208 0.11597 0.119431 0.122561 0.125332 0.12772 0.129704 0.131266 0.132392 0.133071 0.133299 0.133071 0.132392 0.131266 0.129704 0.12772 0.125332 0.122561 0.119431 0.11597 0.112208 0.108178 0.103913 0.0994499 0.0948244 0.090074 0.0852357 0.0803463 0.0754417 0.0705563 0.065723 0.0609724 0.0563327 0.0518295 0.0474853 0.0433197 0.0393489 0.0355861 0.032041 0.0287204 0.025628 0.0227647 0.0201289 0.0177166 0.0155218 0.0135366 0.011752 0.0101578 0.00874283 0.00749576 0.00640492 0.00545881 0.00464626 0.00395672 0.0033804 0.0029085 0.00253332 0.00224839 0.0020486 0.00193022 
0.0022016 0.0022469 0.00238364 0.00261437 0.0029433 0.00337624 0.00392049 0.00458474 0.00537894 0.00631411 0.00740212 0.00865548 0.0100871 0.0117099 0.0135366 0.0155794 0.0178496 0.0203571 0.0231102 0.0261153 0.0293763 0.0328947 0.0366688 0.0406938 0.0449617 0.0494607 0.0541756 0.0590876 0.0641743 0.06941 0.0747655 0.080209 0.0857059 0.0912194 0.0967109 0.10214 0.107467 0.112649 0.117646 0.122417 0.126922 0.131125 0.13499 0.138483 0.141575 0.144238 0.14645 0.14819 0.149445 0.150202 0.150455 0.150202 0.149445 0.14819 0.14645 0.144238 0.141575 0.138483 0.13499 0.131125 0.126922 0.122417 0.117646 0.112649 0.107467 0.10214 0.0967109 0.0912194 0.0857059 0.080209 0.0747655 0.06941 0.0641743 0.0590876 0.0541756 0.0494607 0.0449617 0.0406938 0.0366688 0.0328947 0.0293763 0.0261153 0.0231102 0.0203571 0.0178496 0.0155794 0.0135366 0.0117099 0.0100871 0.00865548 0.00740212 0.00631411 0.00537894 0.00458474 0.00392049 0.00337624 0.0029433 0.00261437 0.00238364 0.0022469 
0.00255143 0.00260352 0.00276075 0.003026 0.00340401 0.00390131 0.00452614 0.00528828 0.00619887 0.00727028 0.0085158 0.00994938 0.0115854 0.0134381 0.0155218 0.0178496 0.020434 0.0232856 0.0264134 0.0298239 0.0335211 0.0375059 0.0417759 0.046325 0.0511434 0.0562176 0.0615297 0.0670582 0.0727774 0.0786581 0.0846674 0.0907696 0.0969256 0.103094 0.109233 0.115297 0.121241 0.127019 0.132586 0.137898 0.142911 0.147584 0.151879 0.155758 0.15919 0.162146 0.164599 0.16653 0.167921 0.16876 0.169041 0.16876 0.167921 0.16653 0.164599 0.162146 0.15919 0.155758 0.151879 0.147584 0.142911 0.137898 0.132586 0.127019 0.121241 0.115297 0.109233 0.103094 0.0969256 0.0907696 0.0846674 0.0786581 0.0727774 0.0670582 0.0615297 0.0562176 0.0511434 0.046325 0.0417759 0.0375059 0.0335211 0.0298239 0.0264134 0.0232856 0.020434 0.0178496 0.0155218 0.0134381 0.0115854 0.00994938 0.0085158 0.00727028 0.00619887 0.00528828 0.00452614 0.00390131 0.00340401 0.003026 0.00276075 0.00260352 
0.00294311 0.00300273 0.00318269 0.00348621 0.00391862 0.00448723 0.00520128 0.00607169 0.00711094 0.00833281 0.00975208 0.0113843 0.0132452 0.0153509 0.0177166 0.0203571 0.0232856 0.0265137 0.0300508 0.0339037 0.0380761 0.0425683 0.0473769 0.0524944 0.0579093 0.0636055 0.0695625 0.0757557 0.0821558 0.0887299 0.0954411 0.102249 0.10911 0.11598 0.122809 0.129549 0.136149 0.142561 0.148733 0.154618 0.160168 0.165339 0.170087 0.174375 0.178166 0.18143 0.184138 0.186268 0.187802 0.188728 0.189038 0.188728 0.187802 0.186268 0.184138 0.18143 0.178166 0.174375 0.170087 0.165339 0.160168 0.154618 0.148733 0.142561 0.136149 0.129549 0.122809 0.11598 0.10911 0.102249 0.0954411 0.0887299 0.0821558 0.0757557 0.0695625 0.0636055 0.0579093 0.0524944 0.0473769 0.0425683 0.0380761 0.0339037 0.0300508 0.0265137 0.0232856 0.0203571 0.0177166 0.0153509 0.0132452 0.0113843 0.00975208 0.00833281 0.00711094 0.00607169 0.00520128 0.00448723 0.00391862 0.00348621 0.00318269 0.00300273 
0.00337906 0.003447 0.00365202 0.00399773 0.00449006 0.00513721 0.00594943 0.00693892 0.00811954 0.00950656 0.0111164 0.0129661 0.0150733 0.0174553 0.0201289 0.0231102 0.0264134 0.0300508 0.0340323 0.0383648 0.0430516 0.0480924 0.0534824 0.0592127 0.0652694 0.0716339 0.0782828 0.0851879 0.0923163 0.0996308 0.10709 0.114649 0.12226 0.129872 0.137433 0.144888 0.152182 0.159262 0.166072 0.17256 0.178674 0.184366 0.189591 0.194306 0.198473 0.202058 0.205032 0.207371 0.209056 0.210072 0.210411 0.210072 0.209056 0.207371 0.205032 0.202058 0.198473 0.194306 0.189591 0.184366 0.178674 0.17256 0.166072 0.159262 0.152182 0.144888 0.137433 0.129872 0.12226 0.114649 0.10709 0.0996308 0.0923163 0.0851879 0.0782828 0.0716339 0.0652694 0.0592127 0.0534824 0.0480924 0.0430516 0.0383648 0.0340323 0.0300508 0.0264134 0.0231102 0.0201289 0.0174553 0.0150733 0.0129661 0.0111164 0.00950656 0.00811954 0.00693892 0.00594943 0.00513721 0.00449006 0.00399773 0.00365202 0.003447 
0.00386147 0.00393852 0.00417101 0.00456295 0.00512094 0.00585405 0.00677369 0.00789335 0.00922838 0.0107956 0.0126132 0.0146998 0.0170747 0.0197569 0.0227647 0.0261153 0.0298239 0.0339037 0.0383648 0.0432141 0.0484544 0.0540845 0.0600983 0.0664848 0.0732278 0.0803058 0.0876922 0.0953549 0.103257 0.111357 0.119608 0.127962 0.136364 0.144759 0.153089 0.161295 0.169317 0.177096 0.184572 0.19169 0.198392 0.204628 0.210348 0.215507 0.220064 0.223983 0.227233 0.229788 0.231627 0.232737 0.233108 0.232737 0.231627 0.229788 0.227233 0.223983 0.220064 0.215507 0.210348 0.204628 0.198392 0.19169 0.184572 0.177096 0.169317 0.161295 0.153089 0.144759 0.136364 0.127962 0.119608 0.111357 0.103257 0.0953549 0.0876922 0.0803058 0.0732278 0.0664848 0.0600983 0.0540845 0.0484544 0.0432141 0.0383648 0.0339037 0.0298239 0.0261153 0.0227647 0.0197569 0.0170747 0.0146998 0.0126132 0.0107956 0.00922838 0.00789335 0.00677369 0.00585405 0.00512094 0.00456295 0.00417101 0.00393852 
0.0043922 0.00447918 0.0047416 0.00518391 0.00581339 0.00664008 0.00767655 0.00893769 0.0104404 0.0122032 0.0142458 0.0165889 0.0192534 0.0222598 0.025628 0.0293763 0.0335211 0.0380761 0.0430516 0.0484544 0.0542868 0.0605462 0.0672249 0.0743099 0.0817823 0.0896173 0.0977848 0.106249 0.114967 0.123895 0.132979 0.142167 0.151398 0.160612 0.169746 0.178735 0.187515 0.196021 0.204189 0.211959 0.21927 0.226068 0.232299 0.237915 0.242874 0.247137 0.25067 0.253447 0.255446 0.256652 0.257055 0.256652 0.255446 0.253447 0.25067 0.247137 0.242874 0.237915 0.232299 0.226068 0.21927 0.211959 0.204189 0.196021 0.187515 0.178735 0.169746 0.160612 0.151398 0.142167 0.132979 0.123895 0.114967 0.106249 0.0977848 0.0896173 0.0817823 0.0743099 0.0672249 0.0605462 0.0542868 0.0484544 0.0430516 0.0380761 0.0335211 0.0293763 0.025628 0.0222598 0.0192534 0.0165889 0.0142458 0.0122032 0.0104404 0.00893769 0.00767655 0.00664008 0.00581339 0.00518391 0.0047416 0.00447918 
0.0049727 0.00507044 0.0053653 0.00586215 0.00656904 0.00749698 0.00865979 0.0100738 0.0117575 0.0137312 0.0160164 0.0186355 0.0216112 0.0249658 0.0287204 0.0328947 0.0375059 0.0425683 0.0480924 0.0540845 0.0605462 0.0674735 0.0748569 0.0826808 0.0909234 0.0995567 0.108546 0.117852 0.127427 0.13722 0.147176 0.157233 0.167328 0.177393 0.187361 0.197161 0.206724 0.21598 0.224862 0.233302 0.241239 0.248612 0.255367 0.261451 0.266821 0.271434 0.275257 0.27826 0.280422 0.281725 0.282161 0.281725 0.280422 0.27826 0.275257 0.271434 0.266821 0.261451 0.255367 0.248612 0.241239 0.233302 0.224862 0.21598 0.206724 0.197161 0.187361 0.177393 0.167328 0.157233 0.147176 0.13722 0.127427 0.117852 0.108546 0.0995567 0.0909234 0.0826808 0.0748569 0.0674735 0.0605462 0.0540845 0.0480924 0.0425683 0.0375059 0.0328947 0.0287204 0.0249658 0.0216112 0.0186355 0.0160164 0.0137312 0.0117575 0.0100738 0.00865979 0.00749698 0.00656904 0.00586215 0.0053653 0.00507044 
0.00560395 0.00571329 0.00604308 0.00659868 0.00738888 0.00842575 0.00972439 0.0113026 0.0131806 0.0153804 0.0179255 0.02084 0.0241483 0.0278744 0.032041 0.0366688 0.0417759 0.0473769 0.0534824 0.0600983 0.0672249 0.0748569 0.0829825 0.0915833 0.100634 0.110104 0.119953 0.130137 0.140605 0.1513 0.162159 0.173118 0.184105 0.19505 0.205876 0.216511 0.226878 0.236902 0.246512 0.255638 0.264212 0.272172 0.279458 0.286018 0.291804 0.296772 0.300887 0.30412 0.306445 0.307847 0.308316 0.307847 0.306445 0.30412 0.300887 0.296772 0.291804 0.286018 0.279458 0.272172 0.264212 0.255638 0.246512 0.236902 0.226878 0.216511 0.205876 0.19505 0.184105 0.173118 0.162159 0.1513 0.140605 0.130137 0.119953 0.110104 0.100634 0.0915833 0.0829825 0.0748569 0.0672249 0.0600983 0.0534824 0.0473769 0.0417759 0.0366688 0.032041 0.0278744 0.0241483 0.02084 0.0179255 0.0153804 0.0131806 0.0113026 0.00972439 0.00842575 0.00738888 0.00659868 0.00604308 0.00571329 
0.00628639 0.00640814 0.00677535 0.00739384 0.0082732 0.00942658 0.0108704 0.012624 0.0147094 0.0171503 0.019972 0.0232007 0.0268625 0.0309829 0.0355861 0.0406938 0.046325 0.0524944 0.0592127 0.0664848 0.0743099 0.0826808 0.0915833 0.100996 0.110891 0.121231 0.131974 0.14307 0.154462 0.166087 0.177879 0.189765 0.20167 0.213516 0.225221 0.236708 0.247893 0.2587 0.26905 0.27887 0.288088 0.29664 0.304463 0.311501 0.317705 0.323031 0.32744 0.330901 0.333391 0.334892 0.335394 0.334892 0.333391 0.330901 0.32744 0.323031 0.317705 0.311501 0.304463 0.29664 0.288088 0.27887 0.26905 0.2587 0.247893 0.236708 0.225221 0.213516 0.20167 0.189765 0.177879 0.166087 0.154462 0.14307 0.131974 0.121231 0.110891 0.100996 0.0915833 0.0826808 0.0743099 0.0664848 0.0592127 0.0524944 0.046325 0.0406938 0.0355861 0.0309829 0.0268625 0.0232007 0.019972 0.0171503 0.0147094 0.012624 0.0108704 0.00942658 0.0082732 0.00739384 0.00677535 0.00640814 
0.00701983 0.0071548 0.00756183 0.00824726 0.00922149 0.0104988 0.0120969 0.0140368 0.016342 0.0190385 0.0221532 0.0257141 0.0297493 0.0342858 0.0393489 0.0449617 0.0511434 0.0579093 0.0652694 0.0732278 0.0817823 0.0909234 0.100634 0.110891 0.12166 0.132902 0.144568 0.156603 0.168946 0.181528 0.194275 0.20711 0.21995 0.232713 0.245312 0.257662 0.269676 0.281272 0.292368 0.302886 0.312752 0.321896 0.330256 0.337772 0.344394 0.350074 0.354775 0.358465 0.361118 0.362717 0.363252 0.362717 0.361118 0.358465 0.354775 0.350074 0.344394 0.337772 0.330256 0.321896 0.312752 0.302886 0.292368 0.281272 0.269676 0.257662 0.245312 0.232713 0.21995 0.20711 0.194275 0.181528 0.168946 0.156603 0.144568 0.132902 0.12166 0.110891 0.100634 0.0909234 0.0817823 0.0732278 0.0652694 0.0579093 0.0511434 0.0449617 0.0393489 0.0342858 0.0297493 0.0257141 0.0221532 0.0190385 0.016342 0.0140368 0.0120969 0.0104988 0.00922149 0.00824726 0.00756183 0.0071548 
0.00780339 0.00795236 0.00840155 0.00915781 0.0102324 0.0116406 0.0134017 0.0155382 0.0180755 0.0210412 0.0244643 0.0283746 0.0328019 0.0377747 0.0433197 0.0494607 0.0562176 0.0636055 0.0716339 0.0803058 0.0896173 0.0995567 0.110104 0.121231 0.132902 0.14507 0.157684 0.170682 0.183997 0.197554 0.211274 0.225072 0.238862 0.252552 0.266053 0.279272 0.292119 0.304506 0.316347 0.327562 0.338072 0.347807 0.356698 0.364688 0.371722 0.377754 0.382743 0.386657 0.389471 0.391167 0.391734 0.391167 0.389471 0.386657 0.382743 0.377754 0.371722 0.364688 0.356698 0.347807 0.338072 0.327562 0.316347 0.304506 0.292119 0.279272 0.266053 0.252552 0.238862 0.225072 0.211274 0.197554 0.183997 0.170682 0.157684 0.14507 0.132902 0.121231 0.110104 0.0995567 0.0896173 0.0803058 0.0716339 0.0636055 0.0562176 0.0494607 0.0433197 0.0377747 0.0328019 0.0283746 0.0244643 0.0210412 0.0180755 0.0155382 0.0134017 0.0116406 0.0102324 0.00915781 0.00840155 0.00795236 
0.0086355 0.00879919 0.00929274 0.0101235 0.0113036 0.0128494 0.0147817 0.0171245 0.0199051 0.0231528 0.0268986 0.0311741 0.0360107 0.0414385 0.0474853 0.0541756 0.0615297 0.0695625 0.0782828 0.0876922 0.0977848 0.108546 0.119953 0.131974 0.144568 0.157684 0.171265 0.185243 0.199545 0.214091 0.228795 0.243565 0.25831 0.272932 0.287335 0.301423 0.315101 0.328275 0.340857 0.352762 0.363909 0.374224 0.38364 0.392095 0.399533 0.405908 0.411179 0.415313 0.418285 0.420075 0.420673 0.420075 0.418285 0.415313 0.411179 0.405908 0.399533 0.392095 0.38364 0.374224 0.363909 0.352762 0.340857 0.328275 0.315101 0.301423 0.287335 0.272932 0.25831 0.243565 0.228795 0.214091 0.199545 0.185243 0.171265 0.157684 0.144568 0.131974 0.119953 0.108546 0.0977848 0.0876922 0.0782828 0.0695625 0.0615297 0.0541756 0.0474853 0.0414385 0.0360107 0.0311741 0.0268986 0.0231528 0.0199051 0.0171245 0.0147817 0.0128494 0.0113036 0.0101235 0.00929274 0.00879919 
0.00951377 0.00969286 0.0102328 0.0111415 0.0124318 0.0141214 0.0162324 0.0187905 0.0218246 0.0253659 0.0294474 0.0341025 0.0393639 0.0452633 0.0518295 0.0590876 0.0670582 0.0757557 0.0851879 0.0953549 0.106249 0.117852 0.130137 0.14307 0.156603 0.170682 0.185243 0.200213 0.215512 0.231054 0.246746 0.262491 0.27819 0.293742 0.309044 0.323994 0.338494 0.352445 0.365756 0.378339 0.39011 0.400994 0.410921 0.419829 0.427661 0.434369 0.439913 0.44426 0.447383 0.449264 0.449893 0.449264 0.447383 0.44426 0.439913 0.434369 0.427661 0.419829 0.410921 0.400994 0.39011 0.378339 0.365756 0.352445 0.338494 0.323994 0.309044 0.293742 0.27819 0.262491 0.246746 0.231054 0.215512 0.200213 0.185243 0.170682 0.156603 0.14307 0.130137 0.117852 0.106249 0.0953549 0.0851879 0.0757557 0.0670582 0.0590876 0.0518295 0.0452633 0.0393639 0.0341025 0.0294474 0.0253659 0.0218246 0.0187905 0.0162324 0.0141214 0.0124318 0.0111415 0.0102328 0.00969286 
0.010435 0.0106301 0.0112183 0.0122079 0.0136128 0.0154517 0.0177481 0.0205294 0.0238261 0.0276715 0.0321001 0.037147 0.0428468 0.0492321 0.0563327 0.0641743 0.0727774 0.0821558 0.0923163 0.103257 0.114967 0.127427 0.140605 0.154462 0.168946 0.183997 0.199545 0.215512 0.231811 0.248349 0.265027 0.281744 0.298391 0.314864 0.331053 0.346854 0.362161 0.376874 0.390898 0.404141 0.416519 0.427955 0.438376 0.447721 0.455932 0.462961 0.468767 0.473317 0.476586 0.478554 0.479212 0.478554 0.476586 0.473317 0.468767 0.462961 0.455932 0.447721 0.438376 0.427955 0.416519 0.404141 0.390898 0.376874 0.362161 0.346854 0.331053 0.314864 0.298391 0.281744 0.265027 0.248349 0.231811 0.215512 0.199545 0.183997 0.168946 0.154462 0.140605 0.127427 0.114967 0.103257 0.0923163 0.0821558 0.0727774 0.0641743 0.0563327 0.0492321 0.0428468 0.037147 0.0321001 0.0276715 0.0238261 0.0205294 0.0177481 0.0154517 0.0136128 0.0122079 0.0112183 0.0106301 
0.0113953 0.011607 0.012245 0.0133182 0.0148413 0.0168343 0.019322 0.0223332 0.0259004 0.0300585 0.0348438 0.0402931 0.0464422 0.0533251 0.0609724 0.06941 0.0786581 0.0887299 0.0996308 0.111357 0.123895 0.13722 0.1513 0.166087 0.181528 0.197554 0.214091 0.231054 0.248349 0.265878 0.283534 0.301211 0.318794 0.336172 0.353233 0.369864 0.385959 0.401413 0.416128 0.43001 0.442973 0.454939 0.465835 0.475597 0.48417 0.491504 0.49756 0.502304 0.50571 0.507761 0.508446 0.507761 0.50571 0.502304 0.49756 0.491504 0.48417 0.475597 0.465835 0.454939 0.442973 0.43001 0.416128 0.401413 0.385959 0.369864 0.353233 0.336172 0.318794 0.301211 0.283534 0.265878 0.248349 0.231054 0.214091 0.197554 0.181528 0.166087 0.1513 0.13722 0.123895 0.111357 0.0996308 0.0887299 0.0786581 0.06941 0.0609724 0.0533251 0.0464422 0.0402931 0.0348438 0.0300585 0.0259004 0.0223332 0.019322 0.0168343 0.0148413 0.0133182 0.012245 0.011607 
0.0123898 0.0126184 0.0133076 0.0144667 0.0161111 0.0182621 0.0209457 0.0241925 0.0280365 0.0325143 0.0376639 0.0435237 0.0501308 0.0575202 0.065723 0.0747655 0.0846674 0.0954411 0.10709 0.119608 0.132979 0.147176 0.162159 0.177879 0.194275 0.211274 0.228795 0.246746 0.265027 0.283534 0.302155 0.320774 0.339274 0.357537 0.375446 0.392885 0.409742 0.425911 0.44129 0.455785 0.469308 0.481779 0.493126 0.503284 0.512199 0.519821 0.526111 0.531037 0.534573 0.536701 0.537412 0.536701 0.534573 0.531037 0.526111 0.519821 0.512199 0.503284 0.493126 0.481779 0.469308 0.455785 0.44129 0.425911 0.409742 0.392885 0.375446 0.357537 0.339274 0.320774 0.302155 0.283534 0.265027 0.246746 0.228795 0.211274 0.194275 0.177879 0.162159 0.147176 0.132979 0.119608 0.10709 0.0954411 0.0846674 0.0747655 0.065723 0.0575202 0.0501308 0.0435237 0.0376639 0.0325143 0.0280365 0.0241925 0.0209457 0.0182621 0.0161111 0.0144667 0.0133076 0.0126184 
0.0134128 0.0136588 0.0144002 0.0156468 0.0174149 0.0197269 0.0226101 0.0260965 0.030222 0.0350245 0.0405439 0.0468198 0.0538907 0.0617923 0.0705563 0.080209 0.0907696 0.102249 0.114649 0.127962 0.142167 0.157233 0.173118 0.189765 0.20711 0.225072 0.243565 0.262491 0.281744 0.301211 0.320774 0.340314 0.359706 0.378827 0.397555 0.415772 0.433362 0.450215 0.466229 0.481306 0.495359 0.508308 0.520079 0.530609 0.539844 0.547735 0.554244 0.559338 0.562994 0.565195 0.565929 0.565195 0.562994 0.559338 0.554244 0.547735 0.539844 0.530609 0.520079 0.508308 0.495359 0.481306 0.466229 0.450215 0.433362 0.415772 0.397555 0.378827 0.359706 0.340314 0.320774 0.301211 0.281744 0.262491 0.243565 0.225072 0.20711 0.189765 0.173118 0.157233 0.142167 0.127962 0.114649 0.102249 0.0907696 0.080209 0.0705563 0.0617923 0.0538907 0.0468198 0.0405439 0.0350245 0.030222 0.0260965 0.0226101 0.0197269 0.0174149 0.0156468 0.0144002 0.0136588 
0.0144581 0.0147217 0.0155159 0.0168512 0.0187446 0.0212195 0.0243046 0.0280334 0.032443 0.0375734 0.0434656 0.0501606 0.057698 0.0661144 0.0754417 0.0857059 0.0969256 0.10911 0.12226 0.136364 0.151398 0.167328 0.184105 0.20167 0.21995 0.238862 0.25831 0.27819 0.298391 0.318794 0.339274 0.359706 0.379959 0.399907 0.419423 0.438383 0.456672 0.474175 0.490789 0.506416 0.520967 0.534362 0.546528 0.557405 0.566936 0.575075 0.581785 0.587035 0.590802 0.593068 0.593824 0.593068 0.590802 0.587035 0.581785 0.575075 0.566936 0.557405 0.546528 0.534362 0.520967 0.506416 0.490789 0.474175 0.456672 0.438383 0.419423 0.399907 0.379959 0.359706 0.339274 0.318794 0.298391 0.27819 0.25831 0.238862 0.21995 0.20167 0.184105 0.167328 0.151398 0.136364 0.12226 0.10911 0.0969256 0.0857059 0.0754417 0.0661144 0.057698 0.0501606 0.0434656 0.0375734 0.032443 0.0280334 0.0243046 0.0212195 0.0187446 0.0168512 0.0155159 0.0147217 
0.0155185 0.0157998 0.0166472 0.0180717 0.0200912 0.0227298 0.0260178 0.0299898 0.0346847 0.0401437 0.0464092 0.0535236 0.0615273 0.0704575 0.0803463 0.0912194 0.103094 0.11598 0.129872 0.144759 0.160612 0.177393 0.19505 0.213516 0.232713 0.252552 0.272932 0.293742 0.314864 0.336172 0.357537 0.378827 0.399907 0.420645 0.440911 0.460578 0.479527 0.497642 0.514819 0.53096 0.545974 0.559783 0.572315 0.583509 0.593312 0.601678 0.608572 0.613963 0.617829 0.620155 0.620932 0.620155 0.617829 0.613963 0.608572 0.601678 0.593312 0.583509 0.572315 0.559783 0.545974 0.53096 0.514819 0.497642 0.479527 0.460578 0.440911 0.420645 0.399907 0.378827 0.357537 0.336172 0.314864 0.293742 0.272932 0.252552 0.232713 0.213516 0.19505 0.177393 0.160612 0.144759 0.129872 0.11598 0.103094 0.0912194 0.0803463 0.0704575 0.0615273 0.0535236 0.0464092 0.0401437 0.0346847 0.0299898 0.0260178 0.0227298 0.0200912 0.0180717 0.0166472 0.0157998 
0.0165864 0.0168853 0.0177859 0.0192995 0.0214448 0.024247 0.0277373 0.0319519 0.036931 0.042717 0.0493538 0.0568848 0.0653513 0.0747909 0.0852357 0.0967109 0.109233 0.122809 0.137433 0.153089 0.169746 0.187361 0.205876 0.225221 0.245312 0.266053 0.287335 0.309044 0.331053 0.353233 0.375446 0.397555 0.419423 0.440911 0.461885 0.482218 0.501787 0.520475 0.538176 0.554791 0.570233 0.584422 0.597288 0.608772 0.618821 0.627392 0.63445 0.639968 0.643924 0.646303 0.647097 0.646303 0.643924 0.639968 0.63445 0.627392 0.618821 0.608772 0.597288 0.584422 0.570233 0.554791 0.538176 0.520475 0.501787 0.482218 0.461885 0.440911 0.419423 0.397555 0.375446 0.353233 0.331053 0.309044 0.287335 0.266053 0.245312 0.225221 0.205876 0.187361 0.169746 0.153089 0.137433 0.122809 0.109233 0.0967109 0.0852357 0.0747909 0.0653513 0.0568848 0.0493538 0.042717 0.036931 0.0319519 0.0277373 0.024247 0.0214448 0.0192995 0.0177859 0.0168853 
0.0176534 0.0179698 0.0189231 0.0205252 0.0227951 0.0257593 0.02945 0.0339047 0.0391647 0.045274 0.0522774 0.0602193 0.0691418 0.0790826 0.090074 0.10214 0.115297 0.129549 0.144888 0.161295 0.178735 0.197161 0.216511 0.236708 0.257662 0.279272 0.301423 0.323994 0.346854 0.369864 0.392885 0.415772 0.438383 0.460578 0.482218 0.503173 0.523318 0.542536 0.56072 0.577772 0.593605 0.608139 0.621307 0.633051 0.64332 0.652074 0.659279 0.664909 0.668944 0.67137 0.67218 0.67137 0.668944 0.664909 0.659279 0.652074 0.64332 0.633051 0.621307 0.608139 0.593605 0.577772 0.56072 0.542536 0.523318 0.503173 0.482218 0.460578 0.438383 0.415772 0.392885 0.369864 0.346854 0.323994 0.301423 0.279272 0.257662 0.236708 0.216511 0.197161 0.178735 0.161295 0.144888 0.129549 0.115297 0.10214 0.090074 0.0790826 0.0691418 0.0602193 0.0522774 0.045274 0.0391647 0.0339047 0.02945 0.0257593 0.0227951 0.0205252 0.0189231 0.0179698 
0.0187107 0.0190444 0.0200496 0.0217386 0.0241312 0.0272547 0.0311423 0.0358327 0.0413684 0.0477945 0.0551571 0.0635012 0.0728694 0.0832999 0.0948244 0.107467 0.121241 0.136149 0.152182 0.169317 0.187515 0.206724 0.226878 0.247893 0.269676 0.292119 0.315101 0.338494 0.362161 0.385959 0.409742 0.433362 0.456672 0.479527 0.501787 0.523318 0.543995 0.5637 0.582326 0.599774 0.61596 0.630804 0.644242 0.656218 0.666682 0.675596 0.68293 0.688657 0.692761 0.695228 0.696051 0.695228 0.692761 0.688657 0.68293 0.675596 0.666682 0.656218 0.644242 0.630804 0.61596 0.599774 0.582326 0.5637 0.543995 0.523318 0.501787 0.479527 0.456672 0.433362 0.409742 0.385959 0.362161 0.338494 0.315101 0.292119 0.269676 0.247893 0.226878 0.206724 0.187515 0.169317 0.152182 0.136149 0.121241 0.107467 0.0948244 0.0832999 0.0728694 0.0635012 0.0551571 0.0477945 0.0413684 0.0358327 0.0311423 0.0272547 0.0241312 0.0217386 0.0200496 0.0190444 
0.0197494 0.0200999 0.0211558 0.0229295 0.0254418 0.0287204 0.0327999 0.0377198 0.0435238 0.0502581 0.0579695 0.0667041 0.0765046 0.0874094 0.0994499 0.112649 0.127019 0.142561 0.159262 0.177096 0.196021 0.21598 0.236902 0.2587 0.281272 0.304506 0.328275 0.352445 0.376874 0.401413 0.425911 0.450215 0.474175 0.497642 0.520475 0.542536 0.5637 0.583848 0.602874 0.62068 0.63718 0.652301 0.665978 0.678156 0.688791 0.697845 0.705289 0.711101 0.715263 0.717765 0.7186 0.717765 0.715263 0.711101 0.705289 0.697845 0.688791 0.678156 0.665978 0.652301 0.63718 0.62068 0.602874 0.583848 0.5637 0.542536 0.520475 0.497642 0.474175 0.450215 0.425911 0.401413 0.376874 0.352445 0.328275 0.304506 0.281272 0.2587 0.236902 0.21598 0.196021 0.177096 0.159262 0.142561 0.127019 0.112649 0.0994499 0.0874094 0.0765046 0.0667041 0.0579695 0.0502581 0.0435238 0.0377198 0.0327999 0.0287204 0.0254418 0.0229295 0.0211558 0.0200999 
0.0207601 0.0211269 0.0222316 0.0240873 0.0267152 0.0301438 0.0344085 0.0395499 0.0456126 0.0526439 0.0606913 0.0698014 0.0800176 0.0913779 0.103913 0.117646 0.132586 0.148733 0.166072 0.184572 0.204189 0.224862 0.246512 0.26905 0.292368 0.316347 0.340857 0.365756 0.390898 0.416128 0.44129 0.466229 0.490789 0.514819 0.538176 0.56072 0.582326 0.602874 0.622258 0.640382 0.657162 0.672526 0.686411 0.698765 0.709546 0.71872 0.726258 0.73214 0.736352 0.738884 0.739728 0.738884 0.736352 0.73214 0.726258 0.71872 0.709546 0.698765 0.686411 0.672526 0.657162 0.640382 0.622258 0.602874 0.582326 0.56072 0.538176 0.514819 0.490789 0.466229 0.44129 0.416128 0.390898 0.365756 0.340857 0.316347 0.292368 0.26905 0.246512 0.224862 0.204189 0.184572 0.166072 0.148733 0.132586 0.117646 0.103913 0.0913779 0.0800176 0.0698014 0.0606913 0.0526439 0.0456126 0.0395499 0.0344085 0.0301438 0.0267152 0.0240873 0.0222316 0.0211269 
0.0217333 0.0221157 0.0232673 0.0252015 0.0279399 0.0315119 0.0359536 0.0413067 0.0476165 0.0549311 0.063299 0.072767 0.0833788 0.0951723 0.108178 0.122417 0.137898 0.154618 0.17256 0.19169 0.211959 0.233302 0.255638 0.27887 0.302886 0.327562 0.352762 0.378339 0.404141 0.43001 0.455785 0.481306 0.506416 0.53096 0.554791 0.577772 0.599774 0.62068 0.640382 0.658787 0.675812 0.691387 0.705451 0.717956 0.728861 0.738135 0.745752 0.751693 0.755946 0.758501 0.759353 0.758501 0.755946 0.751693 0.745752 0.738135 0.728861 0.717956 0.705451 0.691387 0.675812 0.658787 0.640382 0.62068 0.599774 0.577772 0.554791 0.53096 0.506416 0.481306 0.455785 0.43001 0.404141 0.378339 0.352762 0.327562 0.302886 0.27887 0.255638 0.233302 0.211959 0.19169 0.17256 0.154618 0.137898 0.122417 0.108178 0.0951723 0.0833788 0.072767 0.063299 0.0549311 0.0476165 0.0413067 0.0359536 0.0315119 0.0279399 0.0252015 0.0232673 0.0221157 
0.0226598 0.0230569 0.0242529 0.0262613 0.0291043 0.032812 0.0374212 0.0429742 0.0495174 0.0570995 0.0657696 0.075575 0.0865594 0.0987606 0.112208 0.126922 0.142911 0.160168 0.178674 0.198392 0.21927 0.241239 0.264212 0.288088 0.312752 0.338072 0.363909 0.39011 0.416519 0.442973 0.469308 0.495359 0.520967 0.545974 0.570233 0.593605 0.61596 0.63718 0.657162 0.675812 0.693049 0.708805 0.723022 0.735654 0.746663 0.756019 0.7637 0.769689 0.773975 0.776549 0.777408 0.776549 0.773975 0.769689 0.7637 0.756019 0.746663 0.735654 0.723022 0.708805 0.693049 0.675812 0.657162 0.63718 0.61596 0.593605 0.570233 0.545974 0.520967 0.495359 0.469308 0.442973 0.416519 0.39011 0.363909 0.338072 0.312752 0.288088 0.264212 0.241239 0.21927 0.198392 0.178674 0.160168 0.142911 0.126922 0.112208 0.0987606 0.0865594 0.075575 0.0657696 0.0570995 0.0495174 0.0429742 0.0374212 0.032812 0.0291043 0.0262613 0.0242529 0.0230569 
