9.90305e-11 1.19917e-10 1.90011e-10 3.33735e-10 5.99299e-10 1.07155e-09 1.8933e-09 3.29883e-09 5.66506e-09 9.58736e-09 1.59899e-08 2.62824e-08 4.25778e-08 6.79874e-08 1.07013e-07 1.66051e-07 2.54029e-07 3.83182e-07 5.69962e-07 8.36087e-07 1.20966e-06 1.72636e-06 2.43049e-06 3.37597e-06 4.62686e-06 6.25747e-06 8.35175e-06 1.10017e-05 1.4305e-05 1.83611e-05 2.32663e-05 2.9108e-05 3.59579e-05 4.38643e-05 5.28453e-05 6.28819e-05 7.39126e-05 8.58297e-05 9.84785e-05 0.000111659 0.000125129 0.000138613 0.000151812 0.000164414 0.000176106 0.000186587 0.000195579 0.000202842 0.000208178 0.000211439 0.000212536 0.000211439 0.000208178 0.000202842 0.000195579 0.000186587 0.000176106 0.000164414 0.000151812 0.000138613 0.000125129 0.000111659 9.84785e-05 8.58297e-05 7.39126e-05 6.28819e-05 5.28453e-05 4.38643e-05 3.59579e-05 2.9108e-05 2.32663e-05 1.83611e-05 1.4305e-05 1.10017e-05 8.35175e-06 6.25747e-06 4.62686e-06 3.37597e-06 2.43049e-06 1.72636e-06 1.20966e-06 8.36087e-07 5.69962e-07 3.83182e-07 2.54029e-07 1.66051e-07 1.07013e-07 6.79874e-08 4.25778e-08 2.62824e-08 1.59899e-08 9.58736e-09 5.66506e-09 3.29883e-09 1.8933e-09 1.07155e-09 5.99299e-10 3.33735e-10 1.90011e-10 1.19917e-10 
1.19917e-10 1.45099e-10 2.29558e-10 4.02565e-10 7.21839e-10 1.28882e-09 2.27395e-09 3.95644e-09 6.7846e-09 1.14654e-08 1.9094e-08 3.1338e-08 5.06918e-08 8.08212e-08 1.27019e-07 1.96792e-07 3.00594e-07 4.52717e-07 6.72347e-07 9.84744e-07 1.42254e-06 2.02703e-06 2.84942e-06 3.95187e-06 5.40804e-06 7.30319e-06 9.73338e-06 1.28037e-05 1.66251e-05 2.13106e-05 2.6969e-05 3.36986e-05 4.15792e-05 5.0664e-05 6.09715e-05 7.24775e-05 8.51097e-05 9.87436e-05 0.000113201 0.000128253 0.000143623 0.000158999 0.00017404 0.000188392 0.0002017 0.000213624 0.000223852 0.000232109 0.000238174 0.000241881 0.000243127 0.000241881 0.000238174 0.000232109 0.000223852 0.000213624 0.0002017 0.000188392 0.00017404 0.000158999 0.000143623 0.000128253 0.000113201 9.87436e-05 8.51097e-05 7.24775e-05 6.09715e-05 5.0664e-05 4.15792e-05 3.36986e-05 2.6969e-05 2.13106e-05 1.66251e-05 1.28037e-05 9.73338e-06 7.30319e-06 5.40804e-06 3.95187e-06 2.84942e-06 2.02703e-06 1.42254e-06 9.84744e-07 6.72347e-07 4.52717e-07 3.00594e-07 1.96792e-07 1.27019e-07 8.08212e-08 5.06918e-08 3.1338e-08 1.9094e-08 1.14654e-08 6.7846e-09 3.95644e-09 2.27395e-09 1.28882e-09 7.21839e-10 4.02565e-10 2.29558e-10 1.45099e-10 
1.90011e-10 2.29558e-10 3.62047e-10 6.3289e-10 1.13144e-09 2.01427e-09 3.54365e-09 6.1476e-09 1.05109e-08 1.77094e-08 2.94033e-08 4.811e-08 7.758e-08 1.23302e-07 1.93167e-07 2.98316e-07 4.54193e-07 6.81823e-07 1.00929e-06 1.47339e-06 2.12144e-06 3.01301e-06 4.22162e-06 5.83601e-06 7.96084e-06 1.07166e-05 1.42382e-05 1.86724e-05 2.41733e-05 3.08964e-05 3.89903e-05 4.85877e-05 5.97944e-05 7.26779e-05 8.72568e-05 0.00010349 0.000121271 0.000140418 0.00016068 0.000181735 0.000203196 0.00022463 0.000245566 0.000265516 0.000283994 0.000300533 0.000314707 0.000326143 0.000334538 0.000339667 0.000341392 0.000339667 0.000334538 0.000326143 0.000314707 0.000300533 0.000283994 0.000265516 0.000245566 0.00022463 0.000203196 0.000181735 0.00016068 0.000140418 0.000121271 0.00010349 8.72568e-05 7.26779e-05 5.97944e-05 4.85877e-05 3.89903e-05 3.08964e-05 2.41733e-05 1.86724e-05 1.42382e-05 1.07166e-05 7.96084e-06 5.83601e-06 4.22162e-06 3.01301e-06 2.12144e-06 1.47339e-06 1.00929e-06 6.81823e-07 4.54193e-07 2.98316e-07 1.93167e-07 1.23302e-07 7.758e-08 4.811e-08 2.94033e-08 1.77094e-08 1.05109e-08 6.1476e-09 3.54365e-09 2.01427e-09 1.13144e-09 6.3289e-10 3.62047e-10 2.29558e-10 
3.33735e-10 4.02565e-10 6.3289e-10 1.10277e-09 1.96544e-09 3.48862e-09 6.11922e-09 1.0584e-08 1.80413e-08 3.03036e-08 5.01565e-08 8.18067e-08 1.31494e-07 2.08309e-07 3.25263e-07 5.0064e-07 7.59665e-07 1.13651e-06 1.67657e-06 2.43907e-06 3.49971e-06 4.95331e-06 6.91624e-06 9.52817e-06 1.29529e-05 1.73777e-05 2.30113e-05 3.00788e-05 3.88152e-05 4.94553e-05 6.22214e-05 7.73092e-05 9.48709e-05 0.000114999 0.00013771 0.000162928 0.000190476 0.00022007 0.000251313 0.000283708 0.000316664 0.000349517 0.000381553 0.000412034 0.000440229 0.000465437 0.00048702 0.00050442 0.000517185 0.000524981 0.000527603 0.000524981 0.000517185 0.00050442 0.00048702 0.000465437 0.000440229 0.000412034 0.000381553 0.000349517 0.000316664 0.000283708 0.000251313 0.00022007 0.000190476 0.000162928 0.00013771 0.000114999 9.48709e-05 7.73092e-05 6.22214e-05 4.94553e-05 3.88152e-05 3.00788e-05 2.30113e-05 1.73777e-05 1.29529e-05 9.52817e-06 6.91624e-06 4.95331e-06 3.49971e-06 2.43907e-06 1.67657e-06 1.13651e-06 7.59665e-07 5.0064e-07 3.25263e-07 2.08309e-07 1.31494e-07 8.18067e-08 5.01565e-08 3.03036e-08 1.80413e-08 1.0584e-08 6.11922e-09 3.48862e-09 1.96544e-09 1.10277e-09 6.3289e-10 4.02565e-10 
5.99299e-10 7.21839e-10 1.13144e-09 1.96544e-09 3.49285e-09 6.18236e-09 1.08138e-08 1.86512e-08 3.17015e-08 5.30936e-08 8.7618e-08 1.42479e-07 2.28321e-07 3.60586e-07 5.61276e-07 8.61174e-07 1.30255e-06 1.9424e-06 2.85609e-06 4.14139e-06 5.92269e-06 8.35498e-06 1.16274e-05 1.59657e-05 2.16332e-05 2.89292e-05 3.81847e-05 4.97551e-05 6.40077e-05 8.1307e-05 0.000101994 0.000126365 0.000154645 0.00018696 0.000223317 0.000263578 0.000307447 0.000354458 0.000403976 0.000455209 0.000507227 0.000558988 0.000609379 0.000657254 0.000701479 0.000740976 0.000774759 0.000801975 0.00082193 0.000834112 0.000838208 0.000834112 0.00082193 0.000801975 0.000774759 0.000740976 0.000701479 0.000657254 0.000609379 0.000558988 0.000507227 0.000455209 0.000403976 0.000354458 0.000307447 0.000263578 0.000223317 0.00018696 0.000154645 0.000126365 0.000101994 8.1307e-05 6.40077e-05 4.97551e-05 3.81847e-05 2.89292e-05 2.16332e-05 1.59657e-05 1.16274e-05 8.35498e-06 5.92269e-06 4.14139e-06 2.85609e-06 1.9424e-06 1.30255e-06 8.61174e-07 5.61276e-07 3.60586e-07 2.28321e-07 1.42479e-07 8.7618e-08 5.30936e-08 3.17015e-08 1.86512e-08 1.08138e-08 6.18236e-09 3.49285e-09 1.96544e-09 1.13144e-09 7.21839e-10 
1.07155e-09 1.28882e-09 2.01427e-09 3.48862e-09 6.18236e-09 1.0913e-08 1.90365e-08 3.27433e-08 5.54994e-08 9.26884e-08 1.52522e-07 2.47303e-07 3.95132e-07 6.22164e-07 9.65505e-07 1.47684e-06 2.22684e-06 3.3103e-06 4.85202e-06 7.01311e-06 9.99745e-06 1.40578e-05 1.95009e-05 2.6691e-05 3.60501e-05 4.80555e-05 6.32315e-05 8.21369e-05 0.000105345 0.00013342 0.000166884 0.000206181 0.00025164 0.000303433 0.00036154 0.000425714 0.000495458 0.000570016 0.000648372 0.000729271 0.000811246 0.000892671 0.00097181 0.00104689 0.00111615 0.00117794 0.00123074 0.00127324 0.00130439 0.0013234 0.00132978 0.0013234 0.00130439 0.00127324 0.00123074 0.00117794 0.00111615 0.00104689 0.00097181 0.000892671 0.000811246 0.000729271 0.000648372 0.000570016 0.000495458 0.000425714 0.00036154 0.000303433 0.00025164 0.000206181 0.000166884 0.00013342 0.000105345 8.21369e-05 6.32315e-05 4.80555e-05 3.60501e-05 2.6691e-05 1.95009e-05 1.40578e-05 9.99745e-06 7.01311e-06 4.85202e-06 3.3103e-06 2.22684e-06 1.47684e-06 9.65505e-07 6.22164e-07 3.95132e-07 2.47303e-07 1.52522e-07 9.26884e-08 5.54994e-08 3.27433e-08 1.90365e-08 1.0913e-08 6.18236e-09 3.48862e-09 2.01427e-09 1.28882e-09 
1.8933e-09 2.27395e-09 3.54365e-09 6.11922e-09 1.08138e-08 1.90365e-08 3.31173e-08 5.68071e-08 9.60212e-08 1.59913e-07 2.62395e-07 4.24224e-07 6.75824e-07 1.06097e-06 1.64151e-06 2.50319e-06 3.76274e-06 5.57603e-06 8.14722e-06 1.17386e-05 1.66803e-05 2.33796e-05 3.2328e-05 4.41055e-05 5.93806e-05 7.89044e-05 0.000103497 0.000134024 0.000171371 0.000216395 0.000269884 0.000332496 0.0004047 0.000486719 0.000578471 0.000679524 0.000789063 0.000905875 0.00102835 0.00115453 0.00128214 0.00140865 0.0015314 0.00164768 0.00175482 0.00185028 0.00193178 0.00199733 0.00204534 0.00207462 0.00208446 0.00207462 0.00204534 0.00199733 0.00193178 0.00185028 0.00175482 0.00164768 0.0015314 0.00140865 0.00128214 0.00115453 0.00102835 0.000905875 0.000789063 0.000679524 0.000578471 0.000486719 0.0004047 0.000332496 0.000269884 0.000216395 0.000171371 0.000134024 0.000103497 7.89044e-05 5.93806e-05 4.41055e-05 3.2328e-05 2.33796e-05 1.66803e-05 1.17386e-05 8.14722e-06 5.57603e-06 3.76274e-06 2.50319e-06 1.64151e-06 1.06097e-06 6.75824e-07 4.24224e-07 2.62395e-07 1.59913e-07 9.60212e-08 5.68071e-08 3.31173e-08 1.90365e-08 1.08138e-08 6.11922e-09 3.54365e-09 2.27395e-09 
3.29883e-09 3.95644e-09 6.1476e-09 1.0584e-08 1.86512e-08 3.27433e-08 5.68071e-08 9.71752e-08 1.63798e-07 2.72019e-07 4.45064e-07 7.1746e-07 1.1396e-06 1.78369e-06 2.7513e-06 4.18265e-06 6.26769e-06 9.25887e-06 1.34853e-05 1.93674e-05 2.74319e-05 3.83247e-05 5.2821e-05 7.18303e-05 9.63943e-05 0.000127676 0.000166934 0.000215494 0.000274689 0.000345806 0.000430006 0.000528241 0.000641163 0.000769039 0.000911667 0.00106831 0.00123765 0.00141777 0.00160618 0.00179985 0.0019953 0.0021887 0.00237605 0.00255323 0.00271625 0.00286134 0.00298508 0.00308453 0.00315732 0.0032017 0.00321661 0.0032017 0.00315732 0.00308453 0.00298508 0.00286134 0.00271625 0.00255323 0.00237605 0.0021887 0.0019953 0.00179985 0.00160618 0.00141777 0.00123765 0.00106831 0.000911667 0.000769039 0.000641163 0.000528241 0.000430006 0.000345806 0.000274689 0.000215494 0.000166934 0.000127676 9.63943e-05 7.18303e-05 5.2821e-05 3.83247e-05 2.74319e-05 1.93674e-05 1.34853e-05 9.25887e-06 6.26769e-06 4.18265e-06 2.7513e-06 1.78369e-06 1.1396e-06 7.1746e-07 4.45064e-07 2.72019e-07 1.63798e-07 9.71752e-08 5.68071e-08 3.27433e-08 1.86512e-08 1.0584e-08 6.1476e-09 3.95644e-09 
5.66506e-09 6.7846e-09 1.05109e-08 1.80413e-08 3.17015e-08 5.54994e-08 9.60212e-08 1.63798e-07 2.75319e-07 4.55914e-07 7.43779e-07 1.19547e-06 1.89319e-06 2.95422e-06 4.5428e-06 6.88465e-06 1.02841e-05 1.51436e-05 2.1985e-05 3.14719e-05 4.44307e-05 6.18689e-05 8.4989e-05 0.000115193 0.000154076 0.000203406 0.000265085 0.000341094 0.000433413 0.000543928 0.000674315 0.000825915 0.000999604 0.00119567 0.00141367 0.00165239 0.00190974 0.00218275 0.00246762 0.00275975 0.00305393 0.00334446 0.00362537 0.00389062 0.00413431 0.00435093 0.00453548 0.00468368 0.00479208 0.00485815 0.00488035 0.00485815 0.00479208 0.00468368 0.00453548 0.00435093 0.00413431 0.00389062 0.00362537 0.00334446 0.00305393 0.00275975 0.00246762 0.00218275 0.00190974 0.00165239 0.00141367 0.00119567 0.000999604 0.000825915 0.000674315 0.000543928 0.000433413 0.000341094 0.000265085 0.000203406 0.000154076 0.000115193 8.4989e-05 6.18689e-05 4.44307e-05 3.14719e-05 2.1985e-05 1.51436e-05 1.02841e-05 6.88465e-06 4.5428e-06 2.95422e-06 1.89319e-06 1.19547e-06 7.43779e-07 4.55914e-07 2.75319e-07 1.63798e-07 9.60212e-08 5.54994e-08 3.17015e-08 1.80413e-08 1.05109e-08 6.7846e-09 
9.58736e-09 1.14654e-08 1.77094e-08 3.03036e-08 5.30936e-08 9.26884e-08 1.59913e-07 2.72019e-07 4.55914e-07 7.52779e-07 1.22447e-06 1.96221e-06 3.098e-06 4.8194e-06 7.38784e-06 1.11609e-05 1.66185e-05 2.43918e-05 3.52954e-05 5.03589e-05 7.08574e-05 9.83369e-05 0.00013463 0.000181861 0.000242428 0.000318972 0.00041431 0.00053135 0.00067297 0.000841874 0.00104042 0.00127046 0.00153311 0.0018286 0.00215611 0.00251364 0.00289795 0.00330452 0.00372763 0.00416048 0.00459538 0.005024 0.00543763 0.00582754 0.00618523 0.00650275 0.00677298 0.00698979 0.00714827 0.00724482 0.00727725 0.00724482 0.00714827 0.00698979 0.00677298 0.00650275 0.00618523 0.00582754 0.00543763 0.005024 0.00459538 0.00416048 0.00372763 0.00330452 0.00289795 0.00251364 0.00215611 0.0018286 0.00153311 0.00127046 0.00104042 0.000841874 0.00067297 0.00053135 0.00041431 0.000318972 0.000242428 0.000181861 0.00013463 9.83369e-05 7.08574e-05 5.03589e-05 3.52954e-05 2.43918e-05 1.66185e-05 1.11609e-05 7.38784e-06 4.8194e-06 3.098e-06 1.96221e-06 1.22447e-06 7.52779e-07 4.55914e-07 2.72019e-07 1.59913e-07 9.26884e-08 5.30936e-08 3.03036e-08 1.77094e-08 1.14654e-08 
1.59899e-08 1.9094e-08 2.94033e-08 5.01565e-08 8.7618e-08 1.52522e-07 2.62395e-07 4.45064e-07 7.43779e-07 1.22447e-06 1.98579e-06 3.17256e-06 4.99354e-06 7.74394e-06 1.18334e-05 1.78195e-05 2.64468e-05 3.86895e-05 5.57979e-05 7.93438e-05 0.000111262 0.000153884 0.000209955 0.000282636 0.00037547 0.000492326 0.000637299 0.000814573 0.00102824 0.0012821 0.00157939 0.00192255 0.00231296 0.00275067 0.00323419 0.00376035 0.00432418 0.00491895 0.00553623 0.00616611 0.00679747 0.00741835 0.00801634 0.00857901 0.00909438 0.00955125 0.00993962 0.0102509 0.0104783 0.0106168 0.0106633 0.0106168 0.0104783 0.0102509 0.00993962 0.00955125 0.00909438 0.00857901 0.00801634 0.00741835 0.00679747 0.00616611 0.00553623 0.00491895 0.00432418 0.00376035 0.00323419 0.00275067 0.00231296 0.00192255 0.00157939 0.0012821 0.00102824 0.000814573 0.000637299 0.000492326 0.00037547 0.000282636 0.000209955 0.000153884 0.000111262 7.93438e-05 5.57979e-05 3.86895e-05 2.64468e-05 1.78195e-05 1.18334e-05 7.74394e-06 4.99354e-06 3.17256e-06 1.98579e-06 1.22447e-06 7.43779e-07 4.45064e-07 2.62395e-07 1.52522e-07 8.7618e-08 5.01565e-08 2.94033e-08 1.9094e-08 
2.62824e-08 3.1338e-08 4.811e-08 8.18067e-08 1.42479e-07 2.47303e-07 4.24224e-07 7.1746e-07 1.19547e-06 1.96221e-06 3.17256e-06 5.053e-06 7.92847e-06 1.22565e-05 1.86687e-05 2.8021e-05 4.14498e-05 6.04348e-05 8.68641e-05 0.000123097 0.00017202 0.00023709 0.000322349 0.000432415 0.000572429 0.000747955 0.000964826 0.00122894 0.001546 0.0019212 0.00235887 0.00286216 0.0034326 0.00406985 0.00477133 0.00553212 0.00634479 0.00719944 0.00808391 0.00898403 0.00988401 0.010767 0.0116157 0.0124128 0.0131416 0.0137868 0.0143346 0.0147732 0.0150934 0.0152883 0.0153537 0.0152883 0.0150934 0.0147732 0.0143346 0.0137868 0.0131416 0.0124128 0.0116157 0.010767 0.00988401 0.00898403 0.00808391 0.00719944 0.00634479 0.00553212 0.00477133 0.00406985 0.0034326 0.00286216 0.00235887 0.0019212 0.001546 0.00122894 0.000964826 0.000747955 0.000572429 0.000432415 0.000322349 0.00023709 0.00017202 0.000123097 8.68641e-05 6.04348e-05 4.14498e-05 2.8021e-05 1.86687e-05 1.22565e-05 7.92847e-06 5.053e-06 3.17256e-06 1.96221e-06 1.19547e-06 7.1746e-07 4.24224e-07 2.47303e-07 1.42479e-07 8.18067e-08 4.811e-08 3.1338e-08 
4.25778e-08 5.06918e-08 7.758e-08 1.31494e-07 2.28321e-07 3.95132e-07 6.75824e-07 1.1396e-06 1.89319e-06 3.098e-06 4.99354e-06 7.92847e-06 1.24009e-05 1.91086e-05 2.90107e-05 4.33997e-05 6.39832e-05 9.29721e-05 0.000133171 0.000188063 0.000261884 0.000359669 0.000487266 0.000651306 0.000859108 0.00111852 0.0014377 0.00182478 0.00228752 0.00283286 0.00346644 0.00419211 0.00501142 0.00592323 0.00692332 0.00800416 0.00915485 0.0103611 0.0116058 0.0128689 0.0141285 0.0153614 0.0165438 0.017652 0.0186636 0.0195577 0.0203159 0.0209224 0.0213648 0.0216339 0.0217242 0.0216339 0.0213648 0.0209224 0.0203159 0.0195577 0.0186636 0.017652 0.0165438 0.0153614 0.0141285 0.0128689 0.0116058 0.0103611 0.00915485 0.00800416 0.00692332 0.00592323 0.00501142 0.00419211 0.00346644 0.00283286 0.00228752 0.00182478 0.0014377 0.00111852 0.000859108 0.000651306 0.000487266 0.000359669 0.000261884 0.000188063 0.000133171 9.29721e-05 6.39832e-05 4.33997e-05 2.90107e-05 1.91086e-05 1.24009e-05 7.92847e-06 4.99354e-06 3.098e-06 1.89319e-06 1.1396e-06 6.75824e-07 3.95132e-07 2.28321e-07 1.31494e-07 7.758e-08 5.06918e-08 
6.79874e-08 8.08212e-08 1.23302e-07 2.08309e-07 3.60586e-07 6.22164e-07 1.06097e-06 1.78369e-06 2.95422e-06 4.8194e-06 7.74394e-06 1.22565e-05 1.91086e-05 2.93484e-05 4.44092e-05 6.62125e-05 9.7283e-05 0.000140871 0.000201075 0.000282953 0.000392615 0.000537271 0.000725237 0.000965859 0.00126937 0.00164662 0.00210879 0.00266686 0.00333115 0.0041107 0.00501257 0.00604127 0.00719804 0.00848036 0.0098815 0.0113902 0.0129909 0.0146633 0.0163834 0.0181239 0.0198549 0.0215448 0.0231617 0.0246741 0.026052 0.027268 0.0282977 0.0291205 0.0297202 0.0300847 0.030207 0.0300847 0.0297202 0.0291205 0.0282977 0.027268 0.026052 0.0246741 0.0231617 0.0215448 0.0198549 0.0181239 0.0163834 0.0146633 0.0129909 0.0113902 0.0098815 0.00848036 0.00719804 0.00604127 0.00501257 0.0041107 0.00333115 0.00266686 0.00210879 0.00164662 0.00126937 0.000965859 0.000725237 0.000537271 0.000392615 0.000282953 0.000201075 0.000140871 9.7283e-05 6.62125e-05 4.44092e-05 2.93484e-05 1.91086e-05 1.22565e-05 7.74394e-06 4.8194e-06 2.95422e-06 1.78369e-06 1.06097e-06 6.22164e-07 3.60586e-07 2.08309e-07 1.23302e-07 8.08212e-08 
1.07013e-07 1.27019e-07 1.93167e-07 3.25263e-07 5.61276e-07 9.65505e-07 1.64151e-06 2.7513e-06 4.5428e-06 7.38784e-06 1.18334e-05 1.86687e-05 2.90107e-05 4.44092e-05 6.69729e-05 9.95136e-05 0.000145705 0.000210249 0.000299038 0.000419296 0.000579688 0.000790365 0.00106294 0.00141035 0.00184664 0.00238653 0.003045 0.00383658 0.00477466 0.00587064 0.0071331 0.00856693 0.0101725 0.0119451 0.0138743 0.0159436 0.018131 0.0204085 0.0227433 0.0250984 0.0274338 0.0297078 0.0318781 0.0339038 0.0357458 0.0373685 0.0387407 0.0398359 0.0406334 0.0411179 0.0412804 0.0411179 0.0406334 0.0398359 0.0387407 0.0373685 0.0357458 0.0339038 0.0318781 0.0297078 0.0274338 0.0250984 0.0227433 0.0204085 0.018131 0.0159436 0.0138743 0.0119451 0.0101725 0.00856693 0.0071331 0.00587064 0.00477466 0.00383658 0.003045 0.00238653 0.00184664 0.00141035 0.00106294 0.000790365 0.000579688 0.000419296 0.000299038 0.000210249 0.000145705 9.95136e-05 6.69729e-05 4.44092e-05 2.90107e-05 1.86687e-05 1.18334e-05 7.38784e-06 4.5428e-06 2.7513e-06 1.64151e-06 9.65505e-07 5.61276e-07 3.25263e-07 1.93167e-07 1.27019e-07 
1.66051e-07 1.96792e-07 2.98316e-07 5.0064e-07 8.61174e-07 1.47684e-06 2.50319e-06 4.18265e-06 6.88465e-06 1.11609e-05 1.78195e-05 2.8021e-05 4.33997e-05 6.62125e-05 9.95136e-05 0.000147353 0.000214994 0.000309128 0.000438088 0.000612025 0.000843019 0.00114512 0.00153426 0.00202803 0.00264532 0.00340574 0.00432893 0.00543367 0.00673687 0.00825252 0.00999054 0.0119557 0.0141467 0.0165553 0.0191658 0.0219549 0.0248917 0.0279384 0.0310508 0.0341801 0.0372738 0.0402776 0.0431372 0.0458 0.0482163 0.0503412 0.0521353 0.0535656 0.054606 0.0552378 0.0554497 0.0552378 0.054606 0.0535656 0.0521353 0.0503412 0.0482163 0.0458 0.0431372 0.0402776 0.0372738 0.0341801 0.0310508 0.0279384 0.0248917 0.0219549 0.0191658 0.0165553 0.0141467 0.0119557 0.00999054 0.00825252 0.00673687 0.00543367 0.00432893 0.00340574 0.00264532 0.00202803 0.00153426 0.00114512 0.000843019 0.000612025 0.000438088 0.000309128 0.000214994 0.000147353 9.95136e-05 6.62125e-05 4.33997e-05 2.8021e-05 1.78195e-05 1.11609e-05 6.88465e-06 4.18265e-06 2.50319e-06 1.47684e-06 8.61174e-07 5.0064e-07 2.98316e-07 1.96792e-07 
2.54029e-07 3.00594e-07 4.54193e-07 7.59665e-07 1.30255e-06 2.22684e-06 3.76274e-06 6.26769e-06 1.02841e-05 1.66185e-05 2.64468e-05 4.14498e-05 6.39832e-05 9.7283e-05 0.000145705 0.000214994 0.000312566 0.000447799 0.000632289 0.000880059 0.00120768 0.00163425 0.00218126 0.00287218 0.00373195 0.00478614 0.00605998 0.00757713 0.00935842 0.0114203 0.0137738 0.0164225 0.0193623 0.0225796 0.0260517 0.0297458 0.03362 0.0376237 0.0416989 0.0457822 0.049806 0.0537014 0.0573997 0.060835 0.0639456 0.0666758 0.0689774 0.0708099 0.0721415 0.0729497 0.0732206 0.0729497 0.0721415 0.0708099 0.0689774 0.0666758 0.0639456 0.060835 0.0573997 0.0537014 0.049806 0.0457822 0.0416989 0.0376237 0.03362 0.0297458 0.0260517 0.0225796 0.0193623 0.0164225 0.0137738 0.0114203 0.00935842 0.00757713 0.00605998 0.00478614 0.00373195 0.00287218 0.00218126 0.00163425 0.00120768 0.000880059 0.000632289 0.000447799 0.000312566 0.000214994 0.000145705 9.7283e-05 6.39832e-05 4.14498e-05 2.64468e-05 1.66185e-05 1.02841e-05 6.26769e-06 3.76274e-06 2.22684e-06 1.30255e-06 7.59665e-07 4.54193e-07 3.00594e-07 
3.83182e-07 4.52717e-07 6.81823e-07 1.13651e-06 1.9424e-06 3.3103e-06 5.57603e-06 9.25887e-06 1.51436e-05 2.43918e-05 3.86895e-05 6.04348e-05 9.29721e-05 0.000140871 0.000210249 0.000309128 0.000447799 0.000639193 0.000899187 0.00124684 0.0017045 0.0022977 0.00305488 0.00400683 0.00518582 0.0066245 0.00835456 0.0104051 0.0128009 0.0155608 0.0186956 0.0222069 0.0260857 0.0303112 0.0348506 0.0396594 0.0446813 0.0498502 0.0550913 0.0603238 0.0654628 0.0704221 0.0751171 0.0794669 0.0833964 0.0868386 0.0897354 0.0920387 0.0937108 0.0947248 0.0950646 0.0947248 0.0937108 0.0920387 0.0897354 0.0868386 0.0833964 0.0794669 0.0751171 0.0704221 0.0654628 0.0603238 0.0550913 0.0498502 0.0446813 0.0396594 0.0348506 0.0303112 0.0260857 0.0222069 0.0186956 0.0155608 0.0128009 0.0104051 0.00835456 0.0066245 0.00518582 0.00400683 0.00305488 0.0022977 0.0017045 0.00124684 0.000899187 0.000639193 0.000447799 0.000309128 0.000210249 0.000140871 9.29721e-05 6.04348e-05 3.86895e-05 2.43918e-05 1.51436e-05 9.25887e-06 5.57603e-06 3.3103e-06 1.9424e-06 1.13651e-06 6.81823e-07 4.52717e-07 
5.69962e-07 6.72347e-07 1.00929e-06 1.67657e-06 2.85609e-06 4.85202e-06 8.14722e-06 1.34853e-05 2.1985e-05 3.52954e-05 5.57979e-05 8.68641e-05 0.000133171 0.000201075 0.000299038 0.000438088 0.000632289 0.000899187 0.00126018 0.00174075 0.00237052 0.00318305 0.00421535 0.00550699 0.00709896 0.00903209 0.0113452 0.0140732 0.0172446 0.0208796 0.0249878 0.0295667 0.0345999 0.0400568 0.0458916 0.0520443 0.0584416 0.0649982 0.0716198 0.0782054 0.0846502 0.0908492 0.0967 0.102106 0.106977 0.111236 0.114813 0.117653 0.119713 0.120961 0.121379 0.120961 0.119713 0.117653 0.114813 0.111236 0.106977 0.102106 0.0967 0.0908492 0.0846502 0.0782054 0.0716198 0.0649982 0.0584416 0.0520443 0.0458916 0.0400568 0.0345999 0.0295667 0.0249878 0.0208796 0.0172446 0.0140732 0.0113452 0.00903209 0.00709896 0.00550699 0.00421535 0.00318305 0.00237052 0.00174075 0.00126018 0.000899187 0.000632289 0.000438088 0.000299038 0.000201075 0.000133171 8.68641e-05 5.57979e-05 3.52954e-05 2.1985e-05 1.34853e-05 8.14722e-06 4.85202e-06 2.85609e-06 1.67657e-06 1.00929e-06 6.72347e-07 
8.36087e-07 9.84744e-07 1.47339e-06 2.43907e-06 4.14139e-06 7.01311e-06 1.17386e-05 1.93674e-05 3.14719e-05 5.03589e-05 7.93438e-05 0.000123097 0.000188063 0.000282953 0.000419296 0.000612025 0.000880059 0.00124684 0.00174075 0.0023953 0.00324913 0.00434558 0.00573194 0.00745815 0.00957523 0.0121331 0.0151783 0.0187512 0.0228835 0.0275954 0.0328932 0.0387677 0.0451924 0.052123 0.0594973 0.0672364 0.0752459 0.0834187 0.0916375 0.0997788 0.107716 0.115324 0.122482 0.129076 0.135003 0.140173 0.144507 0.147943 0.150431 0.151938 0.152443 0.151938 0.150431 0.147943 0.144507 0.140173 0.135003 0.129076 0.122482 0.115324 0.107716 0.0997788 0.0916375 0.0834187 0.0752459 0.0672364 0.0594973 0.052123 0.0451924 0.0387677 0.0328932 0.0275954 0.0228835 0.0187512 0.0151783 0.0121331 0.00957523 0.00745815 0.00573194 0.00434558 0.00324913 0.0023953 0.00174075 0.00124684 0.000880059 0.000612025 0.000419296 0.000282953 0.000188063 0.000123097 7.93438e-05 5.03589e-05 3.14719e-05 1.93674e-05 1.17386e-05 7.01311e-06 4.14139e-06 2.43907e-06 1.47339e-06 9.84744e-07 
1.20966e-06 1.42254e-06 2.12144e-06 3.49971e-06 5.92269e-06 9.99745e-06 1.66803e-05 2.74319e-05 4.44307e-05 7.08574e-05 0.000111262 0.00017202 0.000261884 0.000392615 0.000579688 0.000843019 0.00120768 0.0017045 0.00237052 0.00324913 0.00438988 0.0058478 0.0076822 0.00995498 0.0127283 0.0160619 0.0200099 0.0246178 0.0299189 0.0359313 0.0426554 0.0500718 0.0581402 0.0667985 0.0759643 0.0855355 0.0953933 0.105405 0.115429 0.125316 0.134918 0.144087 0.152684 0.160579 0.167657 0.173815 0.178968 0.183046 0.185996 0.187781 0.188378 0.187781 0.185996 0.183046 0.178968 0.173815 0.167657 0.160579 0.152684 0.144087 0.134918 0.125316 0.115429 0.105405 0.0953933 0.0855355 0.0759643 0.0667985 0.0581402 0.0500718 0.0426554 0.0359313 0.0299189 0.0246178 0.0200099 0.0160619 0.0127283 0.00995498 0.0076822 0.0058478 0.00438988 0.00324913 0.00237052 0.0017045 0.00120768 0.000843019 0.000579688 0.000392615 0.000261884 0.00017202 0.000111262 7.08574e-05 4.44307e-05 2.74319e-05 1.66803e-05 9.99745e-06 5.92269e-06 3.49971e-06 2.12144e-06 1.42254e-06 
1.72636e-06 2.02703e-06 3.01301e-06 4.95331e-06 8.35498e-06 1.40578e-05 2.33796e-05 3.83247e-05 6.18689e-05 9.83369e-05 0.000153884 0.00023709 0.000359669 0.000537271 0.000790365 0.00114512 0.00163425 0.0022977 0.00318305 0.00434558 0.0058478 0.00775835 0.0101504 0.013099 0.0166785 0.0209586 0.0260006 0.0318536 0.0385504 0.0461041 0.0545056 0.0637213 0.0736922 0.0843345 0.0955405 0.107181 0.11911 0.131166 0.14318 0.154978 0.166386 0.177239 0.187377 0.196659 0.204954 0.212153 0.218164 0.222913 0.226344 0.228418 0.229112 0.228418 0.226344 0.222913 0.218164 0.212153 0.204954 0.196659 0.187377 0.177239 0.166386 0.154978 0.14318 0.131166 0.11911 0.107181 0.0955405 0.0843345 0.0736922 0.0637213 0.0545056 0.0461041 0.0385504 0.0318536 0.0260006 0.0209586 0.0166785 0.013099 0.0101504 0.00775835 0.0058478 0.00434558 0.00318305 0.0022977 0.00163425 0.00114512 0.000790365 0.000537271 0.000359669 0.00023709 0.000153884 9.83369e-05 6.18689e-05 3.83247e-05 2.33796e-05 1.40578e-05 8.35498e-06 4.95331e-06 3.01301e-06 2.02703e-06 
2.43049e-06 2.84942e-06 4.22162e-06 6.91624e-06 1.16274e-05 1.95009e-05 3.2328e-05 5.2821e-05 8.4989e-05 0.00013463 0.000209955 0.000322349 0.000487266 0.000725237 0.00106294 0.00153426 0.00218126 0.00305488 0.00421535 0.00573194 0.0076822 0.0101504 0.0132249 0.0169954 0.0215485 0.0269636 0.0333079 0.040632 0.0489652 0.0583117 0.0686482 0.0799221 0.0920508 0.104924 0.118403 0.13233 0.146525 0.160799 0.174952 0.188785 0.202104 0.21472 0.226462 0.237174 0.246718 0.254978 0.26186 0.267286 0.271202 0.273566 0.274356 0.273566 0.271202 0.267286 0.26186 0.254978 0.246718 0.237174 0.226462 0.21472 0.202104 0.188785 0.174952 0.160799 0.146525 0.13233 0.118403 0.104924 0.0920508 0.0799221 0.0686482 0.0583117 0.0489652 0.040632 0.0333079 0.0269636 0.0215485 0.0169954 0.0132249 0.0101504 0.0076822 0.00573194 0.00421535 0.00305488 0.00218126 0.00153426 0.00106294 0.000725237 0.000487266 0.000322349 0.000209955 0.00013463 8.4989e-05 5.2821e-05 3.2328e-05 1.95009e-05 1.16274e-05 6.91624e-06 4.22162e-06 2.84942e-06 
3.37597e-06 3.95187e-06 5.83601e-06 9.52817e-06 1.59657e-05 2.6691e-05 4.41055e-05 7.18303e-05 0.000115193 0.000181861 0.000282636 0.000432415 0.000651306 0.000965859 0.00141035 0.00202803 0.00287218 0.00400683 0.00550699 0.00745815 0.00995498 0.013099 0.0169954 0.0217487 0.0274578 0.0342107 0.0420785 0.0511099 0.0613266 0.0727193 0.0852452 0.0988269 0.113353 0.12868 0.144637 0.16103 0.177646 0.194265 0.210658 0.226601 0.241879 0.256289 0.269645 0.281784 0.292565 0.301869 0.309601 0.315686 0.320069 0.322714 0.323598 0.322714 0.320069 0.315686 0.309601 0.301869 0.292565 0.281784 0.269645 0.256289 0.241879 0.226601 0.210658 0.194265 0.177646 0.16103 0.144637 0.12868 0.113353 0.0988269 0.0852452 0.0727193 0.0613266 0.0511099 0.0420785 0.0342107 0.0274578 0.0217487 0.0169954 0.013099 0.00995498 0.00745815 0.00550699 0.00400683 0.00287218 0.00202803 0.00141035 0.000965859 0.000651306 0.000432415 0.000282636 0.000181861 0.000115193 7.18303e-05 4.41055e-05 2.6691e-05 1.59657e-05 9.52817e-06 5.83601e-06 3.95187e-06 
4.62686e-06 5.40804e-06 7.96084e-06 1.29529e-05 2.16332e-05 3.60501e-05 5.93806e-05 9.63943e-05 0.000154076 0.000242428 0.00037547 0.000572429 0.000859108 0.00126937 0.00184664 0.00264532 0.00373195 0.00518582 0.00709896 0.00957523 0.0127283 0.0166785 0.0215485 0.0274578 0.0345168 0.0428199 0.0524387 0.0634164 0.0757619 0.0894465 0.104402 0.120519 0.137653 0.155623 0.174219 0.19321 0.212348 0.231381 0.250053 0.268119 0.285344 0.301516 0.316441 0.329953 0.34191 0.352198 0.360725 0.367421 0.372237 0.37514 0.376109 0.37514 0.372237 0.367421 0.360725 0.352198 0.34191 0.329953 0.316441 0.301516 0.285344 0.268119 0.250053 0.231381 0.212348 0.19321 0.174219 0.155623 0.137653 0.120519 0.104402 0.0894465 0.0757619 0.0634164 0.0524387 0.0428199 0.0345168 0.0274578 0.0215485 0.0166785 0.0127283 0.00957523 0.00709896 0.00518582 0.00373195 0.00264532 0.00184664 0.00126937 0.000859108 0.000572429 0.00037547 0.000242428 0.000154076 9.63943e-05 5.93806e-05 3.60501e-05 2.16332e-05 1.29529e-05 7.96084e-06 5.40804e-06 
6.25747e-06 7.30319e-06 1.07166e-05 1.73777e-05 2.89292e-05 4.80555e-05 7.89044e-05 0.000127676 0.000203406 0.000318972 0.000492326 0.000747955 0.00111852 0.00164662 0.00238653 0.00340574 0.00478614 0.0066245 0.00903209 0.0121331 0.0160619 0.0209586 0.0269636 0.0342107 0.0428199 0.0528889 0.064486 0.0776432 0.0923508 0.108554 0.126153 0.145001 0.164913 0.185664 0.207005 0.228665 0.250362 0.27181 0.292732 0.312863 0.331958 0.349795 0.366183 0.380957 0.393982 0.405152 0.414384 0.421618 0.426811 0.429938 0.430981 0.429938 0.426811 0.421618 0.414384 0.405152 0.393982 0.380957 0.366183 0.349795 0.331958 0.312863 0.292732 0.27181 0.250362 0.228665 0.207005 0.185664 0.164913 0.145001 0.126153 0.108554 0.0923508 0.0776432 0.064486 0.0528889 0.0428199 0.0342107 0.0269636 0.0209586 0.0160619 0.0121331 0.00903209 0.0066245 0.00478614 0.00340574 0.00238653 0.00164662 0.00111852 0.000747955 0.000492326 0.000318972 0.000203406 0.000127676 7.89044e-05 4.80555e-05 2.89292e-05 1.73777e-05 1.07166e-05 7.30319e-06 
8.35175e-06 9.73338e-06 1.42382e-05 2.30113e-05 3.81847e-05 6.32315e-05 0.000103497 0.000166934 0.000265085 0.00041431 0.000637299 0.000964826 0.0014377 0.00210879 0.003045 0.00432893 0.00605998 0.00835456 0.0113452 0.0151783 0.0200099 0.0260006 0.0333079 0.0420785 0.0524387 0.064486 0.0782798 0.0938349 0.111116 0.130036 0.150455 0.172184 0.194989 0.218603 0.242731 0.267062 0.291279 0.315072 0.338141 0.360208 0.381024 0.400368 0.418054 0.433927 0.447865 0.459775 0.46959 0.477261 0.482759 0.486064 0.487167 0.486064 0.482759 0.477261 0.46959 0.459775 0.447865 0.433927 0.418054 0.400368 0.381024 0.360208 0.338141 0.315072 0.291279 0.267062 0.242731 0.218603 0.194989 0.172184 0.150455 0.130036 0.111116 0.0938349 0.0782798 0.064486 0.0524387 0.0420785 0.0333079 0.0260006 0.0200099 0.0151783 0.0113452 0.00835456 0.00605998 0.00432893 0.003045 0.00210879 0.0014377 0.000964826 0.000637299 0.00041431 0.000265085 0.000166934 0.000103497 6.32315e-05 3.81847e-05 2.30113e-05 1.42382e-05 9.73338e-06 
1.10017e-05 1.28037e-05 1.86724e-05 3.00788e-05 4.97551e-05 8.21369e-05 0.000134024 0.000215494 0.000341094 0.00053135 0.000814573 0.00122894 0.00182478 0.00266686 0.00383658 0.00543367 0.00757713 0.0104051 0.0140732 0.0187512 0.0246178 0.0318536 0.040632 0.0511099 0.0634164 0.0776432 0.0938349 0.111982 0.132017 0.153812 0.17718 0.201883 0.227638 0.254127 0.281012 0.307941 0.334568 0.360558 0.385597 0.409404 0.431729 0.45236 0.471125 0.487887 0.502543 0.515019 0.525266 0.533255 0.538969 0.542399 0.543542 0.542399 0.538969 0.533255 0.525266 0.515019 0.502543 0.487887 0.471125 0.45236 0.431729 0.409404 0.385597 0.360558 0.334568 0.307941 0.281012 0.254127 0.227638 0.201883 0.17718 0.153812 0.132017 0.111982 0.0938349 0.0776432 0.0634164 0.0511099 0.040632 0.0318536 0.0246178 0.0187512 0.0140732 0.0104051 0.00757713 0.00543367 0.00383658 0.00266686 0.00182478 0.00122894 0.000814573 0.00053135 0.000341094 0.000215494 0.000134024 8.21369e-05 4.97551e-05 3.00788e-05 1.86724e-05 1.28037e-05 
1.4305e-05 1.66251e-05 2.41733e-05 3.88152e-05 6.40077e-05 0.000105345 0.000171371 0.000274689 0.000433413 0.00067297 0.00102824 0.001546 0.00228752 0.00333115 0.00477466 0.00673687 0.00935842 0.0128009 0.0172446 0.0228835 0.0299189 0.0385504 0.0489652 0.0613266 0.0757619 0.0923508 0.111116 0.132017 0.154945 0.179724 0.206115 0.233825 0.262517 0.291824 0.32136 0.350741 0.379592 0.407561 0.434329 0.459614 0.483179 0.504828 0.524411 0.541814 0.556961 0.569803 0.580314 0.588485 0.594316 0.597812 0.598977 0.597812 0.594316 0.588485 0.580314 0.569803 0.556961 0.541814 0.524411 0.504828 0.483179 0.459614 0.434329 0.407561 0.379592 0.350741 0.32136 0.291824 0.262517 0.233825 0.206115 0.179724 0.154945 0.132017 0.111116 0.0923508 0.0757619 0.0613266 0.0489652 0.0385504 0.0299189 0.0228835 0.0172446 0.0128009 0.00935842 0.00673687 0.00477466 0.00333115 0.00228752 0.001546 0.00102824 0.00067297 0.000433413 0.000274689 0.000171371 0.000105345 6.40077e-05 3.88152e-05 2.41733e-05 1.66251e-05 
1.83611e-05 2.13106e-05 3.08964e-05 4.94553e-05 8.1307e-05 0.00013342 0.000216395 0.000345806 0.000543928 0.000841874 0.0012821 0.0019212 0.00283286 0.0041107 0.00587064 0.00825252 0.0114203 0.0155608 0.0208796 0.0275954 0.0359313 0.0461041 0.0583117 0.0727193 0.0894465 0.108554 0.130036 0.153812 0.179724 0.207542 0.236968 0.267652 0.2992 0.331193 0.363207 0.394823 0.425645 0.455313 0.483509 0.509962 0.534454 0.556815 0.576923 0.594696 0.610088 0.623081 0.633677 0.641888 0.647734 0.651234 0.652398 0.651234 0.647734 0.641888 0.633677 0.623081 0.610088 0.594696 0.576923 0.556815 0.534454 0.509962 0.483509 0.455313 0.425645 0.394823 0.363207 0.331193 0.2992 0.267652 0.236968 0.207542 0.179724 0.153812 0.130036 0.108554 0.0894465 0.0727193 0.0583117 0.0461041 0.0359313 0.0275954 0.0208796 0.0155608 0.0114203 0.00825252 0.00587064 0.0041107 0.00283286 0.0019212 0.0012821 0.000841874 0.000543928 0.000345806 0.000216395 0.00013342 8.1307e-05 4.94553e-05 3.08964e-05 2.13106e-05 
2.32663e-05 2.6969e-05 3.89903e-05 6.22214e-05 0.000101994 0.000166884 0.000269884 0.000430006 0.000674315 0.00104042 0.00157939 0.00235887 0.00346644 0.00501257 0.0071331 0.00999054 0.0137738 0.0186956 0.0249878 0.0328932 0.0426554 0.0545056 0.0686482 0.0852452 0.104402 0.126153 0.150455 0.17718 0.206115 0.236968 0.269381 0.302939 0.337193 0.371677 0.405927 0.439499 0.471985 0.503022 0.532304 0.559579 0.584658 0.607402 0.627727 0.645588 0.660975 0.673902 0.684402 0.692512 0.698272 0.701713 0.702858 0.701713 0.698272 0.692512 0.684402 0.673902 0.660975 0.645588 0.627727 0.607402 0.584658 0.559579 0.532304 0.503022 0.471985 0.439499 0.405927 0.371677 0.337193 0.302939 0.269381 0.236968 0.206115 0.17718 0.150455 0.126153 0.104402 0.0852452 0.0686482 0.0545056 0.0426554 0.0328932 0.0249878 0.0186956 0.0137738 0.00999054 0.0071331 0.00501257 0.00346644 0.00235887 0.00157939 0.00104042 0.000674315 0.000430006 0.000269884 0.000166884 0.000101994 6.22214e-05 3.89903e-05 2.6969e-05 
2.9108e-05 3.36986e-05 4.85877e-05 7.73092e-05 0.000126365 0.000206181 0.000332496 0.000528241 0.000825915 0.00127046 0.00192255 0.00286216 0.00419211 0.00604127 0.00856693 0.0119557 0.0164225 0.0222069 0.0295667 0.0387677 0.0500718 0.0637213 0.0799221 0.0988269 0.120519 0.145001 0.172184 0.201883 0.233825 0.267652 0.302939 0.33921 0.37596 0.412679 0.448871 0.484073 0.517873 0.549916 0.579915 0.607649 0.632962 0.655759 0.675995 0.693667 0.708804 0.721459 0.731691 0.739567 0.745144 0.748471 0.749576 0.748471 0.745144 0.739567 0.731691 0.721459 0.708804 0.693667 0.675995 0.655759 0.632962 0.607649 0.579915 0.549916 0.517873 0.484073 0.448871 0.412679 0.37596 0.33921 0.302939 0.267652 0.233825 0.201883 0.172184 0.145001 0.120519 0.0988269 0.0799221 0.0637213 0.0500718 0.0387677 0.0295667 0.0222069 0.0164225 0.0119557 0.00856693 0.00604127 0.00419211 0.00286216 0.00192255 0.00127046 0.000825915 0.000528241 0.000332496 0.000206181 0.000126365 7.73092e-05 4.85877e-05 3.36986e-05 
3.59579e-05 4.15792e-05 5.97944e-05 9.48709e-05 0.000154645 0.00025164 0.0004047 0.000641163 0.000999604 0.00153311 0.00231296 0.0034326 0.00501142 0.00719804 0.0101725 0.0141467 0.0193623 0.0260857 0.0345999 0.0451924 0.0581402 0.0736922 0.0920508 0.113353 0.137653 0.164913 0.194989 0.227638 0.262517 0.2992 0.337193 0.37596 0.414944 0.453596 0.491395 0.527869 0.562609 0.595279 0.625621 0.653449 0.678654 0.701183 0.721039 0.738265 0.752931 0.765123 0.774936 0.782459 0.787771 0.790932 0.791982 0.790932 0.787771 0.782459 0.774936 0.765123 0.752931 0.738265 0.721039 0.701183 0.678654 0.653449 0.625621 0.595279 0.562609 0.527869 0.491395 0.453596 0.414944 0.37596 0.337193 0.2992 0.262517 0.227638 0.194989 0.164913 0.137653 0.113353 0.0920508 0.0736922 0.0581402 0.0451924 0.0345999 0.0260857 0.0193623 0.0141467 0.0101725 0.00719804 0.00501142 0.0034326 0.00231296 0.00153311 0.000999604 0.000641163 0.0004047 0.00025164 0.000154645 9.48709e-05 5.97944e-05 4.15792e-05 
4.38643e-05 5.0664e-05 7.26779e-05 0.000114999 0.00018696 0.000303433 0.000486719 0.000769039 0.00119567 0.0018286 0.00275067 0.00406985 0.00592323 0.00848036 0.0119451 0.0165553 0.0225796 0.0303112 0.0400568 0.052123 0.0667985 0.0843345 0.104924 0.12868 0.155623 0.185664 0.218603 0.254127 0.291824 0.331193 0.371677 0.412679 0.453596 0.493848 0.532895 0.570267 0.605567 0.638487 0.668806 0.696384 0.721158 0.743128 0.762346 0.778899 0.792899 0.80447 0.813735 0.820807 0.825785 0.828741 0.829721 0.828741 0.825785 0.820807 0.813735 0.80447 0.792899 0.778899 0.762346 0.743128 0.721158 0.696384 0.668806 0.638487 0.605567 0.570267 0.532895 0.493848 0.453596 0.412679 0.371677 0.331193 0.291824 0.254127 0.218603 0.185664 0.155623 0.12868 0.104924 0.0843345 0.0667985 0.052123 0.0400568 0.0303112 0.0225796 0.0165553 0.0119451 0.00848036 0.00592323 0.00406985 0.00275067 0.0018286 0.00119567 0.000769039 0.000486719 0.000303433 0.00018696 0.000114999 7.26779e-05 5.0664e-05 
5.28453e-05 6.09715e-05 8.72568e-05 0.00013771 0.000223317 0.00036154 0.000578471 0.000911667 0.00141367 0.00215611 0.00323419 0.00477133 0.00692332 0.0098815 0.0138743 0.0191658 0.0260517 0.0348506 0.0458916 0.0594973 0.0759643 0.0955405 0.118403 0.144637 0.174219 0.207005 0.242731 0.281012 0.32136 0.363207 0.405927 0.448871 0.491395 0.532895 0.572826 0.610722 0.646214 0.679028 0.708986 0.736001 0.760061 0.781221 0.79958 0.815274 0.828454 0.839277 0.847895 0.854444 0.859036 0.861757 0.862658 0.861757 0.859036 0.854444 0.847895 0.839277 0.828454 0.815274 0.79958 0.781221 0.760061 0.736001 0.708986 0.679028 0.646214 0.610722 0.572826 0.532895 0.491395 0.448871 0.405927 0.363207 0.32136 0.281012 0.242731 0.207005 0.174219 0.144637 0.118403 0.0955405 0.0759643 0.0594973 0.0458916 0.0348506 0.0260517 0.0191658 0.0138743 0.0098815 0.00692332 0.00477133 0.00323419 0.00215611 0.00141367 0.000911667 0.000578471 0.00036154 0.000223317 0.00013771 8.72568e-05 6.09715e-05 
6.28819e-05 7.24775e-05 0.00010349 0.000162928 0.000263578 0.000425714 0.000679524 0.00106831 0.00165239 0.00251364 0.00376035 0.00553212 0.00800416 0.0113902 0.0159436 0.0219549 0.0297458 0.0396594 0.0520443 0.0672364 0.0855355 0.107181 0.13233 0.16103 0.19321 0.228665 0.267062 0.307941 0.350741 0.394823 0.439499 0.484073 0.527869 0.570267 0.610722 0.64879 0.684132 0.716516 0.745816 0.771999 0.795111 0.815256 0.832587 0.84728 0.859527 0.869514 0.877419 0.883395 0.88757 0.890036 0.890852 0.890036 0.88757 0.883395 0.877419 0.869514 0.859527 0.84728 0.832587 0.815256 0.795111 0.771999 0.745816 0.716516 0.684132 0.64879 0.610722 0.570267 0.527869 0.484073 0.439499 0.394823 0.350741 0.307941 0.267062 0.228665 0.19321 0.16103 0.13233 0.107181 0.0855355 0.0672364 0.0520443 0.0396594 0.0297458 0.0219549 0.0159436 0.0113902 0.00800416 0.00553212 0.00376035 0.00251364 0.00165239 0.00106831 0.000679524 0.000425714 0.000263578 0.000162928 0.00010349 7.24775e-05 
7.39126e-05 8.51097e-05 0.000121271 0.000190476 0.000307447 0.000495458 0.000789063 0.00123765 0.00190974 0.00289795 0.00432418 0.00634479 0.00915485 0.0129909 0.018131 0.0248917 0.03362 0.0446813 0.0584416 0.0752459 0.0953933 0.11911 0.146525 0.177646 0.212348 0.250362 0.291279 0.334568 0.379592 0.425645 0.471985 0.517873 0.562609 0.605567 0.646214 0.684132 0.71902 0.750697 0.779093 0.80423 0.82621 0.845192 0.861373 0.874974 0.886217 0.895318 0.902473 0.907853 0.911595 0.9138 0.914527 0.9138 0.911595 0.907853 0.902473 0.895318 0.886217 0.874974 0.861373 0.845192 0.82621 0.80423 0.779093 0.750697 0.71902 0.684132 0.646214 0.605567 0.562609 0.517873 0.471985 0.425645 0.379592 0.334568 0.291279 0.250362 0.212348 0.177646 0.146525 0.11911 0.0953933 0.0752459 0.0584416 0.0446813 0.03362 0.0248917 0.018131 0.0129909 0.00915485 0.00634479 0.00432418 0.00289795 0.00190974 0.00123765 0.000789063 0.000495458 0.000307447 0.000190476 0.000121271 8.51097e-05 
