1.62247e-07 1.77373e-07 2.24909e-07 3.11533e-07 4.49054e-07 6.55451e-07 9.56372e-07 1.38712e-06 1.99513e-06 2.84307e-06 4.01237e-06 5.60736e-06 7.75985e-06 1.0634e-05 1.44316e-05 1.93967e-05 2.58205e-05 3.40451e-05 4.44661e-05 5.7533e-05 7.37482e-05 9.36619e-05 0.000117865 0.000146978 0.000181632 0.000222456 0.000270048 0.000324947 0.000387612 0.000458381 0.000537447 0.000624827 0.000720332 0.000823551 0.000933831 0.00105027 0.00117172 0.0012968 0.00142391 0.00155127 0.00167696 0.00179895 0.00191518 0.0020236 0.00212221 0.00220917 0.00228279 0.00234164 0.00238454 0.00241064 0.00241939 0.00241064 0.00238454 0.00234164 0.00228279 0.00220917 0.00212221 0.0020236 0.00191518 0.00179895 0.00167696 0.00155127 0.00142391 0.0012968 0.00117172 0.00105027 0.000933831 0.000823551 0.000720332 0.000624827 0.000537447 0.000458381 0.000387612 0.000324947 0.000270048 0.000222456 0.000181632 0.000146978 0.000117865 9.36619e-05 7.37482e-05 5.7533e-05 4.44661e-05 3.40451e-05 2.58205e-05 1.93967e-05 1.44316e-05 1.0634e-05 7.75985e-06 5.60736e-06 4.01237e-06 2.84307e-06 1.99513e-06 1.38712e-06 9.56372e-07 6.55451e-07 4.49054e-07 3.11533e-07 2.24909e-07 1.77373e-07 
1.77373e-07 1.93855e-07 2.45643e-07 3.39979e-07 4.89667e-07 7.14187e-07 1.04131e-06 1.50923e-06 2.16922e-06 3.08896e-06 4.35629e-06 6.08367e-06 8.41301e-06 1.15209e-05 1.5624e-05 2.09844e-05 2.79142e-05 3.67796e-05 4.80036e-05 6.20666e-05 7.95041e-05 0.000100903 0.000126891 0.000158126 0.00019528 0.000239017 0.000289967 0.0003487 0.000415693 0.000491301 0.000575718 0.000668953 0.000770797 0.000880803 0.000998267 0.00112223 0.00125146 0.00138448 0.00151961 0.00165495 0.00178846 0.001918 0.00204138 0.00215643 0.00226105 0.00235329 0.00243137 0.00249377 0.00253925 0.00256692 0.0025762 0.00256692 0.00253925 0.00249377 0.00243137 0.00235329 0.00226105 0.00215643 0.00204138 0.001918 0.00178846 0.00165495 0.00151961 0.00138448 0.00125146 0.00112223 0.000998267 0.000880803 0.000770797 0.000668953 0.000575718 0.000491301 0.000415693 0.0003487 0.000289967 0.000239017 0.00019528 0.000158126 0.000126891 0.000100903 7.95041e-05 6.20666e-05 4.80036e-05 3.67796e-05 2.79142e-05 2.09844e-05 1.5624e-05 1.15209e-05 8.41301e-06 6.08367e-06 4.35629e-06 3.08896e-06 2.16922e-06 1.50923e-06 1.04131e-06 7.14187e-07 4.89667e-07 3.39979e-07 2.45643e-07 1.93855e-07 
2.24909e-07 2.45643e-07 3.10758e-07 4.29263e-07 6.17064e-07 8.98331e-07 1.30746e-06 1.89165e-06 2.71415e-06 3.85822e-06 5.43169e-06 7.57224e-06 1.04532e-05 1.42896e-05 1.93447e-05 2.59358e-05 3.44399e-05 4.52981e-05 5.90181e-05 7.61748e-05 9.74069e-05 0.000123412 0.000154933 0.000192747 0.000237642 0.000290393 0.000351732 0.000422314 0.000502684 0.000593234 0.000694167 0.000805465 0.000926851 0.00105777 0.00119737 0.00134448 0.00149765 0.00165513 0.00181492 0.00197478 0.00213232 0.00228504 0.00243037 0.0025658 0.00268887 0.00279731 0.00288906 0.00296236 0.00301577 0.00304825 0.00305915 0.00304825 0.00301577 0.00296236 0.00288906 0.00279731 0.00268887 0.0025658 0.00243037 0.00228504 0.00213232 0.00197478 0.00181492 0.00165513 0.00149765 0.00134448 0.00119737 0.00105777 0.000926851 0.000805465 0.000694167 0.000593234 0.000502684 0.000422314 0.000351732 0.000290393 0.000237642 0.000192747 0.000154933 0.000123412 9.74069e-05 7.61748e-05 5.90181e-05 4.52981e-05 3.44399e-05 2.59358e-05 1.93447e-05 1.42896e-05 1.04532e-05 7.57224e-06 5.43169e-06 3.85822e-06 2.71415e-06 1.89165e-06 1.30746e-06 8.98331e-07 6.17064e-07 4.29263e-07 3.10758e-07 2.45643e-07 
3.11533e-07 3.39979e-07 4.29263e-07 5.91573e-07 8.48406e-07 1.23237e-06 1.78976e-06 2.58396e-06 3.69968e-06 5.24809e-06 7.37275e-06 1.02564e-05 1.41283e-05 1.92721e-05 2.60335e-05 3.48281e-05 4.61478e-05 6.05659e-05 7.87395e-05 0.00010141 0.000129397 0.000163592 0.000204941 0.000254426 0.000313038 0.000381745 0.000461453 0.000552965 0.000656935 0.000773819 0.000903831 0.0010469 0.00120262 0.00137026 0.00154867 0.00173636 0.00193146 0.00213172 0.00233461 0.00253731 0.00273682 0.00292998 0.00311361 0.00328455 0.00343976 0.00357642 0.00369198 0.00378425 0.00385147 0.00389233 0.00390604 0.00389233 0.00385147 0.00378425 0.00369198 0.00357642 0.00343976 0.00328455 0.00311361 0.00292998 0.00273682 0.00253731 0.00233461 0.00213172 0.00193146 0.00173636 0.00154867 0.00137026 0.00120262 0.0010469 0.000903831 0.000773819 0.000656935 0.000552965 0.000461453 0.000381745 0.000313038 0.000254426 0.000204941 0.000163592 0.000129397 0.00010141 7.87395e-05 6.05659e-05 4.61478e-05 3.48281e-05 2.60335e-05 1.92721e-05 1.41283e-05 1.02564e-05 7.37275e-06 5.24809e-06 3.69968e-06 2.58396e-06 1.78976e-06 1.23237e-06 8.48406e-07 5.91573e-07 4.29263e-07 3.39979e-07 
4.49054e-07 4.89667e-07 6.17064e-07 8.48406e-07 1.21392e-06 1.75938e-06 2.54962e-06 3.6732e-06 5.24814e-06 7.42886e-06 1.04142e-05 1.44564e-05 1.9871e-05 2.70468e-05 3.64563e-05 4.86653e-05 6.43407e-05 8.42569e-05 0.000109298 0.000140457 0.000178828 0.000225592 0.000281998 0.000349336 0.000428898 0.000521936 0.00062961 0.000752938 0.000892728 0.00104952 0.00122354 0.00141462 0.00162217 0.00184514 0.00208198 0.00233068 0.00258872 0.00285315 0.00312063 0.00338746 0.00364972 0.00390331 0.00414412 0.00436805 0.00457119 0.0047499 0.00490092 0.00502145 0.00510921 0.00516254 0.00518043 0.00516254 0.00510921 0.00502145 0.00490092 0.0047499 0.00457119 0.00436805 0.00414412 0.00390331 0.00364972 0.00338746 0.00312063 0.00285315 0.00258872 0.00233068 0.00208198 0.00184514 0.00162217 0.00141462 0.00122354 0.00104952 0.000892728 0.000752938 0.00062961 0.000521936 0.000428898 0.000349336 0.000281998 0.000225592 0.000178828 0.000140457 0.000109298 8.42569e-05 6.43407e-05 4.86653e-05 3.64563e-05 2.70468e-05 1.9871e-05 1.44564e-05 1.04142e-05 7.42886e-06 5.24814e-06 3.6732e-06 2.54962e-06 1.75938e-06 1.21392e-06 8.48406e-07 6.17064e-07 4.89667e-07 
6.55451e-07 7.14187e-07 8.98331e-07 1.23237e-06 1.75938e-06 2.54447e-06 3.6797e-06 5.29047e-06 7.54349e-06 1.06563e-05 1.4908e-05 2.06518e-05 2.83278e-05 3.84768e-05 5.17536e-05 6.89392e-05 9.09513e-05 0.000118851 0.000153844 0.000197281 0.000250639 0.00031551 0.000393566 0.000486522 0.000596087 0.000723902 0.000871475 0.00104011 0.00123081 0.00144422 0.00168056 0.00193951 0.00222019 0.00252111 0.00284014 0.00317451 0.00352082 0.00387512 0.00423291 0.00458932 0.00493913 0.00527695 0.00559736 0.00589501 0.00616477 0.00640191 0.00660216 0.00676189 0.00687815 0.00694878 0.00697248 0.00694878 0.00687815 0.00676189 0.00660216 0.00640191 0.00616477 0.00589501 0.00559736 0.00527695 0.00493913 0.00458932 0.00423291 0.00387512 0.00352082 0.00317451 0.00284014 0.00252111 0.00222019 0.00193951 0.00168056 0.00144422 0.00123081 0.00104011 0.000871475 0.000723902 0.000596087 0.000486522 0.000393566 0.00031551 0.000250639 0.000197281 0.000153844 0.000118851 9.09513e-05 6.89392e-05 5.17536e-05 3.84768e-05 2.83278e-05 2.06518e-05 1.4908e-05 1.06563e-05 7.54349e-06 5.29047e-06 3.6797e-06 2.54447e-06 1.75938e-06 1.23237e-06 8.98331e-07 7.14187e-07 
9.56372e-07 1.04131e-06 1.30746e-06 1.78976e-06 2.54962e-06 3.6797e-06 5.31073e-06 7.62039e-06 1.08443e-05 1.52888e-05 2.13465e-05 2.95118e-05 4.03994e-05 5.4762e-05 7.35077e-05 9.77159e-05 0.00012865 0.000167766 0.00021671 0.000277319 0.000351594 0.000441678 0.000549813 0.000678282 0.000829344 0.00100515 0.00120767 0.00143854 0.00169904 0.00198992 0.00231134 0.00266276 0.00304288 0.0034496 0.00387997 0.00433018 0.00479566 0.00527106 0.0057504 0.00622716 0.00669445 0.00714516 0.00757214 0.00796836 0.00832713 0.00864226 0.00890819 0.0091202 0.00927444 0.00936813 0.00939955 0.00936813 0.00927444 0.0091202 0.00890819 0.00864226 0.00832713 0.00796836 0.00757214 0.00714516 0.00669445 0.00622716 0.0057504 0.00527106 0.00479566 0.00433018 0.00387997 0.0034496 0.00304288 0.00266276 0.00231134 0.00198992 0.00169904 0.00143854 0.00120767 0.00100515 0.000829344 0.000678282 0.000549813 0.000441678 0.000351594 0.000277319 0.00021671 0.000167766 0.00012865 9.77159e-05 7.35077e-05 5.4762e-05 4.03994e-05 2.95118e-05 2.13465e-05 1.52888e-05 1.08443e-05 7.62039e-06 5.31073e-06 3.6797e-06 2.54962e-06 1.78976e-06 1.30746e-06 1.04131e-06 
1.38712e-06 1.50923e-06 1.89165e-06 2.58396e-06 3.6732e-06 5.29047e-06 7.62039e-06 1.09133e-05 1.55002e-05 2.18106e-05 3.03927e-05 4.19357e-05 5.7293e-05 7.75064e-05 0.000103828 0.000137743 0.00018098 0.000235524 0.000303614 0.000387731 0.000490571 0.000615003 0.000764014 0.000940625 0.00114781 0.00138836 0.00166481 0.00197925 0.00233324 0.00272762 0.00316246 0.00363687 0.00414898 0.00469581 0.0052733 0.00587632 0.00649866 0.0071332 0.00777196 0.00840634 0.00902725 0.00962535 0.0101913 0.0107159 0.0111905 0.011607 0.0119583 0.0122382 0.0124417 0.0125653 0.0126068 0.0125653 0.0124417 0.0122382 0.0119583 0.011607 0.0111905 0.0107159 0.0101913 0.00962535 0.00902725 0.00840634 0.00777196 0.0071332 0.00649866 0.00587632 0.0052733 0.00469581 0.00414898 0.00363687 0.00316246 0.00272762 0.00233324 0.00197925 0.00166481 0.00138836 0.00114781 0.000940625 0.000764014 0.000615003 0.000490571 0.000387731 0.000303614 0.000235524 0.00018098 0.000137743 0.000103828 7.75064e-05 5.7293e-05 4.19357e-05 3.03927e-05 2.18106e-05 1.55002e-05 1.09133e-05 7.62039e-06 5.29047e-06 3.6732e-06 2.58396e-06 1.89165e-06 1.50923e-06 
1.99513e-06 2.16922e-06 2.71415e-06 3.69968e-06 5.24814e-06 7.54349e-06 1.08443e-05 1.55002e-05 2.19725e-05 3.08582e-05 4.29169e-05 5.91005e-05 8.05843e-05 0.000108798 0.000145455 0.000192577 0.000252512 0.000327946 0.000421891 0.000537675 0.000678893 0.000849354 0.001053 0.00129379 0.00157558 0.001902 0.00227624 0.00270092 0.00317792 0.00370816 0.0042915 0.00492655 0.00561061 0.00633957 0.0071079 0.00790866 0.00873359 0.00957322 0.0104171 0.0112539 0.0120717 0.0128585 0.013602 0.0142906 0.0149128 0.0154585 0.0159184 0.0162846 0.0165508 0.0167124 0.0167666 0.0167124 0.0165508 0.0162846 0.0159184 0.0154585 0.0149128 0.0142906 0.013602 0.0128585 0.0120717 0.0112539 0.0104171 0.00957322 0.00873359 0.00790866 0.0071079 0.00633957 0.00561061 0.00492655 0.0042915 0.00370816 0.00317792 0.00270092 0.00227624 0.001902 0.00157558 0.00129379 0.001053 0.000849354 0.000678893 0.000537675 0.000421891 0.000327946 0.000252512 0.000192577 0.000145455 0.000108798 8.05843e-05 5.91005e-05 4.29169e-05 3.08582e-05 2.19725e-05 1.55002e-05 1.08443e-05 7.54349e-06 5.24814e-06 3.69968e-06 2.71415e-06 2.16922e-06 
2.84307e-06 3.08896e-06 3.85822e-06 5.24809e-06 7.42886e-06 1.06563e-05 1.52888e-05 2.18106e-05 3.08582e-05 4.32534e-05 6.00385e-05 8.2516e-05 0.000112289 0.0001513 0.00020187 0.000266726 0.000349026 0.000452363 0.000580755 0.000738613 0.000930685 0.00116197 0.00143762 0.00176275 0.00214233 0.00258097 0.00308267 0.00365066 0.00428711 0.00499299 0.0057678 0.00660945 0.00751409 0.0084761 0.00948802 0.0105406 0.0116229 0.0127226 0.013826 0.0149183 0.0159844 0.0170086 0.0179754 0.0188696 0.0196769 0.0203843 0.02098 0.0214541 0.0217986 0.0220077 0.0220778 0.0220077 0.0217986 0.0214541 0.02098 0.0203843 0.0196769 0.0188696 0.0179754 0.0170086 0.0159844 0.0149183 0.013826 0.0127226 0.0116229 0.0105406 0.00948802 0.0084761 0.00751409 0.00660945 0.0057678 0.00499299 0.00428711 0.00365066 0.00308267 0.00258097 0.00214233 0.00176275 0.00143762 0.00116197 0.000930685 0.000738613 0.000580755 0.000452363 0.000349026 0.000266726 0.00020187 0.0001513 0.000112289 8.2516e-05 6.00385e-05 4.32534e-05 3.08582e-05 2.18106e-05 1.52888e-05 1.06563e-05 7.42886e-06 5.24809e-06 3.85822e-06 3.08896e-06 
4.01237e-06 4.35629e-06 5.43169e-06 7.37275e-06 1.04142e-05 1.4908e-05 2.13465e-05 3.03927e-05 4.29169e-05 6.00385e-05 8.31738e-05 0.000114087 0.000154941 0.00020835 0.000277423 0.000365805 0.000477693 0.000617845 0.000791558 0.00100462 0.00126323 0.00157388 0.00194319 0.00237774 0.00288382 0.0034672 0.00413283 0.00488458 0.00572494 0.00665478 0.00767305 0.00877665 0.00996024 0.0112162 0.0125345 0.0139031 0.0153077 0.0167321 0.0181589 0.0195691 0.0209433 0.0222617 0.0235045 0.0246527 0.0256884 0.026595 0.0273579 0.0279647 0.0284054 0.0286728 0.0287625 0.0286728 0.0284054 0.0279647 0.0273579 0.026595 0.0256884 0.0246527 0.0235045 0.0222617 0.0209433 0.0195691 0.0181589 0.0167321 0.0153077 0.0139031 0.0125345 0.0112162 0.00996024 0.00877665 0.00767305 0.00665478 0.00572494 0.00488458 0.00413283 0.0034672 0.00288382 0.00237774 0.00194319 0.00157388 0.00126323 0.00100462 0.000791558 0.000617845 0.000477693 0.000365805 0.000277423 0.00020835 0.000154941 0.000114087 8.31738e-05 6.00385e-05 4.29169e-05 3.03927e-05 2.13465e-05 1.4908e-05 1.04142e-05 7.37275e-06 5.43169e-06 4.35629e-06 
5.60736e-06 6.08367e-06 7.57224e-06 1.02564e-05 1.44564e-05 2.06518e-05 2.95118e-05 4.19357e-05 5.91005e-05 8.2516e-05 0.000114087 0.000156177 0.000211676 0.000284063 0.000377464 0.000496689 0.000647262 0.000835416 0.00106806 0.00135269 0.00169731 0.00211025 0.00259994 0.00317467 0.00384234 0.00461006 0.00548383 0.00646822 0.00756595 0.00877761 0.0101014 0.0115327 0.0130643 0.0146858 0.0163843 0.0181439 0.0199462 0.0217705 0.0235944 0.0253942 0.0271452 0.0288227 0.0304019 0.0318591 0.0331721 0.0343204 0.035286 0.0360534 0.0366106 0.0369485 0.0370618 0.0369485 0.0366106 0.0360534 0.035286 0.0343204 0.0331721 0.0318591 0.0304019 0.0288227 0.0271452 0.0253942 0.0235944 0.0217705 0.0199462 0.0181439 0.0163843 0.0146858 0.0130643 0.0115327 0.0101014 0.00877761 0.00756595 0.00646822 0.00548383 0.00461006 0.00384234 0.00317467 0.00259994 0.00211025 0.00169731 0.00135269 0.00106806 0.000835416 0.000647262 0.000496689 0.000377464 0.000284063 0.000211676 0.000156177 0.000114087 8.2516e-05 5.91005e-05 4.19357e-05 2.95118e-05 2.06518e-05 1.44564e-05 1.02564e-05 7.57224e-06 6.08367e-06 
7.75985e-06 8.41301e-06 1.04532e-05 1.41283e-05 1.9871e-05 2.83278e-05 4.03994e-05 5.7293e-05 8.05843e-05 0.000112289 0.000154941 0.000211676 0.000286314 0.000383438 0.000508458 0.000667664 0.00086824 0.00111826 0.00142663 0.00180297 0.00225747 0.00280069 0.00344322 0.00419541 0.00506699 0.0060666 0.0072014 0.0084766 0.00989505 0.0114568 0.0131589 0.0149949 0.0169548 0.0190251 0.0211889 0.0234256 0.0257118 0.0280215 0.0303263 0.0325967 0.034802 0.0369112 0.0388943 0.0407218 0.0423667 0.0438038 0.0450112 0.0459703 0.0466663 0.0470882 0.0472296 0.0470882 0.0466663 0.0459703 0.0450112 0.0438038 0.0423667 0.0407218 0.0388943 0.0369112 0.034802 0.0325967 0.0303263 0.0280215 0.0257118 0.0234256 0.0211889 0.0190251 0.0169548 0.0149949 0.0131589 0.0114568 0.00989505 0.0084766 0.0072014 0.0060666 0.00506699 0.00419541 0.00344322 0.00280069 0.00225747 0.00180297 0.00142663 0.00111826 0.00086824 0.000667664 0.000508458 0.000383438 0.000286314 0.000211676 0.000154941 0.000112289 8.05843e-05 5.7293e-05 4.03994e-05 2.83278e-05 1.9871e-05 1.41283e-05 1.04532e-05 8.41301e-06 
1.0634e-05 1.15209e-05 1.42896e-05 1.92721e-05 2.70468e-05 3.84768e-05 5.4762e-05 7.75064e-05 0.000108798 0.0001513 0.00020835 0.000284063 0.000383438 0.000512444 0.000678107 0.000888554 0.00115303 0.00148189 0.00188646 0.00237896 0.00297221 0.00367941 0.00451373 0.00548789 0.00661369 0.00790147 0.00935959 0.0109938 0.012807 0.0147982 0.0169628 0.0192919 0.0217722 0.024386 0.0271115 0.0299225 0.0327897 0.0356802 0.0385592 0.0413899 0.0441347 0.0467558 0.0492165 0.0514813 0.0535172 0.0552943 0.0567861 0.0579702 0.058829 0.0593495 0.0595239 0.0593495 0.058829 0.0579702 0.0567861 0.0552943 0.0535172 0.0514813 0.0492165 0.0467558 0.0441347 0.0413899 0.0385592 0.0356802 0.0327897 0.0299225 0.0271115 0.024386 0.0217722 0.0192919 0.0169628 0.0147982 0.012807 0.0109938 0.00935959 0.00790147 0.00661369 0.00548789 0.00451373 0.00367941 0.00297221 0.00237896 0.00188646 0.00148189 0.00115303 0.000888554 0.000678107 0.000512444 0.000383438 0.000284063 0.00020835 0.0001513 0.000108798 7.75064e-05 5.4762e-05 3.84768e-05 2.70468e-05 1.92721e-05 1.42896e-05 1.15209e-05 
1.44316e-05 1.5624e-05 1.93447e-05 2.60335e-05 3.64563e-05 5.17536e-05 7.35077e-05 0.000103828 0.000145455 0.00020187 0.000277423 0.000377464 0.000508458 0.000678107 0.000895431 0.00117082 0.00151606 0.00194424 0.00246965 0.00310758 0.00387402 0.00478525 0.0058574 0.00710591 0.00854489 0.0101865 0.0120402 0.0141123 0.0164051 0.0189165 0.0216394 0.0245617 0.0276659 0.0309291 0.0343236 0.0378166 0.0413714 0.0449476 0.0485022 0.0519905 0.0553668 0.0585857 0.061603 0.0643762 0.0668662 0.0690373 0.0708582 0.0723025 0.0733495 0.0739838 0.0741962 0.0739838 0.0733495 0.0723025 0.0708582 0.0690373 0.0668662 0.0643762 0.061603 0.0585857 0.0553668 0.0519905 0.0485022 0.0449476 0.0413714 0.0378166 0.0343236 0.0309291 0.0276659 0.0245617 0.0216394 0.0189165 0.0164051 0.0141123 0.0120402 0.0101865 0.00854489 0.00710591 0.0058574 0.00478525 0.00387402 0.00310758 0.00246965 0.00194424 0.00151606 0.00117082 0.000895431 0.000678107 0.000508458 0.000377464 0.000277423 0.00020187 0.000145455 0.000103828 7.35077e-05 5.17536e-05 3.64563e-05 2.60335e-05 1.93447e-05 1.5624e-05 
1.93967e-05 2.09844e-05 2.59358e-05 3.48281e-05 4.86653e-05 6.89392e-05 9.77159e-05 0.000137743 0.000192577 0.000266726 0.000365805 0.000496689 0.000667664 0.000888554 0.00117082 0.00152762 0.00197378 0.00252569 0.00320117 0.00401915 0.00499927 0.00616142 0.00752509 0.00910873 0.0109289 0.0129997 0.0153317 0.0179312 0.0207997 0.023933 0.0273212 0.0309479 0.0347903 0.0388193 0.043 0.0472916 0.051649 0.056023 0.0603614 0.0646103 0.0687151 0.0726218 0.0762779 0.0796335 0.0826424 0.085263 0.0874589 0.0891994 0.0904603 0.0912239 0.0914797 0.0912239 0.0904603 0.0891994 0.0874589 0.085263 0.0826424 0.0796335 0.0762779 0.0726218 0.0687151 0.0646103 0.0603614 0.056023 0.051649 0.0472916 0.043 0.0388193 0.0347903 0.0309479 0.0273212 0.023933 0.0207997 0.0179312 0.0153317 0.0129997 0.0109289 0.00910873 0.00752509 0.00616142 0.00499927 0.00401915 0.00320117 0.00252569 0.00197378 0.00152762 0.00117082 0.000888554 0.000667664 0.000496689 0.000365805 0.000266726 0.000192577 0.000137743 9.77159e-05 6.89392e-05 4.86653e-05 3.48281e-05 2.59358e-05 2.09844e-05 
2.58205e-05 2.79142e-05 3.44399e-05 4.61478e-05 6.43407e-05 9.09513e-05 0.00012865 0.00018098 0.000252512 0.000349026 0.000477693 0.000647262 0.00086824 0.00115303 0.00151606 0.00197378 0.00254465 0.003249 0.00410877 0.00514712 0.00638791 0.00785511 0.00957195 0.0115602 0.013839 0.0164242 0.0193272 0.0225542 0.026105 0.029973 0.0341439 0.0385961 0.0433005 0.0482205 0.0533123 0.0585265 0.0638077 0.0690967 0.0743312 0.0794469 0.0843796 0.0890656 0.0934436 0.0974558 0.101049 0.104174 0.106791 0.108863 0.110363 0.111271 0.111575 0.111271 0.110363 0.108863 0.106791 0.104174 0.101049 0.0974558 0.0934436 0.0890656 0.0843796 0.0794469 0.0743312 0.0690967 0.0638077 0.0585265 0.0533123 0.0482205 0.0433005 0.0385961 0.0341439 0.029973 0.026105 0.0225542 0.0193272 0.0164242 0.013839 0.0115602 0.00957195 0.00785511 0.00638791 0.00514712 0.00410877 0.003249 0.00254465 0.00197378 0.00151606 0.00115303 0.00086824 0.000647262 0.000477693 0.000349026 0.000252512 0.00018098 0.00012865 9.09513e-05 6.43407e-05 4.61478e-05 3.44399e-05 2.79142e-05 
3.40451e-05 3.67796e-05 4.52981e-05 6.05659e-05 8.42569e-05 0.000118851 0.000167766 0.000235524 0.000327946 0.000452363 0.000617845 0.000835416 0.00111826 0.00148189 0.00194424 0.00252569 0.003249 0.00413907 0.00522262 0.00652767 0.00808286 0.00991667 0.0120565 0.0145274 0.0173514 0.0205459 0.0241227 0.028087 0.0324367 0.0371611 0.0422411 0.0476485 0.0533462 0.0592887 0.0654225 0.0716872 0.0780167 0.0843403 0.0905842 0.0966732 0.102532 0.108088 0.113269 0.11801 0.122249 0.125933 0.129013 0.13145 0.133214 0.134281 0.134638 0.134281 0.133214 0.13145 0.129013 0.125933 0.122249 0.11801 0.113269 0.108088 0.102532 0.0966732 0.0905842 0.0843403 0.0780167 0.0716872 0.0654225 0.0592887 0.0533462 0.0476485 0.0422411 0.0371611 0.0324367 0.028087 0.0241227 0.0205459 0.0173514 0.0145274 0.0120565 0.00991667 0.00808286 0.00652767 0.00522262 0.00413907 0.003249 0.00252569 0.00194424 0.00148189 0.00111826 0.000835416 0.000617845 0.000452363 0.000327946 0.000235524 0.000167766 0.000118851 8.42569e-05 6.05659e-05 4.52981e-05 3.67796e-05 
4.44661e-05 4.80036e-05 5.90181e-05 7.87395e-05 0.000109298 0.000153844 0.00021671 0.000303614 0.000421891 0.000580755 0.000791558 0.00106806 0.00142663 0.00188646 0.00246965 0.00320117 0.00410877 0.00522262 0.00657491 0.00819913 0.0101292 0.0123987 0.0150391 0.0180794 0.0215439 0.0254513 0.0298134 0.0346339 0.0399071 0.0456178 0.0517402 0.0582381 0.0650653 0.0721656 0.0794743 0.0869189 0.0944208 0.101897 0.109261 0.116426 0.123306 0.129817 0.135877 0.141413 0.146357 0.150646 0.154229 0.157062 0.15911 0.160349 0.160764 0.160349 0.15911 0.157062 0.154229 0.150646 0.146357 0.141413 0.135877 0.129817 0.123306 0.116426 0.109261 0.101897 0.0944208 0.0869189 0.0794743 0.0721656 0.0650653 0.0582381 0.0517402 0.0456178 0.0399071 0.0346339 0.0298134 0.0254513 0.0215439 0.0180794 0.0150391 0.0123987 0.0101292 0.00819913 0.00657491 0.00522262 0.00410877 0.00320117 0.00246965 0.00188646 0.00142663 0.00106806 0.000791558 0.000580755 0.000421891 0.000303614 0.00021671 0.000153844 0.000109298 7.87395e-05 5.90181e-05 4.80036e-05 
5.7533e-05 6.20666e-05 7.61748e-05 0.00010141 0.000140457 0.000197281 0.000277319 0.000387731 0.000537675 0.000738613 0.00100462 0.00135269 0.00180297 0.00237896 0.00310758 0.00401915 0.00514712 0.00652767 0.00819913 0.0102011 0.0125732 0.0153544 0.0185809 0.0222848 0.026493 0.0312249 0.0364914 0.0422936 0.0486215 0.0554534 0.0627557 0.0704827 0.078577 0.0869706 0.0955857 0.104337 0.113131 0.121872 0.130461 0.138797 0.146784 0.154326 0.161333 0.167723 0.17342 0.178356 0.182475 0.185728 0.188079 0.1895 0.189976 0.1895 0.188079 0.185728 0.182475 0.178356 0.17342 0.167723 0.161333 0.154326 0.146784 0.138797 0.130461 0.121872 0.113131 0.104337 0.0955857 0.0869706 0.078577 0.0704827 0.0627557 0.0554534 0.0486215 0.0422936 0.0364914 0.0312249 0.026493 0.0222848 0.0185809 0.0153544 0.0125732 0.0102011 0.00819913 0.00652767 0.00514712 0.00401915 0.00310758 0.00237896 0.00180297 0.00135269 0.00100462 0.000738613 0.000537675 0.000387731 0.000277319 0.000197281 0.000140457 0.00010141 7.61748e-05 6.20666e-05 
7.37482e-05 7.95041e-05 9.74069e-05 0.000129397 0.000178828 0.000250639 0.000351594 0.000490571 0.000678893 0.000930685 0.00126323 0.00169731 0.00225747 0.00297221 0.00387402 0.00499927 0.00638791 0.00808286 0.0101292 0.0125732 0.0154609 0.0188366 0.022741 0.0272098 0.0322714 0.0379455 0.0442411 0.0511554 0.0586726 0.0667633 0.0753841 0.0844779 0.0939749 0.103793 0.113841 0.124017 0.134215 0.144323 0.154229 0.163821 0.172989 0.181627 0.189636 0.196926 0.203415 0.209029 0.213708 0.2174 0.220066 0.221677 0.222216 0.221677 0.220066 0.2174 0.213708 0.209029 0.203415 0.196926 0.189636 0.181627 0.172989 0.163821 0.154229 0.144323 0.134215 0.124017 0.113841 0.103793 0.0939749 0.0844779 0.0753841 0.0667633 0.0586726 0.0511554 0.0442411 0.0379455 0.0322714 0.0272098 0.022741 0.0188366 0.0154609 0.0125732 0.0101292 0.00808286 0.00638791 0.00499927 0.00387402 0.00297221 0.00225747 0.00169731 0.00126323 0.000930685 0.000678893 0.000490571 0.000351594 0.000250639 0.000178828 0.000129397 9.74069e-05 7.95041e-05 
9.36619e-05 0.000100903 0.000123412 0.000163592 0.000225592 0.00031551 0.000441678 0.000615003 0.000849354 0.00116197 0.00157388 0.00211025 0.00280069 0.00367941 0.00478525 0.00616142 0.00785511 0.00991667 0.0123987 0.0153544 0.0188366 0.022895 0.027575 0.0329151 0.0389449 0.045683 0.0531356 0.0612946 0.0701366 0.0796225 0.0896976 0.100292 0.11132 0.122686 0.134282 0.145991 0.15769 0.169254 0.180555 0.19147 0.201875 0.211658 0.220709 0.228931 0.236237 0.242548 0.247802 0.251943 0.25493 0.256735 0.257338 0.256735 0.25493 0.251943 0.247802 0.242548 0.236237 0.228931 0.220709 0.211658 0.201875 0.19147 0.180555 0.169254 0.15769 0.145991 0.134282 0.122686 0.11132 0.100292 0.0896976 0.0796225 0.0701366 0.0612946 0.0531356 0.045683 0.0389449 0.0329151 0.027575 0.022895 0.0188366 0.0153544 0.0123987 0.00991667 0.00785511 0.00616142 0.00478525 0.00367941 0.00280069 0.00211025 0.00157388 0.00116197 0.000849354 0.000615003 0.000441678 0.00031551 0.000225592 0.000163592 0.000123412 0.000100903 
0.000117865 0.000126891 0.000154933 0.000204941 0.000281998 0.000393566 0.000549813 0.000764014 0.001053 0.00143762 0.00194319 0.00259994 0.00344322 0.00451373 0.0058574 0.00752509 0.00957195 0.0120565 0.0150391 0.0185809 0.022741 0.027575 0.0331323 0.0394538 0.0465691 0.054495 0.0632329 0.0727679 0.0830672 0.0940803 0.105739 0.117958 0.130636 0.14366 0.156905 0.170237 0.183518 0.196606 0.209361 0.221645 0.233327 0.244282 0.254396 0.263564 0.271696 0.27871 0.28454 0.289131 0.29244 0.294438 0.295106 0.294438 0.29244 0.289131 0.28454 0.27871 0.271696 0.263564 0.254396 0.244282 0.233327 0.221645 0.209361 0.196606 0.183518 0.170237 0.156905 0.14366 0.130636 0.117958 0.105739 0.0940803 0.0830672 0.0727679 0.0632329 0.054495 0.0465691 0.0394538 0.0331323 0.027575 0.022741 0.0185809 0.0150391 0.0120565 0.00957195 0.00752509 0.0058574 0.00451373 0.00344322 0.00259994 0.00194319 0.00143762 0.001053 0.000764014 0.000549813 0.000393566 0.000281998 0.000204941 0.000154933 0.000126891 
0.000146978 0.000158126 0.000192747 0.000254426 0.000349336 0.000486522 0.000678282 0.000940625 0.00129379 0.00176275 0.00237774 0.00317467 0.00419541 0.00548789 0.00710591 0.00910873 0.0115602 0.0145274 0.0180794 0.0222848 0.0272098 0.0329151 0.0394538 0.046868 0.0551867 0.0644229 0.0745719 0.0856097 0.0974925 0.110156 0.123516 0.137471 0.151903 0.166678 0.181654 0.196679 0.2116 0.226258 0.240501 0.254179 0.267151 0.279285 0.290461 0.300572 0.309521 0.317227 0.323624 0.328654 0.332277 0.334463 0.335193 0.334463 0.332277 0.328654 0.323624 0.317227 0.309521 0.300572 0.290461 0.279285 0.267151 0.254179 0.240501 0.226258 0.2116 0.196679 0.181654 0.166678 0.151903 0.137471 0.123516 0.110156 0.0974925 0.0856097 0.0745719 0.0644229 0.0551867 0.046868 0.0394538 0.0329151 0.0272098 0.0222848 0.0180794 0.0145274 0.0115602 0.00910873 0.00710591 0.00548789 0.00419541 0.00317467 0.00237774 0.00176275 0.00129379 0.000940625 0.000678282 0.000486522 0.000349336 0.000254426 0.000192747 0.000158126 
0.000181632 0.00019528 0.000237642 0.000313038 0.000428898 0.000596087 0.000829344 0.00114781 0.00157558 0.00214233 0.00288382 0.00384234 0.00506699 0.00661369 0.00854489 0.0109289 0.013839 0.0173514 0.0215439 0.026493 0.0322714 0.0389449 0.0465691 0.0551867 0.0648241 0.0754891 0.0871689 0.0998285 0.113411 0.127835 0.143 0.158786 0.175053 0.191651 0.208417 0.225182 0.241774 0.258023 0.273762 0.288832 0.303084 0.31638 0.328595 0.33962 0.34936 0.357732 0.36467 0.37012 0.374041 0.376406 0.377195 0.376406 0.374041 0.37012 0.36467 0.357732 0.34936 0.33962 0.328595 0.31638 0.303084 0.288832 0.273762 0.258023 0.241774 0.225182 0.208417 0.191651 0.175053 0.158786 0.143 0.127835 0.113411 0.0998285 0.0871689 0.0754891 0.0648241 0.0551867 0.0465691 0.0389449 0.0322714 0.026493 0.0215439 0.0173514 0.013839 0.0109289 0.00854489 0.00661369 0.00506699 0.00384234 0.00288382 0.00214233 0.00157558 0.00114781 0.000829344 0.000596087 0.000428898 0.000313038 0.000237642 0.00019528 
0.000222456 0.000239017 0.000290393 0.000381745 0.000521936 0.000723902 0.00100515 0.00138836 0.001902 0.00258097 0.0034672 0.00461006 0.0060666 0.00790147 0.0101865 0.0129997 0.0164242 0.0205459 0.0254513 0.0312249 0.0379455 0.045683 0.054495 0.0644229 0.0754891 0.0876942 0.101015 0.115404 0.130787 0.147067 0.164122 0.181811 0.199975 0.218442 0.237031 0.255553 0.273822 0.291653 0.308869 0.325301 0.340795 0.355209 0.368417 0.38031 0.390793 0.399788 0.40723 0.413068 0.417265 0.419793 0.420637 0.419793 0.417265 0.413068 0.40723 0.399788 0.390793 0.38031 0.368417 0.355209 0.340795 0.325301 0.308869 0.291653 0.273822 0.255553 0.237031 0.218442 0.199975 0.181811 0.164122 0.147067 0.130787 0.115404 0.101015 0.0876942 0.0754891 0.0644229 0.054495 0.045683 0.0379455 0.0312249 0.0254513 0.0205459 0.0164242 0.0129997 0.0101865 0.00790147 0.0060666 0.00461006 0.0034672 0.00258097 0.001902 0.00138836 0.00100515 0.000723902 0.000521936 0.000381745 0.000290393 0.000239017 
0.000270048 0.000289967 0.000351732 0.000461453 0.00062961 0.000871475 0.00120767 0.00166481 0.00227624 0.00308267 0.00413283 0.00548383 0.0072014 0.00935959 0.0120402 0.0153317 0.0193272 0.0241227 0.0298134 0.0364914 0.0442411 0.0531356 0.0632329 0.0745719 0.0871689 0.101015 0.116075 0.132286 0.149554 0.167764 0.186771 0.206413 0.226509 0.246864 0.267279 0.287548 0.307468 0.326844 0.345487 0.363224 0.379895 0.39536 0.409492 0.422184 0.433347 0.442905 0.4508 0.456984 0.461425 0.464099 0.464992 0.464099 0.461425 0.456984 0.4508 0.442905 0.433347 0.422184 0.409492 0.39536 0.379895 0.363224 0.345487 0.326844 0.307468 0.287548 0.267279 0.246864 0.226509 0.206413 0.186771 0.167764 0.149554 0.132286 0.116075 0.101015 0.0871689 0.0745719 0.0632329 0.0531356 0.0442411 0.0364914 0.0298134 0.0241227 0.0193272 0.0153317 0.0120402 0.00935959 0.0072014 0.00548383 0.00413283 0.00308267 0.00227624 0.00166481 0.00120767 0.000871475 0.00062961 0.000461453 0.000351732 0.000289967 
0.000324947 0.0003487 0.000422314 0.000552965 0.000752938 0.00104011 0.00143854 0.00197925 0.00270092 0.00365066 0.00488458 0.00646822 0.0084766 0.0109938 0.0141123 0.0179312 0.0225542 0.028087 0.0346339 0.0422936 0.0511554 0.0612946 0.0727679 0.0856097 0.0998285 0.115404 0.132286 0.150392 0.16961 0.189801 0.210799 0.232417 0.25445 0.276685 0.2989 0.320874 0.342391 0.363243 0.383236 0.402193 0.419953 0.436376 0.451341 0.464745 0.476506 0.486555 0.494839 0.50132 0.505969 0.508765 0.509698 0.508765 0.505969 0.50132 0.494839 0.486555 0.476506 0.464745 0.451341 0.436376 0.419953 0.402193 0.383236 0.363243 0.342391 0.320874 0.2989 0.276685 0.25445 0.232417 0.210799 0.189801 0.16961 0.150392 0.132286 0.115404 0.0998285 0.0856097 0.0727679 0.0612946 0.0511554 0.0422936 0.0346339 0.028087 0.0225542 0.0179312 0.0141123 0.0109938 0.0084766 0.00646822 0.00488458 0.00365066 0.00270092 0.00197925 0.00143854 0.00104011 0.000752938 0.000552965 0.000422314 0.0003487 
0.000387612 0.000415693 0.000502684 0.000656935 0.000892728 0.00123081 0.00169904 0.00233324 0.00317792 0.00428711 0.00572494 0.00756595 0.00989505 0.012807 0.0164051 0.0207997 0.026105 0.0324367 0.0399071 0.0486215 0.0586726 0.0701366 0.0830672 0.0974925 0.113411 0.130787 0.149554 0.16961 0.19082 0.213021 0.236021 0.259609 0.283558 0.307632 0.331592 0.355201 0.37823 0.400464 0.421703 0.44177 0.460506 0.477775 0.493462 0.507475 0.519737 0.530192 0.538794 0.545513 0.550326 0.553219 0.554185 0.553219 0.550326 0.545513 0.538794 0.530192 0.519737 0.507475 0.493462 0.477775 0.460506 0.44177 0.421703 0.400464 0.37823 0.355201 0.331592 0.307632 0.283558 0.259609 0.236021 0.213021 0.19082 0.16961 0.149554 0.130787 0.113411 0.0974925 0.0830672 0.0701366 0.0586726 0.0486215 0.0399071 0.0324367 0.026105 0.0207997 0.0164051 0.012807 0.00989505 0.00756595 0.00572494 0.00428711 0.00317792 0.00233324 0.00169904 0.00123081 0.000892728 0.000656935 0.000502684 0.000415693 
0.000458381 0.000491301 0.000593234 0.000773819 0.00104952 0.00144422 0.00198992 0.00272762 0.00370816 0.00499299 0.00665478 0.00877761 0.0114568 0.0147982 0.0189165 0.023933 0.029973 0.0371611 0.0456178 0.0554534 0.0667633 0.0796225 0.0940803 0.110156 0.127835 0.147067 0.167764 0.189801 0.213021 0.237232 0.262218 0.287744 0.313559 0.339405 0.365026 0.39017 0.414601 0.438096 0.460454 0.4815 0.501079 0.519063 0.535349 0.549852 0.562509 0.573275 0.582115 0.589008 0.59394 0.596902 0.597889 0.596902 0.59394 0.589008 0.582115 0.573275 0.562509 0.549852 0.535349 0.519063 0.501079 0.4815 0.460454 0.438096 0.414601 0.39017 0.365026 0.339405 0.313559 0.287744 0.262218 0.237232 0.213021 0.189801 0.167764 0.147067 0.127835 0.110156 0.0940803 0.0796225 0.0667633 0.0554534 0.0456178 0.0371611 0.029973 0.023933 0.0189165 0.0147982 0.0114568 0.00877761 0.00665478 0.00499299 0.00370816 0.00272762 0.00198992 0.00144422 0.00104952 0.000773819 0.000593234 0.000491301 
0.000537447 0.000575718 0.000694167 0.000903831 0.00122354 0.00168056 0.00231134 0.00316246 0.0042915 0.0057678 0.00767305 0.0101014 0.0131589 0.0169628 0.0216394 0.0273212 0.0341439 0.0422411 0.0517402 0.0627557 0.0753841 0.0896976 0.105739 0.123516 0.143 0.164122 0.186771 0.210799 0.236021 0.262218 0.28915 0.316553 0.344155 0.371679 0.398851 0.425408 0.451106 0.475721 0.499051 0.520926 0.541201 0.559757 0.576504 0.591371 0.60431 0.615286 0.62428 0.63128 0.636282 0.639282 0.640283 0.639282 0.636282 0.63128 0.62428 0.615286 0.60431 0.591371 0.576504 0.559757 0.541201 0.520926 0.499051 0.475721 0.451106 0.425408 0.398851 0.371679 0.344155 0.316553 0.28915 0.262218 0.236021 0.210799 0.186771 0.164122 0.143 0.123516 0.105739 0.0896976 0.0753841 0.0627557 0.0517402 0.0422411 0.0341439 0.0273212 0.0216394 0.0169628 0.0131589 0.0101014 0.00767305 0.0057678 0.0042915 0.00316246 0.00231134 0.00168056 0.00122354 0.000903831 0.000694167 0.000575718 
0.000624827 0.000668953 0.000805465 0.0010469 0.00141462 0.00193951 0.00266276 0.00363687 0.00492655 0.00660945 0.00877665 0.0115327 0.0149949 0.0192919 0.0245617 0.0309479 0.0385961 0.0476485 0.0582381 0.0704827 0.0844779 0.100292 0.117958 0.137471 0.158786 0.181811 0.206413 0.232417 0.259609 0.287744 0.316553 0.345749 0.375036 0.404119 0.43271 0.460537 0.48735 0.512925 0.537066 0.559609 0.580422 0.599399 0.616464 0.631564 0.644665 0.65575 0.664811 0.671851 0.676873 0.679883 0.680886 0.679883 0.676873 0.671851 0.664811 0.65575 0.644665 0.631564 0.616464 0.599399 0.580422 0.559609 0.537066 0.512925 0.48735 0.460537 0.43271 0.404119 0.375036 0.345749 0.316553 0.287744 0.259609 0.232417 0.206413 0.181811 0.158786 0.137471 0.117958 0.100292 0.0844779 0.0704827 0.0582381 0.0476485 0.0385961 0.0309479 0.0245617 0.0192919 0.0149949 0.0115327 0.00877665 0.00660945 0.00492655 0.00363687 0.00266276 0.00193951 0.00141462 0.0010469 0.000805465 0.000668953 
0.000720332 0.000770797 0.000926851 0.00120262 0.00162217 0.00222019 0.00304288 0.00414898 0.00561061 0.00751409 0.00996024 0.0130643 0.0169548 0.0217722 0.0276659 0.0347903 0.0433005 0.0533462 0.0650653 0.078577 0.0939749 0.11132 0.130636 0.151903 0.175053 0.199975 0.226509 0.25445 0.283558 0.313559 0.344155 0.375036 0.405885 0.436389 0.466249 0.495186 0.522948 0.549314 0.574095 0.59714 0.618327 0.637571 0.65481 0.670011 0.683158 0.694249 0.703294 0.710306 0.715301 0.718292 0.719288 0.718292 0.715301 0.710306 0.703294 0.694249 0.683158 0.670011 0.65481 0.637571 0.618327 0.59714 0.574095 0.549314 0.522948 0.495186 0.466249 0.436389 0.405885 0.375036 0.344155 0.313559 0.283558 0.25445 0.226509 0.199975 0.175053 0.151903 0.130636 0.11132 0.0939749 0.078577 0.0650653 0.0533462 0.0433005 0.0347903 0.0276659 0.0217722 0.0169548 0.0130643 0.00996024 0.00751409 0.00561061 0.00414898 0.00304288 0.00222019 0.00162217 0.00120262 0.000926851 0.000770797 
0.000823551 0.000880803 0.00105777 0.00137026 0.00184514 0.00252111 0.0034496 0.00469581 0.00633957 0.0084761 0.0112162 0.0146858 0.0190251 0.024386 0.0309291 0.0388193 0.0482205 0.0592887 0.0721656 0.0869706 0.103793 0.122686 0.14366 0.166678 0.191651 0.218442 0.246864 0.276685 0.307632 0.339405 0.371679 0.404119 0.436389 0.468162 0.499129 0.529007 0.557544 0.584526 0.609774 0.63315 0.654551 0.673909 0.691182 0.706357 0.719437 0.730439 0.739386 0.746308 0.751231 0.754175 0.755154 0.754175 0.751231 0.746308 0.739386 0.730439 0.719437 0.706357 0.691182 0.673909 0.654551 0.63315 0.609774 0.584526 0.557544 0.529007 0.499129 0.468162 0.436389 0.404119 0.371679 0.339405 0.307632 0.276685 0.246864 0.218442 0.191651 0.166678 0.14366 0.122686 0.103793 0.0869706 0.0721656 0.0592887 0.0482205 0.0388193 0.0309291 0.024386 0.0190251 0.0146858 0.0112162 0.0084761 0.00633957 0.00469581 0.0034496 0.00252111 0.00184514 0.00137026 0.00105777 0.000880803 
0.000933831 0.000998267 0.00119737 0.00154867 0.00208198 0.00284014 0.00387997 0.0052733 0.0071079 0.00948802 0.0125345 0.0163843 0.0211889 0.0271115 0.0343236 0.043 0.0533123 0.0654225 0.0794743 0.0955857 0.113841 0.134282 0.156905 0.181654 0.208417 0.237031 0.267279 0.2989 0.331592 0.365026 0.398851 0.43271 0.466249 0.499129 0.531033 0.561678 0.590815 0.618238 0.643783 0.667326 0.688786 0.708112 0.725288 0.740318 0.753227 0.764049 0.772827 0.779601 0.78441 0.787283 0.788238 0.787283 0.78441 0.779601 0.772827 0.764049 0.753227 0.740318 0.725288 0.708112 0.688786 0.667326 0.643783 0.618238 0.590815 0.561678 0.531033 0.499129 0.466249 0.43271 0.398851 0.365026 0.331592 0.2989 0.267279 0.237031 0.208417 0.181654 0.156905 0.134282 0.113841 0.0955857 0.0794743 0.0654225 0.0533123 0.043 0.0343236 0.0271115 0.0211889 0.0163843 0.0125345 0.00948802 0.0071079 0.0052733 0.00387997 0.00284014 0.00208198 0.00154867 0.00119737 0.000998267 
0.00105027 0.00112223 0.00134448 0.00173636 0.00233068 0.00317451 0.00433018 0.00587632 0.00790866 0.0105406 0.0139031 0.0181439 0.0234256 0.0299225 0.0378166 0.0472916 0.0585265 0.0716872 0.0869189 0.104337 0.124017 0.145991 0.170237 0.196679 0.225182 0.255553 0.287548 0.320874 0.355201 0.39017 0.425408 0.460537 0.495186 0.529007 0.561678 0.592916 0.622481 0.650177 0.675856 0.699413 0.720787 0.73995 0.756907 0.771685 0.78433 0.794895 0.803438 0.810016 0.814676 0.817456 0.81838 0.817456 0.814676 0.810016 0.803438 0.794895 0.78433 0.771685 0.756907 0.73995 0.720787 0.699413 0.675856 0.650177 0.622481 0.592916 0.561678 0.529007 0.495186 0.460537 0.425408 0.39017 0.355201 0.320874 0.287548 0.255553 0.225182 0.196679 0.170237 0.145991 0.124017 0.104337 0.0869189 0.0716872 0.0585265 0.0472916 0.0378166 0.0299225 0.0234256 0.0181439 0.0139031 0.0105406 0.00790866 0.00587632 0.00433018 0.00317451 0.00233068 0.00173636 0.00134448 0.00112223 
0.00117172 0.00125146 0.00149765 0.00193146 0.00258872 0.00352082 0.00479566 0.00649866 0.00873359 0.0116229 0.0153077 0.0199462 0.0257118 0.0327897 0.0413714 0.051649 0.0638077 0.0780167 0.0944208 0.113131 0.134215 0.15769 0.183518 0.2116 0.241774 0.273822 0.307468 0.342391 0.37823 0.414601 0.451106 0.48735 0.522948 0.557544 0.590815 0.622481 0.652311 0.680123 0.705787 0.729218 0.750377 0.769259 0.785893 0.800328 0.812629 0.822871 0.831127 0.837466 0.841948 0.844619 0.845506 0.844619 0.841948 0.837466 0.831127 0.822871 0.812629 0.800328 0.785893 0.769259 0.750377 0.729218 0.705787 0.680123 0.652311 0.622481 0.590815 0.557544 0.522948 0.48735 0.451106 0.414601 0.37823 0.342391 0.307468 0.273822 0.241774 0.2116 0.183518 0.15769 0.134215 0.113131 0.0944208 0.0780167 0.0638077 0.051649 0.0413714 0.0327897 0.0257118 0.0199462 0.0153077 0.0116229 0.00873359 0.00649866 0.00479566 0.00352082 0.00258872 0.00193146 0.00149765 0.00125146 
0.0012968 0.00138448 0.00165513 0.00213172 0.00285315 0.00387512 0.00527106 0.0071332 0.00957322 0.0127226 0.0167321 0.0217705 0.0280215 0.0356802 0.0449476 0.056023 0.0690967 0.0843403 0.101897 0.121872 0.144323 0.169254 0.196606 0.226258 0.258023 0.291653 0.326844 0.363243 0.400464 0.438096 0.475721 0.512925 0.549314 0.584526 0.618238 0.650177 0.680123 0.707911 0.733427 0.75661 0.777443 0.795946 0.81217 0.826187 0.838082 0.847948 0.855875 0.861944 0.866227 0.868774 0.869619 0.868774 0.866227 0.861944 0.855875 0.847948 0.838082 0.826187 0.81217 0.795946 0.777443 0.75661 0.733427 0.707911 0.680123 0.650177 0.618238 0.584526 0.549314 0.512925 0.475721 0.438096 0.400464 0.363243 0.326844 0.291653 0.258023 0.226258 0.196606 0.169254 0.144323 0.121872 0.101897 0.0843403 0.0690967 0.056023 0.0449476 0.0356802 0.0280215 0.0217705 0.0167321 0.0127226 0.00957322 0.0071332 0.00527106 0.00387512 0.00285315 0.00213172 0.00165513 0.00138448 
