0.000957856 0.000972811 0.00101787 0.00109362 0.00120103 0.00134142 0.00151647 0.00172814 0.00197871 0.00227067 0.0026067 0.0029896 0.00342228 0.00390762 0.00444844 0.00504744 0.00570707 0.00642951 0.00721654 0.00806947 0.00898908 0.00997552 0.0110283 0.012146 0.0133267 0.0145673 0.0158641 0.0172123 0.0186064 0.0200397 0.021505 0.0229942 0.0244982 0.0260075 0.027512 0.0290011 0.0304637 0.0318886 0.0332647 0.0345807 0.0358255 0.0369884 0.0380594 0.0390289 0.0398882 0.0406292 0.0412453 0.0417306 0.0420805 0.0422919 0.0423625 0.0422919 0.0420805 0.0417306 0.0412453 0.0406292 0.0398882 0.0390289 0.0380594 0.0369884 0.0358255 0.0345807 0.0332647 0.0318886 0.0304637 0.0290011 0.027512 0.0260075 0.0244982 0.0229942 0.021505 0.0200397 0.0186064 0.0172123 0.0158641 0.0145673 0.0133267 0.012146 0.0110283 0.00997552 0.00898908 0.00806947 0.00721654 0.00642951 0.00570707 0.00504744 0.00444844 0.00390762 0.00342228 0.0029896 0.0026067 0.00227067 0.00197871 0.00172814 0.00151647 0.00134142 0.00120103 0.00109362 0.00101787 0.000972811 
0.000972811 0.000987981 0.00103369 0.00111053 0.00121947 0.00136186 0.00153939 0.00175406 0.00200815 0.00230418 0.00264487 0.00303305 0.00347164 0.00396357 0.00451167 0.00511867 0.00578705 0.00651898 0.00731626 0.00818021 0.0091116 0.0101106 0.0111766 0.0123083 0.0135036 0.0147594 0.016072 0.0174365 0.0188473 0.0202977 0.0217803 0.0232869 0.0248084 0.0263351 0.0278569 0.0293629 0.030842 0.032283 0.0336745 0.035005 0.0362636 0.0374394 0.0385222 0.0395023 0.0403709 0.04112 0.0417427 0.0422333 0.042587 0.0428006 0.042872 0.0428006 0.042587 0.0422333 0.0417427 0.04112 0.0403709 0.0395023 0.0385222 0.0374394 0.0362636 0.035005 0.0336745 0.032283 0.030842 0.0293629 0.0278569 0.0263351 0.0248084 0.0232869 0.0217803 0.0202977 0.0188473 0.0174365 0.016072 0.0147594 0.0135036 0.0123083 0.0111766 0.0101106 0.0091116 0.00818021 0.00731626 0.00651898 0.00578705 0.00511867 0.00451167 0.00396357 0.00347164 0.00303305 0.00264487 0.00230418 0.00200815 0.00175406 0.00153939 0.00136186 0.00121947 0.00111053 0.00103369 0.000987981 
0.00101787 0.00103369 0.00108135 0.00116146 0.00127503 0.00142344 0.00160845 0.00183211 0.00209679 0.00240509 0.00275981 0.00316386 0.00362025 0.00413199 0.00470201 0.00533308 0.00602774 0.00678823 0.00761635 0.00851344 0.00948025 0.0105169 0.0116228 0.0127964 0.0140356 0.0153373 0.0166974 0.0181108 0.0195718 0.0210734 0.0226079 0.0241669 0.0257409 0.0273199 0.0288935 0.0304504 0.0319792 0.0334683 0.034906 0.0362805 0.0375805 0.0387947 0.0399128 0.0409247 0.0418214 0.0425946 0.0432374 0.0437437 0.0441088 0.0443292 0.0444029 0.0443292 0.0441088 0.0437437 0.0432374 0.0425946 0.0418214 0.0409247 0.0399128 0.0387947 0.0375805 0.0362805 0.034906 0.0334683 0.0319792 0.0304504 0.0288935 0.0273199 0.0257409 0.0241669 0.0226079 0.0210734 0.0195718 0.0181108 0.0166974 0.0153373 0.0140356 0.0127964 0.0116228 0.0105169 0.00948025 0.00851344 0.00761635 0.00678823 0.00602774 0.00533308 0.00470201 0.00413199 0.00362025 0.00316386 0.00275981 0.00240509 0.00209679 0.00183211 0.00160845 0.00142344 0.00127503 0.00116146 0.00108135 0.00103369 
0.00109362 0.00111053 0.00116146 0.00124705 0.00136838 0.0015269 0.00172445 0.00196321 0.00224566 0.00257454 0.00295277 0.00338343 0.00386967 0.00441462 0.00502135 0.00569275 0.00643145 0.00723975 0.00811952 0.00907209 0.0100982 0.0111979 0.0123705 0.0136143 0.0149271 0.0163053 0.0177448 0.01924 0.0207849 0.0223721 0.0239934 0.0256399 0.0273016 0.0289681 0.0306281 0.03227 0.0338818 0.0354513 0.036966 0.0384139 0.0397829 0.0410613 0.0422382 0.0433032 0.0442468 0.0450603 0.0457365 0.0462691 0.0466531 0.046885 0.0469625 0.046885 0.0466531 0.0462691 0.0457365 0.0450603 0.0442468 0.0433032 0.0422382 0.0410613 0.0397829 0.0384139 0.036966 0.0354513 0.0338818 0.03227 0.0306281 0.0289681 0.0273016 0.0256399 0.0239934 0.0223721 0.0207849 0.01924 0.0177448 0.0163053 0.0149271 0.0136143 0.0123705 0.0111979 0.0100982 0.00907209 0.00811952 0.00723975 0.00643145 0.00569275 0.00502135 0.00441462 0.00386967 0.00338343 0.00295277 0.00257454 0.00224566 0.00196321 0.00172445 0.0015269 0.00136838 0.00124705 0.00116146 0.00111053 
0.00120103 0.00121947 0.00127503 0.00136838 0.00150068 0.00167349 0.00188877 0.00214887 0.00245642 0.00281436 0.00322581 0.00369405 0.00422243 0.00481427 0.00547281 0.0062011 0.00700192 0.00787766 0.00883024 0.00986101 0.0109707 0.0121592 0.0134257 0.0147684 0.0161846 0.0176707 0.0192218 0.0208321 0.022495 0.0242024 0.0259458 0.0277152 0.0295001 0.0312893 0.0330708 0.0348321 0.0365603 0.0382425 0.0398655 0.0414162 0.042882 0.0442505 0.0455099 0.0466493 0.0476585 0.0485286 0.0492516 0.049821 0.0502316 0.0504794 0.0505623 0.0504794 0.0502316 0.049821 0.0492516 0.0485286 0.0476585 0.0466493 0.0455099 0.0442505 0.042882 0.0414162 0.0398655 0.0382425 0.0365603 0.0348321 0.0330708 0.0312893 0.0295001 0.0277152 0.0259458 0.0242024 0.022495 0.0208321 0.0192218 0.0176707 0.0161846 0.0147684 0.0134257 0.0121592 0.0109707 0.00986101 0.00883024 0.00787766 0.00700192 0.0062011 0.00547281 0.00481427 0.00422243 0.00369405 0.00322581 0.00281436 0.00245642 0.00214887 0.00188877 0.00167349 0.00150068 0.00136838 0.00127503 0.00121947 
0.00134142 0.00136186 0.00142344 0.0015269 0.00167349 0.0018649 0.00210327 0.00239114 0.00273136 0.00312712 0.00358178 0.00409889 0.00468203 0.0053348 0.00606065 0.00686284 0.0077443 0.00870756 0.0097546 0.0108868 0.0121048 0.0134084 0.0147966 0.0162674 0.0178176 0.0194431 0.0211386 0.0228978 0.0247132 0.0265762 0.0284771 0.0304053 0.0323494 0.034297 0.0362352 0.0381504 0.0400288 0.0418564 0.0436188 0.0453022 0.0468927 0.0483771 0.0497428 0.050978 0.0520719 0.0530147 0.0537981 0.0544149 0.0548595 0.055128 0.0552177 0.055128 0.0548595 0.0544149 0.0537981 0.0530147 0.0520719 0.050978 0.0497428 0.0483771 0.0468927 0.0453022 0.0436188 0.0418564 0.0400288 0.0381504 0.0362352 0.034297 0.0323494 0.0304053 0.0284771 0.0265762 0.0247132 0.0228978 0.0211386 0.0194431 0.0178176 0.0162674 0.0147966 0.0134084 0.0121048 0.0108868 0.0097546 0.00870756 0.0077443 0.00686284 0.00606065 0.0053348 0.00468203 0.00409889 0.00358178 0.00312712 0.00273136 0.00239114 0.00210327 0.0018649 0.00167349 0.0015269 0.00142344 0.00136186 
0.00151647 0.00153939 0.00160845 0.00172445 0.00188877 0.00210327 0.00237029 0.0026926 0.00307335 0.00351599 0.00402421 0.00460185 0.00525284 0.00598104 0.00679019 0.0076838 0.00866498 0.00973641 0.0109002 0.0121576 0.0135093 0.014955 0.0164934 0.0181219 0.0198372 0.0216345 0.023508 0.0254504 0.0274534 0.0295076 0.0316022 0.0337256 0.0358651 0.0380072 0.0401378 0.0422419 0.0443046 0.0463104 0.0482438 0.0500897 0.051833 0.0534595 0.0549553 0.0563078 0.0575053 0.0585371 0.0593943 0.0600691 0.0605555 0.0608491 0.0609473 0.0608491 0.0605555 0.0600691 0.0593943 0.0585371 0.0575053 0.0563078 0.0549553 0.0534595 0.051833 0.0500897 0.0482438 0.0463104 0.0443046 0.0422419 0.0401378 0.0380072 0.0358651 0.0337256 0.0316022 0.0295076 0.0274534 0.0254504 0.023508 0.0216345 0.0198372 0.0181219 0.0164934 0.014955 0.0135093 0.0121576 0.0109002 0.00973641 0.00866498 0.0076838 0.00679019 0.00598104 0.00525284 0.00460185 0.00402421 0.00351599 0.00307335 0.0026926 0.00237029 0.00210327 0.00188877 0.00172445 0.00160845 0.00153939 
0.00172814 0.00175406 0.00183211 0.00196321 0.00214887 0.00239114 0.0026926 0.00305633 0.00348577 0.00398473 0.00455726 0.00520758 0.00593997 0.00675864 0.00766766 0.0086708 0.00977143 0.0109724 0.0122758 0.013683 0.0151946 0.01681 0.0185276 0.0203445 0.0222568 0.0242589 0.0263443 0.028505 0.0307315 0.0330131 0.0353382 0.0376936 0.0400654 0.0424385 0.0447974 0.0471258 0.049407 0.0516241 0.0537603 0.0557987 0.0577231 0.0595178 0.0611677 0.0626591 0.0639791 0.0651163 0.0660608 0.0668042 0.06734 0.0676634 0.0677716 0.0676634 0.06734 0.0668042 0.0660608 0.0651163 0.0639791 0.0626591 0.0611677 0.0595178 0.0577231 0.0557987 0.0537603 0.0516241 0.049407 0.0471258 0.0447974 0.0424385 0.0400654 0.0376936 0.0353382 0.0330131 0.0307315 0.028505 0.0263443 0.0242589 0.0222568 0.0203445 0.0185276 0.01681 0.0151946 0.013683 0.0122758 0.0109724 0.00977143 0.0086708 0.00766766 0.00675864 0.00593997 0.00520758 0.00455726 0.00398473 0.00348577 0.00305633 0.0026926 0.00239114 0.00214887 0.00196321 0.00183211 0.00175406 
0.00197871 0.00200815 0.00209679 0.00224566 0.00245642 0.00273136 0.00307335 0.00348577 0.00397245 0.00453759 0.00518566 0.0059213 0.0067492 0.00767398 0.00870007 0.00983155 0.011072 0.0124245 0.0138913 0.0154736 0.017172 0.0189855 0.0209123 0.0229489 0.0250907 0.0273316 0.0296638 0.0320783 0.0345647 0.0371108 0.0397035 0.0423283 0.0449696 0.0476108 0.0502344 0.0528226 0.0553569 0.0578188 0.0601895 0.0624507 0.0645844 0.0665736 0.0684016 0.0700535 0.071515 0.0727739 0.0738192 0.0746418 0.0752346 0.0755924 0.075712 0.0755924 0.0752346 0.0746418 0.0738192 0.0727739 0.071515 0.0700535 0.0684016 0.0665736 0.0645844 0.0624507 0.0601895 0.0578188 0.0553569 0.0528226 0.0502344 0.0476108 0.0449696 0.0423283 0.0397035 0.0371108 0.0345647 0.0320783 0.0296638 0.0273316 0.0250907 0.0229489 0.0209123 0.0189855 0.017172 0.0154736 0.0138913 0.0124245 0.011072 0.00983155 0.00870007 0.00767398 0.0067492 0.0059213 0.00518566 0.00453759 0.00397245 0.00348577 0.00307335 0.00273136 0.00245642 0.00224566 0.00209679 0.00200815 
0.00227067 0.00230418 0.00240509 0.00257454 0.00281436 0.00312712 0.00351599 0.00398473 0.00453759 0.00517921 0.00591454 0.00674869 0.00768682 0.00873398 0.00989501 0.0111743 0.0125758 0.0141027 0.0157573 0.0175409 0.0194537 0.0214947 0.0236614 0.0259499 0.0283546 0.0308687 0.0334832 0.0361881 0.0389713 0.0418194 0.0447176 0.0476497 0.0505981 0.0535446 0.0564697 0.0593535 0.0621757 0.0649157 0.0675529 0.0700671 0.0724386 0.0746484 0.0766786 0.0785123 0.0801344 0.0815312 0.0826907 0.0836031 0.0842605 0.0846573 0.0847899 0.0846573 0.0842605 0.0836031 0.0826907 0.0815312 0.0801344 0.0785123 0.0766786 0.0746484 0.0724386 0.0700671 0.0675529 0.0649157 0.0621757 0.0593535 0.0564697 0.0535446 0.0505981 0.0476497 0.0447176 0.0418194 0.0389713 0.0361881 0.0334832 0.0308687 0.0283546 0.0259499 0.0236614 0.0214947 0.0194537 0.0175409 0.0157573 0.0141027 0.0125758 0.0111743 0.00989501 0.00873398 0.00768682 0.00674869 0.00591454 0.00517921 0.00453759 0.00398473 0.00351599 0.00312712 0.00281436 0.00257454 0.00240509 0.00230418 
0.0026067 0.00264487 0.00275981 0.00295277 0.00322581 0.00358178 0.00402421 0.00455726 0.00518566 0.00591454 0.00674937 0.00769579 0.00875946 0.00994594 0.0112605 0.0127079 0.0142923 0.0160172 0.0178849 0.0198967 0.0220525 0.024351 0.0267892 0.0293624 0.0320643 0.0348867 0.0378199 0.0408521 0.0439698 0.0471579 0.0503998 0.0536773 0.056971 0.0602602 0.0635237 0.0667391 0.0698841 0.0729357 0.0758714 0.0786688 0.0813062 0.0837628 0.0860188 0.0880559 0.0898573 0.091408 0.0926952 0.0937078 0.0944373 0.0948775 0.0950246 0.0948775 0.0944373 0.0937078 0.0926952 0.091408 0.0898573 0.0880559 0.0860188 0.0837628 0.0813062 0.0786688 0.0758714 0.0729357 0.0698841 0.0667391 0.0635237 0.0602602 0.056971 0.0536773 0.0503998 0.0471579 0.0439698 0.0408521 0.0378199 0.0348867 0.0320643 0.0293624 0.0267892 0.024351 0.0220525 0.0198967 0.0178849 0.0160172 0.0142923 0.0127079 0.0112605 0.00994594 0.00875946 0.00769579 0.00674937 0.00591454 0.00518566 0.00455726 0.00402421 0.00358178 0.00322581 0.00295277 0.00275981 0.00264487 
0.0029896 0.00303305 0.00316386 0.00338343 0.00369405 0.00409889 0.00460185 0.00520758 0.0059213 0.00674869 0.00769579 0.0087688 0.00997396 0.0113173 0.0128047 0.0144411 0.0162312 0.0181784 0.0202853 0.022553 0.0249812 0.027568 0.0303099 0.0332014 0.0362353 0.0394021 0.0426906 0.0460876 0.0495779 0.0531445 0.0567687 0.0604301 0.0641071 0.0677769 0.0714155 0.0749986 0.078501 0.0818976 0.0851635 0.088274 0.0912054 0.0939346 0.09644 0.0987015 0.100701 0.102421 0.103849 0.104972 0.105781 0.106269 0.106433 0.106269 0.105781 0.104972 0.103849 0.102421 0.100701 0.0987015 0.09644 0.0939346 0.0912054 0.088274 0.0851635 0.0818976 0.078501 0.0749986 0.0714155 0.0677769 0.0641071 0.0604301 0.0567687 0.0531445 0.0495779 0.0460876 0.0426906 0.0394021 0.0362353 0.0332014 0.0303099 0.027568 0.0249812 0.022553 0.0202853 0.0181784 0.0162312 0.0144411 0.0128047 0.0113173 0.00997396 0.0087688 0.00769579 0.00674869 0.0059213 0.00520758 0.00460185 0.00409889 0.00369405 0.00338343 0.00316386 0.00303305 
0.00342228 0.00347164 0.00362025 0.00386967 0.00422243 0.00468203 0.00525284 0.00593997 0.0067492 0.00768682 0.00875946 0.00997396 0.0113371 0.0128556 0.0145357 0.0163828 0.0184019 0.0205966 0.0229694 0.0255214 0.028252 0.0311587 0.0342373 0.0374814 0.0408825 0.0444301 0.0481113 0.051911 0.0558122 0.0597959 0.063841 0.0679249 0.0720235 0.0761113 0.0801619 0.0841482 0.0880425 0.0918172 0.0954447 0.098898 0.102151 0.105178 0.107956 0.110463 0.112678 0.114584 0.116165 0.117409 0.118305 0.118845 0.119026 0.118845 0.118305 0.117409 0.116165 0.114584 0.112678 0.110463 0.107956 0.105178 0.102151 0.098898 0.0954447 0.0918172 0.0880425 0.0841482 0.0801619 0.0761113 0.0720235 0.0679249 0.063841 0.0597959 0.0558122 0.051911 0.0481113 0.0444301 0.0408825 0.0374814 0.0342373 0.0311587 0.028252 0.0255214 0.0229694 0.0205966 0.0184019 0.0163828 0.0145357 0.0128556 0.0113371 0.00997396 0.00875946 0.00768682 0.0067492 0.00593997 0.00525284 0.00468203 0.00422243 0.00386967 0.00362025 0.00347164 
0.00390762 0.00396357 0.00413199 0.00441462 0.00481427 0.0053348 0.00598104 0.00675864 0.00767398 0.00873398 0.00994594 0.0113173 0.0128556 0.0145681 0.0164613 0.0185415 0.0208135 0.0232815 0.0259476 0.028813 0.0318765 0.0351351 0.0385839 0.0422152 0.0460195 0.0499845 0.0540958 0.0583364 0.062687 0.0671264 0.0716311 0.0761759 0.0807339 0.085277 0.0897759 0.0942007 0.098521 0.102706 0.106726 0.110551 0.114152 0.117502 0.120575 0.123347 0.125796 0.127903 0.12965 0.131024 0.132013 0.13261 0.13281 0.13261 0.132013 0.131024 0.12965 0.127903 0.125796 0.123347 0.120575 0.117502 0.114152 0.110551 0.106726 0.102706 0.098521 0.0942007 0.0897759 0.085277 0.0807339 0.0761759 0.0716311 0.0671264 0.062687 0.0583364 0.0540958 0.0499845 0.0460195 0.0422152 0.0385839 0.0351351 0.0318765 0.028813 0.0259476 0.0232815 0.0208135 0.0185415 0.0164613 0.0145681 0.0128556 0.0113173 0.00994594 0.00873398 0.00767398 0.00675864 0.00598104 0.0053348 0.00481427 0.00441462 0.00413199 0.00396357 
0.00444844 0.00451167 0.00470201 0.00502135 0.00547281 0.00606065 0.00679019 0.00766766 0.00870007 0.00989501 0.0112605 0.0128047 0.0145357 0.0164613 0.0185889 0.0209248 0.0234745 0.0262418 0.0292293 0.0324375 0.035865 0.039508 0.0433606 0.0474142 0.0516576 0.0560769 0.0606558 0.0653752 0.0702136 0.0751471 0.0801497 0.0851933 0.0902482 0.0952832 0.100266 0.105164 0.109943 0.114571 0.119013 0.123237 0.127213 0.13091 0.1343 0.137357 0.140056 0.142378 0.144303 0.145817 0.146906 0.147564 0.147784 0.147564 0.146906 0.145817 0.144303 0.142378 0.140056 0.137357 0.1343 0.13091 0.127213 0.123237 0.119013 0.114571 0.109943 0.105164 0.100266 0.0952832 0.0902482 0.0851933 0.0801497 0.0751471 0.0702136 0.0653752 0.0606558 0.0560769 0.0516576 0.0474142 0.0433606 0.039508 0.035865 0.0324375 0.0292293 0.0262418 0.0234745 0.0209248 0.0185889 0.0164613 0.0145357 0.0128047 0.0112605 0.00989501 0.00870007 0.00766766 0.00679019 0.00606065 0.00547281 0.00502135 0.00470201 0.00451167 
0.00504744 0.00511867 0.00533308 0.00569275 0.0062011 0.00686284 0.0076838 0.0086708 0.00983155 0.0111743 0.0127079 0.0144411 0.0163828 0.0185415 0.0209248 0.0235398 0.0263919 0.0294853 0.0328223 0.0364032 0.0402259 0.044286 0.0485764 0.0530872 0.0578055 0.0627159 0.0677997 0.0730356 0.0783996 0.0838652 0.0894032 0.0949828 0.100571 0.106134 0.111635 0.11704 0.12231 0.12741 0.132303 0.136955 0.14133 0.145397 0.149124 0.152484 0.15545 0.158001 0.160115 0.161777 0.162974 0.163695 0.163937 0.163695 0.162974 0.161777 0.160115 0.158001 0.15545 0.152484 0.149124 0.145397 0.14133 0.136955 0.132303 0.12741 0.12231 0.11704 0.111635 0.106134 0.100571 0.0949828 0.0894032 0.0838652 0.0783996 0.0730356 0.0677997 0.0627159 0.0578055 0.0530872 0.0485764 0.044286 0.0402259 0.0364032 0.0328223 0.0294853 0.0263919 0.0235398 0.0209248 0.0185415 0.0163828 0.0144411 0.0127079 0.0111743 0.00983155 0.0086708 0.0076838 0.00686284 0.0062011 0.00569275 0.00533308 0.00511867 
0.00570707 0.00578705 0.00602774 0.00643145 0.00700192 0.0077443 0.00866498 0.00977143 0.011072 0.0125758 0.0142923 0.0162312 0.0184019 0.0208135 0.0234745 0.0263919 0.0295716 0.0330179 0.0367329 0.0407163 0.0449656 0.0494754 0.0542373 0.05924 0.064469 0.0699066 0.075532 0.0813215 0.0872482 0.0932827 0.099393 0.105545 0.111702 0.117827 0.12388 0.129823 0.135616 0.141217 0.146589 0.151693 0.156491 0.160949 0.165033 0.168714 0.171962 0.174754 0.177068 0.178887 0.180196 0.180986 0.18125 0.180986 0.180196 0.178887 0.177068 0.174754 0.171962 0.168714 0.165033 0.160949 0.156491 0.151693 0.146589 0.141217 0.135616 0.129823 0.12388 0.117827 0.111702 0.105545 0.099393 0.0932827 0.0872482 0.0813215 0.075532 0.0699066 0.064469 0.05924 0.0542373 0.0494754 0.0449656 0.0407163 0.0367329 0.0330179 0.0295716 0.0263919 0.0234745 0.0208135 0.0184019 0.0162312 0.0142923 0.0125758 0.011072 0.00977143 0.00866498 0.0077443 0.00700192 0.00643145 0.00602774 0.00578705 
0.00642951 0.00651898 0.00678823 0.00723975 0.00787766 0.00870756 0.00973641 0.0109724 0.0124245 0.0141027 0.0160172 0.0181784 0.0205966 0.0232815 0.0262418 0.0294853 0.0330179 0.0368439 0.0409651 0.0453809 0.0500878 0.0550795 0.0603462 0.0658751 0.0716496 0.0776499 0.0838529 0.090232 0.0967575 0.103397 0.110114 0.116873 0.123633 0.130353 0.13699 0.143502 0.149845 0.155976 0.161852 0.167432 0.172675 0.177544 0.182004 0.186021 0.189565 0.19261 0.195134 0.197117 0.198544 0.199405 0.199692 0.199405 0.198544 0.197117 0.195134 0.19261 0.189565 0.186021 0.182004 0.177544 0.172675 0.167432 0.161852 0.155976 0.149845 0.143502 0.13699 0.130353 0.123633 0.116873 0.110114 0.103397 0.0967575 0.090232 0.0838529 0.0776499 0.0716496 0.0658751 0.0603462 0.0550795 0.0500878 0.0453809 0.0409651 0.0368439 0.0330179 0.0294853 0.0262418 0.0232815 0.0205966 0.0181784 0.0160172 0.0141027 0.0124245 0.0109724 0.00973641 0.00870756 0.00787766 0.00723975 0.00678823 0.00651898 
0.00721654 0.00731626 0.00761635 0.00811952 0.00883024 0.0097546 0.0109002 0.0122758 0.0138913 0.0157573 0.0178849 0.0202853 0.0229694 0.0259476 0.0292293 0.0328223 0.0367329 0.0409651 0.0455205 0.050398 0.0555931 0.0610983 0.0669025 0.0729908 0.0793449 0.0859424 0.0927575 0.0997609 0.10692 0.114198 0.121557 0.128955 0.136349 0.143695 0.150946 0.158055 0.164976 0.171661 0.178065 0.184143 0.189851 0.19515 0.200001 0.204369 0.208221 0.211531 0.214272 0.216426 0.217976 0.218911 0.219223 0.218911 0.217976 0.216426 0.214272 0.211531 0.208221 0.204369 0.200001 0.19515 0.189851 0.184143 0.178065 0.171661 0.164976 0.158055 0.150946 0.143695 0.136349 0.128955 0.121557 0.114198 0.10692 0.0997609 0.0927575 0.0859424 0.0793449 0.0729908 0.0669025 0.0610983 0.0555931 0.050398 0.0455205 0.0409651 0.0367329 0.0328223 0.0292293 0.0259476 0.0229694 0.0202853 0.0178849 0.0157573 0.0138913 0.0122758 0.0109002 0.0097546 0.00883024 0.00811952 0.00761635 0.00731626 
0.00806947 0.00818021 0.00851344 0.00907209 0.00986101 0.0108868 0.0121576 0.013683 0.0154736 0.0175409 0.0198967 0.022553 0.0255214 0.028813 0.0324375 0.0364032 0.0407163 0.0453809 0.050398 0.0557657 0.0614788 0.0675282 0.0739013 0.0805814 0.0875476 0.0947752 0.102236 0.109896 0.117721 0.12567 0.133701 0.14177 0.149829 0.157829 0.165721 0.173453 0.180976 0.188238 0.195191 0.201786 0.207978 0.213723 0.218979 0.223711 0.227883 0.231465 0.234433 0.236763 0.23844 0.239451 0.239789 0.239451 0.23844 0.236763 0.234433 0.231465 0.227883 0.223711 0.218979 0.213723 0.207978 0.201786 0.195191 0.188238 0.180976 0.173453 0.165721 0.157829 0.149829 0.14177 0.133701 0.12567 0.117721 0.109896 0.102236 0.0947752 0.0875476 0.0805814 0.0739013 0.0675282 0.0614788 0.0557657 0.050398 0.0453809 0.0407163 0.0364032 0.0324375 0.028813 0.0255214 0.022553 0.0198967 0.0175409 0.0154736 0.013683 0.0121576 0.0108868 0.00986101 0.00907209 0.00851344 0.00818021 
0.00898908 0.0091116 0.00948025 0.0100982 0.0109707 0.0121048 0.0135093 0.0151946 0.017172 0.0194537 0.0220525 0.0249812 0.028252 0.0318765 0.035865 0.0402259 0.0449656 0.0500878 0.0555931 0.0614788 0.0677384 0.0743615 0.0813337 0.088636 0.0962453 0.104134 0.112271 0.120619 0.12914 0.13779 0.146523 0.15529 0.164041 0.172721 0.181278 0.189657 0.197804 0.205663 0.213184 0.220313 0.227004 0.233208 0.238882 0.243988 0.248489 0.252352 0.255551 0.258064 0.259871 0.26096 0.261324 0.26096 0.259871 0.258064 0.255551 0.252352 0.248489 0.243988 0.238882 0.233208 0.227004 0.220313 0.213184 0.205663 0.197804 0.189657 0.181278 0.172721 0.164041 0.15529 0.146523 0.13779 0.12914 0.120619 0.112271 0.104134 0.0962453 0.088636 0.0813337 0.0743615 0.0677384 0.0614788 0.0555931 0.0500878 0.0449656 0.0402259 0.035865 0.0318765 0.028252 0.0249812 0.0220525 0.0194537 0.017172 0.0151946 0.0135093 0.0121048 0.0109707 0.0100982 0.00948025 0.0091116 
0.00997552 0.0101106 0.0105169 0.0111979 0.0121592 0.0134084 0.014955 0.01681 0.0189855 0.0214947 0.024351 0.027568 0.0311587 0.0351351 0.039508 0.044286 0.0494754 0.0550795 0.0610983 0.0675282 0.0743615 0.0815862 0.0891858 0.0971391 0.10542 0.113999 0.12284 0.131905 0.14115 0.150528 0.159989 0.16948 0.178945 0.188329 0.197573 0.206619 0.215407 0.223882 0.231985 0.239664 0.246865 0.25354 0.259643 0.265132 0.269968 0.274119 0.277555 0.280252 0.282193 0.283362 0.283753 0.283362 0.282193 0.280252 0.277555 0.274119 0.269968 0.265132 0.259643 0.25354 0.246865 0.239664 0.231985 0.223882 0.215407 0.206619 0.197573 0.188329 0.178945 0.16948 0.159989 0.150528 0.14115 0.131905 0.12284 0.113999 0.10542 0.0971391 0.0891858 0.0815862 0.0743615 0.0675282 0.0610983 0.0550795 0.0494754 0.044286 0.039508 0.0351351 0.0311587 0.027568 0.024351 0.0214947 0.0189855 0.01681 0.014955 0.0134084 0.0121592 0.0111979 0.0105169 0.0101106 
0.0110283 0.0111766 0.0116228 0.0123705 0.0134257 0.0147966 0.0164934 0.0185276 0.0209123 0.0236614 0.0267892 0.0303099 0.0342373 0.0385839 0.0433606 0.0485764 0.0542373 0.0603462 0.0669025 0.0739013 0.0813337 0.0891858 0.097439 0.10607 0.115049 0.124344 0.133916 0.143723 0.153716 0.163846 0.174058 0.184294 0.194496 0.204602 0.214551 0.22428 0.233726 0.242829 0.251529 0.259767 0.26749 0.274644 0.281183 0.287061 0.292238 0.29668 0.300356 0.303242 0.305317 0.306568 0.306986 0.306568 0.305317 0.303242 0.300356 0.29668 0.292238 0.287061 0.281183 0.274644 0.26749 0.259767 0.251529 0.242829 0.233726 0.22428 0.214551 0.204602 0.194496 0.184294 0.174058 0.163846 0.153716 0.143723 0.133916 0.124344 0.115049 0.10607 0.097439 0.0891858 0.0813337 0.0739013 0.0669025 0.0603462 0.0542373 0.0485764 0.0433606 0.0385839 0.0342373 0.0303099 0.0267892 0.0236614 0.0209123 0.0185276 0.0164934 0.0147966 0.0134257 0.0123705 0.0116228 0.0111766 
0.012146 0.0123083 0.0127964 0.0136143 0.0147684 0.0162674 0.0181219 0.0203445 0.0229489 0.0259499 0.0293624 0.0332014 0.0374814 0.0422152 0.0474142 0.0530872 0.05924 0.0658751 0.0729908 0.0805814 0.088636 0.0971391 0.10607 0.115402 0.125103 0.135138 0.145464 0.156034 0.166797 0.177699 0.188681 0.199681 0.210636 0.221481 0.232149 0.242574 0.25269 0.262432 0.271737 0.280543 0.288794 0.296434 0.303413 0.309684 0.315206 0.319942 0.32386 0.326935 0.329147 0.330479 0.330924 0.330479 0.329147 0.326935 0.32386 0.319942 0.315206 0.309684 0.303413 0.296434 0.288794 0.280543 0.271737 0.262432 0.25269 0.242574 0.232149 0.221481 0.210636 0.199681 0.188681 0.177699 0.166797 0.156034 0.145464 0.135138 0.125103 0.115402 0.10607 0.0971391 0.088636 0.0805814 0.0729908 0.0658751 0.05924 0.0530872 0.0474142 0.0422152 0.0374814 0.0332014 0.0293624 0.0259499 0.0229489 0.0203445 0.0181219 0.0162674 0.0147684 0.0136143 0.0127964 0.0123083 
0.0133267 0.0135036 0.0140356 0.0149271 0.0161846 0.0178176 0.0198372 0.0222568 0.0250907 0.0283546 0.0320643 0.0362353 0.0408825 0.0460195 0.0516576 0.0578055 0.064469 0.0716496 0.0793449 0.0875476 0.0962453 0.10542 0.115049 0.125103 0.135547 0.146342 0.15744 0.168793 0.180344 0.192035 0.203803 0.215581 0.227303 0.238898 0.250295 0.261426 0.27222 0.282607 0.292523 0.301902 0.310684 0.318813 0.326234 0.3329 0.338768 0.343799 0.34796 0.351225 0.353572 0.354987 0.355459 0.354987 0.353572 0.351225 0.34796 0.343799 0.338768 0.3329 0.326234 0.318813 0.310684 0.301902 0.292523 0.282607 0.27222 0.261426 0.250295 0.238898 0.227303 0.215581 0.203803 0.192035 0.180344 0.168793 0.15744 0.146342 0.135547 0.125103 0.115049 0.10542 0.0962453 0.0875476 0.0793449 0.0716496 0.064469 0.0578055 0.0516576 0.0460195 0.0408825 0.0362353 0.0320643 0.0283546 0.0250907 0.0222568 0.0198372 0.0178176 0.0161846 0.0149271 0.0140356 0.0135036 
0.0145673 0.0147594 0.0153373 0.0163053 0.0176707 0.0194431 0.0216345 0.0242589 0.0273316 0.0308687 0.0348867 0.0394021 0.0444301 0.0499845 0.0560769 0.0627159 0.0699066 0.0776499 0.0859424 0.0947752 0.104134 0.113999 0.124344 0.135138 0.146342 0.157912 0.169799 0.181949 0.194302 0.206795 0.219359 0.231926 0.244423 0.256776 0.268911 0.280752 0.292227 0.303264 0.313792 0.323745 0.33306 0.341677 0.34954 0.356601 0.362813 0.368137 0.37254 0.375994 0.378477 0.379973 0.380472 0.379973 0.378477 0.375994 0.37254 0.368137 0.362813 0.356601 0.34954 0.341677 0.33306 0.323745 0.313792 0.303264 0.292227 0.280752 0.268911 0.256776 0.244423 0.231926 0.219359 0.206795 0.194302 0.181949 0.169799 0.157912 0.146342 0.135138 0.124344 0.113999 0.104134 0.0947752 0.0859424 0.0776499 0.0699066 0.0627159 0.0560769 0.0499845 0.0444301 0.0394021 0.0348867 0.0308687 0.0273316 0.0242589 0.0216345 0.0194431 0.0176707 0.0163053 0.0153373 0.0147594 
0.0158641 0.016072 0.0166974 0.0177448 0.0192218 0.0211386 0.023508 0.0263443 0.0296638 0.0334832 0.0378199 0.0426906 0.0481113 0.0540958 0.0606558 0.0677997 0.075532 0.0838529 0.0927575 0.102236 0.112271 0.12284 0.133916 0.145464 0.15744 0.169799 0.182487 0.195445 0.208609 0.221912 0.235281 0.248643 0.26192 0.275034 0.287907 0.300461 0.312618 0.324303 0.335443 0.345968 0.355812 0.364914 0.373217 0.380668 0.387221 0.392836 0.397479 0.401119 0.403735 0.405312 0.405838 0.405312 0.403735 0.401119 0.397479 0.392836 0.387221 0.380668 0.373217 0.364914 0.355812 0.345968 0.335443 0.324303 0.312618 0.300461 0.287907 0.275034 0.26192 0.248643 0.235281 0.221912 0.208609 0.195445 0.182487 0.169799 0.15744 0.145464 0.133916 0.12284 0.112271 0.102236 0.0927575 0.0838529 0.075532 0.0677997 0.0606558 0.0540958 0.0481113 0.0426906 0.0378199 0.0334832 0.0296638 0.0263443 0.023508 0.0211386 0.0192218 0.0177448 0.0166974 0.016072 
0.0172123 0.0174365 0.0181108 0.01924 0.0208321 0.0228978 0.0254504 0.028505 0.0320783 0.0361881 0.0408521 0.0460876 0.051911 0.0583364 0.0653752 0.0730356 0.0813215 0.090232 0.0997609 0.109896 0.120619 0.131905 0.143723 0.156034 0.168793 0.181949 0.195445 0.209217 0.223198 0.237315 0.251492 0.26565 0.279707 0.293583 0.307193 0.320456 0.333291 0.34562 0.357366 0.368457 0.378825 0.388406 0.397142 0.404978 0.411868 0.417769 0.422646 0.42647 0.429217 0.430872 0.431425 0.430872 0.429217 0.42647 0.422646 0.417769 0.411868 0.404978 0.397142 0.388406 0.378825 0.368457 0.357366 0.34562 0.333291 0.320456 0.307193 0.293583 0.279707 0.26565 0.251492 0.237315 0.223198 0.209217 0.195445 0.181949 0.168793 0.156034 0.143723 0.131905 0.120619 0.109896 0.0997609 0.090232 0.0813215 0.0730356 0.0653752 0.0583364 0.051911 0.0460876 0.0408521 0.0361881 0.0320783 0.028505 0.0254504 0.0228978 0.0208321 0.01924 0.0181108 0.0174365 
0.0186064 0.0188473 0.0195718 0.0207849 0.022495 0.0247132 0.0274534 0.0307315 0.0345647 0.0389713 0.0439698 0.0495779 0.0558122 0.062687 0.0702136 0.0783996 0.0872482 0.0967575 0.10692 0.117721 0.12914 0.14115 0.153716 0.166797 0.180344 0.194302 0.208609 0.223198 0.237997 0.252927 0.26791 0.282862 0.297696 0.312327 0.326668 0.340634 0.354139 0.367103 0.379447 0.391096 0.401979 0.41203 0.42119 0.429403 0.436622 0.442802 0.447909 0.451912 0.454787 0.456519 0.457098 0.456519 0.454787 0.451912 0.447909 0.442802 0.436622 0.429403 0.42119 0.41203 0.401979 0.391096 0.379447 0.367103 0.354139 0.340634 0.326668 0.312327 0.297696 0.282862 0.26791 0.252927 0.237997 0.223198 0.208609 0.194302 0.180344 0.166797 0.153716 0.14115 0.12914 0.117721 0.10692 0.0967575 0.0872482 0.0783996 0.0702136 0.062687 0.0558122 0.0495779 0.0439698 0.0389713 0.0345647 0.0307315 0.0274534 0.0247132 0.022495 0.0207849 0.0195718 0.0188473 
0.0200397 0.0202977 0.0210734 0.0223721 0.0242024 0.0265762 0.0295076 0.0330131 0.0371108 0.0418194 0.0471579 0.0531445 0.0597959 0.0671264 0.0751471 0.0838652 0.0932827 0.103397 0.114198 0.12567 0.13779 0.150528 0.163846 0.177699 0.192035 0.206795 0.221912 0.237315 0.252927 0.268668 0.28445 0.300188 0.315791 0.331168 0.34623 0.360887 0.375052 0.38864 0.401569 0.413763 0.425149 0.435659 0.445232 0.453813 0.46135 0.467802 0.473131 0.477308 0.480307 0.482114 0.482717 0.482114 0.480307 0.477308 0.473131 0.467802 0.46135 0.453813 0.445232 0.435659 0.425149 0.413763 0.401569 0.38864 0.375052 0.360887 0.34623 0.331168 0.315791 0.300188 0.28445 0.268668 0.252927 0.237315 0.221912 0.206795 0.192035 0.177699 0.163846 0.150528 0.13779 0.12567 0.114198 0.103397 0.0932827 0.0838652 0.0751471 0.0671264 0.0597959 0.0531445 0.0471579 0.0418194 0.0371108 0.0330131 0.0295076 0.0265762 0.0242024 0.0223721 0.0210734 0.0202977 
0.021505 0.0217803 0.0226079 0.0239934 0.0259458 0.0284771 0.0316022 0.0353382 0.0397035 0.0447176 0.0503998 0.0567687 0.063841 0.0716311 0.0801497 0.0894032 0.099393 0.110114 0.121557 0.133701 0.146523 0.159989 0.174058 0.188681 0.203803 0.219359 0.235281 0.251492 0.26791 0.28445 0.301023 0.317535 0.333894 0.350004 0.365773 0.381107 0.395916 0.410112 0.423612 0.436335 0.448209 0.459165 0.469138 0.478073 0.485919 0.492632 0.498176 0.502519 0.505639 0.507517 0.508144 0.507517 0.505639 0.502519 0.498176 0.492632 0.485919 0.478073 0.469138 0.459165 0.448209 0.436335 0.423612 0.410112 0.395916 0.381107 0.365773 0.350004 0.333894 0.317535 0.301023 0.28445 0.26791 0.251492 0.235281 0.219359 0.203803 0.188681 0.174058 0.159989 0.146523 0.133701 0.121557 0.110114 0.099393 0.0894032 0.0801497 0.0716311 0.063841 0.0567687 0.0503998 0.0447176 0.0397035 0.0353382 0.0316022 0.0284771 0.0259458 0.0239934 0.0226079 0.0217803 
0.0229942 0.0232869 0.0241669 0.0256399 0.0277152 0.0304053 0.0337256 0.0376936 0.0423283 0.0476497 0.0536773 0.0604301 0.0679249 0.0761759 0.0851933 0.0949828 0.105545 0.116873 0.128955 0.14177 0.15529 0.16948 0.184294 0.199681 0.215581 0.231926 0.248643 0.26565 0.282862 0.300188 0.317535 0.334806 0.351904 0.368731 0.385189 0.401181 0.416615 0.431401 0.445453 0.458689 0.471034 0.482417 0.492775 0.502051 0.510193 0.517157 0.522906 0.527409 0.530642 0.532589 0.533239 0.532589 0.530642 0.527409 0.522906 0.517157 0.510193 0.502051 0.492775 0.482417 0.471034 0.458689 0.445453 0.431401 0.416615 0.401181 0.385189 0.368731 0.351904 0.334806 0.317535 0.300188 0.282862 0.26565 0.248643 0.231926 0.215581 0.199681 0.184294 0.16948 0.15529 0.14177 0.128955 0.116873 0.105545 0.0949828 0.0851933 0.0761759 0.0679249 0.0604301 0.0536773 0.0476497 0.0423283 0.0376936 0.0337256 0.0304053 0.0277152 0.0256399 0.0241669 0.0232869 
0.0244982 0.0248084 0.0257409 0.0273016 0.0295001 0.0323494 0.0358651 0.0400654 0.0449696 0.0505981 0.056971 0.0641071 0.0720235 0.0807339 0.0902482 0.100571 0.111702 0.123633 0.136349 0.149829 0.164041 0.178945 0.194496 0.210636 0.227303 0.244423 0.26192 0.279707 0.297696 0.315791 0.333894 0.351904 0.369721 0.387243 0.404368 0.420997 0.437035 0.452389 0.466972 0.4807 0.493496 0.505289 0.516015 0.525616 0.534039 0.541242 0.547186 0.551841 0.555183 0.557194 0.557866 0.557194 0.555183 0.551841 0.547186 0.541242 0.534039 0.525616 0.516015 0.505289 0.493496 0.4807 0.466972 0.452389 0.437035 0.420997 0.404368 0.387243 0.369721 0.351904 0.333894 0.315791 0.297696 0.279707 0.26192 0.244423 0.227303 0.210636 0.194496 0.178945 0.164041 0.149829 0.136349 0.123633 0.111702 0.100571 0.0902482 0.0807339 0.0720235 0.0641071 0.056971 0.0505981 0.0449696 0.0400654 0.0358651 0.0323494 0.0295001 0.0273016 0.0257409 0.0248084 
0.0260075 0.0263351 0.0273199 0.0289681 0.0312893 0.034297 0.0380072 0.0424385 0.0476108 0.0535446 0.0602602 0.0677769 0.0761113 0.085277 0.0952832 0.106134 0.117827 0.130353 0.143695 0.157829 0.172721 0.188329 0.204602 0.221481 0.238898 0.256776 0.275034 0.293583 0.312327 0.331168 0.350004 0.368731 0.387243 0.405434 0.423202 0.440444 0.457061 0.472959 0.488049 0.502246 0.515472 0.527655 0.53873 0.548638 0.557329 0.564757 0.570885 0.575683 0.579127 0.5812 0.581892 0.5812 0.579127 0.575683 0.570885 0.564757 0.557329 0.548638 0.53873 0.527655 0.515472 0.502246 0.488049 0.472959 0.457061 0.440444 0.423202 0.405434 0.387243 0.368731 0.350004 0.331168 0.312327 0.293583 0.275034 0.256776 0.238898 0.221481 0.204602 0.188329 0.172721 0.157829 0.143695 0.130353 0.117827 0.106134 0.0952832 0.085277 0.0761113 0.0677769 0.0602602 0.0535446 0.0476108 0.0424385 0.0380072 0.034297 0.0312893 0.0289681 0.0273199 0.0263351 
0.027512 0.0278569 0.0288935 0.0306281 0.0330708 0.0362352 0.0401378 0.0447974 0.0502344 0.0564697 0.0635237 0.0714155 0.0801619 0.0897759 0.100266 0.111635 0.12388 0.13699 0.150946 0.165721 0.181278 0.197573 0.214551 0.232149 0.250295 0.268911 0.287907 0.307193 0.326668 0.34623 0.365773 0.385189 0.404368 0.423202 0.441584 0.459411 0.47658 0.492996 0.508568 0.523209 0.536842 0.549393 0.560797 0.570995 0.579936 0.587576 0.593877 0.598808 0.602348 0.604478 0.605189 0.604478 0.602348 0.598808 0.593877 0.587576 0.579936 0.570995 0.560797 0.549393 0.536842 0.523209 0.508568 0.492996 0.47658 0.459411 0.441584 0.423202 0.404368 0.385189 0.365773 0.34623 0.326668 0.307193 0.287907 0.268911 0.250295 0.232149 0.214551 0.197573 0.181278 0.165721 0.150946 0.13699 0.12388 0.111635 0.100266 0.0897759 0.0801619 0.0714155 0.0635237 0.0564697 0.0502344 0.0447974 0.0401378 0.0362352 0.0330708 0.0306281 0.0288935 0.0278569 
0.0290011 0.0293629 0.0304504 0.03227 0.0348321 0.0381504 0.0422419 0.0471258 0.0528226 0.0593535 0.0667391 0.0749986 0.0841482 0.0942007 0.105164 0.11704 0.129823 0.143502 0.158055 0.173453 0.189657 0.206619 0.22428 0.242574 0.261426 0.280752 0.300461 0.320456 0.340634 0.360887 0.381107 0.401181 0.420997 0.440444 0.459411 0.477792 0.495484 0.51239 0.528416 0.543476 0.55749 0.570386 0.582098 0.592567 0.601742 0.609579 0.61604 0.621097 0.624725 0.626908 0.627637 0.626908 0.624725 0.621097 0.61604 0.609579 0.601742 0.592567 0.582098 0.570386 0.55749 0.543476 0.528416 0.51239 0.495484 0.477792 0.459411 0.440444 0.420997 0.401181 0.381107 0.360887 0.340634 0.320456 0.300461 0.280752 0.261426 0.242574 0.22428 0.206619 0.189657 0.173453 0.158055 0.143502 0.129823 0.11704 0.105164 0.0942007 0.0841482 0.0749986 0.0667391 0.0593535 0.0528226 0.0471258 0.0422419 0.0381504 0.0348321 0.03227 0.0304504 0.0293629 
0.0304637 0.030842 0.0319792 0.0338818 0.0365603 0.0400288 0.0443046 0.049407 0.0553569 0.0621757 0.0698841 0.078501 0.0880425 0.098521 0.109943 0.12231 0.135616 0.149845 0.164976 0.180976 0.197804 0.215407 0.233726 0.25269 0.27222 0.292227 0.312618 0.333291 0.354139 0.375052 0.395916 0.416615 0.437035 0.457061 0.47658 0.495484 0.513668 0.531033 0.547485 0.562936 0.577307 0.590525 0.602522 0.613243 0.622634 0.630653 0.637263 0.642434 0.646144 0.648376 0.649122 0.648376 0.646144 0.642434 0.637263 0.630653 0.622634 0.613243 0.602522 0.590525 0.577307 0.562936 0.547485 0.531033 0.513668 0.495484 0.47658 0.457061 0.437035 0.416615 0.395916 0.375052 0.354139 0.333291 0.312618 0.292227 0.27222 0.25269 0.233726 0.215407 0.197804 0.180976 0.164976 0.149845 0.135616 0.12231 0.109943 0.098521 0.0880425 0.078501 0.0698841 0.0621757 0.0553569 0.049407 0.0443046 0.0400288 0.0365603 0.0338818 0.0319792 0.030842 
0.0318886 0.032283 0.0334683 0.0354513 0.0382425 0.0418564 0.0463104 0.0516241 0.0578188 0.0649157 0.0729357 0.0818976 0.0918172 0.102706 0.114571 0.12741 0.141217 0.155976 0.171661 0.188238 0.205663 0.223882 0.242829 0.262432 0.282607 0.303264 0.324303 0.34562 0.367103 0.38864 0.410112 0.431401 0.452389 0.472959 0.492996 0.51239 0.531033 0.548826 0.565674 0.581488 0.596189 0.609703 0.621965 0.632916 0.642507 0.650693 0.657439 0.662715 0.6665 0.668777 0.669537 0.668777 0.6665 0.662715 0.657439 0.650693 0.642507 0.632916 0.621965 0.609703 0.596189 0.581488 0.565674 0.548826 0.531033 0.51239 0.492996 0.472959 0.452389 0.431401 0.410112 0.38864 0.367103 0.34562 0.324303 0.303264 0.282607 0.262432 0.242829 0.223882 0.205663 0.188238 0.171661 0.155976 0.141217 0.12741 0.114571 0.102706 0.0918172 0.0818976 0.0729357 0.0649157 0.0578188 0.0516241 0.0463104 0.0418564 0.0382425 0.0354513 0.0334683 0.032283 
0.0332647 0.0336745 0.034906 0.036966 0.0398655 0.0436188 0.0482438 0.0537603 0.0601895 0.0675529 0.0758714 0.0851635 0.0954447 0.106726 0.119013 0.132303 0.146589 0.161852 0.178065 0.195191 0.213184 0.231985 0.251529 0.271737 0.292523 0.313792 0.335443 0.357366 0.379447 0.401569 0.423612 0.445453 0.466972 0.488049 0.508568 0.528416 0.547485 0.565674 0.582886 0.599035 0.61404 0.627826 0.640329 0.651492 0.661264 0.669602 0.676472 0.681844 0.685696 0.688014 0.688788 0.688014 0.685696 0.681844 0.676472 0.669602 0.661264 0.651492 0.640329 0.627826 0.61404 0.599035 0.582886 0.565674 0.547485 0.528416 0.508568 0.488049 0.466972 0.445453 0.423612 0.401569 0.379447 0.357366 0.335443 0.313792 0.292523 0.271737 0.251529 0.231985 0.213184 0.195191 0.178065 0.161852 0.146589 0.132303 0.119013 0.106726 0.0954447 0.0851635 0.0758714 0.0675529 0.0601895 0.0537603 0.0482438 0.0436188 0.0398655 0.036966 0.034906 0.0336745 
0.0345807 0.035005 0.0362805 0.0384139 0.0414162 0.0453022 0.0500897 0.0557987 0.0624507 0.0700671 0.0786688 0.088274 0.098898 0.110551 0.123237 0.136955 0.151693 0.167432 0.184143 0.201786 0.220313 0.239664 0.259767 0.280543 0.301902 0.323745 0.345968 0.368457 0.391096 0.413763 0.436335 0.458689 0.4807 0.502246 0.523209 0.543476 0.562936 0.581488 0.599035 0.61549 0.63077 0.644804 0.657527 0.668881 0.678817 0.687293 0.694273 0.699731 0.703645 0.705999 0.706785 0.705999 0.703645 0.699731 0.694273 0.687293 0.678817 0.668881 0.657527 0.644804 0.63077 0.61549 0.599035 0.581488 0.562936 0.543476 0.523209 0.502246 0.4807 0.458689 0.436335 0.413763 0.391096 0.368457 0.345968 0.323745 0.301902 0.280543 0.259767 0.239664 0.220313 0.201786 0.184143 0.167432 0.151693 0.136955 0.123237 0.110551 0.098898 0.088274 0.0786688 0.0700671 0.0624507 0.0557987 0.0500897 0.0453022 0.0414162 0.0384139 0.0362805 0.035005 
0.0358255 0.0362636 0.0375805 0.0397829 0.042882 0.0468927 0.051833 0.0577231 0.0645844 0.0724386 0.0813062 0.0912054 0.102151 0.114152 0.127213 0.14133 0.156491 0.172675 0.189851 0.207978 0.227004 0.246865 0.26749 0.288794 0.310684 0.33306 0.355812 0.378825 0.401979 0.425149 0.448209 0.471034 0.493496 0.515472 0.536842 0.55749 0.577307 0.596189 0.61404 0.63077 0.646301 0.660558 0.673477 0.685003 0.695086 0.703684 0.710765 0.716299 0.720267 0.722654 0.723451 0.722654 0.720267 0.716299 0.710765 0.703684 0.695086 0.685003 0.673477 0.660558 0.646301 0.63077 0.61404 0.596189 0.577307 0.55749 0.536842 0.515472 0.493496 0.471034 0.448209 0.425149 0.401979 0.378825 0.355812 0.33306 0.310684 0.288794 0.26749 0.246865 0.227004 0.207978 0.189851 0.172675 0.156491 0.14133 0.127213 0.114152 0.102151 0.0912054 0.0813062 0.0724386 0.0645844 0.0577231 0.051833 0.0468927 0.042882 0.0397829 0.0375805 0.0362636 
