0.000847568 0.00086134 0.00090285 0.000972674 0.00107176 0.00120143 0.00136332 0.0015594 0.0017919 0.00206331 0.0023763 0.00273369 0.00313837 0.00359325 0.00410121 0.00466499 0.00528713 0.00596989 0.00671517 0.00752442 0.00839858 0.00933797 0.0103423 0.0114104 0.0125405 0.0137298 0.0149748 0.016271 0.0176131 0.0189949 0.0204092 0.0218481 0.023303 0.0247645 0.0262227 0.0276673 0.0290874 0.030472 0.0318101 0.0330906 0.0343026 0.0354355 0.0364793 0.0374246 0.0382627 0.0389858 0.0395871 0.0400608 0.0404025 0.0406088 0.0406778 0.0406088 0.0404025 0.0400608 0.0395871 0.0389858 0.0382627 0.0374246 0.0364793 0.0354355 0.0343026 0.0330906 0.0318101 0.030472 0.0290874 0.0276673 0.0262227 0.0247645 0.023303 0.0218481 0.0204092 0.0189949 0.0176131 0.016271 0.0149748 0.0137298 0.0125405 0.0114104 0.0103423 0.00933797 0.00839858 0.00752442 0.00671517 0.00596989 0.00528713 0.00466499 0.00410121 0.00359325 0.00313837 0.00273369 0.0023763 0.00206331 0.0017919 0.0015594 0.00136332 0.00120143 0.00107176 0.000972674 0.00090285 0.00086134 
0.00086134 0.000875319 0.00091745 0.000988317 0.00108888 0.00122047 0.00138476 0.00158372 0.00181962 0.00209498 0.00241249 0.002775 0.00318544 0.00364675 0.00416182 0.00473344 0.00536415 0.00605624 0.00681162 0.00763174 0.00851754 0.00946935 0.0104868 0.0115688 0.0127134 0.0139179 0.0151787 0.0164912 0.01785 0.0192488 0.0206804 0.0221368 0.0236093 0.0250883 0.0265639 0.0280256 0.0294623 0.0308632 0.0322168 0.033512 0.0347379 0.0358838 0.0369395 0.0378956 0.0387431 0.0394744 0.0400824 0.0405615 0.040907 0.0411156 0.0411854 0.0411156 0.040907 0.0405615 0.0400824 0.0394744 0.0387431 0.0378956 0.0369395 0.0358838 0.0347379 0.033512 0.0322168 0.0308632 0.0294623 0.0280256 0.0265639 0.0250883 0.0236093 0.0221368 0.0206804 0.0192488 0.01785 0.0164912 0.0151787 0.0139179 0.0127134 0.0115688 0.0104868 0.00946935 0.00851754 0.00763174 0.00681162 0.00605624 0.00536415 0.00473344 0.00416182 0.00364675 0.00318544 0.002775 0.00241249 0.00209498 0.00181962 0.00158372 0.00138476 0.00122047 0.00108888 0.000988317 0.00091745 0.000875319 
0.00090285 0.00091745 0.000961452 0.00103546 0.00114047 0.00127786 0.00144935 0.00165699 0.00190313 0.00219036 0.00252148 0.00289941 0.00332718 0.00380782 0.00434431 0.0049395 0.005596 0.00631616 0.00710192 0.00795475 0.00887557 0.00986468 0.0109217 0.0120453 0.0132337 0.0144838 0.0157919 0.0171533 0.0185624 0.0200125 0.0214962 0.0230051 0.0245304 0.026062 0.0275898 0.0291027 0.0305896 0.0320389 0.0334392 0.0347788 0.0360465 0.0372313 0.0383227 0.0393109 0.040187 0.0409427 0.041571 0.042066 0.042423 0.0426386 0.0427107 0.0426386 0.042423 0.042066 0.041571 0.0409427 0.040187 0.0393109 0.0383227 0.0372313 0.0360465 0.0347788 0.0334392 0.0320389 0.0305896 0.0291027 0.0275898 0.026062 0.0245304 0.0230051 0.0214962 0.0200125 0.0185624 0.0171533 0.0157919 0.0144838 0.0132337 0.0120453 0.0109217 0.00986468 0.00887557 0.00795475 0.00710192 0.00631616 0.005596 0.0049395 0.00434431 0.00380782 0.00332718 0.00289941 0.00252148 0.00219036 0.00190313 0.00165699 0.00144935 0.00127786 0.00114047 0.00103546 0.000961452 0.00091745 
0.000972674 0.000988317 0.00103546 0.00111474 0.00122722 0.00137433 0.00155791 0.00178013 0.00204345 0.00235061 0.00270454 0.00310834 0.00356518 0.00407824 0.00465063 0.00528533 0.00598507 0.00675227 0.00758892 0.00849652 0.00947599 0.0105276 0.0116507 0.0128442 0.0141057 0.0154322 0.0168195 0.0182627 0.0197557 0.0212916 0.0228623 0.0244592 0.0260726 0.0276921 0.0293069 0.0309056 0.0324761 0.0340065 0.0354847 0.0368984 0.0382359 0.0394856 0.0406366 0.0416785 0.042602 0.0433985 0.0440607 0.0445823 0.0449585 0.0451857 0.0452616 0.0451857 0.0449585 0.0445823 0.0440607 0.0433985 0.042602 0.0416785 0.0406366 0.0394856 0.0382359 0.0368984 0.0354847 0.0340065 0.0324761 0.0309056 0.0293069 0.0276921 0.0260726 0.0244592 0.0228623 0.0212916 0.0197557 0.0182627 0.0168195 0.0154322 0.0141057 0.0128442 0.0116507 0.0105276 0.00947599 0.00849652 0.00758892 0.00675227 0.00598507 0.00528533 0.00465063 0.00407824 0.00356518 0.00310834 0.00270454 0.00235061 0.00204345 0.00178013 0.00155791 0.00137433 0.00122722 0.00111474 0.00103546 0.000988317 
0.00107176 0.00108888 0.00114047 0.00122722 0.00135025 0.00151113 0.00171182 0.00195465 0.00224226 0.0025776 0.00296379 0.00340415 0.00390206 0.00446091 0.005084 0.00577449 0.00653526 0.00736882 0.00827727 0.00926212 0.0103243 0.0114639 0.0126803 0.0139721 0.0153367 0.0167706 0.0182695 0.0198278 0.0214389 0.0230954 0.0247885 0.0265089 0.0282462 0.0299893 0.0317264 0.0334454 0.0351334 0.0367776 0.0383651 0.0398828 0.0413182 0.042659 0.0438934 0.0450107 0.0460007 0.0468545 0.0475642 0.0481231 0.0485262 0.0487696 0.0488509 0.0487696 0.0485262 0.0481231 0.0475642 0.0468545 0.0460007 0.0450107 0.0438934 0.042659 0.0413182 0.0398828 0.0383651 0.0367776 0.0351334 0.0334454 0.0317264 0.0299893 0.0282462 0.0265089 0.0247885 0.0230954 0.0214389 0.0198278 0.0182695 0.0167706 0.0153367 0.0139721 0.0126803 0.0114639 0.0103243 0.00926212 0.00827727 0.00736882 0.00653526 0.00577449 0.005084 0.00446091 0.00390206 0.00340415 0.00296379 0.0025776 0.00224226 0.00195465 0.00171182 0.00151113 0.00135025 0.00122722 0.00114047 0.00108888 
0.00120143 0.00122047 0.00127786 0.00137433 0.00151113 0.00168996 0.00191294 0.00218262 0.00250189 0.00287391 0.0033021 0.00379005 0.0043414 0.0049598 0.00564883 0.00641183 0.00725189 0.00817166 0.00917333 0.0102585 0.0114279 0.0126817 0.0140191 0.0154382 0.0169363 0.0185095 0.0201528 0.02186 0.023624 0.0254364 0.0272877 0.0291678 0.0310652 0.0329678 0.0348629 0.0367371 0.0385768 0.0403678 0.0420962 0.0437481 0.0453097 0.0467678 0.04811 0.0493243 0.0504001 0.0513276 0.0520984 0.0527054 0.0531431 0.0534073 0.0534957 0.0534073 0.0531431 0.0527054 0.0520984 0.0513276 0.0504001 0.0493243 0.04811 0.0467678 0.0453097 0.0437481 0.0420962 0.0403678 0.0385768 0.0367371 0.0348629 0.0329678 0.0310652 0.0291678 0.0272877 0.0254364 0.023624 0.02186 0.0201528 0.0185095 0.0169363 0.0154382 0.0140191 0.0126817 0.0114279 0.0102585 0.00917333 0.00817166 0.00725189 0.00641183 0.00564883 0.0049598 0.0043414 0.00379005 0.0033021 0.00287391 0.00250189 0.00218262 0.00191294 0.00168996 0.00151113 0.00137433 0.00127786 0.00122047 
0.00136332 0.00138476 0.00144935 0.00155791 0.00171182 0.00191294 0.00216363 0.00246666 0.00282522 0.00324278 0.00372309 0.00427006 0.00488767 0.00557989 0.0063506 0.0072034 0.00814161 0.00916806 0.010285 0.0114941 0.0127961 0.014191 0.0156776 0.017254 0.0189168 0.0206616 0.0224828 0.0243735 0.0263256 0.0283299 0.030376 0.0324524 0.0345465 0.0366452 0.0387343 0.0407992 0.0428249 0.0447961 0.0466975 0.0485137 0.0502301 0.0518321 0.0533061 0.0546393 0.0558201 0.0568379 0.0576836 0.0583495 0.0588295 0.0591193 0.0592162 0.0591193 0.0588295 0.0583495 0.0576836 0.0568379 0.0558201 0.0546393 0.0533061 0.0518321 0.0502301 0.0485137 0.0466975 0.0447961 0.0428249 0.0407992 0.0387343 0.0366452 0.0345465 0.0324524 0.030376 0.0283299 0.0263256 0.0243735 0.0224828 0.0206616 0.0189168 0.017254 0.0156776 0.014191 0.0127961 0.0114941 0.010285 0.00916806 0.00814161 0.0072034 0.0063506 0.00557989 0.00488767 0.00427006 0.00372309 0.00324278 0.00282522 0.00246666 0.00216363 0.00191294 0.00171182 0.00155791 0.00144935 0.00138476 
0.0015594 0.00158372 0.00165699 0.00178013 0.00195465 0.00218262 0.00246666 0.00280985 0.00321569 0.00368804 0.00423102 0.00484893 0.00554615 0.00632702 0.00719577 0.00815631 0.00921221 0.0103665 0.0116216 0.0129791 0.0144397 0.0160033 0.0176684 0.0194326 0.021292 0.0232416 0.0252751 0.0273845 0.0295609 0.0317938 0.0340716 0.0363816 0.0387098 0.0410414 0.0433611 0.0456525 0.0478991 0.0500841 0.0521906 0.0542018 0.0561016 0.0578741 0.0595043 0.0609784 0.0622835 0.0634082 0.0643425 0.0650781 0.0656083 0.0659283 0.0660353 0.0659283 0.0656083 0.0650781 0.0643425 0.0634082 0.0622835 0.0609784 0.0595043 0.0578741 0.0561016 0.0542018 0.0521906 0.0500841 0.0478991 0.0456525 0.0433611 0.0410414 0.0387098 0.0363816 0.0340716 0.0317938 0.0295609 0.0273845 0.0252751 0.0232416 0.021292 0.0194326 0.0176684 0.0160033 0.0144397 0.0129791 0.0116216 0.0103665 0.00921221 0.00815631 0.00719577 0.00632702 0.00554615 0.00484893 0.00423102 0.00368804 0.00321569 0.00280985 0.00246666 0.00218262 0.00195465 0.00178013 0.00165699 0.00158372 
0.0017919 0.00181962 0.00190313 0.00204345 0.00224226 0.00250189 0.00282522 0.00321569 0.0036772 0.00421402 0.00483071 0.00553202 0.00632279 0.00720778 0.0081916 0.00927854 0.0104724 0.0117765 0.0131934 0.0147246 0.0163708 0.0181315 0.0200051 0.0219886 0.0240775 0.026266 0.0285468 0.0309111 0.0333485 0.0358474 0.0383947 0.0409761 0.0435761 0.0461783 0.0487654 0.0513195 0.0538222 0.0562548 0.0585989 0.0608359 0.0629479 0.0649176 0.0667286 0.0683655 0.0698144 0.0710626 0.0720993 0.0729153 0.0735034 0.0738584 0.0739771 0.0738584 0.0735034 0.0729153 0.0720993 0.0710626 0.0698144 0.0683655 0.0667286 0.0649176 0.0629479 0.0608359 0.0585989 0.0562548 0.0538222 0.0513195 0.0487654 0.0461783 0.0435761 0.0409761 0.0383947 0.0358474 0.0333485 0.0309111 0.0285468 0.026266 0.0240775 0.0219886 0.0200051 0.0181315 0.0163708 0.0147246 0.0131934 0.0117765 0.0104724 0.00927854 0.0081916 0.00720778 0.00632279 0.00553202 0.00483071 0.00421402 0.0036772 0.00321569 0.00282522 0.00250189 0.00224226 0.00204345 0.00190313 0.00181962 
0.00206331 0.00209498 0.00219036 0.00235061 0.0025776 0.00287391 0.00324278 0.00368804 0.00421402 0.00482546 0.00552744 0.0063252 0.00722408 0.00822934 0.00934601 0.0105788 0.0119318 0.0134085 0.0150116 0.0167426 0.0186022 0.0205896 0.0227027 0.0249378 0.0272899 0.0297522 0.0323163 0.0349721 0.0377081 0.0405111 0.0433662 0.0462575 0.0491676 0.0520783 0.0549702 0.0578234 0.0606176 0.0633321 0.0659463 0.0684399 0.0707931 0.0729868 0.0750029 0.0768246 0.0784366 0.0798249 0.0809778 0.081885 0.0825388 0.0829334 0.0830653 0.0829334 0.0825388 0.081885 0.0809778 0.0798249 0.0784366 0.0768246 0.0750029 0.0729868 0.0707931 0.0684399 0.0659463 0.0633321 0.0606176 0.0578234 0.0549702 0.0520783 0.0491676 0.0462575 0.0433662 0.0405111 0.0377081 0.0349721 0.0323163 0.0297522 0.0272899 0.0249378 0.0227027 0.0205896 0.0186022 0.0167426 0.0150116 0.0134085 0.0119318 0.0105788 0.00934601 0.00822934 0.00722408 0.0063252 0.00552744 0.00482546 0.00421402 0.00368804 0.00324278 0.00287391 0.0025776 0.00235061 0.00219036 0.00209498 
0.0023763 0.00241249 0.00252148 0.00270454 0.00296379 0.0033021 0.00372309 0.00423102 0.00483071 0.00552744 0.00632682 0.00723469 0.00825692 0.00939929 0.0106673 0.0120661 0.0136002 0.0152732 0.0170879 0.0190459 0.0211476 0.0233919 0.0257762 0.0282963 0.0309461 0.0337179 0.036602 0.0395871 0.0426598 0.0458054 0.0490073 0.0522474 0.0555064 0.0587638 0.0619981 0.0651872 0.0683084 0.0713389 0.0742559 0.077037 0.0796602 0.0821045 0.0843502 0.0863786 0.0881728 0.0897178 0.0910004 0.0920096 0.0927367 0.0931755 0.0933222 0.0931755 0.0927367 0.0920096 0.0910004 0.0897178 0.0881728 0.0863786 0.0843502 0.0821045 0.0796602 0.077037 0.0742559 0.0713389 0.0683084 0.0651872 0.0619981 0.0587638 0.0555064 0.0522474 0.0490073 0.0458054 0.0426598 0.0395871 0.036602 0.0337179 0.0309461 0.0282963 0.0257762 0.0233919 0.0211476 0.0190459 0.0170879 0.0152732 0.0136002 0.0120661 0.0106673 0.00939929 0.00825692 0.00723469 0.00632682 0.00552744 0.00483071 0.00423102 0.00372309 0.0033021 0.00296379 0.00270454 0.00252148 0.00241249 
0.00273369 0.002775 0.00289941 0.00310834 0.00340415 0.00379005 0.00427006 0.00484893 0.00553202 0.0063252 0.00723469 0.00826693 0.0094284 0.0107255 0.0121641 0.01375 0.0154878 0.0173816 0.0194342 0.0216471 0.0240205 0.0265529 0.0292412 0.0320802 0.0350631 0.0381808 0.0414223 0.0447748 0.0482231 0.0517505 0.0553384 0.0589666 0.0626135 0.0662561 0.0698705 0.0734322 0.076916 0.0802967 0.083549 0.0866481 0.08957 0.0922915 0.0947908 0.0970475 0.0990431 0.100761 0.102187 0.103308 0.104116 0.104604 0.104767 0.104604 0.104116 0.103308 0.102187 0.100761 0.0990431 0.0970475 0.0947908 0.0922915 0.08957 0.0866481 0.083549 0.0802967 0.076916 0.0734322 0.0698705 0.0662561 0.0626135 0.0589666 0.0553384 0.0517505 0.0482231 0.0447748 0.0414223 0.0381808 0.0350631 0.0320802 0.0292412 0.0265529 0.0240205 0.0216471 0.0194342 0.0173816 0.0154878 0.01375 0.0121641 0.0107255 0.0094284 0.00826693 0.00723469 0.0063252 0.00553202 0.00484893 0.00427006 0.00379005 0.00340415 0.00310834 0.00289941 0.002775 
0.00313837 0.00318544 0.00332718 0.00356518 0.00390206 0.0043414 0.00488767 0.00554615 0.00632279 0.00722408 0.00825692 0.0094284 0.0107457 0.0122156 0.013845 0.0156396 0.0176048 0.0197446 0.0220621 0.0245586 0.0272341 0.0300866 0.0331123 0.0363051 0.039657 0.0431577 0.0467946 0.050553 0.0544161 0.0583648 0.0623783 0.0664341 0.0705078 0.074574 0.0786062 0.0825771 0.0864588 0.0902235 0.0938433 0.0972908 0.10054 0.103564 0.106341 0.108847 0.111063 0.11297 0.114552 0.115796 0.116693 0.117233 0.117414 0.117233 0.116693 0.115796 0.114552 0.11297 0.111063 0.108847 0.106341 0.103564 0.10054 0.0972908 0.0938433 0.0902235 0.0864588 0.0825771 0.0786062 0.074574 0.0705078 0.0664341 0.0623783 0.0583648 0.0544161 0.050553 0.0467946 0.0431577 0.039657 0.0363051 0.0331123 0.0300866 0.0272341 0.0245586 0.0220621 0.0197446 0.0176048 0.0156396 0.013845 0.0122156 0.0107457 0.0094284 0.00825692 0.00722408 0.00632279 0.00554615 0.00488767 0.0043414 0.00390206 0.00356518 0.00332718 0.00318544 
0.00359325 0.00364675 0.00380782 0.00407824 0.00446091 0.0049598 0.00557989 0.00632702 0.00720778 0.00822934 0.00939929 0.0107255 0.0122156 0.0138775 0.0157181 0.017744 0.0199608 0.0223727 0.0249828 0.0277924 0.0308011 0.0340063 0.0374033 0.0409852 0.0447426 0.0486637 0.0527343 0.0569377 0.0612549 0.0656645 0.0701432 0.0746657 0.0792052 0.0837333 0.0882206 0.0926368 0.0969513 0.101133 0.105152 0.108978 0.112581 0.115935 0.119012 0.121789 0.124242 0.126353 0.128104 0.129482 0.130474 0.131072 0.131272 0.131072 0.130474 0.129482 0.128104 0.126353 0.124242 0.121789 0.119012 0.115935 0.112581 0.108978 0.105152 0.101133 0.0969513 0.0926368 0.0882206 0.0837333 0.0792052 0.0746657 0.0701432 0.0656645 0.0612549 0.0569377 0.0527343 0.0486637 0.0447426 0.0409852 0.0374033 0.0340063 0.0308011 0.0277924 0.0249828 0.0223727 0.0199608 0.017744 0.0157181 0.0138775 0.0122156 0.0107255 0.00939929 0.00822934 0.00720778 0.00632702 0.00557989 0.0049598 0.00446091 0.00407824 0.00380782 0.00364675 
0.00410121 0.00416182 0.00434431 0.00465063 0.005084 0.00564883 0.0063506 0.00719577 0.0081916 0.00934601 0.0106673 0.0121641 0.013845 0.0157181 0.0177913 0.0200716 0.0225647 0.0252754 0.0282065 0.0313591 0.0347325 0.0383234 0.0421263 0.046133 0.0503327 0.054712 0.0592547 0.063942 0.0687525 0.0736624 0.0786456 0.0836739 0.0887176 0.0937452 0.0987242 0.103621 0.108403 0.113035 0.117483 0.121716 0.125701 0.129408 0.132808 0.135875 0.138584 0.140914 0.142847 0.144366 0.145461 0.146121 0.146342 0.146121 0.145461 0.144366 0.142847 0.140914 0.138584 0.135875 0.132808 0.129408 0.125701 0.121716 0.117483 0.113035 0.108403 0.103621 0.0987242 0.0937452 0.0887176 0.0836739 0.0786456 0.0736624 0.0687525 0.063942 0.0592547 0.054712 0.0503327 0.046133 0.0421263 0.0383234 0.0347325 0.0313591 0.0282065 0.0252754 0.0225647 0.0200716 0.0177913 0.0157181 0.013845 0.0121641 0.0106673 0.00934601 0.0081916 0.00719577 0.0063506 0.00564883 0.005084 0.00465063 0.00434431 0.00416182 
0.00466499 0.00473344 0.0049395 0.00528533 0.00577449 0.00641183 0.0072034 0.00815631 0.00927854 0.0105788 0.0120661 0.01375 0.0156396 0.017744 0.0200716 0.0226297 0.0254246 0.028461 0.0317418 0.0352679 0.039038 0.043048 0.0472913 0.0517586 0.0564374 0.0613125 0.0663656 0.0715755 0.0769182 0.0823673 0.0878937 0.0934661 0.0990516 0.104616 0.110122 0.115534 0.120816 0.125929 0.130837 0.135505 0.139897 0.143981 0.147725 0.151101 0.154082 0.156646 0.158772 0.160443 0.161646 0.162372 0.162614 0.162372 0.161646 0.160443 0.158772 0.156646 0.154082 0.151101 0.147725 0.143981 0.139897 0.135505 0.130837 0.125929 0.120816 0.115534 0.110122 0.104616 0.0990516 0.0934661 0.0878937 0.0823673 0.0769182 0.0715755 0.0663656 0.0613125 0.0564374 0.0517586 0.0472913 0.043048 0.039038 0.0352679 0.0317418 0.028461 0.0254246 0.0226297 0.0200716 0.017744 0.0156396 0.01375 0.0120661 0.0105788 0.00927854 0.00815631 0.0072034 0.00641183 0.00577449 0.00528533 0.0049395 0.00473344 
0.00528713 0.00536415 0.005596 0.00598507 0.00653526 0.00725189 0.00814161 0.00921221 0.0104724 0.0119318 0.0136002 0.0154878 0.0176048 0.0199608 0.0225647 0.0254246 0.0285468 0.0319363 0.0355959 0.039526 0.0437247 0.0481872 0.0529056 0.0578691 0.0630636 0.0684717 0.0740729 0.0798435 0.0857568 0.0917832 0.0978905 0.104044 0.110208 0.116344 0.122412 0.128373 0.134186 0.13981 0.145206 0.150335 0.155159 0.159642 0.16375 0.167453 0.170722 0.173533 0.175862 0.177694 0.179012 0.179807 0.180072 0.179807 0.179012 0.177694 0.175862 0.173533 0.170722 0.167453 0.16375 0.159642 0.155159 0.150335 0.145206 0.13981 0.134186 0.128373 0.122412 0.116344 0.110208 0.104044 0.0978905 0.0917832 0.0857568 0.0798435 0.0740729 0.0684717 0.0630636 0.0578691 0.0529056 0.0481872 0.0437247 0.039526 0.0355959 0.0319363 0.0285468 0.0254246 0.0225647 0.0199608 0.0176048 0.0154878 0.0136002 0.0119318 0.0104724 0.00921221 0.00814161 0.00725189 0.00653526 0.00598507 0.005596 0.00536415 
0.00596989 0.00605624 0.00631616 0.00675227 0.00736882 0.00817166 0.00916806 0.0103665 0.0117765 0.0134085 0.0152732 0.0173816 0.0197446 0.0223727 0.0252754 0.028461 0.0319363 0.0357063 0.0397735 0.0441382 0.0487974 0.0537455 0.0589732 0.0644681 0.0702142 0.076192 0.0823783 0.0887467 0.0952676 0.101908 0.108633 0.115404 0.122181 0.128922 0.135585 0.142126 0.1485 0.154664 0.160574 0.166189 0.171467 0.17637 0.180861 0.184908 0.188479 0.191548 0.194091 0.19609 0.197529 0.198397 0.198686 0.198397 0.197529 0.19609 0.194091 0.191548 0.188479 0.184908 0.180861 0.17637 0.171467 0.166189 0.160574 0.154664 0.1485 0.142126 0.135585 0.128922 0.122181 0.115404 0.108633 0.101908 0.0952676 0.0887467 0.0823783 0.076192 0.0702142 0.0644681 0.0589732 0.0537455 0.0487974 0.0441382 0.0397735 0.0357063 0.0319363 0.028461 0.0252754 0.0223727 0.0197446 0.0173816 0.0152732 0.0134085 0.0117765 0.0103665 0.00916806 0.00817166 0.00736882 0.00675227 0.00631616 0.00605624 
0.00671517 0.00681162 0.00710192 0.00758892 0.00827727 0.00917333 0.010285 0.0116216 0.0131934 0.0150116 0.0170879 0.0194342 0.0220621 0.0249828 0.0282065 0.0317418 0.0355959 0.0397735 0.0442772 0.0491065 0.0542576 0.0597238 0.0654944 0.0715552 0.0778879 0.0844707 0.0912779 0.09828 0.105444 0.112734 0.120111 0.127533 0.134956 0.142336 0.149624 0.156774 0.163737 0.170467 0.176915 0.183038 0.188791 0.194132 0.199023 0.203428 0.207314 0.210653 0.21342 0.215593 0.217157 0.2181 0.218415 0.2181 0.217157 0.215593 0.21342 0.210653 0.207314 0.203428 0.199023 0.194132 0.188791 0.183038 0.176915 0.170467 0.163737 0.156774 0.149624 0.142336 0.134956 0.127533 0.120111 0.112734 0.105444 0.09828 0.0912779 0.0844707 0.0778879 0.0715552 0.0654944 0.0597238 0.0542576 0.0491065 0.0442772 0.0397735 0.0355959 0.0317418 0.0282065 0.0249828 0.0220621 0.0194342 0.0170879 0.0150116 0.0131934 0.0116216 0.010285 0.00917333 0.00827727 0.00758892 0.00710192 0.00681162 
0.00752442 0.00763174 0.00795475 0.00849652 0.00926212 0.0102585 0.0114941 0.0129791 0.0147246 0.0167426 0.0190459 0.0216471 0.0245586 0.0277924 0.0313591 0.0352679 0.039526 0.0441382 0.0491065 0.0544297 0.0601035 0.0661195 0.0724655 0.0791252 0.0860784 0.0933003 0.100762 0.108432 0.116273 0.124246 0.132308 0.140413 0.148513 0.15656 0.164501 0.172287 0.179865 0.187183 0.194193 0.200844 0.20709 0.212887 0.218192 0.222969 0.227181 0.230799 0.233796 0.236149 0.237843 0.238865 0.239206 0.238865 0.237843 0.236149 0.233796 0.230799 0.227181 0.222969 0.218192 0.212887 0.20709 0.200844 0.194193 0.187183 0.179865 0.172287 0.164501 0.15656 0.148513 0.140413 0.132308 0.124246 0.116273 0.108432 0.100762 0.0933003 0.0860784 0.0791252 0.0724655 0.0661195 0.0601035 0.0544297 0.0491065 0.0441382 0.039526 0.0352679 0.0313591 0.0277924 0.0245586 0.0216471 0.0190459 0.0167426 0.0147246 0.0129791 0.0114941 0.0102585 0.00926212 0.00849652 0.00795475 0.00763174 
0.00839858 0.00851754 0.00887557 0.00947599 0.0103243 0.0114279 0.0127961 0.0144397 0.0163708 0.0186022 0.0211476 0.0240205 0.0272341 0.0308011 0.0347325 0.039038 0.0437247 0.0487974 0.0542576 0.0601035 0.0663294 0.0729256 0.0798781 0.0871686 0.0947741 0.102667 0.110817 0.119186 0.127736 0.136422 0.145198 0.154015 0.162821 0.171561 0.180182 0.188627 0.196842 0.204771 0.21236 0.219557 0.226312 0.232578 0.238311 0.24347 0.248018 0.251922 0.255156 0.257696 0.259523 0.260624 0.260992 0.260624 0.259523 0.257696 0.255156 0.251922 0.248018 0.24347 0.238311 0.232578 0.226312 0.219557 0.21236 0.204771 0.196842 0.188627 0.180182 0.171561 0.162821 0.154015 0.145198 0.136422 0.127736 0.119186 0.110817 0.102667 0.0947741 0.0871686 0.0798781 0.0729256 0.0663294 0.0601035 0.0542576 0.0487974 0.0437247 0.039038 0.0347325 0.0308011 0.0272341 0.0240205 0.0211476 0.0186022 0.0163708 0.0144397 0.0127961 0.0114279 0.0103243 0.00947599 0.00887557 0.00851754 
0.00933797 0.00946935 0.00986468 0.0105276 0.0114639 0.0126817 0.014191 0.0160033 0.0181315 0.0205896 0.0233919 0.0265529 0.0300866 0.0340063 0.0383234 0.043048 0.0481872 0.0537455 0.0597238 0.0661195 0.0729256 0.0801308 0.0877192 0.0956701 0.103958 0.112552 0.121419 0.130517 0.139804 0.149232 0.15875 0.168305 0.177841 0.187299 0.196621 0.205747 0.214617 0.223174 0.231359 0.239116 0.246394 0.253141 0.259311 0.264861 0.269752 0.27395 0.277425 0.280154 0.282117 0.283301 0.283696 0.283301 0.282117 0.280154 0.277425 0.27395 0.269752 0.264861 0.259311 0.253141 0.246394 0.239116 0.231359 0.223174 0.214617 0.205747 0.196621 0.187299 0.177841 0.168305 0.15875 0.149232 0.139804 0.130517 0.121419 0.112552 0.103958 0.0956701 0.0877192 0.0801308 0.0729256 0.0661195 0.0597238 0.0537455 0.0481872 0.043048 0.0383234 0.0340063 0.0300866 0.0265529 0.0233919 0.0205896 0.0181315 0.0160033 0.014191 0.0126817 0.0114639 0.0105276 0.00986468 0.00946935 
0.0103423 0.0104868 0.0109217 0.0116507 0.0126803 0.0140191 0.0156776 0.0176684 0.0200051 0.0227027 0.0257762 0.0292412 0.0331123 0.0374033 0.0421263 0.0472913 0.0529056 0.0589732 0.0654944 0.0724655 0.0798781 0.0877192 0.0959708 0.10461 0.113607 0.12293 0.13254 0.142394 0.152444 0.162638 0.172923 0.183238 0.193525 0.203721 0.213763 0.223586 0.233129 0.242327 0.251121 0.259451 0.267261 0.274498 0.281112 0.28706 0.292299 0.296795 0.300516 0.303437 0.305538 0.306804 0.307227 0.306804 0.305538 0.303437 0.300516 0.296795 0.292299 0.28706 0.281112 0.274498 0.267261 0.259451 0.251121 0.242327 0.233129 0.223586 0.213763 0.203721 0.193525 0.183238 0.172923 0.162638 0.152444 0.142394 0.13254 0.12293 0.113607 0.10461 0.0959708 0.0877192 0.0798781 0.0724655 0.0654944 0.0589732 0.0529056 0.0472913 0.0421263 0.0374033 0.0331123 0.0292412 0.0257762 0.0227027 0.0200051 0.0176684 0.0156776 0.0140191 0.0126803 0.0116507 0.0109217 0.0104868 
0.0114104 0.0115688 0.0120453 0.0128442 0.0139721 0.0154382 0.017254 0.0194326 0.0219886 0.0249378 0.0282963 0.0320802 0.0363051 0.0409852 0.046133 0.0517586 0.0578691 0.0644681 0.0715552 0.0791252 0.0871686 0.0956701 0.10461 0.113961 0.123693 0.133769 0.144147 0.154779 0.165614 0.176596 0.187666 0.198762 0.209818 0.220768 0.231544 0.242079 0.252305 0.262157 0.271568 0.280478 0.288828 0.29656 0.303625 0.309974 0.315565 0.320361 0.324329 0.327444 0.329683 0.331033 0.331484 0.331033 0.329683 0.327444 0.324329 0.320361 0.315565 0.309974 0.303625 0.29656 0.288828 0.280478 0.271568 0.262157 0.252305 0.242079 0.231544 0.220768 0.209818 0.198762 0.187666 0.176596 0.165614 0.154779 0.144147 0.133769 0.123693 0.113961 0.10461 0.0956701 0.0871686 0.0791252 0.0715552 0.0644681 0.0578691 0.0517586 0.046133 0.0409852 0.0363051 0.0320802 0.0282963 0.0249378 0.0219886 0.0194326 0.017254 0.0154382 0.0139721 0.0128442 0.0120453 0.0115688 
0.0125405 0.0127134 0.0132337 0.0141057 0.0153367 0.0169363 0.0189168 0.021292 0.0240775 0.0272899 0.0309461 0.0350631 0.039657 0.0447426 0.0503327 0.0564374 0.0630636 0.0702142 0.0778879 0.0860784 0.0947741 0.103958 0.113607 0.123693 0.134181 0.145031 0.156196 0.167626 0.179265 0.191053 0.202925 0.214815 0.226654 0.23837 0.249892 0.261148 0.272066 0.282577 0.292613 0.302108 0.311 0.319231 0.326747 0.3335 0.339443 0.34454 0.348756 0.352064 0.354442 0.355875 0.356354 0.355875 0.354442 0.352064 0.348756 0.34454 0.339443 0.3335 0.326747 0.319231 0.311 0.302108 0.292613 0.282577 0.272066 0.261148 0.249892 0.23837 0.226654 0.214815 0.202925 0.191053 0.179265 0.167626 0.156196 0.145031 0.134181 0.123693 0.113607 0.103958 0.0947741 0.0860784 0.0778879 0.0702142 0.0630636 0.0564374 0.0503327 0.0447426 0.039657 0.0350631 0.0309461 0.0272899 0.0240775 0.021292 0.0189168 0.0169363 0.0153367 0.0141057 0.0132337 0.0127134 
0.0137298 0.0139179 0.0144838 0.0154322 0.0167706 0.0185095 0.0206616 0.0232416 0.026266 0.0297522 0.0337179 0.0381808 0.0431577 0.0486637 0.054712 0.0613125 0.0684717 0.076192 0.0844707 0.0933003 0.102667 0.112552 0.12293 0.133769 0.145031 0.156671 0.168641 0.180884 0.193342 0.205948 0.218634 0.23133 0.24396 0.256451 0.268725 0.280707 0.292322 0.303495 0.314157 0.324238 0.333673 0.342403 0.35037 0.357524 0.363819 0.369215 0.373678 0.377178 0.379694 0.38121 0.381716 0.38121 0.379694 0.377178 0.373678 0.369215 0.363819 0.357524 0.35037 0.342403 0.333673 0.324238 0.314157 0.303495 0.292322 0.280707 0.268725 0.256451 0.24396 0.23133 0.218634 0.205948 0.193342 0.180884 0.168641 0.156671 0.145031 0.133769 0.12293 0.112552 0.102667 0.0933003 0.0844707 0.076192 0.0684717 0.0613125 0.054712 0.0486637 0.0431577 0.0381808 0.0337179 0.0297522 0.026266 0.0232416 0.0206616 0.0185095 0.0167706 0.0154322 0.0144838 0.0139179 
0.0149748 0.0151787 0.0157919 0.0168195 0.0182695 0.0201528 0.0224828 0.0252751 0.0285468 0.0323163 0.036602 0.0414223 0.0467946 0.0527343 0.0592547 0.0663656 0.0740729 0.0823783 0.0912779 0.100762 0.110817 0.121419 0.13254 0.144147 0.156196 0.168641 0.181427 0.194496 0.207781 0.221214 0.234723 0.24823 0.261658 0.274926 0.287955 0.300664 0.312975 0.32481 0.336096 0.34676 0.356736 0.36596 0.374375 0.381927 0.38857 0.394262 0.398968 0.402658 0.405311 0.406909 0.407442 0.406909 0.405311 0.402658 0.398968 0.394262 0.38857 0.381927 0.374375 0.36596 0.356736 0.34676 0.336096 0.32481 0.312975 0.300664 0.287955 0.274926 0.261658 0.24823 0.234723 0.221214 0.207781 0.194496 0.181427 0.168641 0.156196 0.144147 0.13254 0.121419 0.110817 0.100762 0.0912779 0.0823783 0.0740729 0.0663656 0.0592547 0.0527343 0.0467946 0.0414223 0.036602 0.0323163 0.0285468 0.0252751 0.0224828 0.0201528 0.0182695 0.0168195 0.0157919 0.0151787 
0.016271 0.0164912 0.0171533 0.0182627 0.0198278 0.02186 0.0243735 0.0273845 0.0309111 0.0349721 0.0395871 0.0447748 0.050553 0.0569377 0.063942 0.0715755 0.0798435 0.0887467 0.09828 0.108432 0.119186 0.130517 0.142394 0.154779 0.167626 0.180884 0.194496 0.208395 0.222515 0.23678 0.251113 0.265434 0.279659 0.293704 0.307486 0.320919 0.333922 0.346415 0.358318 0.36956 0.38007 0.389782 0.398638 0.406582 0.413567 0.41955 0.424495 0.428372 0.431157 0.432836 0.433396 0.432836 0.431157 0.428372 0.424495 0.41955 0.413567 0.406582 0.398638 0.389782 0.38007 0.36956 0.358318 0.346415 0.333922 0.320919 0.307486 0.293704 0.279659 0.265434 0.251113 0.23678 0.222515 0.208395 0.194496 0.180884 0.167626 0.154779 0.142394 0.130517 0.119186 0.108432 0.09828 0.0887467 0.0798435 0.0715755 0.063942 0.0569377 0.050553 0.0447748 0.0395871 0.0349721 0.0309111 0.0273845 0.0243735 0.02186 0.0198278 0.0182627 0.0171533 0.0164912 
0.0176131 0.01785 0.0185624 0.0197557 0.0214389 0.023624 0.0263256 0.0295609 0.0333485 0.0377081 0.0426598 0.0482231 0.0544161 0.0612549 0.0687525 0.0769182 0.0857568 0.0952676 0.105444 0.116273 0.127736 0.139804 0.152444 0.165614 0.179265 0.193342 0.207781 0.222515 0.237469 0.252566 0.267722 0.282853 0.297872 0.312689 0.327217 0.341367 0.355054 0.368194 0.380707 0.392517 0.403551 0.413742 0.423029 0.431357 0.438676 0.444943 0.450121 0.454179 0.457095 0.458851 0.459438 0.458851 0.457095 0.454179 0.450121 0.444943 0.438676 0.431357 0.423029 0.413742 0.403551 0.392517 0.380707 0.368194 0.355054 0.341367 0.327217 0.312689 0.297872 0.282853 0.267722 0.252566 0.237469 0.222515 0.207781 0.193342 0.179265 0.165614 0.152444 0.139804 0.127736 0.116273 0.105444 0.0952676 0.0857568 0.0769182 0.0687525 0.0612549 0.0544161 0.0482231 0.0426598 0.0377081 0.0333485 0.0295609 0.0263256 0.023624 0.0214389 0.0197557 0.0185624 0.01785 
0.0189949 0.0192488 0.0200125 0.0212916 0.0230954 0.0254364 0.0283299 0.0317938 0.0358474 0.0405111 0.0458054 0.0517505 0.0583648 0.0656645 0.0736624 0.0823673 0.0917832 0.101908 0.112734 0.124246 0.136422 0.149232 0.162638 0.176596 0.191053 0.205948 0.221214 0.23678 0.252566 0.268489 0.284463 0.300397 0.3162 0.331779 0.347042 0.361898 0.376257 0.390033 0.403142 0.415506 0.427051 0.437709 0.447417 0.456117 0.46376 0.470302 0.475706 0.47994 0.482982 0.484814 0.485425 0.484814 0.482982 0.47994 0.475706 0.470302 0.46376 0.456117 0.447417 0.437709 0.427051 0.415506 0.403142 0.390033 0.376257 0.361898 0.347042 0.331779 0.3162 0.300397 0.284463 0.268489 0.252566 0.23678 0.221214 0.205948 0.191053 0.176596 0.162638 0.149232 0.136422 0.124246 0.112734 0.101908 0.0917832 0.0823673 0.0736624 0.0656645 0.0583648 0.0517505 0.0458054 0.0405111 0.0358474 0.0317938 0.0283299 0.0254364 0.0230954 0.0212916 0.0200125 0.0192488 
0.0204092 0.0206804 0.0214962 0.0228623 0.0247885 0.0272877 0.030376 0.0340716 0.0383947 0.0433662 0.0490073 0.0553384 0.0623783 0.0701432 0.0786456 0.0878937 0.0978905 0.108633 0.120111 0.132308 0.145198 0.15875 0.172923 0.187666 0.202925 0.218634 0.234723 0.251113 0.267722 0.284463 0.301243 0.317968 0.334542 0.35087 0.366853 0.382399 0.397414 0.411809 0.425498 0.438402 0.450443 0.461552 0.471666 0.480726 0.488681 0.495488 0.501109 0.505512 0.508674 0.510579 0.511215 0.510579 0.508674 0.505512 0.501109 0.495488 0.488681 0.480726 0.471666 0.461552 0.450443 0.438402 0.425498 0.411809 0.397414 0.382399 0.366853 0.35087 0.334542 0.317968 0.301243 0.284463 0.267722 0.251113 0.234723 0.218634 0.202925 0.187666 0.172923 0.15875 0.145198 0.132308 0.120111 0.108633 0.0978905 0.0878937 0.0786456 0.0701432 0.0623783 0.0553384 0.0490073 0.0433662 0.0383947 0.0340716 0.030376 0.0272877 0.0247885 0.0228623 0.0214962 0.0206804 
0.0218481 0.0221368 0.0230051 0.0244592 0.0265089 0.0291678 0.0324524 0.0363816 0.0409761 0.0462575 0.0522474 0.0589666 0.0664341 0.0746657 0.0836739 0.0934661 0.104044 0.115404 0.127533 0.140413 0.154015 0.168305 0.183238 0.198762 0.214815 0.23133 0.24823 0.265434 0.282853 0.300397 0.317968 0.335468 0.352796 0.369854 0.38654 0.402756 0.418408 0.433402 0.447652 0.461076 0.473594 0.485138 0.495641 0.505046 0.513301 0.520361 0.526189 0.530753 0.534031 0.536004 0.536663 0.536004 0.534031 0.530753 0.526189 0.520361 0.513301 0.505046 0.495641 0.485138 0.473594 0.461076 0.447652 0.433402 0.418408 0.402756 0.38654 0.369854 0.352796 0.335468 0.317968 0.300397 0.282853 0.265434 0.24823 0.23133 0.214815 0.198762 0.183238 0.168305 0.154015 0.140413 0.127533 0.115404 0.104044 0.0934661 0.0836739 0.0746657 0.0664341 0.0589666 0.0522474 0.0462575 0.0409761 0.0363816 0.0324524 0.0291678 0.0265089 0.0244592 0.0230051 0.0221368 
0.023303 0.0236093 0.0245304 0.0260726 0.0282462 0.0310652 0.0345465 0.0387098 0.0435761 0.0491676 0.0555064 0.0626135 0.0705078 0.0792052 0.0887176 0.0990516 0.110208 0.122181 0.134956 0.148513 0.162821 0.177841 0.193525 0.209818 0.226654 0.24396 0.261658 0.279659 0.297872 0.3162 0.334542 0.352796 0.370858 0.388624 0.405989 0.422854 0.439119 0.454691 0.46948 0.483401 0.496377 0.508336 0.51921 0.528943 0.537483 0.544783 0.550808 0.555525 0.558912 0.560951 0.561631 0.560951 0.558912 0.555525 0.550808 0.544783 0.537483 0.528943 0.51921 0.508336 0.496377 0.483401 0.46948 0.454691 0.439119 0.422854 0.405989 0.388624 0.370858 0.352796 0.334542 0.3162 0.297872 0.279659 0.261658 0.24396 0.226654 0.209818 0.193525 0.177841 0.162821 0.148513 0.134956 0.122181 0.110208 0.0990516 0.0887176 0.0792052 0.0705078 0.0626135 0.0555064 0.0491676 0.0435761 0.0387098 0.0345465 0.0310652 0.0282462 0.0260726 0.0245304 0.0236093 
0.0247645 0.0250883 0.026062 0.0276921 0.0299893 0.0329678 0.0366452 0.0410414 0.0461783 0.0520783 0.0587638 0.0662561 0.074574 0.0837333 0.0937452 0.104616 0.116344 0.128922 0.142336 0.15656 0.171561 0.187299 0.203721 0.220768 0.23837 0.256451 0.274926 0.293704 0.312689 0.331779 0.35087 0.369854 0.388624 0.407071 0.425091 0.442577 0.459431 0.475555 0.490858 0.505254 0.518665 0.531016 0.542243 0.552287 0.561094 0.568622 0.574831 0.579692 0.583182 0.585282 0.585983 0.585282 0.583182 0.579692 0.574831 0.568622 0.561094 0.552287 0.542243 0.531016 0.518665 0.505254 0.490858 0.475555 0.459431 0.442577 0.425091 0.407071 0.388624 0.369854 0.35087 0.331779 0.312689 0.293704 0.274926 0.256451 0.23837 0.220768 0.203721 0.187299 0.171561 0.15656 0.142336 0.128922 0.116344 0.104616 0.0937452 0.0837333 0.074574 0.0662561 0.0587638 0.0520783 0.0461783 0.0410414 0.0366452 0.0329678 0.0299893 0.0276921 0.026062 0.0250883 
0.0262227 0.0265639 0.0275898 0.0293069 0.0317264 0.0348629 0.0387343 0.0433611 0.0487654 0.0549702 0.0619981 0.0698705 0.0786062 0.0882206 0.0987242 0.110122 0.122412 0.135585 0.149624 0.164501 0.180182 0.196621 0.213763 0.231544 0.249892 0.268725 0.287955 0.307486 0.327217 0.347042 0.366853 0.38654 0.405989 0.425091 0.443735 0.461815 0.479229 0.495877 0.511668 0.526513 0.540334 0.553056 0.564614 0.574949 0.584008 0.591748 0.59813 0.603126 0.60671 0.608868 0.609588 0.608868 0.60671 0.603126 0.59813 0.591748 0.584008 0.574949 0.564614 0.553056 0.540334 0.526513 0.511668 0.495877 0.479229 0.461815 0.443735 0.425091 0.405989 0.38654 0.366853 0.347042 0.327217 0.307486 0.287955 0.268725 0.249892 0.231544 0.213763 0.196621 0.180182 0.164501 0.149624 0.135585 0.122412 0.110122 0.0987242 0.0882206 0.0786062 0.0698705 0.0619981 0.0549702 0.0487654 0.0433611 0.0387343 0.0348629 0.0317264 0.0293069 0.0275898 0.0265639 
0.0276673 0.0280256 0.0291027 0.0309056 0.0334454 0.0367371 0.0407992 0.0456525 0.0513195 0.0578234 0.0651872 0.0734322 0.0825771 0.0926368 0.103621 0.115534 0.128373 0.142126 0.156774 0.172287 0.188627 0.205747 0.223586 0.242079 0.261148 0.280707 0.300664 0.320919 0.341367 0.361898 0.382399 0.402756 0.422854 0.442577 0.461815 0.480458 0.498401 0.515545 0.531794 0.547062 0.561267 0.574336 0.586203 0.596809 0.606103 0.614039 0.620582 0.625702 0.629375 0.631585 0.632323 0.631585 0.629375 0.625702 0.620582 0.614039 0.606103 0.596809 0.586203 0.574336 0.561267 0.547062 0.531794 0.515545 0.498401 0.480458 0.461815 0.442577 0.422854 0.402756 0.382399 0.361898 0.341367 0.320919 0.300664 0.280707 0.261148 0.242079 0.223586 0.205747 0.188627 0.172287 0.156774 0.142126 0.128373 0.115534 0.103621 0.0926368 0.0825771 0.0734322 0.0651872 0.0578234 0.0513195 0.0456525 0.0407992 0.0367371 0.0334454 0.0309056 0.0291027 0.0280256 
0.0290874 0.0294623 0.0305896 0.0324761 0.0351334 0.0385768 0.0428249 0.0478991 0.0538222 0.0606176 0.0683084 0.076916 0.0864588 0.0969513 0.108403 0.120816 0.134186 0.1485 0.163737 0.179865 0.196842 0.214617 0.233129 0.252305 0.272066 0.292322 0.312975 0.333922 0.355054 0.376257 0.397414 0.418408 0.439119 0.459431 0.479229 0.498401 0.516842 0.534449 0.551127 0.566789 0.581352 0.594743 0.606897 0.617754 0.627263 0.635382 0.642072 0.647306 0.651061 0.65332 0.654074 0.65332 0.651061 0.647306 0.642072 0.635382 0.627263 0.617754 0.606897 0.594743 0.581352 0.566789 0.551127 0.534449 0.516842 0.498401 0.479229 0.459431 0.439119 0.418408 0.397414 0.376257 0.355054 0.333922 0.312975 0.292322 0.272066 0.252305 0.233129 0.214617 0.196842 0.179865 0.163737 0.1485 0.134186 0.120816 0.108403 0.0969513 0.0864588 0.076916 0.0683084 0.0606176 0.0538222 0.0478991 0.0428249 0.0385768 0.0351334 0.0324761 0.0305896 0.0294623 
0.030472 0.0308632 0.0320389 0.0340065 0.0367776 0.0403678 0.0447961 0.0500841 0.0562548 0.0633321 0.0713389 0.0802967 0.0902235 0.101133 0.113035 0.125929 0.13981 0.154664 0.170467 0.187183 0.204771 0.223174 0.242327 0.262157 0.282577 0.303495 0.32481 0.346415 0.368194 0.390033 0.411809 0.433402 0.454691 0.475555 0.495877 0.515545 0.534449 0.552487 0.569564 0.58559 0.600484 0.614172 0.626589 0.637677 0.647384 0.655668 0.662494 0.667832 0.671661 0.673964 0.674733 0.673964 0.671661 0.667832 0.662494 0.655668 0.647384 0.637677 0.626589 0.614172 0.600484 0.58559 0.569564 0.552487 0.534449 0.515545 0.495877 0.475555 0.454691 0.433402 0.411809 0.390033 0.368194 0.346415 0.32481 0.303495 0.282577 0.262157 0.242327 0.223174 0.204771 0.187183 0.170467 0.154664 0.13981 0.125929 0.113035 0.101133 0.0902235 0.0802967 0.0713389 0.0633321 0.0562548 0.0500841 0.0447961 0.0403678 0.0367776 0.0340065 0.0320389 0.0308632 
0.0318101 0.0322168 0.0334392 0.0354847 0.0383651 0.0420962 0.0466975 0.0521906 0.0585989 0.0659463 0.0742559 0.083549 0.0938433 0.105152 0.117483 0.130837 0.145206 0.160574 0.176915 0.194193 0.21236 0.231359 0.251121 0.271568 0.292613 0.314157 0.336096 0.358318 0.380707 0.403142 0.425498 0.447652 0.46948 0.490858 0.511668 0.531794 0.551127 0.569564 0.587007 0.603368 0.618566 0.632526 0.645183 0.65648 0.666367 0.674802 0.68175 0.687182 0.691078 0.693421 0.694203 0.693421 0.691078 0.687182 0.68175 0.674802 0.666367 0.65648 0.645183 0.632526 0.618566 0.603368 0.587007 0.569564 0.551127 0.531794 0.511668 0.490858 0.46948 0.447652 0.425498 0.403142 0.380707 0.358318 0.336096 0.314157 0.292613 0.271568 0.251121 0.231359 0.21236 0.194193 0.176915 0.160574 0.145206 0.130837 0.117483 0.105152 0.0938433 0.083549 0.0742559 0.0659463 0.0585989 0.0521906 0.0466975 0.0420962 0.0383651 0.0354847 0.0334392 0.0322168 
0.0330906 0.033512 0.0347788 0.0368984 0.0398828 0.0437481 0.0485137 0.0542018 0.0608359 0.0684399 0.077037 0.0866481 0.0972908 0.108978 0.121716 0.135505 0.150335 0.166189 0.183038 0.200844 0.219557 0.239116 0.259451 0.280478 0.302108 0.324238 0.34676 0.36956 0.392517 0.415506 0.438402 0.461076 0.483401 0.505254 0.526513 0.547062 0.566789 0.58559 0.603368 0.620035 0.635507 0.649714 0.662588 0.674075 0.684124 0.692694 0.699752 0.705268 0.709224 0.711602 0.712396 0.711602 0.709224 0.705268 0.699752 0.692694 0.684124 0.674075 0.662588 0.649714 0.635507 0.620035 0.603368 0.58559 0.566789 0.547062 0.526513 0.505254 0.483401 0.461076 0.438402 0.415506 0.392517 0.36956 0.34676 0.324238 0.302108 0.280478 0.259451 0.239116 0.219557 0.200844 0.183038 0.166189 0.150335 0.135505 0.121716 0.108978 0.0972908 0.0866481 0.077037 0.0684399 0.0608359 0.0542018 0.0485137 0.0437481 0.0398828 0.0368984 0.0347788 0.033512 
0.0343026 0.0347379 0.0360465 0.0382359 0.0413182 0.0453097 0.0502301 0.0561016 0.0629479 0.0707931 0.0796602 0.08957 0.10054 0.112581 0.125701 0.139897 0.155159 0.171467 0.188791 0.20709 0.226312 0.246394 0.267261 0.288828 0.311 0.333673 0.356736 0.38007 0.403551 0.427051 0.450443 0.473594 0.496377 0.518665 0.540334 0.561267 0.581352 0.600484 0.618566 0.635507 0.651228 0.665656 0.678725 0.690381 0.700575 0.709266 0.71642 0.722012 0.72602 0.728431 0.729235 0.728431 0.72602 0.722012 0.71642 0.709266 0.700575 0.690381 0.678725 0.665656 0.651228 0.635507 0.618566 0.600484 0.581352 0.561267 0.540334 0.518665 0.496377 0.473594 0.450443 0.427051 0.403551 0.38007 0.356736 0.333673 0.311 0.288828 0.267261 0.246394 0.226312 0.20709 0.188791 0.171467 0.155159 0.139897 0.125701 0.112581 0.10054 0.08957 0.0796602 0.0707931 0.0629479 0.0561016 0.0502301 0.0453097 0.0413182 0.0382359 0.0360465 0.0347379 
