0.000108078 0.000111204 0.000120684 0.000136831 0.000160167 0.000191423 0.000231536 0.000281654 0.000343128 0.000417509 0.000506539 0.000612138 0.000736389 0.000881515 0.00104985 0.0012438 0.00146582 0.00171834 0.00200372 0.0023242 0.00268182 0.00307837 0.0035153 0.00399365 0.004514 0.00507638 0.00568021 0.00632428 0.00700667 0.00772472 0.00847506 0.00925355 0.0100554 0.0108749 0.011706 0.012542 0.0133755 0.0141989 0.0150043 0.0157837 0.0165288 0.0172318 0.0178848 0.0184804 0.0190119 0.0194729 0.0198579 0.0201624 0.0203826 0.0205158 0.0205603 0.0205158 0.0203826 0.0201624 0.0198579 0.0194729 0.0190119 0.0184804 0.0178848 0.0172318 0.0165288 0.0157837 0.0150043 0.0141989 0.0133755 0.012542 0.011706 0.0108749 0.0100554 0.00925355 0.00847506 0.00772472 0.00700667 0.00632428 0.00568021 0.00507638 0.004514 0.00399365 0.0035153 0.00307837 0.00268182 0.0023242 0.00200372 0.00171834 0.00146582 0.0012438 0.00104985 0.000881515 0.000736389 0.000612138 0.000506539 0.000417509 0.000343128 0.000281654 0.000231536 0.000191423 0.000160167 0.000136831 0.000120684 0.000111204 
0.000111204 0.000114414 0.00012415 0.000140733 0.000164696 0.000196786 0.000237965 0.000289406 0.000352491 0.000428805 0.00052013 0.000628427 0.000755826 0.000904594 0.00107711 0.00127585 0.00150328 0.0017619 0.0020541 0.00238218 0.00274819 0.00315396 0.00360094 0.0040902 0.00462229 0.00519724 0.00581444 0.00647264 0.00716985 0.00790337 0.00866972 0.00946469 0.0102833 0.0111199 0.0119682 0.0128213 0.0136717 0.0145118 0.0153333 0.0161282 0.0168881 0.0176049 0.0182707 0.018878 0.0194198 0.0198897 0.0202822 0.0205925 0.020817 0.0209527 0.0209982 0.0209527 0.020817 0.0205925 0.0202822 0.0198897 0.0194198 0.018878 0.0182707 0.0176049 0.0168881 0.0161282 0.0153333 0.0145118 0.0136717 0.0128213 0.0119682 0.0111199 0.0102833 0.00946469 0.00866972 0.00790337 0.00716985 0.00647264 0.00581444 0.00519724 0.00462229 0.0040902 0.00360094 0.00315396 0.00274819 0.00238218 0.0020541 0.0017619 0.00150328 0.00127585 0.00107711 0.000904594 0.000755826 0.000628427 0.00052013 0.000428805 0.000352491 0.000289406 0.000237965 0.000196786 0.000164696 0.000140733 0.00012415 0.000114414 
0.000120684 0.00012415 0.000134662 0.000152564 0.000178425 0.000213045 0.000257451 0.000312897 0.000380857 0.000463024 0.000561294 0.000677758 0.000814677 0.000974463 0.00115964 0.00137282 0.00161663 0.00189369 0.00220653 0.00255755 0.00294892 0.00338251 0.00385986 0.00438203 0.00494958 0.00556247 0.00622003 0.00692085 0.0076628 0.00844296 0.00925761 0.0101022 0.0109716 0.0118596 0.0127596 0.0136642 0.0145657 0.0154558 0.0163261 0.0171677 0.0179721 0.0187306 0.019435 0.0200773 0.0206502 0.021147 0.0215619 0.0218899 0.022127 0.0222705 0.0223185 0.0222705 0.022127 0.0218899 0.0215619 0.021147 0.0206502 0.0200773 0.019435 0.0187306 0.0179721 0.0171677 0.0163261 0.0154558 0.0145657 0.0136642 0.0127596 0.0118596 0.0109716 0.0101022 0.00925761 0.00844296 0.0076628 0.00692085 0.00622003 0.00556247 0.00494958 0.00438203 0.00385986 0.00338251 0.00294892 0.00255755 0.00220653 0.00189369 0.00161663 0.00137282 0.00115964 0.000974463 0.000814677 0.000677758 0.000561294 0.000463024 0.000380857 0.000312897 0.000257451 0.000213045 0.000178425 0.000152564 0.000134662 0.00012415 
0.000136831 0.000140733 0.000152564 0.000172705 0.00020179 0.000240705 0.00029059 0.000352833 0.000429066 0.000521159 0.000631207 0.000761513 0.000914567 0.00109302 0.00129963 0.00153726 0.00180878 0.00211704 0.00246478 0.00285458 0.00328879 0.0037694 0.00429802 0.00487575 0.00550312 0.00618002 0.00690561 0.00767828 0.00849562 0.00935434 0.0102503 0.0111785 0.0121332 0.0131077 0.0140946 0.015086 0.0160733 0.0170476 0.0179996 0.0189198 0.0197988 0.0206274 0.0213965 0.0220975 0.0227226 0.0232646 0.023717 0.0240747 0.0243332 0.0244896 0.024542 0.0244896 0.0243332 0.0240747 0.023717 0.0232646 0.0227226 0.0220975 0.0213965 0.0206274 0.0197988 0.0189198 0.0179996 0.0170476 0.0160733 0.015086 0.0140946 0.0131077 0.0121332 0.0111785 0.0102503 0.00935434 0.00849562 0.00767828 0.00690561 0.00618002 0.00550312 0.00487575 0.00429802 0.0037694 0.00328879 0.00285458 0.00246478 0.00211704 0.00180878 0.00153726 0.00129963 0.00109302 0.000914567 0.000761513 0.000631207 0.000521159 0.000429066 0.000352833 0.00029059 0.000240705 0.00020179 0.000172705 0.000152564 0.000140733 
0.000160167 0.000164696 0.000178425 0.00020179 0.000235514 0.000280609 0.000338373 0.000410388 0.00049851 0.000604862 0.000731821 0.000881993 0.00105819 0.0012634 0.00150073 0.00177338 0.00208457 0.00243746 0.0028351 0.00328034 0.00377574 0.00432348 0.00492526 0.00558223 0.00629487 0.00706295 0.00788542 0.00876035 0.00968492 0.0106553 0.0116669 0.0127139 0.0137897 0.0148869 0.0159971 0.0171115 0.0182205 0.019314 0.0203817 0.0214132 0.0223979 0.0233255 0.0241862 0.0249703 0.0256692 0.026275 0.0267805 0.0271801 0.0274689 0.0276436 0.027702 0.0276436 0.0274689 0.0271801 0.0267805 0.026275 0.0256692 0.0249703 0.0241862 0.0233255 0.0223979 0.0214132 0.0203817 0.019314 0.0182205 0.0171115 0.0159971 0.0148869 0.0137897 0.0127139 0.0116669 0.0106553 0.00968492 0.00876035 0.00788542 0.00706295 0.00629487 0.00558223 0.00492526 0.00432348 0.00377574 0.00328034 0.0028351 0.00243746 0.00208457 0.00177338 0.00150073 0.0012634 0.00105819 0.000881993 0.000731821 0.000604862 0.00049851 0.000410388 0.000338373 0.000280609 0.000235514 0.00020179 0.000178425 0.000164696 
0.000191423 0.000196786 0.000213045 0.000240705 0.000280609 0.000333932 0.000402184 0.0004872 0.00059113 0.000716434 0.000865853 0.00104239 0.00124929 0.00148998 0.001768 0.00208702 0.00245069 0.00286259 0.00332616 0.0038446 0.00442074 0.00505697 0.00575515 0.00651645 0.0073413 0.00822927 0.00917904 0.0101883 0.0112535 0.0123705 0.0135335 0.014736 0.0159704 0.0172281 0.0184996 0.0197747 0.0210425 0.0222917 0.0235105 0.024687 0.0258095 0.0268663 0.0278462 0.0287385 0.0295336 0.0302223 0.030797 0.0312511 0.0315792 0.0317777 0.0318441 0.0317777 0.0315792 0.0312511 0.030797 0.0302223 0.0295336 0.0287385 0.0278462 0.0268663 0.0258095 0.024687 0.0235105 0.0222917 0.0210425 0.0197747 0.0184996 0.0172281 0.0159704 0.014736 0.0135335 0.0123705 0.0112535 0.0101883 0.00917904 0.00822927 0.0073413 0.00651645 0.00575515 0.00505697 0.00442074 0.0038446 0.00332616 0.00286259 0.00245069 0.00208702 0.001768 0.00148998 0.00124929 0.00104239 0.000865853 0.000716434 0.00059113 0.0004872 0.000402184 0.000333932 0.000280609 0.000240705 0.000213045 0.000196786 
0.000231536 0.000237965 0.000257451 0.00029059 0.000338373 0.000402184 0.000483797 0.000585365 0.000709411 0.000858811 0.00103677 0.0012468 0.00149265 0.0017783 0.00210788 0.00248559 0.00291563 0.0034021 0.00394893 0.0045597 0.00523762 0.00598533 0.00680481 0.0076973 0.00866311 0.0097016 0.010811 0.0119885 0.0132301 0.0145303 0.0158827 0.0172795 0.0187119 0.0201699 0.0216425 0.0231178 0.0245834 0.0260262 0.0274329 0.0287897 0.0300833 0.0313004 0.0324283 0.033455 0.0343692 0.0351609 0.0358213 0.0363429 0.0367198 0.0369477 0.0370239 0.0369477 0.0367198 0.0363429 0.0358213 0.0351609 0.0343692 0.033455 0.0324283 0.0313004 0.0300833 0.0287897 0.0274329 0.0260262 0.0245834 0.0231178 0.0216425 0.0201699 0.0187119 0.0172795 0.0158827 0.0145303 0.0132301 0.0119885 0.010811 0.0097016 0.00866311 0.0076973 0.00680481 0.00598533 0.00523762 0.0045597 0.00394893 0.0034021 0.00291563 0.00248559 0.00210788 0.0017783 0.00149265 0.0012468 0.00103677 0.000858811 0.000709411 0.000585365 0.000483797 0.000402184 0.000338373 0.00029059 0.000257451 0.000237965 
0.000281654 0.000289406 0.000312897 0.000352833 0.000410388 0.0004872 0.000585365 0.000707426 0.00085636 0.00103555 0.00124877 0.00150012 0.00179401 0.00213508 0.00252812 0.00297801 0.0034896 0.00406761 0.00471653 0.00544044 0.00624293 0.00712694 0.00809463 0.00914723 0.0102849 0.0115068 0.0128105 0.0141926 0.0156482 0.0171709 0.0187529 0.0203852 0.0220572 0.0237574 0.0254729 0.02719 0.0288943 0.0305706 0.0322036 0.0337775 0.0352771 0.036687 0.0379929 0.0391808 0.0402382 0.0411535 0.0419167 0.0425194 0.0429547 0.0432179 0.043306 0.0432179 0.0429547 0.0425194 0.0419167 0.0411535 0.0402382 0.0391808 0.0379929 0.036687 0.0352771 0.0337775 0.0322036 0.0305706 0.0288943 0.02719 0.0254729 0.0237574 0.0220572 0.0203852 0.0187529 0.0171709 0.0156482 0.0141926 0.0128105 0.0115068 0.0102849 0.00914723 0.00809463 0.00712694 0.00624293 0.00544044 0.00471653 0.00406761 0.0034896 0.00297801 0.00252812 0.00213508 0.00179401 0.00150012 0.00124877 0.00103555 0.00085636 0.000707426 0.000585365 0.0004872 0.000410388 0.000352833 0.000312897 0.000289406 
0.000343128 0.000352491 0.000380857 0.000429066 0.00049851 0.00059113 0.000709411 0.00085636 0.00103549 0.00125081 0.00150673 0.0018081 0.00216007 0.00256806 0.00303768 0.00357457 0.00418436 0.00487249 0.00564408 0.00650379 0.00745565 0.00850293 0.00964793 0.0108919 0.0122348 0.0136753 0.0152105 0.0168362 0.0185462 0.0203331 0.0221875 0.0240988 0.0260546 0.0280413 0.0300439 0.0320465 0.0340323 0.0359838 0.0378833 0.0397128 0.0414546 0.0430912 0.044606 0.0459834 0.0472088 0.0482691 0.0491529 0.0498505 0.0503544 0.050659 0.0507609 0.050659 0.0503544 0.0498505 0.0491529 0.0482691 0.0472088 0.0459834 0.044606 0.0430912 0.0414546 0.0397128 0.0378833 0.0359838 0.0340323 0.0320465 0.0300439 0.0280413 0.0260546 0.0240988 0.0221875 0.0203331 0.0185462 0.0168362 0.0152105 0.0136753 0.0122348 0.0108919 0.00964793 0.00850293 0.00745565 0.00650379 0.00564408 0.00487249 0.00418436 0.00357457 0.00303768 0.00256806 0.00216007 0.0018081 0.00150673 0.00125081 0.00103549 0.00085636 0.000709411 0.00059113 0.00049851 0.000429066 0.000380857 0.000352491 
0.000417509 0.000428805 0.000463024 0.000521159 0.000604862 0.000716434 0.000858811 0.00103555 0.00125081 0.00150928 0.00181619 0.0021772 0.00259837 0.00308601 0.00364666 0.00428686 0.00501313 0.00583172 0.00674848 0.0077687 0.00889691 0.0101367 0.0114905 0.0129596 0.0145436 0.0162407 0.0180474 0.0199581 0.0219658 0.0240613 0.0262337 0.0284701 0.0307563 0.0330762 0.0354124 0.0377464 0.0400586 0.0423291 0.0445371 0.0466622 0.0486838 0.0505822 0.0523383 0.0539341 0.0553531 0.0565805 0.0576032 0.0584103 0.0589931 0.0593453 0.0594632 0.0593453 0.0589931 0.0584103 0.0576032 0.0565805 0.0553531 0.0539341 0.0523383 0.0505822 0.0486838 0.0466622 0.0445371 0.0423291 0.0400586 0.0377464 0.0354124 0.0330762 0.0307563 0.0284701 0.0262337 0.0240613 0.0219658 0.0199581 0.0180474 0.0162407 0.0145436 0.0129596 0.0114905 0.0101367 0.00889691 0.0077687 0.00674848 0.00583172 0.00501313 0.00428686 0.00364666 0.00308601 0.00259837 0.0021772 0.00181619 0.00150928 0.00125081 0.00103555 0.000858811 0.000716434 0.000604862 0.000521159 0.000463024 0.000428805 
0.000506539 0.00052013 0.000561294 0.000631207 0.000731821 0.000865853 0.00103677 0.00124877 0.00150673 0.00181619 0.00218326 0.00261459 0.00311723 0.00369856 0.00436614 0.00512757 0.00599035 0.00696163 0.00804811 0.00925574 0.0105896 0.0120536 0.0136504 0.0153809 0.0172447 0.0192392 0.0213598 0.0236001 0.0259514 0.0284027 0.0309411 0.0335516 0.0362173 0.0389195 0.041638 0.0443513 0.047037 0.0496717 0.0522319 0.054694 0.0570346 0.059231 0.0612615 0.0631057 0.0647448 0.0661619 0.0673422 0.0682735 0.0689458 0.0693521 0.069488 0.0693521 0.0689458 0.0682735 0.0673422 0.0661619 0.0647448 0.0631057 0.0612615 0.059231 0.0570346 0.054694 0.0522319 0.0496717 0.047037 0.0443513 0.041638 0.0389195 0.0362173 0.0335516 0.0309411 0.0284027 0.0259514 0.0236001 0.0213598 0.0192392 0.0172447 0.0153809 0.0136504 0.0120536 0.0105896 0.00925574 0.00804811 0.00696163 0.00599035 0.00512757 0.00436614 0.00369856 0.00311723 0.00261459 0.00218326 0.00181619 0.00150673 0.00124877 0.00103677 0.000865853 0.000731821 0.000631207 0.000561294 0.00052013 
0.000612138 0.000628427 0.000677758 0.000761513 0.000881993 0.00104239 0.0012468 0.00150012 0.0018081 0.0021772 0.00261459 0.00312799 0.00372564 0.00441607 0.00520803 0.0061103 0.00713145 0.00827967 0.00956254 0.0109868 0.0125579 0.0142804 0.0161567 0.0181879 0.0203728 0.0227081 0.0251883 0.0278053 0.0305487 0.0334057 0.0363608 0.0393967 0.0424933 0.0456292 0.0487808 0.0519234 0.0550311 0.0580771 0.0610345 0.0638763 0.0665759 0.0691075 0.0714464 0.0735695 0.0754555 0.0770854 0.0784425 0.0795129 0.0802855 0.0807524 0.0809085 0.0807524 0.0802855 0.0795129 0.0784425 0.0770854 0.0754555 0.0735695 0.0714464 0.0691075 0.0665759 0.0638763 0.0610345 0.0580771 0.0550311 0.0519234 0.0487808 0.0456292 0.0424933 0.0393967 0.0363608 0.0334057 0.0305487 0.0278053 0.0251883 0.0227081 0.0203728 0.0181879 0.0161567 0.0142804 0.0125579 0.0109868 0.00956254 0.00827967 0.00713145 0.0061103 0.00520803 0.00441607 0.00372564 0.00312799 0.00261459 0.0021772 0.0018081 0.00150012 0.0012468 0.00104239 0.000881993 0.000761513 0.000677758 0.000628427 
0.000736389 0.000755826 0.000814677 0.000914567 0.00105819 0.00124929 0.00149265 0.00179401 0.00216007 0.00259837 0.00311723 0.00372564 0.0044331 0.00524949 0.00618489 0.00724933 0.00845262 0.00980405 0.0113122 0.0129844 0.0148271 0.0168446 0.0190398 0.0214133 0.0239633 0.0266857 0.0295735 0.032617 0.0358039 0.0391188 0.0425439 0.0460585 0.0496398 0.0532625 0.0568998 0.0605231 0.0641028 0.0676083 0.0710089 0.074274 0.0773734 0.0802779 0.0829595 0.0853924 0.0875526 0.0894185 0.0909717 0.0921963 0.09308 0.0936138 0.0937924 0.0936138 0.09308 0.0921963 0.0909717 0.0894185 0.0875526 0.0853924 0.0829595 0.0802779 0.0773734 0.074274 0.0710089 0.0676083 0.0641028 0.0605231 0.0568998 0.0532625 0.0496398 0.0460585 0.0425439 0.0391188 0.0358039 0.032617 0.0295735 0.0266857 0.0239633 0.0214133 0.0190398 0.0168446 0.0148271 0.0129844 0.0113122 0.00980405 0.00845262 0.00724933 0.00618489 0.00524949 0.0044331 0.00372564 0.00311723 0.00259837 0.00216007 0.00179401 0.00149265 0.00124929 0.00105819 0.000914567 0.000814677 0.000755826 
0.000881515 0.000904594 0.000974463 0.00109302 0.0012634 0.00148998 0.0017783 0.00213508 0.00256806 0.00308601 0.00369856 0.00441607 0.00524949 0.00621018 0.00730966 0.00855938 0.00997047 0.0115534 0.0133177 0.0152718 0.0174223 0.0197742 0.02233 0.02509 0.0280517 0.0312098 0.0345558 0.038078 0.0417619 0.0455893 0.0495393 0.0535882 0.0577092 0.0618736 0.0660504 0.070207 0.0743095 0.0783235 0.082214 0.0859463 0.0894865 0.0928017 0.0958607 0.0986342 0.101096 0.103221 0.104989 0.106383 0.107388 0.107996 0.108199 0.107996 0.107388 0.106383 0.104989 0.103221 0.101096 0.0986342 0.0958607 0.0928017 0.0894865 0.0859463 0.082214 0.0783235 0.0743095 0.070207 0.0660504 0.0618736 0.0577092 0.0535882 0.0495393 0.0455893 0.0417619 0.038078 0.0345558 0.0312098 0.0280517 0.02509 0.02233 0.0197742 0.0174223 0.0152718 0.0133177 0.0115534 0.00997047 0.00855938 0.00730966 0.00621018 0.00524949 0.00441607 0.00369856 0.00308601 0.00256806 0.00213508 0.0017783 0.00148998 0.0012634 0.00109302 0.000974463 0.000904594 
0.00104985 0.00107711 0.00115964 0.00129963 0.00150073 0.001768 0.00210788 0.00252812 0.00303768 0.00364666 0.00436614 0.00520803 0.00618489 0.00730966 0.00859547 0.0100553 0.0117017 0.0135464 0.0156 0.0178717 0.0203688 0.0230963 0.0260568 0.0292499 0.0326721 0.0363168 0.0401737 0.0442289 0.048465 0.0528612 0.0573929 0.0620327 0.06675 0.0715117 0.0762825 0.0810255 0.0857022 0.0902736 0.0947005 0.0989439 0.102966 0.106729 0.110199 0.113344 0.116133 0.11854 0.120542 0.12212 0.123258 0.123945 0.124174 0.123945 0.123258 0.12212 0.120542 0.11854 0.116133 0.113344 0.110199 0.106729 0.102966 0.0989439 0.0947005 0.0902736 0.0857022 0.0810255 0.0762825 0.0715117 0.06675 0.0620327 0.0573929 0.0528612 0.048465 0.0442289 0.0401737 0.0363168 0.0326721 0.0292499 0.0260568 0.0230963 0.0203688 0.0178717 0.0156 0.0135464 0.0117017 0.0100553 0.00859547 0.00730966 0.00618489 0.00520803 0.00436614 0.00364666 0.00303768 0.00252812 0.00210788 0.001768 0.00150073 0.00129963 0.00115964 0.00107711 
0.0012438 0.00127585 0.00137282 0.00153726 0.00177338 0.00208702 0.00248559 0.00297801 0.00357457 0.00428686 0.00512757 0.0061103 0.00724933 0.00855938 0.0100553 0.0117517 0.0136626 0.0158012 0.0181791 0.0208063 0.0236907 0.0268373 0.0302484 0.0339231 0.0378566 0.0420406 0.0464628 0.0511067 0.0559519 0.0609741 0.0661452 0.0714333 0.0768038 0.0822188 0.0876384 0.0930207 0.0983225 0.1035 0.108509 0.113307 0.11785 0.122098 0.126013 0.129558 0.1327 0.135411 0.137665 0.13944 0.14072 0.141493 0.141752 0.141493 0.14072 0.13944 0.137665 0.135411 0.1327 0.129558 0.126013 0.122098 0.11785 0.113307 0.108509 0.1035 0.0983225 0.0930207 0.0876384 0.0822188 0.0768038 0.0714333 0.0661452 0.0609741 0.0559519 0.0511067 0.0464628 0.0420406 0.0378566 0.0339231 0.0302484 0.0268373 0.0236907 0.0208063 0.0181791 0.0158012 0.0136626 0.0117517 0.0100553 0.00855938 0.00724933 0.0061103 0.00512757 0.00428686 0.00357457 0.00297801 0.00248559 0.00208702 0.00177338 0.00153726 0.00137282 0.00127585 
0.00146582 0.00150328 0.00161663 0.00180878 0.00208457 0.00245069 0.00291563 0.0034896 0.00418436 0.00501313 0.00599035 0.00713145 0.00845262 0.00997047 0.0117017 0.0136626 0.0158689 0.0183351 0.021074 0.0240963 0.0274103 0.0310212 0.0349308 0.039137 0.043634 0.0484114 0.0534544 0.0587437 0.0642555 0.0699617 0.07583 0.0818241 0.0879044 0.0940283 0.100151 0.106224 0.112201 0.118032 0.123668 0.129061 0.134164 0.138932 0.143322 0.147295 0.150816 0.153851 0.156373 0.158359 0.159791 0.160656 0.160945 0.160656 0.159791 0.158359 0.156373 0.153851 0.150816 0.147295 0.143322 0.138932 0.134164 0.129061 0.123668 0.118032 0.112201 0.106224 0.100151 0.0940283 0.0879044 0.0818241 0.07583 0.0699617 0.0642555 0.0587437 0.0534544 0.0484114 0.043634 0.039137 0.0349308 0.0310212 0.0274103 0.0240963 0.021074 0.0183351 0.0158689 0.0136626 0.0117017 0.00997047 0.00845262 0.00713145 0.00599035 0.00501313 0.00418436 0.0034896 0.00291563 0.00245069 0.00208457 0.00180878 0.00161663 0.00150328 
0.00171834 0.0017619 0.00189369 0.00211704 0.00243746 0.00286259 0.0034021 0.00406761 0.00487249 0.00583172 0.00696163 0.00827967 0.00980405 0.0115534 0.0135464 0.0158012 0.0183351 0.0211641 0.024302 0.0277604 0.0315479 0.0356695 0.0401263 0.0449154 0.0500289 0.0554544 0.0611743 0.067166 0.073402 0.07985 0.0864729 0.0932296 0.100075 0.106962 0.11384 0.120655 0.127354 0.133884 0.140189 0.146216 0.151915 0.157235 0.162131 0.166558 0.170479 0.173857 0.176664 0.178873 0.180465 0.181426 0.181747 0.181426 0.180465 0.178873 0.176664 0.173857 0.170479 0.166558 0.162131 0.157235 0.151915 0.146216 0.140189 0.133884 0.127354 0.120655 0.11384 0.106962 0.100075 0.0932296 0.0864729 0.07985 0.073402 0.067166 0.0611743 0.0554544 0.0500289 0.0449154 0.0401263 0.0356695 0.0315479 0.0277604 0.024302 0.0211641 0.0183351 0.0158012 0.0135464 0.0115534 0.00980405 0.00827967 0.00696163 0.00583172 0.00487249 0.00406761 0.0034021 0.00286259 0.00243746 0.00211704 0.00189369 0.0017619 
0.00200372 0.0020541 0.00220653 0.00246478 0.0028351 0.00332616 0.00394893 0.00471653 0.00564408 0.00674848 0.00804811 0.00956254 0.0113122 0.0133177 0.0156 0.0181791 0.021074 0.024302 0.0278782 0.0318147 0.0361204 0.0407999 0.0458536 0.0512771 0.0570606 0.063189 0.0696417 0.0763924 0.0834094 0.0906557 0.0980893 0.105664 0.113329 0.121031 0.128713 0.136318 0.143785 0.151055 0.158068 0.164767 0.171094 0.176996 0.182423 0.187328 0.191669 0.195407 0.198511 0.200954 0.202714 0.203776 0.204131 0.203776 0.202714 0.200954 0.198511 0.195407 0.191669 0.187328 0.182423 0.176996 0.171094 0.164767 0.158068 0.151055 0.143785 0.136318 0.128713 0.121031 0.113329 0.105664 0.0980893 0.0906557 0.0834094 0.0763924 0.0696417 0.063189 0.0570606 0.0512771 0.0458536 0.0407999 0.0361204 0.0318147 0.0278782 0.024302 0.021074 0.0181791 0.0156 0.0133177 0.0113122 0.00956254 0.00804811 0.00674848 0.00564408 0.00471653 0.00394893 0.00332616 0.0028351 0.00246478 0.00220653 0.0020541 
0.0023242 0.00238218 0.00255755 0.00285458 0.00328034 0.0038446 0.0045597 0.00544044 0.00650379 0.0077687 0.00925574 0.0109868 0.0129844 0.0152718 0.0178717 0.0208063 0.0240963 0.0277604 0.0318147 0.0362719 0.0411409 0.0464259 0.0521261 0.0582355 0.064742 0.0716276 0.078868 0.0864329 0.0942861 0.102385 0.110684 0.119128 0.127664 0.13623 0.144764 0.153201 0.161477 0.169526 0.177283 0.184685 0.19167 0.19818 0.204162 0.209564 0.214342 0.218454 0.221867 0.224552 0.226486 0.227653 0.228044 0.227653 0.226486 0.224552 0.221867 0.218454 0.214342 0.209564 0.204162 0.19818 0.19167 0.184685 0.177283 0.169526 0.161477 0.153201 0.144764 0.13623 0.127664 0.119128 0.110684 0.102385 0.0942861 0.0864329 0.078868 0.0716276 0.064742 0.0582355 0.0521261 0.0464259 0.0411409 0.0362719 0.0318147 0.0277604 0.0240963 0.0208063 0.0178717 0.0152718 0.0129844 0.0109868 0.00925574 0.0077687 0.00650379 0.00544044 0.0045597 0.0038446 0.00328034 0.00285458 0.00255755 0.00238218 
0.00268182 0.00274819 0.00294892 0.00328879 0.00377574 0.00442074 0.00523762 0.00624293 0.00745565 0.00889691 0.0105896 0.0125579 0.0148271 0.0174223 0.0203688 0.0236907 0.0274103 0.0315479 0.0361204 0.0411409 0.0466182 0.0525558 0.0589517 0.0657977 0.073079 0.0807744 0.0888557 0.097288 0.10603 0.115034 0.124248 0.133612 0.143064 0.152539 0.161967 0.171277 0.180399 0.189261 0.197792 0.205924 0.213592 0.220732 0.227287 0.233203 0.238431 0.242929 0.24666 0.249594 0.251707 0.252982 0.253408 0.252982 0.251707 0.249594 0.24666 0.242929 0.238431 0.233203 0.227287 0.220732 0.213592 0.205924 0.197792 0.189261 0.180399 0.171277 0.161967 0.152539 0.143064 0.133612 0.124248 0.115034 0.10603 0.097288 0.0888557 0.0807744 0.073079 0.0657977 0.0589517 0.0525558 0.0466182 0.0411409 0.0361204 0.0315479 0.0274103 0.0236907 0.0203688 0.0174223 0.0148271 0.0125579 0.0105896 0.00889691 0.00745565 0.00624293 0.00523762 0.00442074 0.00377574 0.00328879 0.00294892 0.00274819 
0.00307837 0.00315396 0.00338251 0.0037694 0.00432348 0.00505697 0.00598533 0.00712694 0.00850293 0.0101367 0.0120536 0.0142804 0.0168446 0.0197742 0.0230963 0.0268373 0.0310212 0.0356695 0.0407999 0.0464259 0.0525558 0.0591923 0.0663317 0.0739633 0.0820695 0.0906251 0.0995978 0.108948 0.118628 0.128585 0.138761 0.149089 0.159501 0.169924 0.180283 0.1905 0.200499 0.210202 0.219532 0.228418 0.236787 0.244574 0.251716 0.258157 0.263846 0.268738 0.272793 0.275981 0.278276 0.27966 0.280123 0.27966 0.278276 0.275981 0.272793 0.268738 0.263846 0.258157 0.251716 0.244574 0.236787 0.228418 0.219532 0.210202 0.200499 0.1905 0.180283 0.169924 0.159501 0.149089 0.138761 0.128585 0.118628 0.108948 0.0995978 0.0906251 0.0820695 0.0739633 0.0663317 0.0591923 0.0525558 0.0464259 0.0407999 0.0356695 0.0310212 0.0268373 0.0230963 0.0197742 0.0168446 0.0142804 0.0120536 0.0101367 0.00850293 0.00712694 0.00598533 0.00505697 0.00432348 0.0037694 0.00338251 0.00315396 
0.0035153 0.00360094 0.00385986 0.00429802 0.00492526 0.00575515 0.00680481 0.00809463 0.00964793 0.0114905 0.0136504 0.0161567 0.0190398 0.02233 0.0260568 0.0302484 0.0349308 0.0401263 0.0458536 0.0521261 0.0589517 0.0663317 0.0742603 0.0827244 0.0917026 0.101166 0.111077 0.121391 0.132054 0.143008 0.154187 0.165518 0.176927 0.188332 0.199653 0.210806 0.221707 0.232272 0.242422 0.252076 0.261161 0.269606 0.277345 0.284319 0.290474 0.295763 0.300146 0.30359 0.306069 0.307563 0.308063 0.307563 0.306069 0.30359 0.300146 0.295763 0.290474 0.284319 0.277345 0.269606 0.261161 0.252076 0.242422 0.232272 0.221707 0.210806 0.199653 0.188332 0.176927 0.165518 0.154187 0.143008 0.132054 0.121391 0.111077 0.101166 0.0917026 0.0827244 0.0742603 0.0663317 0.0589517 0.0521261 0.0458536 0.0401263 0.0349308 0.0302484 0.0260568 0.02233 0.0190398 0.0161567 0.0136504 0.0114905 0.00964793 0.00809463 0.00680481 0.00575515 0.00492526 0.00429802 0.00385986 0.00360094 
0.00399365 0.0040902 0.00438203 0.00487575 0.00558223 0.00651645 0.0076973 0.00914723 0.0108919 0.0129596 0.0153809 0.0181879 0.0214133 0.02509 0.0292499 0.0339231 0.039137 0.0449154 0.0512771 0.0582355 0.0657977 0.0739633 0.0827244 0.0920644 0.101958 0.112373 0.123265 0.134584 0.146271 0.15826 0.170477 0.182845 0.19528 0.207696 0.220004 0.232113 0.243934 0.255378 0.266358 0.276792 0.2866 0.295708 0.304048 0.311557 0.318179 0.323867 0.328577 0.332277 0.334938 0.336543 0.337079 0.336543 0.334938 0.332277 0.328577 0.323867 0.318179 0.311557 0.304048 0.295708 0.2866 0.276792 0.266358 0.255378 0.243934 0.232113 0.220004 0.207696 0.19528 0.182845 0.170477 0.15826 0.146271 0.134584 0.123265 0.112373 0.101958 0.0920644 0.0827244 0.0739633 0.0657977 0.0582355 0.0512771 0.0449154 0.039137 0.0339231 0.0292499 0.02509 0.0214133 0.0181879 0.0153809 0.0129596 0.0108919 0.00914723 0.0076973 0.00651645 0.00558223 0.00487575 0.00438203 0.0040902 
0.004514 0.00462229 0.00494958 0.00550312 0.00629487 0.0073413 0.00866311 0.0102849 0.0122348 0.0145436 0.0172447 0.0203728 0.0239633 0.0280517 0.0326721 0.0378566 0.043634 0.0500289 0.0570606 0.064742 0.073079 0.0820695 0.0917026 0.101958 0.112808 0.124212 0.136123 0.148483 0.161227 0.174283 0.187569 0.200999 0.214485 0.227931 0.241242 0.254322 0.267074 0.279404 0.291221 0.302437 0.312969 0.32274 0.331678 0.33972 0.346807 0.352889 0.357924 0.361876 0.364719 0.366432 0.367004 0.366432 0.364719 0.361876 0.357924 0.352889 0.346807 0.33972 0.331678 0.32274 0.312969 0.302437 0.291221 0.279404 0.267074 0.254322 0.241242 0.227931 0.214485 0.200999 0.187569 0.174283 0.161227 0.148483 0.136123 0.124212 0.112808 0.101958 0.0917026 0.0820695 0.073079 0.064742 0.0570606 0.0500289 0.043634 0.0378566 0.0326721 0.0280517 0.0239633 0.0203728 0.0172447 0.0145436 0.0122348 0.0102849 0.00866311 0.0073413 0.00629487 0.00550312 0.00494958 0.00462229 
0.00507638 0.00519724 0.00556247 0.00618002 0.00706295 0.00822927 0.0097016 0.0115068 0.0136753 0.0162407 0.0192392 0.0227081 0.0266857 0.0312098 0.0363168 0.0420406 0.0484114 0.0554544 0.063189 0.0716276 0.0807744 0.0906251 0.101166 0.112373 0.124212 0.136639 0.1496 0.163032 0.176861 0.191008 0.205384 0.219897 0.234448 0.248937 0.263261 0.277317 0.291004 0.304221 0.316872 0.328867 0.340118 0.350545 0.360074 0.36864 0.376184 0.382653 0.388005 0.392205 0.395224 0.397044 0.397652 0.397044 0.395224 0.392205 0.388005 0.382653 0.376184 0.36864 0.360074 0.350545 0.340118 0.328867 0.316872 0.304221 0.291004 0.277317 0.263261 0.248937 0.234448 0.219897 0.205384 0.191008 0.176861 0.163032 0.1496 0.136639 0.124212 0.112373 0.101166 0.0906251 0.0807744 0.0716276 0.063189 0.0554544 0.0484114 0.0420406 0.0363168 0.0312098 0.0266857 0.0227081 0.0192392 0.0162407 0.0136753 0.0115068 0.0097016 0.00822927 0.00706295 0.00618002 0.00556247 0.00519724 
0.00568021 0.00581444 0.00622003 0.00690561 0.00788542 0.00917904 0.010811 0.0128105 0.0152105 0.0180474 0.0213598 0.0251883 0.0295735 0.0345558 0.0401737 0.0464628 0.0534544 0.0611743 0.0696417 0.078868 0.0888557 0.0995978 0.111077 0.123265 0.136123 0.1496 0.163638 0.178163 0.193098 0.208354 0.223835 0.23944 0.255065 0.270601 0.28594 0.300971 0.315587 0.329684 0.343161 0.355923 0.36788 0.37895 0.389057 0.398135 0.406122 0.412967 0.418627 0.423066 0.426257 0.428179 0.428821 0.428179 0.426257 0.423066 0.418627 0.412967 0.406122 0.398135 0.389057 0.37895 0.36788 0.355923 0.343161 0.329684 0.315587 0.300971 0.28594 0.270601 0.255065 0.23944 0.223835 0.208354 0.193098 0.178163 0.163638 0.1496 0.136123 0.123265 0.111077 0.0995978 0.0888557 0.078868 0.0696417 0.0611743 0.0534544 0.0464628 0.0401737 0.0345558 0.0295735 0.0251883 0.0213598 0.0180474 0.0152105 0.0128105 0.010811 0.00917904 0.00788542 0.00690561 0.00622003 0.00581444 
0.00632428 0.00647264 0.00692085 0.00767828 0.00876035 0.0101883 0.0119885 0.0141926 0.0168362 0.0199581 0.0236001 0.0278053 0.032617 0.038078 0.0442289 0.0511067 0.0587437 0.067166 0.0763924 0.0864329 0.097288 0.108948 0.121391 0.134584 0.148483 0.163032 0.178163 0.193799 0.209852 0.226226 0.242818 0.25952 0.276218 0.292798 0.309144 0.32514 0.340673 0.355635 0.369921 0.383432 0.396077 0.407771 0.418438 0.428009 0.436423 0.443629 0.449584 0.454252 0.457605 0.459625 0.4603 0.459625 0.457605 0.454252 0.449584 0.443629 0.436423 0.428009 0.418438 0.407771 0.396077 0.383432 0.369921 0.355635 0.340673 0.32514 0.309144 0.292798 0.276218 0.25952 0.242818 0.226226 0.209852 0.193799 0.178163 0.163032 0.148483 0.134584 0.121391 0.108948 0.097288 0.0864329 0.0763924 0.067166 0.0587437 0.0511067 0.0442289 0.038078 0.032617 0.0278053 0.0236001 0.0199581 0.0168362 0.0141926 0.0119885 0.0101883 0.00876035 0.00767828 0.00692085 0.00647264 
0.00700667 0.00716985 0.0076628 0.00849562 0.00968492 0.0112535 0.0132301 0.0156482 0.0185462 0.0219658 0.0259514 0.0305487 0.0358039 0.0417619 0.048465 0.0559519 0.0642555 0.073402 0.0834094 0.0942861 0.10603 0.118628 0.132054 0.146271 0.161227 0.176861 0.193098 0.209852 0.227028 0.244523 0.262224 0.280017 0.29778 0.315391 0.332729 0.349672 0.366103 0.381908 0.396979 0.411216 0.424524 0.436817 0.448019 0.45806 0.466881 0.47443 0.480663 0.485547 0.489055 0.491167 0.491872 0.491167 0.489055 0.485547 0.480663 0.47443 0.466881 0.45806 0.448019 0.436817 0.424524 0.411216 0.396979 0.381908 0.366103 0.349672 0.332729 0.315391 0.29778 0.280017 0.262224 0.244523 0.227028 0.209852 0.193098 0.176861 0.161227 0.146271 0.132054 0.118628 0.10603 0.0942861 0.0834094 0.073402 0.0642555 0.0559519 0.048465 0.0417619 0.0358039 0.0305487 0.0259514 0.0219658 0.0185462 0.0156482 0.0132301 0.0112535 0.00968492 0.00849562 0.0076628 0.00716985 
0.00772472 0.00790337 0.00844296 0.00935434 0.0106553 0.0123705 0.0145303 0.0171709 0.0203331 0.0240613 0.0284027 0.0334057 0.0391188 0.0455893 0.0528612 0.0609741 0.0699617 0.07985 0.0906557 0.102385 0.115034 0.128585 0.143008 0.15826 0.174283 0.191008 0.208354 0.226226 0.244523 0.263131 0.281932 0.300802 0.319613 0.338236 0.356544 0.374409 0.39171 0.408329 0.424155 0.439086 0.453027 0.46589 0.477598 0.488083 0.497285 0.505155 0.511649 0.516735 0.520386 0.522583 0.523317 0.522583 0.520386 0.516735 0.511649 0.505155 0.497285 0.488083 0.477598 0.46589 0.453027 0.439086 0.424155 0.408329 0.39171 0.374409 0.356544 0.338236 0.319613 0.300802 0.281932 0.263131 0.244523 0.226226 0.208354 0.191008 0.174283 0.15826 0.143008 0.128585 0.115034 0.102385 0.0906557 0.07985 0.0699617 0.0609741 0.0528612 0.0455893 0.0391188 0.0334057 0.0284027 0.0240613 0.0203331 0.0171709 0.0145303 0.0123705 0.0106553 0.00935434 0.00844296 0.00790337 
0.00847506 0.00866972 0.00925761 0.0102503 0.0116669 0.0135335 0.0158827 0.0187529 0.0221875 0.0262337 0.0309411 0.0363608 0.0425439 0.0495393 0.0573929 0.0661452 0.07583 0.0864729 0.0980893 0.110684 0.124248 0.138761 0.154187 0.170477 0.187569 0.205384 0.223835 0.242818 0.262224 0.281932 0.301815 0.32174 0.341575 0.361183 0.38043 0.399185 0.417322 0.43472 0.451266 0.466855 0.481392 0.49479 0.506972 0.517871 0.527428 0.535594 0.542329 0.547599 0.551382 0.553658 0.554417 0.553658 0.551382 0.547599 0.542329 0.535594 0.527428 0.517871 0.506972 0.49479 0.481392 0.466855 0.451266 0.43472 0.417322 0.399185 0.38043 0.361183 0.341575 0.32174 0.301815 0.281932 0.262224 0.242818 0.223835 0.205384 0.187569 0.170477 0.154187 0.138761 0.124248 0.110684 0.0980893 0.0864729 0.07583 0.0661452 0.0573929 0.0495393 0.0425439 0.0363608 0.0309411 0.0262337 0.0221875 0.0187529 0.0158827 0.0135335 0.0116669 0.0102503 0.00925761 0.00866972 
0.00925355 0.00946469 0.0101022 0.0111785 0.0127139 0.014736 0.0172795 0.0203852 0.0240988 0.0284701 0.0335516 0.0393967 0.0460585 0.0535882 0.0620327 0.0714333 0.0818241 0.0932296 0.105664 0.119128 0.133612 0.149089 0.165518 0.182845 0.200999 0.219897 0.23944 0.25952 0.280017 0.300802 0.32174 0.342694 0.36352 0.384078 0.404228 0.423834 0.442767 0.460903 0.478127 0.494335 0.509429 0.523324 0.535943 0.547222 0.557103 0.56554 0.572493 0.577931 0.581832 0.584178 0.584962 0.584178 0.581832 0.577931 0.572493 0.56554 0.557103 0.547222 0.535943 0.523324 0.509429 0.494335 0.478127 0.460903 0.442767 0.423834 0.404228 0.384078 0.36352 0.342694 0.32174 0.300802 0.280017 0.25952 0.23944 0.219897 0.200999 0.182845 0.165518 0.149089 0.133612 0.119128 0.105664 0.0932296 0.0818241 0.0714333 0.0620327 0.0535882 0.0460585 0.0393967 0.0335516 0.0284701 0.0240988 0.0203852 0.0172795 0.014736 0.0127139 0.0111785 0.0101022 0.00946469 
0.0100554 0.0102833 0.0109716 0.0121332 0.0137897 0.0159704 0.0187119 0.0220572 0.0260546 0.0307563 0.0362173 0.0424933 0.0496398 0.0577092 0.06675 0.0768038 0.0879044 0.100075 0.113329 0.127664 0.143064 0.159501 0.176927 0.19528 0.214485 0.234448 0.255065 0.276218 0.29778 0.319613 0.341575 0.36352 0.3853 0.406767 0.427778 0.448191 0.467875 0.486703 0.50456 0.521341 0.536949 0.551299 0.564318 0.575942 0.586115 0.594794 0.601942 0.607529 0.611535 0.613944 0.614749 0.613944 0.611535 0.607529 0.601942 0.594794 0.586115 0.575942 0.564318 0.551299 0.536949 0.521341 0.50456 0.486703 0.467875 0.448191 0.427778 0.406767 0.3853 0.36352 0.341575 0.319613 0.29778 0.276218 0.255065 0.234448 0.214485 0.19528 0.176927 0.159501 0.143064 0.127664 0.113329 0.100075 0.0879044 0.0768038 0.06675 0.0577092 0.0496398 0.0424933 0.0362173 0.0307563 0.0260546 0.0220572 0.0187119 0.0159704 0.0137897 0.0121332 0.0109716 0.0102833 
0.0108749 0.0111199 0.0118596 0.0131077 0.0148869 0.0172281 0.0201699 0.0237574 0.0280413 0.0330762 0.0389195 0.0456292 0.0532625 0.0618736 0.0715117 0.0822188 0.0940283 0.106962 0.121031 0.13623 0.152539 0.169924 0.188332 0.207696 0.227931 0.248937 0.270601 0.292798 0.315391 0.338236 0.361183 0.384078 0.406767 0.429098 0.450921 0.472093 0.492478 0.511949 0.530391 0.547697 0.563774 0.578537 0.591914 0.603846 0.614278 0.623171 0.630489 0.636207 0.640304 0.642768 0.64359 0.642768 0.640304 0.636207 0.630489 0.623171 0.614278 0.603846 0.591914 0.578537 0.563774 0.547697 0.530391 0.511949 0.492478 0.472093 0.450921 0.429098 0.406767 0.384078 0.361183 0.338236 0.315391 0.292798 0.270601 0.248937 0.227931 0.207696 0.188332 0.169924 0.152539 0.13623 0.121031 0.106962 0.0940283 0.0822188 0.0715117 0.0618736 0.0532625 0.0456292 0.0389195 0.0330762 0.0280413 0.0237574 0.0201699 0.0172281 0.0148869 0.0131077 0.0118596 0.0111199 
0.011706 0.0119682 0.0127596 0.0140946 0.0159971 0.0184996 0.0216425 0.0254729 0.0300439 0.0354124 0.041638 0.0487808 0.0568998 0.0660504 0.0762825 0.0876384 0.100151 0.11384 0.128713 0.144764 0.161967 0.180283 0.199653 0.220004 0.241242 0.263261 0.28594 0.309144 0.332729 0.356544 0.38043 0.404228 0.427778 0.450921 0.473504 0.495382 0.516416 0.53648 0.555455 0.573238 0.589735 0.604866 0.618562 0.630763 0.641422 0.650499 0.657964 0.663792 0.667967 0.670477 0.671314 0.670477 0.667967 0.663792 0.657964 0.650499 0.641422 0.630763 0.618562 0.604866 0.589735 0.573238 0.555455 0.53648 0.516416 0.495382 0.473504 0.450921 0.427778 0.404228 0.38043 0.356544 0.332729 0.309144 0.28594 0.263261 0.241242 0.220004 0.199653 0.180283 0.161967 0.144764 0.128713 0.11384 0.100151 0.0876384 0.0762825 0.0660504 0.0568998 0.0487808 0.041638 0.0354124 0.0300439 0.0254729 0.0216425 0.0184996 0.0159971 0.0140946 0.0127596 0.0119682 
0.012542 0.0128213 0.0136642 0.015086 0.0171115 0.0197747 0.0231178 0.02719 0.0320465 0.0377464 0.0443513 0.0519234 0.0605231 0.070207 0.0810255 0.0930207 0.106224 0.120655 0.136318 0.153201 0.171277 0.1905 0.210806 0.232113 0.254322 0.277317 0.300971 0.32514 0.349672 0.374409 0.399185 0.423834 0.448191 0.472093 0.495382 0.517911 0.53954 0.560141 0.579598 0.597807 0.614678 0.630133 0.644105 0.656539 0.66739 0.676624 0.684211 0.690132 0.694371 0.696919 0.697768 0.696919 0.694371 0.690132 0.684211 0.676624 0.66739 0.656539 0.644105 0.630133 0.614678 0.597807 0.579598 0.560141 0.53954 0.517911 0.495382 0.472093 0.448191 0.423834 0.399185 0.374409 0.349672 0.32514 0.300971 0.277317 0.254322 0.232113 0.210806 0.1905 0.171277 0.153201 0.136318 0.120655 0.106224 0.0930207 0.0810255 0.070207 0.0605231 0.0519234 0.0443513 0.0377464 0.0320465 0.02719 0.0231178 0.0197747 0.0171115 0.015086 0.0136642 0.0128213 
0.0133755 0.0136717 0.0145657 0.0160733 0.0182205 0.0210425 0.0245834 0.0288943 0.0340323 0.0400586 0.047037 0.0550311 0.0641028 0.0743095 0.0857022 0.0983225 0.112201 0.127354 0.143785 0.161477 0.180399 0.200499 0.221707 0.243934 0.267074 0.291004 0.315587 0.340673 0.366103 0.39171 0.417322 0.442767 0.467875 0.492478 0.516416 0.53954 0.561708 0.582793 0.602679 0.621265 0.638463 0.654197 0.668405 0.681036 0.692048 0.70141 0.709097 0.715092 0.719382 0.72196 0.722819 0.72196 0.719382 0.715092 0.709097 0.70141 0.692048 0.681036 0.668405 0.654197 0.638463 0.621265 0.602679 0.582793 0.561708 0.53954 0.516416 0.492478 0.467875 0.442767 0.417322 0.39171 0.366103 0.340673 0.315587 0.291004 0.267074 0.243934 0.221707 0.200499 0.180399 0.161477 0.143785 0.127354 0.112201 0.0983225 0.0857022 0.0743095 0.0641028 0.0550311 0.047037 0.0400586 0.0340323 0.0288943 0.0245834 0.0210425 0.0182205 0.0160733 0.0145657 0.0136717 
0.0141989 0.0145118 0.0154558 0.0170476 0.019314 0.0222917 0.0260262 0.0305706 0.0359838 0.0423291 0.0496717 0.0580771 0.0676083 0.0783235 0.0902736 0.1035 0.118032 0.133884 0.151055 0.169526 0.189261 0.210202 0.232272 0.255378 0.279404 0.304221 0.329684 0.355635 0.381908 0.408329 0.43472 0.460903 0.486703 0.511949 0.53648 0.560141 0.582793 0.604308 0.624572 0.643487 0.660965 0.676937 0.691342 0.704134 0.715276 0.724741 0.732506 0.738559 0.742888 0.745488 0.746355 0.745488 0.742888 0.738559 0.732506 0.724741 0.715276 0.704134 0.691342 0.676937 0.660965 0.643487 0.624572 0.604308 0.582793 0.560141 0.53648 0.511949 0.486703 0.460903 0.43472 0.408329 0.381908 0.355635 0.329684 0.304221 0.279404 0.255378 0.232272 0.210202 0.189261 0.169526 0.151055 0.133884 0.118032 0.1035 0.0902736 0.0783235 0.0676083 0.0580771 0.0496717 0.0423291 0.0359838 0.0305706 0.0260262 0.0222917 0.019314 0.0170476 0.0154558 0.0145118 
0.0150043 0.0153333 0.0163261 0.0179996 0.0203817 0.0235105 0.0274329 0.0322036 0.0378833 0.0445371 0.0522319 0.0610345 0.0710089 0.082214 0.0947005 0.108509 0.123668 0.140189 0.158068 0.177283 0.197792 0.219532 0.242422 0.266358 0.291221 0.316872 0.343161 0.369921 0.396979 0.424155 0.451266 0.478127 0.50456 0.530391 0.555455 0.579598 0.602679 0.624572 0.645165 0.664361 0.682077 0.698245 0.712812 0.725734 0.736978 0.74652 0.754344 0.760438 0.764795 0.767411 0.768283 0.767411 0.764795 0.760438 0.754344 0.74652 0.736978 0.725734 0.712812 0.698245 0.682077 0.664361 0.645165 0.624572 0.602679 0.579598 0.555455 0.530391 0.50456 0.478127 0.451266 0.424155 0.396979 0.369921 0.343161 0.316872 0.291221 0.266358 0.242422 0.219532 0.197792 0.177283 0.158068 0.140189 0.123668 0.108509 0.0947005 0.082214 0.0710089 0.0610345 0.0522319 0.0445371 0.0378833 0.0322036 0.0274329 0.0235105 0.0203817 0.0179996 0.0163261 0.0153333 
0.0157837 0.0161282 0.0171677 0.0189198 0.0214132 0.024687 0.0287897 0.0337775 0.0397128 0.0466622 0.054694 0.0638763 0.074274 0.0859463 0.0989439 0.113307 0.129061 0.146216 0.164767 0.184685 0.205924 0.228418 0.252076 0.276792 0.302437 0.328867 0.355923 0.383432 0.411216 0.439086 0.466855 0.494335 0.521341 0.547697 0.573238 0.597807 0.621265 0.643487 0.664361 0.683793 0.701706 0.718036 0.73273 0.745752 0.757072 0.766671 0.774535 0.780657 0.785032 0.787658 0.788533 0.787658 0.785032 0.780657 0.774535 0.766671 0.757072 0.745752 0.73273 0.718036 0.701706 0.683793 0.664361 0.643487 0.621265 0.597807 0.573238 0.547697 0.521341 0.494335 0.466855 0.439086 0.411216 0.383432 0.355923 0.328867 0.302437 0.276792 0.252076 0.228418 0.205924 0.184685 0.164767 0.146216 0.129061 0.113307 0.0989439 0.0859463 0.074274 0.0638763 0.054694 0.0466622 0.0397128 0.0337775 0.0287897 0.024687 0.0214132 0.0189198 0.0171677 0.0161282 
