4.27711e-11 5.24901e-11 8.53985e-11 1.53925e-10 2.82968e-10 5.17166e-10 9.33185e-10 1.65945e-09 2.90687e-09 5.01549e-09 8.52379e-09 1.42693e-08 2.35316e-08 3.82304e-08 6.11937e-08 9.65128e-08 1.49997e-07 2.29741e-07 3.46818e-07 5.16075e-07 7.5704e-07 1.09488e-06 1.56134e-06 2.19563e-06 3.04506e-06 4.16533e-06 5.6203e-06 7.4811e-06 9.82441e-06 1.27297e-05 1.62757e-05 2.05355e-05 2.55714e-05 3.14286e-05 3.81294e-05 4.56672e-05 5.40017e-05 6.30557e-05 7.27134e-05 8.28215e-05 9.31923e-05 0.00010361 0.000113837 0.000123626 0.000132726 0.000140898 0.000147918 0.000153594 0.000157766 0.000160318 0.000161177 0.000160318 0.000157766 0.000153594 0.000147918 0.000140898 0.000132726 0.000123626 0.000113837 0.00010361 9.31923e-05 8.28215e-05 7.27134e-05 6.30557e-05 5.40017e-05 4.56672e-05 3.81294e-05 3.14286e-05 2.55714e-05 2.05355e-05 1.62757e-05 1.27297e-05 9.82441e-06 7.4811e-06 5.6203e-06 4.16533e-06 3.04506e-06 2.19563e-06 1.56134e-06 1.09488e-06 7.5704e-07 5.16075e-07 3.46818e-07 2.29741e-07 1.49997e-07 9.65128e-08 6.11937e-08 3.82304e-08 2.35316e-08 1.42693e-08 8.52379e-09 5.01549e-09 2.90687e-09 1.65945e-09 9.33185e-10 5.17166e-10 2.82968e-10 1.53925e-10 8.53985e-11 5.24901e-11 
5.24901e-11 6.43642e-11 1.04545e-10 1.88126e-10 3.45308e-10 6.30154e-10 1.13536e-09 2.01593e-09 3.52594e-09 6.07424e-09 1.0307e-08 1.72273e-08 2.83643e-08 4.60076e-08 7.35227e-08 1.15768e-07 1.79625e-07 2.74666e-07 4.13948e-07 6.14942e-07 9.00573e-07 1.30031e-06 1.85125e-06 2.59909e-06 3.59882e-06 4.91504e-06 6.6216e-06 8.80058e-06 1.15401e-05 1.49314e-05 1.90643e-05 2.4022e-05 2.98748e-05 3.6673e-05 4.44406e-05 5.31679e-05 6.28069e-05 7.32668e-05 8.44132e-05 9.60687e-05 0.000108017 0.00012001 0.000131776 0.00014303 0.000153486 0.000162871 0.000170931 0.000177445 0.000182233 0.00018516 0.000186145 0.00018516 0.000182233 0.000177445 0.000170931 0.000162871 0.000153486 0.00014303 0.000131776 0.00012001 0.000108017 9.60687e-05 8.44132e-05 7.32668e-05 6.28069e-05 5.31679e-05 4.44406e-05 3.6673e-05 2.98748e-05 2.4022e-05 1.90643e-05 1.49314e-05 1.15401e-05 8.80058e-06 6.6216e-06 4.91504e-06 3.59882e-06 2.59909e-06 1.85125e-06 1.30031e-06 9.00573e-07 6.14942e-07 4.13948e-07 2.74666e-07 1.79625e-07 1.15768e-07 7.35227e-08 4.60076e-08 2.83643e-08 1.72273e-08 1.0307e-08 6.07424e-09 3.52594e-09 2.01593e-09 1.13536e-09 6.30154e-10 3.45308e-10 1.88126e-10 1.04545e-10 6.43642e-11 
8.53985e-11 1.04545e-10 1.69258e-10 3.03577e-10 5.55502e-10 1.01069e-09 1.81551e-09 3.21383e-09 5.60386e-09 9.62389e-09 1.62787e-08 2.71214e-08 4.45099e-08 7.19588e-08 1.14612e-07 1.79861e-07 2.78127e-07 4.23834e-07 6.36565e-07 9.42395e-07 1.37536e-06 1.979e-06 2.80783e-06 3.92865e-06 5.42141e-06 7.37953e-06 9.9092e-06 1.31277e-05 1.71602e-05 2.21353e-05 2.81786e-05 3.54051e-05 4.39105e-05 5.37614e-05 6.49858e-05 7.75642e-05 9.1422e-05 0.000106425 0.000122378 0.000139026 0.000156061 0.000173129 0.000189848 0.000205818 0.000220639 0.000233926 0.000245327 0.000254535 0.000261298 0.000265432 0.000266823 0.000265432 0.000261298 0.000254535 0.000245327 0.000233926 0.000220639 0.000205818 0.000189848 0.000173129 0.000156061 0.000139026 0.000122378 0.000106425 9.1422e-05 7.75642e-05 6.49858e-05 5.37614e-05 4.39105e-05 3.54051e-05 2.81786e-05 2.21353e-05 1.71602e-05 1.31277e-05 9.9092e-06 7.37953e-06 5.42141e-06 3.92865e-06 2.80783e-06 1.979e-06 1.37536e-06 9.42395e-07 6.36565e-07 4.23834e-07 2.78127e-07 1.79861e-07 1.14612e-07 7.19588e-08 4.45099e-08 2.71214e-08 1.62787e-08 9.62389e-09 5.60386e-09 3.21383e-09 1.81551e-09 1.01069e-09 5.55502e-10 3.03577e-10 1.69258e-10 1.04545e-10 
1.53925e-10 1.88126e-10 3.03577e-10 5.42698e-10 9.89972e-10 1.79571e-09 3.21586e-09 5.67528e-09 9.86504e-09 1.68884e-08 2.84748e-08 4.72864e-08 7.73467e-08 1.24626e-07 1.97823e-07 3.09373e-07 4.7673e-07 7.23926e-07 1.08342e-06 1.59821e-06 2.32411e-06 3.33213e-06 4.7107e-06 6.56754e-06 9.03083e-06 1.22494e-05 1.63914e-05 2.16413e-05 2.81947e-05 3.62505e-05 4.60016e-05 5.76221e-05 7.12543e-05 8.69933e-05 0.000104873 0.000124852 0.000146803 0.000170508 0.000195654 0.000221836 0.000248571 0.000275309 0.000301455 0.00032639 0.000349499 0.000370193 0.000387932 0.000402247 0.000412756 0.000419177 0.000421336 0.000419177 0.000412756 0.000402247 0.000387932 0.000370193 0.000349499 0.00032639 0.000301455 0.000275309 0.000248571 0.000221836 0.000195654 0.000170508 0.000146803 0.000124852 0.000104873 8.69933e-05 7.12543e-05 5.76221e-05 4.60016e-05 3.62505e-05 2.81947e-05 2.16413e-05 1.63914e-05 1.22494e-05 9.03083e-06 6.56754e-06 4.7107e-06 3.33213e-06 2.32411e-06 1.59821e-06 1.08342e-06 7.23926e-07 4.7673e-07 3.09373e-07 1.97823e-07 1.24626e-07 7.73467e-08 4.72864e-08 2.84748e-08 1.68884e-08 9.86504e-09 5.67528e-09 3.21586e-09 1.79571e-09 9.89972e-10 5.42698e-10 3.03577e-10 1.88126e-10 
2.82968e-10 3.45308e-10 5.55502e-10 9.89972e-10 1.80057e-09 3.25671e-09 5.81563e-09 1.02336e-08 1.77364e-08 3.02732e-08 5.08879e-08 8.42466e-08 1.37372e-07 2.20642e-07 3.49105e-07 5.44182e-07 8.35793e-07 1.26494e-06 1.88672e-06 2.77375e-06 4.01982e-06 5.74361e-06 8.09207e-06 1.12432e-05 1.54078e-05 2.08287e-05 2.7779e-05 3.65561e-05 4.74729e-05 6.08455e-05 7.69767e-05 9.61369e-05 0.000118542 0.00014433 0.000173539 0.000206086 0.000241752 0.00028017 0.000320827 0.000363067 0.000406112 0.000449082 0.000491028 0.000530972 0.000567941 0.000601008 0.000629326 0.000652159 0.000668912 0.000679143 0.000682584 0.000679143 0.000668912 0.000652159 0.000629326 0.000601008 0.000567941 0.000530972 0.000491028 0.000449082 0.000406112 0.000363067 0.000320827 0.00028017 0.000241752 0.000206086 0.000173539 0.00014433 0.000118542 9.61369e-05 7.69767e-05 6.08455e-05 4.74729e-05 3.65561e-05 2.7779e-05 2.08287e-05 1.54078e-05 1.12432e-05 8.09207e-06 5.74361e-06 4.01982e-06 2.77375e-06 1.88672e-06 1.26494e-06 8.35793e-07 5.44182e-07 3.49105e-07 2.20642e-07 1.37372e-07 8.42466e-08 5.08879e-08 3.02732e-08 1.77364e-08 1.02336e-08 5.81563e-09 3.25671e-09 1.80057e-09 9.89972e-10 5.55502e-10 3.45308e-10 
5.17166e-10 6.30154e-10 1.01069e-09 1.79571e-09 3.25671e-09 5.87401e-09 1.04602e-08 1.83547e-08 3.17206e-08 5.39853e-08 9.04796e-08 1.49344e-07 2.4278e-07 3.88742e-07 6.13153e-07 9.52748e-07 1.4586e-06 2.20036e-06 3.2712e-06 4.79324e-06 6.92346e-06 9.85938e-06 1.38443e-05 1.91713e-05 2.61851e-05 3.52812e-05 4.69007e-05 6.15212e-05 7.96414e-05 0.000101761 0.000128352 0.000159833 0.000196529 0.000238636 0.00028619 0.000339031 0.000396781 0.000458834 0.000524348 0.000592265 0.000661336 0.000730158 0.000797228 0.000860999 0.000919942 0.000972602 0.00101766 0.00105396 0.00108057 0.00109682 0.00110228 0.00109682 0.00108057 0.00105396 0.00101766 0.000972602 0.000919942 0.000860999 0.000797228 0.000730158 0.000661336 0.000592265 0.000524348 0.000458834 0.000396781 0.000339031 0.00028619 0.000238636 0.000196529 0.000159833 0.000128352 0.000101761 7.96414e-05 6.15212e-05 4.69007e-05 3.52812e-05 2.61851e-05 1.91713e-05 1.38443e-05 9.85938e-06 6.92346e-06 4.79324e-06 3.2712e-06 2.20036e-06 1.4586e-06 9.52748e-07 6.13153e-07 3.88742e-07 2.4278e-07 1.49344e-07 9.04796e-08 5.39853e-08 3.17206e-08 1.83547e-08 1.04602e-08 5.87401e-09 3.25671e-09 1.79571e-09 1.01069e-09 6.30154e-10 
9.33185e-10 1.13536e-09 1.81551e-09 3.21586e-09 5.81563e-09 1.04602e-08 1.85752e-08 3.25028e-08 5.60113e-08 9.50498e-08 1.58836e-07 2.61391e-07 4.23642e-07 6.76253e-07 1.06331e-06 1.64701e-06 2.51339e-06 3.77929e-06 5.60013e-06 8.17873e-06 1.17743e-05 1.67112e-05 2.33871e-05 3.22777e-05 4.39396e-05 5.90072e-05 7.81838e-05 0.000102225 0.000131913 0.000168026 0.000211292 0.000262342 0.000321656 0.000389505 0.000465902 0.000550552 0.000642817 0.000741702 0.000845855 0.000953588 0.00106292 0.00117166 0.00127744 0.00137787 0.00147056 0.00155328 0.00162398 0.00168089 0.0017226 0.00174805 0.00175661 0.00174805 0.0017226 0.00168089 0.00162398 0.00155328 0.00147056 0.00137787 0.00127744 0.00117166 0.00106292 0.000953588 0.000845855 0.000741702 0.000642817 0.000550552 0.000465902 0.000389505 0.000321656 0.000262342 0.000211292 0.000168026 0.000131913 0.000102225 7.81838e-05 5.90072e-05 4.39396e-05 3.22777e-05 2.33871e-05 1.67112e-05 1.17743e-05 8.17873e-06 5.60013e-06 3.77929e-06 2.51339e-06 1.64701e-06 1.06331e-06 6.76253e-07 4.23642e-07 2.61391e-07 1.58836e-07 9.50498e-08 5.60113e-08 3.25028e-08 1.85752e-08 1.04602e-08 5.81563e-09 3.21586e-09 1.81551e-09 1.13536e-09 
1.65945e-09 2.01593e-09 3.21383e-09 5.67528e-09 1.02336e-08 1.83547e-08 3.25028e-08 5.67118e-08 9.74492e-08 1.64887e-07 2.74724e-07 4.50742e-07 7.28297e-07 1.15897e-06 1.81657e-06 2.80479e-06 4.26639e-06 6.39421e-06 9.4436e-06 1.37459e-05 1.97224e-05 2.78975e-05 3.89098e-05 5.35193e-05 7.26096e-05 9.71808e-05 0.000128334 0.000167244 0.000215117 0.000273138 0.000342406 0.000423855 0.000518174 0.00062572 0.000746441 0.00087981 0.00102477 0.00117973 0.00134253 0.00151054 0.00168068 0.00184956 0.00201355 0.002169 0.00231227 0.00243996 0.00254898 0.00263668 0.0027009 0.00274008 0.00275325 0.00274008 0.0027009 0.00263668 0.00254898 0.00243996 0.00231227 0.002169 0.00201355 0.00184956 0.00168068 0.00151054 0.00134253 0.00117973 0.00102477 0.00087981 0.000746441 0.00062572 0.000518174 0.000423855 0.000342406 0.000273138 0.000215117 0.000167244 0.000128334 9.71808e-05 7.26096e-05 5.35193e-05 3.89098e-05 2.78975e-05 1.97224e-05 1.37459e-05 9.4436e-06 6.39421e-06 4.26639e-06 2.80479e-06 1.81657e-06 1.15897e-06 7.28297e-07 4.50742e-07 2.74724e-07 1.64887e-07 9.74492e-08 5.67118e-08 3.25028e-08 1.83547e-08 1.02336e-08 5.67528e-09 3.21383e-09 2.01593e-09 
2.90687e-09 3.52594e-09 5.60386e-09 9.86504e-09 1.77364e-08 3.17206e-08 5.60113e-08 9.74492e-08 1.66962e-07 2.81669e-07 4.67891e-07 7.65334e-07 1.23278e-06 1.95561e-06 3.05547e-06 4.70239e-06 7.12941e-06 1.06497e-05 1.56758e-05 2.27401e-05 3.25157e-05 4.58357e-05 6.37084e-05 8.73266e-05 0.000118067 0.000157479 0.000207254 0.000269182 0.000345085 0.000436735 0.000545751 0.00067348 0.000820882 0.000988394 0.00117583 0.00138226 0.00160599 0.00184448 0.00209441 0.0023517 0.00261168 0.00286919 0.0031188 0.00335498 0.00357235 0.00376583 0.00393085 0.00406347 0.00416054 0.00421972 0.0042396 0.00421972 0.00416054 0.00406347 0.00393085 0.00376583 0.00357235 0.00335498 0.0031188 0.00286919 0.00261168 0.0023517 0.00209441 0.00184448 0.00160599 0.00138226 0.00117583 0.000988394 0.000820882 0.00067348 0.000545751 0.000436735 0.000345085 0.000269182 0.000207254 0.000157479 0.000118067 8.73266e-05 6.37084e-05 4.58357e-05 3.25157e-05 2.27401e-05 1.56758e-05 1.06497e-05 7.12941e-06 4.70239e-06 3.05547e-06 1.95561e-06 1.23278e-06 7.65334e-07 4.67891e-07 2.81669e-07 1.66962e-07 9.74492e-08 5.60113e-08 3.17206e-08 1.77364e-08 9.86504e-09 5.60386e-09 3.52594e-09 
5.01549e-09 6.07424e-09 9.62389e-09 1.68884e-08 3.02732e-08 5.39853e-08 9.50498e-08 1.64887e-07 2.81669e-07 4.73758e-07 7.84581e-07 1.27938e-06 2.05432e-06 3.24847e-06 5.05903e-06 7.76034e-06 1.17265e-05 1.74577e-05 2.56092e-05 3.7022e-05 5.27533e-05 7.41035e-05 0.000102637 0.000140191 0.000188873 0.000251037 0.000329231 0.00042613 0.000544429 0.000686719 0.000855326 0.00105215 0.00127847 0.00153477 0.0018206 0.0021344 0.00247345 0.00283384 0.00321048 0.00359725 0.00398714 0.0043725 0.00474529 0.00509742 0.00542099 0.00570861 0.00595364 0.00615039 0.00629428 0.00638197 0.00641143 0.00638197 0.00629428 0.00615039 0.00595364 0.00570861 0.00542099 0.00509742 0.00474529 0.0043725 0.00398714 0.00359725 0.00321048 0.00283384 0.00247345 0.0021344 0.0018206 0.00153477 0.00127847 0.00105215 0.000855326 0.000686719 0.000544429 0.00042613 0.000329231 0.000251037 0.000188873 0.000140191 0.000102637 7.41035e-05 5.27533e-05 3.7022e-05 2.56092e-05 1.74577e-05 1.17265e-05 7.76034e-06 5.05903e-06 3.24847e-06 2.05432e-06 1.27938e-06 7.84581e-07 4.73758e-07 2.81669e-07 1.64887e-07 9.50498e-08 5.39853e-08 3.02732e-08 1.68884e-08 9.62389e-09 6.07424e-09 
8.52379e-09 1.0307e-08 1.62787e-08 2.84748e-08 5.08879e-08 9.04796e-08 1.58836e-07 2.74724e-07 4.67891e-07 7.84581e-07 1.29531e-06 2.10558e-06 3.37018e-06 5.31197e-06 8.24548e-06 1.26061e-05 1.89844e-05 2.8166e-05 4.11743e-05 5.93154e-05 8.42207e-05 0.000117885 0.000162691 0.000221419 0.000297236 0.000393647 0.00051442 0.000663467 0.000844694 0.0010618 0.00131805 0.00161602 0.00195738 0.00234256 0.00277062 0.00323901 0.00374348 0.00427808 0.00483521 0.0054058 0.00597958 0.0065454 0.00709165 0.00760666 0.00807913 0.00849851 0.00885536 0.00914162 0.00935082 0.00947825 0.00952105 0.00947825 0.00935082 0.00914162 0.00885536 0.00849851 0.00807913 0.00760666 0.00709165 0.0065454 0.00597958 0.0054058 0.00483521 0.00427808 0.00374348 0.00323901 0.00277062 0.00234256 0.00195738 0.00161602 0.00131805 0.0010618 0.000844694 0.000663467 0.00051442 0.000393647 0.000297236 0.000221419 0.000162691 0.000117885 8.42207e-05 5.93154e-05 4.11743e-05 2.8166e-05 1.89844e-05 1.26061e-05 8.24548e-06 5.31197e-06 3.37018e-06 2.10558e-06 1.29531e-06 7.84581e-07 4.67891e-07 2.74724e-07 1.58836e-07 9.04796e-08 5.08879e-08 2.84748e-08 1.62787e-08 1.0307e-08 
1.42693e-08 1.72273e-08 2.71214e-08 4.72864e-08 8.42466e-08 1.49344e-07 2.61391e-07 4.50742e-07 7.65334e-07 1.27938e-06 2.10558e-06 3.41178e-06 5.44322e-06 8.55122e-06 1.32293e-05 2.01571e-05 3.02519e-05 4.47268e-05 6.51532e-05 9.35246e-05 0.000132316 0.000184532 0.000253739 0.000344069 0.000460187 0.000607216 0.000790614 0.00101599 0.00128887 0.00161442 0.0019971 0.00244032 0.00294608 0.00351464 0.00414419 0.00483064 0.00556752 0.00634594 0.00715477 0.00798083 0.00880935 0.00962445 0.0104096 0.0111485 0.0118251 0.0124248 0.0129345 0.0133429 0.0136412 0.0138227 0.0138837 0.0138227 0.0136412 0.0133429 0.0129345 0.0124248 0.0118251 0.0111485 0.0104096 0.00962445 0.00880935 0.00798083 0.00715477 0.00634594 0.00556752 0.00483064 0.00414419 0.00351464 0.00294608 0.00244032 0.0019971 0.00161442 0.00128887 0.00101599 0.000790614 0.000607216 0.000460187 0.000344069 0.000253739 0.000184532 0.000132316 9.35246e-05 6.51532e-05 4.47268e-05 3.02519e-05 2.01571e-05 1.32293e-05 8.55122e-06 5.44322e-06 3.41178e-06 2.10558e-06 1.27938e-06 7.65334e-07 4.50742e-07 2.61391e-07 1.49344e-07 8.42466e-08 4.72864e-08 2.71214e-08 1.72273e-08 
2.35316e-08 2.83643e-08 4.45099e-08 7.73467e-08 1.37372e-07 2.4278e-07 4.23642e-07 7.28297e-07 1.23278e-06 2.05432e-06 3.37018e-06 5.44322e-06 8.65568e-06 1.35526e-05 2.08957e-05 3.17287e-05 4.74525e-05 6.99095e-05 0.000101472 0.000145131 0.000204575 0.000284253 0.000389406 0.000526058 0.000700956 0.000921445 0.00119527 0.00153029 0.00193418 0.00241394 0.00297551 0.00362323 0.00435936 0.00518363 0.00609285 0.00708065 0.00813733 0.00924989 0.0104023 0.0115758 0.0127496 0.0139015 0.0150086 0.0160483 0.0169986 0.0178396 0.0185533 0.0191247 0.0195416 0.0197953 0.0198804 0.0197953 0.0195416 0.0191247 0.0185533 0.0178396 0.0169986 0.0160483 0.0150086 0.0139015 0.0127496 0.0115758 0.0104023 0.00924989 0.00813733 0.00708065 0.00609285 0.00518363 0.00435936 0.00362323 0.00297551 0.00241394 0.00193418 0.00153029 0.00119527 0.000921445 0.000700956 0.000526058 0.000389406 0.000284253 0.000204575 0.000145131 0.000101472 6.99095e-05 4.74525e-05 3.17287e-05 2.08957e-05 1.35526e-05 8.65568e-06 5.44322e-06 3.37018e-06 2.05432e-06 1.23278e-06 7.28297e-07 4.23642e-07 2.4278e-07 1.37372e-07 7.73467e-08 4.45099e-08 2.83643e-08 
3.82304e-08 4.60076e-08 7.19588e-08 1.24626e-07 2.20642e-07 3.88742e-07 6.76253e-07 1.15897e-06 1.95561e-06 3.24847e-06 5.31197e-06 8.55122e-06 1.35526e-05 2.1148e-05 3.24943e-05 4.91681e-05 7.32738e-05 0.000107563 0.000155557 0.000221666 0.000311295 0.000430912 0.000588082 0.000791427 0.00105052 0.00137568 0.00177767 0.0022673 0.00285491 0.00354982 0.00435965 0.00528968 0.00634221 0.00751594 0.00880551 0.0102012 0.0116887 0.0132495 0.0148609 0.0164968 0.0181284 0.0197253 0.0212565 0.0226911 0.0240001 0.0251565 0.0261366 0.0269203 0.0274916 0.0278391 0.0279557 0.0278391 0.0274916 0.0269203 0.0261366 0.0251565 0.0240001 0.0226911 0.0212565 0.0197253 0.0181284 0.0164968 0.0148609 0.0132495 0.0116887 0.0102012 0.00880551 0.00751594 0.00634221 0.00528968 0.00435965 0.00354982 0.00285491 0.0022673 0.00177767 0.00137568 0.00105052 0.000791427 0.000588082 0.000430912 0.000311295 0.000221666 0.000155557 0.000107563 7.32738e-05 4.91681e-05 3.24943e-05 2.1148e-05 1.35526e-05 8.55122e-06 5.31197e-06 3.24847e-06 1.95561e-06 1.15897e-06 6.76253e-07 3.88742e-07 2.20642e-07 1.24626e-07 7.19588e-08 4.60076e-08 
6.11937e-08 7.35227e-08 1.14612e-07 1.97823e-07 3.49105e-07 6.13153e-07 1.06331e-06 1.81657e-06 3.05547e-06 5.05903e-06 8.24548e-06 1.32293e-05 2.08957e-05 3.24943e-05 4.97538e-05 7.5017e-05 0.000111393 0.000162924 0.000234749 0.000333262 0.000466241 0.000642929 0.000874044 0.0011717 0.00154923 0.00202083 0.00260116 0.00330472 0.00414516 0.00513449 0.00628218 0.00759434 0.00907281 0.0107145 0.0125107 0.014447 0.0165028 0.0186521 0.0208633 0.023101 0.0253261 0.0274978 0.0295748 0.0315165 0.0332845 0.0348436 0.0361631 0.0372169 0.0379844 0.0384509 0.0386074 0.0384509 0.0379844 0.0372169 0.0361631 0.0348436 0.0332845 0.0315165 0.0295748 0.0274978 0.0253261 0.023101 0.0208633 0.0186521 0.0165028 0.014447 0.0125107 0.0107145 0.00907281 0.00759434 0.00628218 0.00513449 0.00414516 0.00330472 0.00260116 0.00202083 0.00154923 0.0011717 0.000874044 0.000642929 0.000466241 0.000333262 0.000234749 0.000162924 0.000111393 7.5017e-05 4.97538e-05 3.24943e-05 2.08957e-05 1.32293e-05 8.24548e-06 5.05903e-06 3.05547e-06 1.81657e-06 1.06331e-06 6.13153e-07 3.49105e-07 1.97823e-07 1.14612e-07 7.35227e-08 
9.65128e-08 1.15768e-07 1.79861e-07 3.09373e-07 5.44182e-07 9.52748e-07 1.64701e-06 2.80479e-06 4.70239e-06 7.76034e-06 1.26061e-05 2.01571e-05 3.17287e-05 4.91681e-05 7.5017e-05 0.000112701 0.000166739 0.00024297 0.000348767 0.000493244 0.000687404 0.000944219 0.0012786 0.00170727 0.00224838 0.00292114 0.00374505 0.00473913 0.00592094 0.00730549 0.0089041 0.0107233 0.0127637 0.0150193 0.0174766 0.0201144 0.0229038 0.0258089 0.028787 0.0317904 0.0347675 0.0376647 0.040428 0.0430052 0.0453467 0.0474079 0.0491494 0.0505385 0.0515493 0.0521633 0.0523692 0.0521633 0.0515493 0.0505385 0.0491494 0.0474079 0.0453467 0.0430052 0.040428 0.0376647 0.0347675 0.0317904 0.028787 0.0258089 0.0229038 0.0201144 0.0174766 0.0150193 0.0127637 0.0107233 0.0089041 0.00730549 0.00592094 0.00473913 0.00374505 0.00292114 0.00224838 0.00170727 0.0012786 0.000944219 0.000687404 0.000493244 0.000348767 0.00024297 0.000166739 0.000112701 7.5017e-05 4.91681e-05 3.17287e-05 2.01571e-05 1.26061e-05 7.76034e-06 4.70239e-06 2.80479e-06 1.64701e-06 9.52748e-07 5.44182e-07 3.09373e-07 1.79861e-07 1.15768e-07 
1.49997e-07 1.79625e-07 2.78127e-07 4.7673e-07 8.35793e-07 1.4586e-06 2.51339e-06 4.26639e-06 7.12941e-06 1.17265e-05 1.89844e-05 3.02519e-05 4.74525e-05 7.32738e-05 0.000111393 0.000166739 0.000245774 0.00035679 0.000510196 0.000718759 0.000997774 0.00136513 0.0018412 0.00244859 0.00321164 0.00415569 0.00530617 0.00668744 0.00832146 0.0102264 0.0124151 0.0148938 0.0176607 0.0207052 0.024007 0.0275359 0.031252 0.0351066 0.0390432 0.0429989 0.0469069 0.0506983 0.0543043 0.0576587 0.0606996 0.0633711 0.0656246 0.0674196 0.0687245 0.0695166 0.0697821 0.0695166 0.0687245 0.0674196 0.0656246 0.0633711 0.0606996 0.0576587 0.0543043 0.0506983 0.0469069 0.0429989 0.0390432 0.0351066 0.031252 0.0275359 0.024007 0.0207052 0.0176607 0.0148938 0.0124151 0.0102264 0.00832146 0.00668744 0.00530617 0.00415569 0.00321164 0.00244859 0.0018412 0.00136513 0.000997774 0.000718759 0.000510196 0.00035679 0.000245774 0.000166739 0.000111393 7.32738e-05 4.74525e-05 3.02519e-05 1.89844e-05 1.17265e-05 7.12941e-06 4.26639e-06 2.51339e-06 1.4586e-06 8.35793e-07 4.7673e-07 2.78127e-07 1.79625e-07 
2.29741e-07 2.74666e-07 4.23834e-07 7.23926e-07 1.26494e-06 2.20036e-06 3.77929e-06 6.39421e-06 1.06497e-05 1.74577e-05 2.8166e-05 4.47268e-05 6.99095e-05 0.000107563 0.000162924 0.00024297 0.00035679 0.000515977 0.000734972 0.00103136 0.00142604 0.00194324 0.00261029 0.00345721 0.00451592 0.00581924 0.00739954 0.00928723 0.011509 0.0140859 0.0170318 0.0203512 0.0240384 0.0280759 0.0324339 0.0370705 0.0419316 0.0469526 0.0520599 0.0571727 0.062206 0.0670732 0.0716887 0.0759705 0.0798428 0.0832376 0.0860962 0.0883701 0.0900212 0.0910227 0.0913583 0.0910227 0.0900212 0.0883701 0.0860962 0.0832376 0.0798428 0.0759705 0.0716887 0.0670732 0.062206 0.0571727 0.0520599 0.0469526 0.0419316 0.0370705 0.0324339 0.0280759 0.0240384 0.0203512 0.0170318 0.0140859 0.011509 0.00928723 0.00739954 0.00581924 0.00451592 0.00345721 0.00261029 0.00194324 0.00142604 0.00103136 0.000734972 0.000515977 0.00035679 0.00024297 0.000162924 0.000107563 6.99095e-05 4.47268e-05 2.8166e-05 1.74577e-05 1.06497e-05 6.39421e-06 3.77929e-06 2.20036e-06 1.26494e-06 7.23926e-07 4.23834e-07 2.74666e-07 
3.46818e-07 4.13948e-07 6.36565e-07 1.08342e-06 1.88672e-06 3.2712e-06 5.60013e-06 9.4436e-06 1.56758e-05 2.56092e-05 4.11743e-05 6.51532e-05 0.000101472 0.000155557 0.000234749 0.000348767 0.000510196 0.000734972 0.00104281 0.00145751 0.00200715 0.00272396 0.00364395 0.00480621 0.00625179 0.00802224 0.0101579 0.0126956 0.0156667 0.0190948 0.0229932 0.0273632 0.0321924 0.0374537 0.0431049 0.0490885 0.055333 0.0617544 0.0682587 0.0747442 0.0811051 0.0872349 0.0930293 0.0983894 0.103225 0.107454 0.111009 0.113833 0.11588 0.117122 0.117537 0.117122 0.11588 0.113833 0.111009 0.107454 0.103225 0.0983894 0.0930293 0.0872349 0.0811051 0.0747442 0.0682587 0.0617544 0.055333 0.0490885 0.0431049 0.0374537 0.0321924 0.0273632 0.0229932 0.0190948 0.0156667 0.0126956 0.0101579 0.00802224 0.00625179 0.00480621 0.00364395 0.00272396 0.00200715 0.00145751 0.00104281 0.000734972 0.000510196 0.000348767 0.000234749 0.000155557 0.000101472 6.51532e-05 4.11743e-05 2.56092e-05 1.56758e-05 9.4436e-06 5.60013e-06 3.2712e-06 1.88672e-06 1.08342e-06 6.36565e-07 4.13948e-07 
5.16075e-07 6.14942e-07 9.42395e-07 1.59821e-06 2.77375e-06 4.79324e-06 8.17873e-06 1.37459e-05 2.27401e-05 3.7022e-05 5.93154e-05 9.35246e-05 0.000145131 0.000221666 0.000333262 0.000493244 0.000718759 0.00103136 0.00145751 0.00202892 0.00278264 0.00376078 0.00500994 0.00658003 0.00852279 0.0108897 0.0137296 0.0170862 0.0209949 0.0254802 0.0305534 0.0362096 0.042427 0.0491653 0.0563656 0.0639514 0.0718298 0.0798938 0.0880257 0.0961002 0.103989 0.111563 0.118698 0.125279 0.131199 0.136366 0.1407 0.144137 0.146626 0.148134 0.148639 0.148134 0.146626 0.144137 0.1407 0.136366 0.131199 0.125279 0.118698 0.111563 0.103989 0.0961002 0.0880257 0.0798938 0.0718298 0.0639514 0.0563656 0.0491653 0.042427 0.0362096 0.0305534 0.0254802 0.0209949 0.0170862 0.0137296 0.0108897 0.00852279 0.00658003 0.00500994 0.00376078 0.00278264 0.00202892 0.00145751 0.00103136 0.000718759 0.000493244 0.000333262 0.000221666 0.000145131 9.35246e-05 5.93154e-05 3.7022e-05 2.27401e-05 1.37459e-05 8.17873e-06 4.79324e-06 2.77375e-06 1.59821e-06 9.42395e-07 6.14942e-07 
7.5704e-07 9.00573e-07 1.37536e-06 2.32411e-06 4.01982e-06 6.92346e-06 1.17743e-05 1.97224e-05 3.25157e-05 5.27533e-05 8.42207e-05 0.000132316 0.000204575 0.000311295 0.000466241 0.000687404 0.000997774 0.00142604 0.00200715 0.00278264 0.00380055 0.005115 0.00678511 0.00887344 0.0114438 0.0145586 0.0182755 0.0226444 0.0277037 0.0334771 0.0399705 0.0471701 0.0550401 0.063523 0.072539 0.0819881 0.0917519 0.101697 0.111679 0.121547 0.131148 0.14033 0.148951 0.156875 0.163984 0.170173 0.175353 0.179453 0.18242 0.184215 0.184816 0.184215 0.18242 0.179453 0.175353 0.170173 0.163984 0.156875 0.148951 0.14033 0.131148 0.121547 0.111679 0.101697 0.0917519 0.0819881 0.072539 0.063523 0.0550401 0.0471701 0.0399705 0.0334771 0.0277037 0.0226444 0.0182755 0.0145586 0.0114438 0.00887344 0.00678511 0.005115 0.00380055 0.00278264 0.00200715 0.00142604 0.000997774 0.000687404 0.000466241 0.000311295 0.000204575 0.000132316 8.42207e-05 5.27533e-05 3.25157e-05 1.97224e-05 1.17743e-05 6.92346e-06 4.01982e-06 2.32411e-06 1.37536e-06 9.00573e-07 
1.09488e-06 1.30031e-06 1.979e-06 3.33213e-06 5.74361e-06 9.85938e-06 1.67112e-05 2.78975e-05 4.58357e-05 7.41035e-05 0.000117885 0.000184532 0.000284253 0.000430912 0.000642929 0.000944219 0.00136513 0.00194324 0.00272396 0.00376078 0.005115 0.00685486 0.00905406 0.0117895 0.0151381 0.0191737 0.0239628 0.0295601 0.036005 0.0433172 0.0514939 0.0605076 0.0703042 0.0808037 0.0919009 0.103468 0.115356 0.127404 0.139437 0.151277 0.162746 0.17367 0.183887 0.193248 0.201619 0.208887 0.214957 0.219754 0.223219 0.225314 0.226015 0.225314 0.223219 0.219754 0.214957 0.208887 0.201619 0.193248 0.183887 0.17367 0.162746 0.151277 0.139437 0.127404 0.115356 0.103468 0.0919009 0.0808037 0.0703042 0.0605076 0.0514939 0.0433172 0.036005 0.0295601 0.0239628 0.0191737 0.0151381 0.0117895 0.00905406 0.00685486 0.005115 0.00376078 0.00272396 0.00194324 0.00136513 0.000944219 0.000642929 0.000430912 0.000284253 0.000184532 0.000117885 7.41035e-05 4.58357e-05 2.78975e-05 1.67112e-05 9.85938e-06 5.74361e-06 3.33213e-06 1.979e-06 1.30031e-06 
1.56134e-06 1.85125e-06 2.80783e-06 4.7107e-06 8.09207e-06 1.38443e-05 2.33871e-05 3.89098e-05 6.37084e-05 0.000102637 0.000162691 0.000253739 0.000389406 0.000588082 0.000874044 0.0012786 0.0018412 0.00261029 0.00364395 0.00500994 0.00678511 0.00905406 0.0119069 0.0154363 0.0197332 0.0248825 0.0309585 0.0380188 0.0461005 0.0552156 0.0653479 0.0764506 0.0884461 0.101226 0.114656 0.128573 0.142799 0.157137 0.171384 0.185334 0.198783 0.211539 0.223421 0.234268 0.243937 0.252309 0.259283 0.264784 0.268752 0.271148 0.27195 0.271148 0.268752 0.264784 0.259283 0.252309 0.243937 0.234268 0.223421 0.211539 0.198783 0.185334 0.171384 0.157137 0.142799 0.128573 0.114656 0.101226 0.0884461 0.0764506 0.0653479 0.0552156 0.0461005 0.0380188 0.0309585 0.0248825 0.0197332 0.0154363 0.0119069 0.00905406 0.00678511 0.00500994 0.00364395 0.00261029 0.0018412 0.0012786 0.000874044 0.000588082 0.000389406 0.000253739 0.000162691 0.000102637 6.37084e-05 3.89098e-05 2.33871e-05 1.38443e-05 8.09207e-06 4.7107e-06 2.80783e-06 1.85125e-06 
2.19563e-06 2.59909e-06 3.92865e-06 6.56754e-06 1.12432e-05 1.91713e-05 3.22777e-05 5.35193e-05 8.73266e-05 0.000140191 0.000221419 0.000344069 0.000526058 0.000791427 0.0011717 0.00170727 0.00244859 0.00345721 0.00480621 0.00658003 0.00887344 0.0117895 0.0154363 0.0199231 0.0253551 0.0318277 0.0394204 0.0481909 0.05817 0.0693567 0.0817154 0.0951745 0.109626 0.12493 0.140912 0.157378 0.174109 0.190878 0.20745 0.223592 0.239079 0.253699 0.267261 0.279594 0.290549 0.300005 0.307864 0.314048 0.318503 0.32119 0.322088 0.32119 0.318503 0.314048 0.307864 0.300005 0.290549 0.279594 0.267261 0.253699 0.239079 0.223592 0.20745 0.190878 0.174109 0.157378 0.140912 0.12493 0.109626 0.0951745 0.0817154 0.0693567 0.05817 0.0481909 0.0394204 0.0318277 0.0253551 0.0199231 0.0154363 0.0117895 0.00887344 0.00658003 0.00480621 0.00345721 0.00244859 0.00170727 0.0011717 0.000791427 0.000526058 0.000344069 0.000221419 0.000140191 8.73266e-05 5.35193e-05 3.22777e-05 1.91713e-05 1.12432e-05 6.56754e-06 3.92865e-06 2.59909e-06 
3.04506e-06 3.59882e-06 5.42141e-06 9.03083e-06 1.54078e-05 2.61851e-05 4.39396e-05 7.26096e-05 0.000118067 0.000188873 0.000297236 0.000460187 0.000700956 0.00105052 0.00154923 0.00224838 0.00321164 0.00451592 0.00625179 0.00852279 0.0114438 0.0151381 0.0197332 0.0253551 0.0321227 0.0401396 0.0494879 0.0602211 0.072358 0.0858787 0.100722 0.116784 0.133921 0.151952 0.170665 0.189823 0.209173 0.228451 0.247393 0.265743 0.283257 0.299711 0.314905 0.328664 0.340842 0.35132 0.360004 0.366823 0.371726 0.37468 0.375667 0.37468 0.371726 0.366823 0.360004 0.35132 0.340842 0.328664 0.314905 0.299711 0.283257 0.265743 0.247393 0.228451 0.209173 0.189823 0.170665 0.151952 0.133921 0.116784 0.100722 0.0858787 0.072358 0.0602211 0.0494879 0.0401396 0.0321227 0.0253551 0.0197332 0.0151381 0.0114438 0.00852279 0.00625179 0.00451592 0.00321164 0.00224838 0.00154923 0.00105052 0.000700956 0.000460187 0.000297236 0.000188873 0.000118067 7.26096e-05 4.39396e-05 2.61851e-05 1.54078e-05 9.03083e-06 5.42141e-06 3.59882e-06 
4.16533e-06 4.91504e-06 7.37953e-06 1.22494e-05 2.08287e-05 3.52812e-05 5.90072e-05 9.71808e-05 0.000157479 0.000251037 0.000393647 0.000607216 0.000921445 0.00137568 0.00202083 0.00292114 0.00415569 0.00581924 0.00802224 0.0108897 0.0145586 0.0191737 0.0248825 0.0318277 0.0401396 0.0499275 0.0612718 0.074216 0.088761 0.10486 0.12242 0.141297 0.161305 0.182218 0.20378 0.225712 0.247721 0.269513 0.290797 0.311295 0.330753 0.348939 0.365652 0.38072 0.394005 0.405395 0.414807 0.42218 0.427473 0.430658 0.431721 0.430658 0.427473 0.42218 0.414807 0.405395 0.394005 0.38072 0.365652 0.348939 0.330753 0.311295 0.290797 0.269513 0.247721 0.225712 0.20378 0.182218 0.161305 0.141297 0.12242 0.10486 0.088761 0.074216 0.0612718 0.0499275 0.0401396 0.0318277 0.0248825 0.0191737 0.0145586 0.0108897 0.00802224 0.00581924 0.00415569 0.00292114 0.00202083 0.00137568 0.000921445 0.000607216 0.000393647 0.000251037 0.000157479 9.71808e-05 5.90072e-05 3.52812e-05 2.08287e-05 1.22494e-05 7.37953e-06 4.91504e-06 
5.6203e-06 6.6216e-06 9.9092e-06 1.63914e-05 2.7779e-05 4.69007e-05 7.81838e-05 0.000128334 0.000207254 0.000329231 0.00051442 0.000790614 0.00119527 0.00177767 0.00260116 0.00374505 0.00530617 0.00739954 0.0101579 0.0137296 0.0182755 0.0239628 0.0309585 0.0394204 0.0494879 0.0612718 0.0748452 0.090235 0.107417 0.12631 0.146779 0.168636 0.191645 0.215531 0.239991 0.264702 0.289336 0.313566 0.337082 0.359593 0.380836 0.400582 0.418636 0.434838 0.449061 0.461212 0.47122 0.479041 0.484643 0.488011 0.489134 0.488011 0.484643 0.479041 0.47122 0.461212 0.449061 0.434838 0.418636 0.400582 0.380836 0.359593 0.337082 0.313566 0.289336 0.264702 0.239991 0.215531 0.191645 0.168636 0.146779 0.12631 0.107417 0.090235 0.0748452 0.0612718 0.0494879 0.0394204 0.0309585 0.0239628 0.0182755 0.0137296 0.0101579 0.00739954 0.00530617 0.00374505 0.00260116 0.00177767 0.00119527 0.000790614 0.00051442 0.000329231 0.000207254 0.000128334 7.81838e-05 4.69007e-05 2.7779e-05 1.63914e-05 9.9092e-06 6.6216e-06 
7.4811e-06 8.80058e-06 1.31277e-05 2.16413e-05 3.65561e-05 6.15212e-05 0.000102225 0.000167244 0.000269182 0.00042613 0.000663467 0.00101599 0.00153029 0.0022673 0.00330472 0.00473913 0.00668744 0.00928723 0.0126956 0.0170862 0.0226444 0.0295601 0.0380188 0.0481909 0.0602211 0.074216 0.090235 0.108281 0.128296 0.150157 0.173679 0.198623 0.224697 0.251575 0.278904 0.30632 0.333459 0.359973 0.385533 0.409842 0.432642 0.453712 0.472872 0.48998 0.504932 0.517653 0.528097 0.536235 0.542053 0.545545 0.546709 0.545545 0.542053 0.536235 0.528097 0.517653 0.504932 0.48998 0.472872 0.453712 0.432642 0.409842 0.385533 0.359973 0.333459 0.30632 0.278904 0.251575 0.224697 0.198623 0.173679 0.150157 0.128296 0.108281 0.090235 0.074216 0.0602211 0.0481909 0.0380188 0.0295601 0.0226444 0.0170862 0.0126956 0.00928723 0.00668744 0.00473913 0.00330472 0.0022673 0.00153029 0.00101599 0.000663467 0.00042613 0.000269182 0.000167244 0.000102225 6.15212e-05 3.65561e-05 2.16413e-05 1.31277e-05 8.80058e-06 
9.82441e-06 1.15401e-05 1.71602e-05 2.81947e-05 4.74729e-05 7.96414e-05 0.000131913 0.000215117 0.000345085 0.000544429 0.000844694 0.00128887 0.00193418 0.00285491 0.00414516 0.00592094 0.00832146 0.011509 0.0156667 0.0209949 0.0277037 0.036005 0.0461005 0.05817 0.072358 0.088761 0.107417 0.128296 0.151297 0.176249 0.20291 0.23098 0.260111 0.289922 0.320011 0.349975 0.379423 0.407985 0.435327 0.461156 0.485223 0.507325 0.527308 0.545056 0.560492 0.57357 0.584267 0.592578 0.598506 0.602058 0.603241 0.602058 0.598506 0.592578 0.584267 0.57357 0.560492 0.545056 0.527308 0.507325 0.485223 0.461156 0.435327 0.407985 0.379423 0.349975 0.320011 0.289922 0.260111 0.23098 0.20291 0.176249 0.151297 0.128296 0.107417 0.088761 0.072358 0.05817 0.0461005 0.036005 0.0277037 0.0209949 0.0156667 0.011509 0.00832146 0.00592094 0.00414516 0.00285491 0.00193418 0.00128887 0.000844694 0.000544429 0.000345085 0.000215117 0.000131913 7.96414e-05 4.74729e-05 2.81947e-05 1.71602e-05 1.15401e-05 
1.27297e-05 1.49314e-05 2.21353e-05 3.62505e-05 6.08455e-05 0.000101761 0.000168026 0.000273138 0.000436735 0.000686719 0.0010618 0.00161442 0.00241394 0.00354982 0.00513449 0.00730549 0.0102264 0.0140859 0.0190948 0.0254802 0.0334771 0.0433172 0.0552156 0.0693567 0.0858787 0.10486 0.12631 0.150157 0.176249 0.204356 0.234173 0.265339 0.297444 0.330051 0.362714 0.394995 0.426479 0.456788 0.485589 0.512602 0.537598 0.560403 0.580894 0.59899 0.614647 0.627851 0.63861 0.646941 0.652868 0.656415 0.657595 0.656415 0.652868 0.646941 0.63861 0.627851 0.614647 0.59899 0.580894 0.560403 0.537598 0.512602 0.485589 0.456788 0.426479 0.394995 0.362714 0.330051 0.297444 0.265339 0.234173 0.204356 0.176249 0.150157 0.12631 0.10486 0.0858787 0.0693567 0.0552156 0.0433172 0.0334771 0.0254802 0.0190948 0.0140859 0.0102264 0.00730549 0.00513449 0.00354982 0.00241394 0.00161442 0.0010618 0.000686719 0.000436735 0.000273138 0.000168026 0.000101761 6.08455e-05 3.62505e-05 2.21353e-05 1.49314e-05 
1.62757e-05 1.90643e-05 2.81786e-05 4.60016e-05 7.69767e-05 0.000128352 0.000211292 0.000342406 0.000545751 0.000855326 0.00131805 0.0019971 0.00297551 0.00435965 0.00628218 0.0089041 0.0124151 0.0170318 0.0229932 0.0305534 0.0399705 0.0514939 0.0653479 0.0817154 0.100722 0.12242 0.146779 0.173679 0.20291 0.234173 0.2671 0.301258 0.336179 0.371373 0.406352 0.440651 0.47384 0.505541 0.535433 0.563256 0.588815 0.611972 0.632641 0.650783 0.666393 0.679492 0.69012 0.698321 0.704141 0.707616 0.708772 0.707616 0.704141 0.698321 0.69012 0.679492 0.666393 0.650783 0.632641 0.611972 0.588815 0.563256 0.535433 0.505541 0.47384 0.440651 0.406352 0.371373 0.336179 0.301258 0.2671 0.234173 0.20291 0.173679 0.146779 0.12242 0.100722 0.0817154 0.0653479 0.0514939 0.0399705 0.0305534 0.0229932 0.0170318 0.0124151 0.0089041 0.00628218 0.00435965 0.00297551 0.0019971 0.00131805 0.000855326 0.000545751 0.000342406 0.000211292 0.000128352 7.69767e-05 4.60016e-05 2.81786e-05 1.90643e-05 
2.05355e-05 2.4022e-05 3.54051e-05 5.76221e-05 9.61369e-05 0.000159833 0.000262342 0.000423855 0.00067348 0.00105215 0.00161602 0.00244032 0.00362323 0.00528968 0.00759434 0.0107233 0.0148938 0.0203512 0.0273632 0.0362096 0.0471701 0.0605076 0.0764506 0.0951745 0.116784 0.141297 0.168636 0.198623 0.23098 0.265339 0.301258 0.338239 0.375752 0.41326 0.45024 0.486206 0.520724 0.553426 0.584012 0.612256 0.638002 0.661155 0.681676 0.69957 0.714874 0.727649 0.737965 0.745897 0.751508 0.754853 0.755964 0.754853 0.751508 0.745897 0.737965 0.727649 0.714874 0.69957 0.681676 0.661155 0.638002 0.612256 0.584012 0.553426 0.520724 0.486206 0.45024 0.41326 0.375752 0.338239 0.301258 0.265339 0.23098 0.198623 0.168636 0.141297 0.116784 0.0951745 0.0764506 0.0605076 0.0471701 0.0362096 0.0273632 0.0203512 0.0148938 0.0107233 0.00759434 0.00528968 0.00362323 0.00244032 0.00161602 0.00105215 0.00067348 0.000423855 0.000262342 0.000159833 9.61369e-05 5.76221e-05 3.54051e-05 2.4022e-05 
2.55714e-05 2.98748e-05 4.39105e-05 7.12543e-05 0.000118542 0.000196529 0.000321656 0.000518174 0.000820882 0.00127847 0.00195738 0.00294608 0.00435936 0.00634221 0.00907281 0.0127637 0.0176607 0.0240384 0.0321924 0.042427 0.0550401 0.0703042 0.0884461 0.109626 0.133921 0.161305 0.191645 0.224697 0.260111 0.297444 0.336179 0.375752 0.415578 0.455076 0.493696 0.530944 0.56639 0.599686 0.630565 0.658842 0.684408 0.707218 0.727284 0.744659 0.759423 0.771677 0.781523 0.789062 0.794379 0.797541 0.798591 0.797541 0.794379 0.789062 0.781523 0.771677 0.759423 0.744659 0.727284 0.707218 0.684408 0.658842 0.630565 0.599686 0.56639 0.530944 0.493696 0.455076 0.415578 0.375752 0.336179 0.297444 0.260111 0.224697 0.191645 0.161305 0.133921 0.109626 0.0884461 0.0703042 0.0550401 0.042427 0.0321924 0.0240384 0.0176607 0.0127637 0.00907281 0.00634221 0.00435936 0.00294608 0.00195738 0.00127847 0.000820882 0.000518174 0.000321656 0.000196529 0.000118542 7.12543e-05 4.39105e-05 2.98748e-05 
3.14286e-05 3.6673e-05 5.37614e-05 8.69933e-05 0.00014433 0.000238636 0.000389505 0.00062572 0.000988394 0.00153477 0.00234256 0.00351464 0.00518363 0.00751594 0.0107145 0.0150193 0.0207052 0.0280759 0.0374537 0.0491653 0.063523 0.0808037 0.101226 0.12493 0.151952 0.182218 0.215531 0.251575 0.289922 0.330051 0.371373 0.41326 0.455076 0.496205 0.536081 0.574209 0.610176 0.643664 0.674448 0.702391 0.727438 0.7496 0.76894 0.785559 0.799585 0.811152 0.820397 0.827444 0.832397 0.835336 0.83631 0.835336 0.832397 0.827444 0.820397 0.811152 0.799585 0.785559 0.76894 0.7496 0.727438 0.702391 0.674448 0.643664 0.610176 0.574209 0.536081 0.496205 0.455076 0.41326 0.371373 0.330051 0.289922 0.251575 0.215531 0.182218 0.151952 0.12493 0.101226 0.0808037 0.063523 0.0491653 0.0374537 0.0280759 0.0207052 0.0150193 0.0107145 0.00751594 0.00518363 0.00351464 0.00234256 0.00153477 0.000988394 0.00062572 0.000389505 0.000238636 0.00014433 8.69933e-05 5.37614e-05 3.6673e-05 
3.81294e-05 4.44406e-05 6.49858e-05 0.000104873 0.000173539 0.00028619 0.000465902 0.000746441 0.00117583 0.0018206 0.00277062 0.00414419 0.00609285 0.00880551 0.0125107 0.0174766 0.024007 0.0324339 0.0431049 0.0563656 0.072539 0.0919009 0.114656 0.140912 0.170665 0.20378 0.239991 0.278904 0.320011 0.362714 0.406352 0.45024 0.493696 0.536081 0.576822 0.615432 0.651527 0.684827 0.715159 0.74244 0.766672 0.787924 0.806312 0.821987 0.835116 0.845872 0.854417 0.860899 0.865437 0.868123 0.869012 0.868123 0.865437 0.860899 0.854417 0.845872 0.835116 0.821987 0.806312 0.787924 0.766672 0.74244 0.715159 0.684827 0.651527 0.615432 0.576822 0.536081 0.493696 0.45024 0.406352 0.362714 0.320011 0.278904 0.239991 0.20378 0.170665 0.140912 0.114656 0.0919009 0.072539 0.0563656 0.0431049 0.0324339 0.024007 0.0174766 0.0125107 0.00880551 0.00609285 0.00414419 0.00277062 0.0018206 0.00117583 0.000746441 0.000465902 0.00028619 0.000173539 0.000104873 6.49858e-05 4.44406e-05 
4.56672e-05 5.31679e-05 7.75642e-05 0.000124852 0.000206086 0.000339031 0.000550552 0.00087981 0.00138226 0.0021344 0.00323901 0.00483064 0.00708065 0.0102012 0.014447 0.0201144 0.0275359 0.0370705 0.0490885 0.0639514 0.0819881 0.103468 0.128573 0.157378 0.189823 0.225712 0.264702 0.30632 0.349975 0.394995 0.440651 0.486206 0.530944 0.574209 0.615432 0.654147 0.690008 0.722782 0.752349 0.77869 0.801865 0.822 0.839264 0.853855 0.865977 0.875836 0.883619 0.88949 0.893585 0.896001 0.896799 0.896001 0.893585 0.88949 0.883619 0.875836 0.865977 0.853855 0.839264 0.822 0.801865 0.77869 0.752349 0.722782 0.690008 0.654147 0.615432 0.574209 0.530944 0.486206 0.440651 0.394995 0.349975 0.30632 0.264702 0.225712 0.189823 0.157378 0.128573 0.103468 0.0819881 0.0639514 0.0490885 0.0370705 0.0275359 0.0201144 0.014447 0.0102012 0.00708065 0.00483064 0.00323901 0.0021344 0.00138226 0.00087981 0.000550552 0.000339031 0.000206086 0.000124852 7.75642e-05 5.31679e-05 
5.40017e-05 6.28069e-05 9.1422e-05 0.000146803 0.000241752 0.000396781 0.000642817 0.00102477 0.00160599 0.00247345 0.00374348 0.00556752 0.00813733 0.0116887 0.0165028 0.0229038 0.031252 0.0419316 0.055333 0.0718298 0.0917519 0.115356 0.142799 0.174109 0.209173 0.247721 0.289336 0.333459 0.379423 0.426479 0.47384 0.520724 0.56639 0.610176 0.651527 0.690008 0.725316 0.757274 0.785823 0.811004 0.832939 0.85181 0.867834 0.881253 0.892305 0.901222 0.908213 0.913456 0.917095 0.919236 0.919942 0.919236 0.917095 0.913456 0.908213 0.901222 0.892305 0.881253 0.867834 0.85181 0.832939 0.811004 0.785823 0.757274 0.725316 0.690008 0.651527 0.610176 0.56639 0.520724 0.47384 0.426479 0.379423 0.333459 0.289336 0.247721 0.209173 0.174109 0.142799 0.115356 0.0917519 0.0718298 0.055333 0.0419316 0.031252 0.0229038 0.0165028 0.0116887 0.00813733 0.00556752 0.00374348 0.00247345 0.00160599 0.00102477 0.000642817 0.000396781 0.000241752 0.000146803 9.1422e-05 6.28069e-05 
