1.62052e-05 1.69162e-05 1.90902e-05 2.28509e-05 2.84076e-05 3.60588e-05 4.61981e-05 5.932e-05 7.6027e-05 9.70364e-05 0.000123187 0.000155442 0.000194895 0.000242768 0.000300406 0.000369272 0.000450933 0.000547036 0.00065929 0.000789428 0.000939171 0.00111018 0.00130401 0.00152206 0.00176549 0.0020352 0.00233174 0.00265525 0.00300545 0.00338153 0.00378217 0.00420548 0.004649 0.00510971 0.00558403 0.00606786 0.00655664 0.0070454 0.00752884 0.00800142 0.0084575 0.00889138 0.00929746 0.00967034 0.0100049 0.0102966 0.0105412 0.0107353 0.010876 0.0109612 0.0109898 0.0109612 0.010876 0.0107353 0.0105412 0.0102966 0.0100049 0.00967034 0.00929746 0.00889138 0.0084575 0.00800142 0.00752884 0.0070454 0.00655664 0.00606786 0.00558403 0.00510971 0.004649 0.00420548 0.00378217 0.00338153 0.00300545 0.00265525 0.00233174 0.0020352 0.00176549 0.00152206 0.00130401 0.00111018 0.000939171 0.000789428 0.00065929 0.000547036 0.000450933 0.000369272 0.000300406 0.000242768 0.000194895 0.000155442 0.000123187 9.70364e-05 7.6027e-05 5.932e-05 4.61981e-05 3.60588e-05 2.84076e-05 2.28509e-05 1.90902e-05 1.69162e-05 
1.69162e-05 1.76567e-05 1.99207e-05 2.38367e-05 2.96218e-05 3.75856e-05 4.81362e-05 6.17864e-05 7.91604e-05 0.000101001 0.000128177 0.000161685 0.000202656 0.000252352 0.000312164 0.000383602 0.000468281 0.000567901 0.00068422 0.000819022 0.000974076 0.00115109 0.00135166 0.0015772 0.00182892 0.00210772 0.00241415 0.00274835 0.00310999 0.00349825 0.00391174 0.0043485 0.00480599 0.00528109 0.00577009 0.00626877 0.00677244 0.00727597 0.00777391 0.00826059 0.00873018 0.00917684 0.00959482 0.00997858 0.0103229 0.010623 0.0108747 0.0110743 0.0112191 0.0113068 0.0113361 0.0113068 0.0112191 0.0110743 0.0108747 0.010623 0.0103229 0.00997858 0.00959482 0.00917684 0.00873018 0.00826059 0.00777391 0.00727597 0.00677244 0.00626877 0.00577009 0.00528109 0.00480599 0.0043485 0.00391174 0.00349825 0.00310999 0.00274835 0.00241415 0.00210772 0.00182892 0.0015772 0.00135166 0.00115109 0.000974076 0.000819022 0.00068422 0.000567901 0.000468281 0.000383602 0.000312164 0.000252352 0.000202656 0.000161685 0.000128177 0.000101001 7.91604e-05 6.17864e-05 4.81362e-05 3.75856e-05 2.96218e-05 2.38367e-05 1.99207e-05 1.76567e-05 
1.90902e-05 1.99207e-05 2.24596e-05 2.68496e-05 3.33315e-05 4.2249e-05 5.40545e-05 6.93157e-05 8.87234e-05 0.000113099 0.000143399 0.000180725 0.000226318 0.000281568 0.000347998 0.000427261 0.000521124 0.000631438 0.000760118 0.000909099 0.0010803 0.00127555 0.00149657 0.00174489 0.00202176 0.00232814 0.00266457 0.00303118 0.00342754 0.00385272 0.00430516 0.00478269 0.00528249 0.00580113 0.00633458 0.00687823 0.00742695 0.00797518 0.00851703 0.00904633 0.00955679 0.0100421 0.0104961 0.0109127 0.0112864 0.011612 0.011885 0.0121016 0.0122585 0.0123536 0.0123854 0.0123536 0.0122585 0.0121016 0.011885 0.011612 0.0112864 0.0109127 0.0104961 0.0100421 0.00955679 0.00904633 0.00851703 0.00797518 0.00742695 0.00687823 0.00633458 0.00580113 0.00528249 0.00478269 0.00430516 0.00385272 0.00342754 0.00303118 0.00266457 0.00232814 0.00202176 0.00174489 0.00149657 0.00127555 0.0010803 0.000909099 0.000760118 0.000631438 0.000521124 0.000427261 0.000347998 0.000281568 0.000226318 0.000180725 0.000143399 0.000113099 8.87234e-05 6.93157e-05 5.40545e-05 4.2249e-05 3.33315e-05 2.68496e-05 2.24596e-05 1.99207e-05 
2.28509e-05 2.38367e-05 2.68496e-05 3.20564e-05 3.97392e-05 5.02997e-05 6.42661e-05 8.23004e-05 0.000105207 0.000133941 0.000169612 0.000213495 0.000267026 0.000331805 0.000409586 0.000502264 0.000611859 0.000740486 0.000890319 0.00106355 0.00126234 0.00148876 0.00174471 0.00203188 0.00235166 0.00270505 0.00309261 0.00351439 0.00396986 0.00445785 0.00497651 0.0055233 0.00609497 0.00668757 0.00729645 0.00791636 0.00854148 0.00916549 0.00978172 0.0103832 0.0109629 0.0115136 0.0120284 0.0125007 0.0129241 0.0132929 0.013602 0.013847 0.0140246 0.0141322 0.0141682 0.0141322 0.0140246 0.013847 0.013602 0.0132929 0.0129241 0.0125007 0.0120284 0.0115136 0.0109629 0.0103832 0.00978172 0.00916549 0.00854148 0.00791636 0.00729645 0.00668757 0.00609497 0.0055233 0.00497651 0.00445785 0.00396986 0.00351439 0.00309261 0.00270505 0.00235166 0.00203188 0.00174471 0.00148876 0.00126234 0.00106355 0.000890319 0.000740486 0.000611859 0.000502264 0.000409586 0.000331805 0.000267026 0.000213495 0.000169612 0.000133941 0.000105207 8.23004e-05 6.42661e-05 5.02997e-05 3.97392e-05 3.20564e-05 2.68496e-05 2.38367e-05 
2.84076e-05 2.96218e-05 3.33315e-05 3.97392e-05 4.91867e-05 6.21603e-05 7.92986e-05 0.000101401 0.000129438 0.000164556 0.00020809 0.000261566 0.000326699 0.000405396 0.000499742 0.000611982 0.000744501 0.000899788 0.00108039 0.00128887 0.00152774 0.00179938 0.00210598 0.00244945 0.00283134 0.00325273 0.0037142 0.00421568 0.00475644 0.005335 0.0059491 0.00659564 0.00727074 0.00796967 0.00868696 0.00941641 0.0101512 0.0108839 0.0116068 0.0123117 0.0129905 0.0136349 0.0142369 0.0147887 0.0152832 0.0157136 0.0160743 0.0163601 0.0165672 0.0166926 0.0167346 0.0166926 0.0165672 0.0163601 0.0160743 0.0157136 0.0152832 0.0147887 0.0142369 0.0136349 0.0129905 0.0123117 0.0116068 0.0108839 0.0101512 0.00941641 0.00868696 0.00796967 0.00727074 0.00659564 0.0059491 0.005335 0.00475644 0.00421568 0.0037142 0.00325273 0.00283134 0.00244945 0.00210598 0.00179938 0.00152774 0.00128887 0.00108039 0.000899788 0.000744501 0.000611982 0.000499742 0.000405396 0.000326699 0.000261566 0.00020809 0.000164556 0.000129438 0.000101401 7.92986e-05 6.21603e-05 4.91867e-05 3.97392e-05 3.33315e-05 2.96218e-05 
3.60588e-05 3.75856e-05 4.2249e-05 5.02997e-05 6.21603e-05 7.84317e-05 9.99019e-05 0.000127556 0.000162586 0.000206402 0.000260638 0.000327156 0.000408049 0.000505633 0.000622434 0.000761166 0.000924699 0.00111602 0.00133817 0.00159419 0.00188705 0.00221956 0.00259426 0.00301335 0.00347857 0.00399113 0.00455156 0.00515966 0.00581441 0.0065139 0.00725529 0.00803477 0.00884757 0.00968797 0.0105494 0.0114243 0.0123046 0.0131814 0.0140456 0.0148875 0.0156975 0.0164658 0.0171829 0.0178399 0.0184282 0.0189401 0.0193688 0.0197085 0.0199545 0.0201034 0.0201533 0.0201034 0.0199545 0.0197085 0.0193688 0.0189401 0.0184282 0.0178399 0.0171829 0.0164658 0.0156975 0.0148875 0.0140456 0.0131814 0.0123046 0.0114243 0.0105494 0.00968797 0.00884757 0.00803477 0.00725529 0.0065139 0.00581441 0.00515966 0.00455156 0.00399113 0.00347857 0.00301335 0.00259426 0.00221956 0.00188705 0.00159419 0.00133817 0.00111602 0.000924699 0.000761166 0.000622434 0.000505633 0.000408049 0.000327156 0.000260638 0.000206402 0.000162586 0.000127556 9.99019e-05 7.84317e-05 6.21603e-05 5.02997e-05 4.2249e-05 3.75856e-05 
4.61981e-05 4.81362e-05 5.40545e-05 6.42661e-05 7.92986e-05 9.99019e-05 0.000127058 0.000161991 0.000206184 0.000261382 0.000329605 0.000413153 0.000514601 0.000636789 0.000782809 0.00095597 0.00115976 0.00139779 0.00167374 0.00199125 0.00235386 0.00276489 0.00322734 0.00374375 0.0043161 0.00494569 0.00563302 0.00637767 0.00717825 0.00803227 0.00893613 0.00988509 0.0108733 0.0118936 0.0129382 0.0139978 0.0150626 0.0161222 0.0171653 0.0181805 0.0191563 0.0200811 0.0209437 0.0217334 0.0224401 0.0230546 0.0235691 0.0239765 0.0242715 0.0244501 0.02451 0.0244501 0.0242715 0.0239765 0.0235691 0.0230546 0.0224401 0.0217334 0.0209437 0.0200811 0.0191563 0.0181805 0.0171653 0.0161222 0.0150626 0.0139978 0.0129382 0.0118936 0.0108733 0.00988509 0.00893613 0.00803227 0.00717825 0.00637767 0.00563302 0.00494569 0.0043161 0.00374375 0.00322734 0.00276489 0.00235386 0.00199125 0.00167374 0.00139779 0.00115976 0.00095597 0.000782809 0.000636789 0.000514601 0.000413153 0.000329605 0.000261382 0.000206184 0.000161991 0.000127058 9.99019e-05 7.92986e-05 6.42661e-05 5.40545e-05 4.81362e-05 
5.932e-05 6.17864e-05 6.93157e-05 8.23004e-05 0.000101401 0.000127556 0.000161991 0.000206236 0.000262135 0.000331857 0.00041791 0.000523137 0.000650716 0.000804144 0.000987213 0.00120397 0.00145867 0.00175569 0.00209948 0.00249442 0.00294475 0.0034544 0.00402689 0.00466517 0.0053715 0.00614725 0.00699285 0.00790757 0.00888952 0.00993548 0.0110409 0.0121998 0.013405 0.0146478 0.0159184 0.0172057 0.0184979 0.0197822 0.0210453 0.0222733 0.0234526 0.0245693 0.02561 0.0265621 0.0274136 0.0281537 0.028773 0.0292633 0.0296182 0.029833 0.0299049 0.029833 0.0296182 0.0292633 0.028773 0.0281537 0.0274136 0.0265621 0.02561 0.0245693 0.0234526 0.0222733 0.0210453 0.0197822 0.0184979 0.0172057 0.0159184 0.0146478 0.013405 0.0121998 0.0110409 0.00993548 0.00888952 0.00790757 0.00699285 0.00614725 0.0053715 0.00466517 0.00402689 0.0034544 0.00294475 0.00249442 0.00209948 0.00175569 0.00145867 0.00120397 0.000987213 0.000804144 0.000650716 0.000523137 0.00041791 0.000331857 0.000262135 0.000206236 0.000161991 0.000127556 0.000101401 8.23004e-05 6.93157e-05 6.17864e-05 
7.6027e-05 7.91604e-05 8.87234e-05 0.000105207 0.000129438 0.000162586 0.000206184 0.000262135 0.000332732 0.00042067 0.000529053 0.000661394 0.00082161 0.001014 0.00124321 0.00151418 0.00183209 0.00220225 0.00263002 0.00312068 0.00367926 0.00431043 0.00501832 0.00580633 0.00667699 0.00763175 0.00867088 0.00979328 0.0109964 0.012276 0.0136264 0.0150403 0.0165085 0.0180205 0.0195644 0.0211267 0.0226931 0.0242481 0.0257757 0.0272596 0.0286831 0.03003 0.0312843 0.0324309 0.0334557 0.034346 0.0350906 0.0356798 0.0361063 0.0363644 0.0364508 0.0363644 0.0361063 0.0356798 0.0350906 0.034346 0.0334557 0.0324309 0.0312843 0.03003 0.0286831 0.0272596 0.0257757 0.0242481 0.0226931 0.0211267 0.0195644 0.0180205 0.0165085 0.0150403 0.0136264 0.012276 0.0109964 0.00979328 0.00867088 0.00763175 0.00667699 0.00580633 0.00501832 0.00431043 0.00367926 0.00312068 0.00263002 0.00220225 0.00183209 0.00151418 0.00124321 0.001014 0.00082161 0.000661394 0.000529053 0.00042067 0.000332732 0.000262135 0.000206184 0.000162586 0.000129438 0.000105207 8.87234e-05 7.91604e-05 
9.70364e-05 0.000101001 0.000113099 0.000133941 0.000164556 0.000206402 0.000261382 0.000331857 0.00042067 0.000531152 0.00066713 0.000832931 0.00103336 0.00127369 0.00155957 0.00189704 0.00229235 0.00275193 0.00328221 0.0038895 0.00457978 0.00535855 0.00623061 0.00719988 0.00826913 0.00943988 0.0107121 0.0120843 0.0135528 0.0151126 0.0167562 0.0184746 0.0202567 0.0220895 0.0239584 0.0258474 0.027739 0.0296147 0.0314554 0.0332416 0.0349536 0.0365719 0.0380778 0.0394534 0.0406822 0.041749 0.0426408 0.0433464 0.0438568 0.0441657 0.0442691 0.0441657 0.0438568 0.0433464 0.0426408 0.041749 0.0406822 0.0394534 0.0380778 0.0365719 0.0349536 0.0332416 0.0314554 0.0296147 0.027739 0.0258474 0.0239584 0.0220895 0.0202567 0.0184746 0.0167562 0.0151126 0.0135528 0.0120843 0.0107121 0.00943988 0.00826913 0.00719988 0.00623061 0.00535855 0.00457978 0.0038895 0.00328221 0.00275193 0.00229235 0.00189704 0.00155957 0.00127369 0.00103336 0.000832931 0.00066713 0.000531152 0.00042067 0.000331857 0.000261382 0.000206402 0.000164556 0.000133941 0.000113099 0.000101001 
0.000123187 0.000128177 0.000143399 0.000169612 0.00020809 0.000260638 0.000329605 0.00041791 0.000529053 0.00066713 0.00083684 0.00104348 0.00129291 0.00159156 0.00194629 0.00236438 0.0028534 0.00342104 0.004075 0.00482276 0.00567138 0.00662729 0.00769605 0.00888208 0.0101884 0.0116166 0.0131662 0.0148348 0.0166181 0.0185093 0.0204994 0.022577 0.0247286 0.0269384 0.0291889 0.0314607 0.0337328 0.0359833 0.0381894 0.0403279 0.0423756 0.0443095 0.0461077 0.0477491 0.0492143 0.0504857 0.051548 0.0523881 0.0529958 0.0533634 0.0534864 0.0533634 0.0529958 0.0523881 0.051548 0.0504857 0.0492143 0.0477491 0.0461077 0.0443095 0.0423756 0.0403279 0.0381894 0.0359833 0.0337328 0.0314607 0.0291889 0.0269384 0.0247286 0.022577 0.0204994 0.0185093 0.0166181 0.0148348 0.0131662 0.0116166 0.0101884 0.00888208 0.00769605 0.00662729 0.00567138 0.00482276 0.004075 0.00342104 0.0028534 0.00236438 0.00194629 0.00159156 0.00129291 0.00104348 0.00083684 0.00066713 0.000529053 0.00041791 0.000329605 0.000260638 0.00020809 0.000169612 0.000143399 0.000128177 
0.000155442 0.000161685 0.000180725 0.000213495 0.000261566 0.000327156 0.000413153 0.000523137 0.000661394 0.000832931 0.00104348 0.00129948 0.00160805 0.00197695 0.00241448 0.00292938 0.00353071 0.00422765 0.00502931 0.00594452 0.00698156 0.00814788 0.00944983 0.0108924 0.0124788 0.0142103 0.0160863 0.0181033 0.0202555 0.0225346 0.0249293 0.0274257 0.0300074 0.0326553 0.0353484 0.0380633 0.0407754 0.0434585 0.0460858 0.0486299 0.0510635 0.0533599 0.0554933 0.0574392 0.0591751 0.0606806 0.0619378 0.0629317 0.0636503 0.064085 0.0642305 0.064085 0.0636503 0.0629317 0.0619378 0.0606806 0.0591751 0.0574392 0.0554933 0.0533599 0.0510635 0.0486299 0.0460858 0.0434585 0.0407754 0.0380633 0.0353484 0.0326553 0.0300074 0.0274257 0.0249293 0.0225346 0.0202555 0.0181033 0.0160863 0.0142103 0.0124788 0.0108924 0.00944983 0.00814788 0.00698156 0.00594452 0.00502931 0.00422765 0.00353071 0.00292938 0.00241448 0.00197695 0.00160805 0.00129948 0.00104348 0.000832931 0.000661394 0.000523137 0.000413153 0.000327156 0.000261566 0.000213495 0.000180725 0.000161685 
0.000194895 0.000202656 0.000226318 0.000267026 0.000326699 0.000408049 0.000514601 0.000650716 0.00082161 0.00103336 0.00129291 0.00160805 0.00198736 0.00244015 0.00297637 0.00360646 0.00434117 0.00519137 0.00616781 0.00728079 0.00853994 0.0099538 0.0115296 0.0132727 0.0151867 0.0172725 0.0195286 0.0219506 0.0245311 0.0272594 0.0301218 0.0331014 0.0361784 0.0393299 0.0425307 0.0457534 0.0489686 0.0521456 0.0552529 0.0582586 0.0611309 0.0638386 0.066352 0.0686428 0.070685 0.072455 0.0739324 0.0750999 0.0759437 0.0764541 0.0766249 0.0764541 0.0759437 0.0750999 0.0739324 0.072455 0.070685 0.0686428 0.066352 0.0638386 0.0611309 0.0582586 0.0552529 0.0521456 0.0489686 0.0457534 0.0425307 0.0393299 0.0361784 0.0331014 0.0301218 0.0272594 0.0245311 0.0219506 0.0195286 0.0172725 0.0151867 0.0132727 0.0115296 0.0099538 0.00853994 0.00728079 0.00616781 0.00519137 0.00434117 0.00360646 0.00297637 0.00244015 0.00198736 0.00160805 0.00129291 0.00103336 0.00082161 0.000650716 0.000514601 0.000408049 0.000326699 0.000267026 0.000226318 0.000202656 
0.000242768 0.000252352 0.000281568 0.000331805 0.000405396 0.000505633 0.000636789 0.000804144 0.001014 0.00127369 0.00159156 0.00197695 0.00244015 0.00299226 0.00364512 0.00441108 0.00530285 0.00633318 0.00751461 0.00885912 0.0103778 0.0120803 0.0139747 0.0160669 0.0183605 0.020856 0.0235509 0.0264394 0.0295121 0.0327557 0.0361536 0.0396852 0.0433269 0.0470515 0.050829 0.0546272 0.0584117 0.0621466 0.0657952 0.0693206 0.072686 0.0758556 0.078795 0.081472 0.0838568 0.0859225 0.0876458 0.089007 0.0899907 0.0905854 0.0907844 0.0905854 0.0899907 0.089007 0.0876458 0.0859225 0.0838568 0.081472 0.078795 0.0758556 0.072686 0.0693206 0.0657952 0.0621466 0.0584117 0.0546272 0.050829 0.0470515 0.0433269 0.0396852 0.0361536 0.0327557 0.0295121 0.0264394 0.0235509 0.020856 0.0183605 0.0160669 0.0139747 0.0120803 0.0103778 0.00885912 0.00751461 0.00633318 0.00530285 0.00441108 0.00364512 0.00299226 0.00244015 0.00197695 0.00159156 0.00127369 0.001014 0.000804144 0.000636789 0.000505633 0.000405396 0.000331805 0.000281568 0.000252352 
0.000300406 0.000312164 0.000347998 0.000409586 0.000499742 0.000622434 0.000782809 0.000987213 0.00124321 0.00155957 0.00194629 0.00241448 0.00297637 0.00364512 0.00443469 0.00535962 0.00643478 0.00767503 0.0090949 0.0107082 0.0125274 0.0145636 0.0168256 0.0193198 0.0220494 0.0250145 0.0282114 0.0316323 0.0352655 0.0390947 0.0430998 0.0472561 0.0515355 0.0559058 0.0603319 0.064776 0.0691981 0.0735568 0.0778096 0.081914 0.085828 0.0895105 0.0929226 0.0960274 0.0987912 0.101184 0.103179 0.104754 0.105892 0.106579 0.10681 0.106579 0.105892 0.104754 0.103179 0.101184 0.0987912 0.0960274 0.0929226 0.0895105 0.085828 0.081914 0.0778096 0.0735568 0.0691981 0.064776 0.0603319 0.0559058 0.0515355 0.0472561 0.0430998 0.0390947 0.0352655 0.0316323 0.0282114 0.0250145 0.0220494 0.0193198 0.0168256 0.0145636 0.0125274 0.0107082 0.0090949 0.00767503 0.00643478 0.00535962 0.00443469 0.00364512 0.00297637 0.00241448 0.00194629 0.00155957 0.00124321 0.000987213 0.000782809 0.000622434 0.000499742 0.000409586 0.000347998 0.000312164 
0.000369272 0.000383602 0.000427261 0.000502264 0.000611982 0.000761166 0.00095597 0.00120397 0.00151418 0.00189704 0.00236438 0.00292938 0.00360646 0.00441108 0.00535962 0.00646904 0.00775662 0.00923954 0.0109345 0.0128571 0.0150217 0.0174404 0.0201229 0.0230758 0.0263021 0.0298008 0.0335668 0.03759 0.0418558 0.0463446 0.0510319 0.0558886 0.0608812 0.0659722 0.0711207 0.0762827 0.0814121 0.0864611 0.0913814 0.0961244 0.100642 0.104888 0.108819 0.112393 0.115572 0.118322 0.120613 0.122422 0.123728 0.124517 0.124781 0.124517 0.123728 0.122422 0.120613 0.118322 0.115572 0.112393 0.108819 0.104888 0.100642 0.0961244 0.0913814 0.0864611 0.0814121 0.0762827 0.0711207 0.0659722 0.0608812 0.0558886 0.0510319 0.0463446 0.0418558 0.03759 0.0335668 0.0298008 0.0263021 0.0230758 0.0201229 0.0174404 0.0150217 0.0128571 0.0109345 0.00923954 0.00775662 0.00646904 0.00535962 0.00441108 0.00360646 0.00292938 0.00236438 0.00189704 0.00151418 0.00120397 0.00095597 0.000761166 0.000611982 0.000502264 0.000427261 0.000383602 
0.000450933 0.000468281 0.000521124 0.000611859 0.000744501 0.000924699 0.00115976 0.00145867 0.00183209 0.00229235 0.0028534 0.00353071 0.00434117 0.00530285 0.00643478 0.00775662 0.00928828 0.0110495 0.0130592 0.0153351 0.0178932 0.0207468 0.0239063 0.0273783 0.0311655 0.0352654 0.0396711 0.0443697 0.0493433 0.0545681 0.0600151 0.0656497 0.0714328 0.0773207 0.083266 0.0892181 0.0951242 0.10093 0.10658 0.11202 0.117196 0.122055 0.126549 0.130631 0.134259 0.137396 0.140008 0.142069 0.143556 0.144455 0.144755 0.144455 0.143556 0.142069 0.140008 0.137396 0.134259 0.130631 0.126549 0.122055 0.117196 0.11202 0.10658 0.10093 0.0951242 0.0892181 0.083266 0.0773207 0.0714328 0.0656497 0.0600151 0.0545681 0.0493433 0.0443697 0.0396711 0.0352654 0.0311655 0.0273783 0.0239063 0.0207468 0.0178932 0.0153351 0.0130592 0.0110495 0.00928828 0.00775662 0.00643478 0.00530285 0.00434117 0.00353071 0.0028534 0.00229235 0.00183209 0.00145867 0.00115976 0.000924699 0.000744501 0.000611859 0.000521124 0.000468281 
0.000547036 0.000567901 0.000631438 0.000740486 0.000899788 0.00111602 0.00139779 0.00175569 0.00220225 0.00275193 0.00342104 0.00422765 0.00519137 0.00633318 0.00767503 0.00923954 0.0110495 0.0131272 0.0154943 0.0181704 0.0211732 0.0245173 0.0282134 0.0322683 0.0366834 0.041455 0.0465735 0.052023 0.0577815 0.0638206 0.0701057 0.0765967 0.0832477 0.0900084 0.0968243 0.103638 0.110389 0.117015 0.123456 0.129649 0.135534 0.141053 0.146152 0.150779 0.154889 0.158438 0.161393 0.163723 0.165404 0.16642 0.166759 0.16642 0.165404 0.163723 0.161393 0.158438 0.154889 0.150779 0.146152 0.141053 0.135534 0.129649 0.123456 0.117015 0.110389 0.103638 0.0968243 0.0900084 0.0832477 0.0765967 0.0701057 0.0638206 0.0577815 0.052023 0.0465735 0.041455 0.0366834 0.0322683 0.0282134 0.0245173 0.0211732 0.0181704 0.0154943 0.0131272 0.0110495 0.00923954 0.00767503 0.00633318 0.00519137 0.00422765 0.00342104 0.00275193 0.00220225 0.00175569 0.00139779 0.00111602 0.000899788 0.000740486 0.000631438 0.000567901 
0.00065929 0.00068422 0.000760118 0.000890319 0.00108039 0.00133817 0.00167374 0.00209948 0.00263002 0.00328221 0.004075 0.00502931 0.00616781 0.00751461 0.0090949 0.0109345 0.0130592 0.0154943 0.0182638 0.0213897 0.0248911 0.0287838 0.0330788 0.0377824 0.042895 0.0484107 0.0543169 0.060594 0.0672153 0.0741471 0.081349 0.0887739 0.0963692 0.104077 0.111835 0.119578 0.127239 0.134747 0.142035 0.149033 0.155675 0.161897 0.167638 0.172844 0.177463 0.181451 0.184767 0.187381 0.189266 0.190405 0.190786 0.190405 0.189266 0.187381 0.184767 0.181451 0.177463 0.172844 0.167638 0.161897 0.155675 0.149033 0.142035 0.134747 0.127239 0.119578 0.111835 0.104077 0.0963692 0.0887739 0.081349 0.0741471 0.0672153 0.060594 0.0543169 0.0484107 0.042895 0.0377824 0.0330788 0.0287838 0.0248911 0.0213897 0.0182638 0.0154943 0.0130592 0.0109345 0.0090949 0.00751461 0.00616781 0.00502931 0.004075 0.00328221 0.00263002 0.00209948 0.00167374 0.00133817 0.00108039 0.000890319 0.000760118 0.00068422 
0.000789428 0.000819022 0.000909099 0.00106355 0.00128887 0.00159419 0.00199125 0.00249442 0.00312068 0.0038895 0.00482276 0.00594452 0.00728079 0.00885912 0.0107082 0.0128571 0.0153351 0.0181704 0.0213897 0.025017 0.0290731 0.0335745 0.0385325 0.0439525 0.0498332 0.0561662 0.0629355 0.0701169 0.0776786 0.0855807 0.0937762 0.102211 0.110824 0.11955 0.128318 0.137055 0.145685 0.154132 0.162318 0.170167 0.177608 0.18457 0.190988 0.1968 0.201953 0.206398 0.210093 0.213003 0.215101 0.216368 0.216791 0.216368 0.215101 0.213003 0.210093 0.206398 0.201953 0.1968 0.190988 0.18457 0.177608 0.170167 0.162318 0.154132 0.145685 0.137055 0.128318 0.11955 0.110824 0.102211 0.0937762 0.0855807 0.0776786 0.0701169 0.0629355 0.0561662 0.0498332 0.0439525 0.0385325 0.0335745 0.0290731 0.025017 0.0213897 0.0181704 0.0153351 0.0128571 0.0107082 0.00885912 0.00728079 0.00594452 0.00482276 0.0038895 0.00312068 0.00249442 0.00199125 0.00159419 0.00128887 0.00106355 0.000909099 0.000819022 
0.000939171 0.000974076 0.0010803 0.00126234 0.00152774 0.00188705 0.00235386 0.00294475 0.00367926 0.00457978 0.00567138 0.00698156 0.00853994 0.0103778 0.0125274 0.0150217 0.0178932 0.0211732 0.0248911 0.0290731 0.0337413 0.0389128 0.0445987 0.0508033 0.0575232 0.0647467 0.0724536 0.0806148 0.0891924 0.09814 0.107403 0.116919 0.126619 0.136428 0.146269 0.156059 0.165713 0.175146 0.184275 0.193017 0.201292 0.209025 0.216145 0.222587 0.228293 0.23321 0.237295 0.240511 0.242828 0.244227 0.244695 0.244227 0.242828 0.240511 0.237295 0.23321 0.228293 0.222587 0.216145 0.209025 0.201292 0.193017 0.184275 0.175146 0.165713 0.156059 0.146269 0.136428 0.126619 0.116919 0.107403 0.09814 0.0891924 0.0806148 0.0724536 0.0647467 0.0575232 0.0508033 0.0445987 0.0389128 0.0337413 0.0290731 0.0248911 0.0211732 0.0178932 0.0150217 0.0125274 0.0103778 0.00853994 0.00698156 0.00567138 0.00457978 0.00367926 0.00294475 0.00235386 0.00188705 0.00152774 0.00126234 0.0010803 0.000974076 
0.00111018 0.00115109 0.00127555 0.00148876 0.00179938 0.00221956 0.00276489 0.0034544 0.00431043 0.00535855 0.00662729 0.00814788 0.0099538 0.0120803 0.0145636 0.0174404 0.0207468 0.0245173 0.0287838 0.0335745 0.0389128 0.0448161 0.051295 0.058352 0.065981 0.0741666 0.0828837 0.0920975 0.101763 0.111827 0.122226 0.13289 0.14374 0.154693 0.165662 0.176554 0.187278 0.19774 0.207848 0.217514 0.226651 0.235178 0.243019 0.250107 0.256378 0.261778 0.266261 0.269787 0.272328 0.273861 0.274373 0.273861 0.272328 0.269787 0.266261 0.261778 0.256378 0.250107 0.243019 0.235178 0.226651 0.217514 0.207848 0.19774 0.187278 0.176554 0.165662 0.154693 0.14374 0.13289 0.122226 0.111827 0.101763 0.0920975 0.0828837 0.0741666 0.065981 0.058352 0.051295 0.0448161 0.0389128 0.0335745 0.0287838 0.0245173 0.0207468 0.0174404 0.0145636 0.0120803 0.0099538 0.00814788 0.00662729 0.00535855 0.00431043 0.0034544 0.00276489 0.00221956 0.00179938 0.00148876 0.00127555 0.00115109 
0.00130401 0.00135166 0.00149657 0.00174471 0.00210598 0.00259426 0.00322734 0.00402689 0.00501832 0.00623061 0.00769605 0.00944983 0.0115296 0.0139747 0.0168256 0.0201229 0.0239063 0.0282134 0.0330788 0.0385325 0.0445987 0.051295 0.0586307 0.0666063 0.0752123 0.0844288 0.0942253 0.10456 0.115382 0.126627 0.138225 0.150096 0.162152 0.1743 0.186442 0.198479 0.21031 0.221832 0.232947 0.243559 0.253575 0.262911 0.271485 0.279226 0.286069 0.291956 0.296839 0.300678 0.303442 0.30511 0.305667 0.30511 0.303442 0.300678 0.296839 0.291956 0.286069 0.279226 0.271485 0.262911 0.253575 0.243559 0.232947 0.221832 0.21031 0.198479 0.186442 0.1743 0.162152 0.150096 0.138225 0.126627 0.115382 0.10456 0.0942253 0.0844288 0.0752123 0.0666063 0.0586307 0.051295 0.0445987 0.0385325 0.0330788 0.0282134 0.0239063 0.0201229 0.0168256 0.0139747 0.0115296 0.00944983 0.00769605 0.00623061 0.00501832 0.00402689 0.00322734 0.00259426 0.00210598 0.00174471 0.00149657 0.00135166 
0.00152206 0.0015772 0.00174489 0.00203188 0.00244945 0.00301335 0.00374375 0.00466517 0.00580633 0.00719988 0.00888208 0.0108924 0.0132727 0.0160669 0.0193198 0.0230758 0.0273783 0.0322683 0.0377824 0.0439525 0.0508033 0.058352 0.0666063 0.0755638 0.0852112 0.0955234 0.106463 0.117982 0.13002 0.142506 0.155358 0.168486 0.181794 0.195178 0.208531 0.221745 0.234708 0.247311 0.259449 0.271019 0.281924 0.292073 0.301383 0.309777 0.31719 0.323561 0.328841 0.33299 0.335977 0.337777 0.338379 0.337777 0.335977 0.33299 0.328841 0.323561 0.31719 0.309777 0.301383 0.292073 0.281924 0.271019 0.259449 0.247311 0.234708 0.221745 0.208531 0.195178 0.181794 0.168486 0.155358 0.142506 0.13002 0.117982 0.106463 0.0955234 0.0852112 0.0755638 0.0666063 0.058352 0.0508033 0.0439525 0.0377824 0.0322683 0.0273783 0.0230758 0.0193198 0.0160669 0.0132727 0.0108924 0.00888208 0.00719988 0.00580633 0.00466517 0.00374375 0.00301335 0.00244945 0.00203188 0.00174489 0.0015772 
0.00176549 0.00182892 0.00202176 0.00235166 0.00283134 0.00347857 0.0043161 0.0053715 0.00667699 0.00826913 0.0101884 0.0124788 0.0151867 0.0183605 0.0220494 0.0263021 0.0311655 0.0366834 0.042895 0.0498332 0.0575232 0.065981 0.0752123 0.0852112 0.0959597 0.107427 0.119568 0.132327 0.145635 0.15941 0.173561 0.187989 0.202584 0.217235 0.231825 0.246234 0.260344 0.274038 0.287204 0.299734 0.311524 0.322482 0.332519 0.341559 0.349532 0.356378 0.362048 0.3665 0.369703 0.371634 0.372279 0.371634 0.369703 0.3665 0.362048 0.356378 0.349532 0.341559 0.332519 0.322482 0.311524 0.299734 0.287204 0.274038 0.260344 0.246234 0.231825 0.217235 0.202584 0.187989 0.173561 0.15941 0.145635 0.132327 0.119568 0.107427 0.0959597 0.0852112 0.0752123 0.065981 0.0575232 0.0498332 0.042895 0.0366834 0.0311655 0.0263021 0.0220494 0.0183605 0.0151867 0.0124788 0.0101884 0.00826913 0.00667699 0.0053715 0.0043161 0.00347857 0.00283134 0.00235166 0.00202176 0.00182892 
0.0020352 0.00210772 0.00232814 0.00270505 0.00325273 0.00399113 0.00494569 0.00614725 0.00763175 0.00943988 0.0116166 0.0142103 0.0172725 0.020856 0.0250145 0.0298008 0.0352654 0.041455 0.0484107 0.0561662 0.0647467 0.0741666 0.0844288 0.0955234 0.107427 0.120101 0.133495 0.147542 0.162163 0.177267 0.192753 0.20851 0.224418 0.240354 0.256193 0.271805 0.287065 0.301848 0.316035 0.329513 0.342176 0.353926 0.364674 0.374342 0.382859 0.390165 0.39621 0.400954 0.404364 0.406419 0.407106 0.406419 0.404364 0.400954 0.39621 0.390165 0.382859 0.374342 0.364674 0.353926 0.342176 0.329513 0.316035 0.301848 0.287065 0.271805 0.256193 0.240354 0.224418 0.20851 0.192753 0.177267 0.162163 0.147542 0.133495 0.120101 0.107427 0.0955234 0.0844288 0.0741666 0.0647467 0.0561662 0.0484107 0.041455 0.0352654 0.0298008 0.0250145 0.020856 0.0172725 0.0142103 0.0116166 0.00943988 0.00763175 0.00614725 0.00494569 0.00399113 0.00325273 0.00270505 0.00232814 0.00210772 
0.00233174 0.00241415 0.00266457 0.00309261 0.0037142 0.00455156 0.00563302 0.00699285 0.00867088 0.0107121 0.0131662 0.0160863 0.0195286 0.0235509 0.0282114 0.0335668 0.0396711 0.0465735 0.0543169 0.0629355 0.0724536 0.0828837 0.0942253 0.106463 0.119568 0.133495 0.148182 0.163555 0.179524 0.195987 0.212832 0.229935 0.247167 0.264396 0.281484 0.298294 0.314693 0.330549 0.345738 0.360143 0.373654 0.386171 0.397604 0.407874 0.41691 0.424654 0.431055 0.436075 0.439682 0.441854 0.44258 0.441854 0.439682 0.436075 0.431055 0.424654 0.41691 0.407874 0.397604 0.386171 0.373654 0.360143 0.345738 0.330549 0.314693 0.298294 0.281484 0.264396 0.247167 0.229935 0.212832 0.195987 0.179524 0.163555 0.148182 0.133495 0.119568 0.106463 0.0942253 0.0828837 0.0724536 0.0629355 0.0543169 0.0465735 0.0396711 0.0335668 0.0282114 0.0235509 0.0195286 0.0160863 0.0131662 0.0107121 0.00867088 0.00699285 0.00563302 0.00455156 0.0037142 0.00309261 0.00266457 0.00241415 
0.00265525 0.00274835 0.00303118 0.00351439 0.00421568 0.00515966 0.00637767 0.00790757 0.00979328 0.0120843 0.0148348 0.0181033 0.0219506 0.0264394 0.0316323 0.03759 0.0443697 0.052023 0.060594 0.0701169 0.0806148 0.0920975 0.10456 0.117982 0.132327 0.147542 0.163555 0.180282 0.197621 0.215461 0.233675 0.252131 0.270688 0.289202 0.307526 0.325516 0.343031 0.359933 0.376094 0.391392 0.405715 0.418964 0.431047 0.441885 0.451409 0.459562 0.466295 0.471571 0.47536 0.477641 0.478403 0.477641 0.47536 0.471571 0.466295 0.459562 0.451409 0.441885 0.431047 0.418964 0.405715 0.391392 0.376094 0.359933 0.343031 0.325516 0.307526 0.289202 0.270688 0.252131 0.233675 0.215461 0.197621 0.180282 0.163555 0.147542 0.132327 0.117982 0.10456 0.0920975 0.0806148 0.0701169 0.060594 0.052023 0.0443697 0.03759 0.0316323 0.0264394 0.0219506 0.0181033 0.0148348 0.0120843 0.00979328 0.00790757 0.00637767 0.00515966 0.00421568 0.00351439 0.00303118 0.00274835 
0.00300545 0.00310999 0.00342754 0.00396986 0.00475644 0.00581441 0.00717825 0.00888952 0.0109964 0.0135528 0.0166181 0.0202555 0.0245311 0.0295121 0.0352655 0.0418558 0.0493433 0.0577815 0.0672153 0.0776786 0.0891924 0.101763 0.115382 0.13002 0.145635 0.162163 0.179524 0.197621 0.216344 0.235565 0.255149 0.27495 0.294817 0.314596 0.334132 0.353272 0.371867 0.389776 0.406866 0.423013 0.438105 0.45204 0.464729 0.476094 0.486068 0.494596 0.501633 0.507141 0.511095 0.513475 0.514269 0.513475 0.511095 0.507141 0.501633 0.494596 0.486068 0.476094 0.464729 0.45204 0.438105 0.423013 0.406866 0.389776 0.371867 0.353272 0.334132 0.314596 0.294817 0.27495 0.255149 0.235565 0.216344 0.197621 0.179524 0.162163 0.145635 0.13002 0.115382 0.101763 0.0891924 0.0776786 0.0672153 0.0577815 0.0493433 0.0418558 0.0352655 0.0295121 0.0245311 0.0202555 0.0166181 0.0135528 0.0109964 0.00888952 0.00717825 0.00581441 0.00475644 0.00396986 0.00342754 0.00310999 
0.00338153 0.00349825 0.00385272 0.00445785 0.005335 0.0065139 0.00803227 0.00993548 0.012276 0.0151126 0.0185093 0.0225346 0.0272594 0.0327557 0.0390947 0.0463446 0.0545681 0.0638206 0.0741471 0.0855807 0.09814 0.111827 0.126627 0.142506 0.15941 0.177267 0.195987 0.215461 0.235565 0.256161 0.277101 0.298228 0.31938 0.340393 0.361103 0.381349 0.400978 0.419844 0.437811 0.454753 0.470559 0.485127 0.498371 0.510215 0.520596 0.529461 0.536768 0.542484 0.546583 0.54905 0.549873 0.54905 0.546583 0.542484 0.536768 0.529461 0.520596 0.510215 0.498371 0.485127 0.470559 0.454753 0.437811 0.419844 0.400978 0.381349 0.361103 0.340393 0.31938 0.298228 0.277101 0.256161 0.235565 0.215461 0.195987 0.177267 0.15941 0.142506 0.126627 0.111827 0.09814 0.0855807 0.0741471 0.0638206 0.0545681 0.0463446 0.0390947 0.0327557 0.0272594 0.0225346 0.0185093 0.0151126 0.012276 0.00993548 0.00803227 0.0065139 0.005335 0.00445785 0.00385272 0.00349825 
0.00378217 0.00391174 0.00430516 0.00497651 0.0059491 0.00725529 0.00893613 0.0110409 0.0136264 0.0167562 0.0204994 0.0249293 0.0301218 0.0361536 0.0430998 0.0510319 0.0600151 0.0701057 0.081349 0.0937762 0.107403 0.122226 0.138225 0.155358 0.173561 0.192753 0.212832 0.233675 0.255149 0.277101 0.299372 0.321794 0.344192 0.366395 0.388229 0.409528 0.430134 0.449897 0.468679 0.486355 0.502813 0.517955 0.531697 0.543968 0.554707 0.563867 0.571408 0.577302 0.581526 0.584067 0.584915 0.584067 0.581526 0.577302 0.571408 0.563867 0.554707 0.543968 0.531697 0.517955 0.502813 0.486355 0.468679 0.449897 0.430134 0.409528 0.388229 0.366395 0.344192 0.321794 0.299372 0.277101 0.255149 0.233675 0.212832 0.192753 0.173561 0.155358 0.138225 0.122226 0.107403 0.0937762 0.081349 0.0701057 0.0600151 0.0510319 0.0430998 0.0361536 0.0301218 0.0249293 0.0204994 0.0167562 0.0136264 0.0110409 0.00893613 0.00725529 0.0059491 0.00497651 0.00430516 0.00391174 
0.00420548 0.0043485 0.00478269 0.0055233 0.00659564 0.00803477 0.00988509 0.0121998 0.0150403 0.0184746 0.022577 0.0274257 0.0331014 0.0396852 0.0472561 0.0558886 0.0656497 0.0765967 0.0887739 0.102211 0.116919 0.13289 0.150096 0.168486 0.187989 0.20851 0.229935 0.252131 0.27495 0.298228 0.321794 0.345466 0.369062 0.3924 0.4153 0.437589 0.459106 0.479697 0.499225 0.517565 0.534608 0.55026 0.564439 0.577079 0.588125 0.597533 0.605272 0.611314 0.615641 0.618243 0.619111 0.618243 0.615641 0.611314 0.605272 0.597533 0.588125 0.577079 0.564439 0.55026 0.534608 0.517565 0.499225 0.479697 0.459106 0.437589 0.4153 0.3924 0.369062 0.345466 0.321794 0.298228 0.27495 0.252131 0.229935 0.20851 0.187989 0.168486 0.150096 0.13289 0.116919 0.102211 0.0887739 0.0765967 0.0656497 0.0558886 0.0472561 0.0396852 0.0331014 0.0274257 0.022577 0.0184746 0.0150403 0.0121998 0.00988509 0.00803477 0.00659564 0.0055233 0.00478269 0.0043485 
0.004649 0.00480599 0.00528249 0.00609497 0.00727074 0.00884757 0.0108733 0.013405 0.0165085 0.0202567 0.0247286 0.0300074 0.0361784 0.0433269 0.0515355 0.0608812 0.0714328 0.0832477 0.0963692 0.110824 0.126619 0.14374 0.162152 0.181794 0.202584 0.224418 0.247167 0.270688 0.294817 0.31938 0.344192 0.369062 0.393797 0.418206 0.442104 0.465313 0.487666 0.509012 0.529211 0.548142 0.565699 0.58179 0.596341 0.609291 0.62059 0.630202 0.638098 0.644257 0.648666 0.651314 0.652197 0.651314 0.648666 0.644257 0.638098 0.630202 0.62059 0.609291 0.596341 0.58179 0.565699 0.548142 0.529211 0.509012 0.487666 0.465313 0.442104 0.418206 0.393797 0.369062 0.344192 0.31938 0.294817 0.270688 0.247167 0.224418 0.202584 0.181794 0.162152 0.14374 0.126619 0.110824 0.0963692 0.0832477 0.0714328 0.0608812 0.0515355 0.0433269 0.0361784 0.0300074 0.0247286 0.0202567 0.0165085 0.013405 0.0108733 0.00884757 0.00727074 0.00609497 0.00528249 0.00480599 
0.00510971 0.00528109 0.00580113 0.00668757 0.00796967 0.00968797 0.0118936 0.0146478 0.0180205 0.0220895 0.0269384 0.0326553 0.0393299 0.0470515 0.0559058 0.0659722 0.0773207 0.0900084 0.104077 0.11955 0.136428 0.154693 0.1743 0.195178 0.217235 0.240354 0.264396 0.289202 0.314596 0.340393 0.366395 0.3924 0.418206 0.443616 0.468436 0.492487 0.515599 0.537619 0.558412 0.577856 0.595852 0.612313 0.62717 0.640369 0.651868 0.661636 0.66965 0.675896 0.680363 0.683045 0.683939 0.683045 0.680363 0.675896 0.66965 0.661636 0.651868 0.640369 0.62717 0.612313 0.595852 0.577856 0.558412 0.537619 0.515599 0.492487 0.468436 0.443616 0.418206 0.3924 0.366395 0.340393 0.314596 0.289202 0.264396 0.240354 0.217235 0.195178 0.1743 0.154693 0.136428 0.11955 0.104077 0.0900084 0.0773207 0.0659722 0.0559058 0.0470515 0.0393299 0.0326553 0.0269384 0.0220895 0.0180205 0.0146478 0.0118936 0.00968797 0.00796967 0.00668757 0.00580113 0.00528109 
0.00558403 0.00577009 0.00633458 0.00729645 0.00868696 0.0105494 0.0129382 0.0159184 0.0195644 0.0239584 0.0291889 0.0353484 0.0425307 0.050829 0.0603319 0.0711207 0.083266 0.0968243 0.111835 0.128318 0.146269 0.165662 0.186442 0.208531 0.231825 0.256193 0.281484 0.307526 0.334132 0.361103 0.388229 0.4153 0.442104 0.468436 0.4941 0.518911 0.5427 0.565313 0.586618 0.606498 0.624858 0.641618 0.656716 0.670105 0.68175 0.691628 0.699722 0.706024 0.710527 0.713229 0.71413 0.713229 0.710527 0.706024 0.699722 0.691628 0.68175 0.670105 0.656716 0.641618 0.624858 0.606498 0.586618 0.565313 0.5427 0.518911 0.4941 0.468436 0.442104 0.4153 0.388229 0.361103 0.334132 0.307526 0.281484 0.256193 0.231825 0.208531 0.186442 0.165662 0.146269 0.128318 0.111835 0.0968243 0.083266 0.0711207 0.0603319 0.050829 0.0425307 0.0353484 0.0291889 0.0239584 0.0195644 0.0159184 0.0129382 0.0105494 0.00868696 0.00729645 0.00633458 0.00577009 
0.00606786 0.00626877 0.00687823 0.00791636 0.00941641 0.0114243 0.0139978 0.0172057 0.0211267 0.0258474 0.0314607 0.0380633 0.0457534 0.0546272 0.064776 0.0762827 0.0892181 0.103638 0.119578 0.137055 0.156059 0.176554 0.198479 0.221745 0.246234 0.271805 0.298294 0.325516 0.353272 0.381349 0.409528 0.437589 0.465313 0.492487 0.518911 0.544399 0.56878 0.591905 0.613642 0.63388 0.65253 0.66952 0.684796 0.698317 0.710058 0.720001 0.728139 0.734467 0.738986 0.741697 0.7426 0.741697 0.738986 0.734467 0.728139 0.720001 0.710058 0.698317 0.684796 0.66952 0.65253 0.63388 0.613642 0.591905 0.56878 0.544399 0.518911 0.492487 0.465313 0.437589 0.409528 0.381349 0.353272 0.325516 0.298294 0.271805 0.246234 0.221745 0.198479 0.176554 0.156059 0.137055 0.119578 0.103638 0.0892181 0.0762827 0.064776 0.0546272 0.0457534 0.0380633 0.0314607 0.0258474 0.0211267 0.0172057 0.0139978 0.0114243 0.00941641 0.00791636 0.00687823 0.00626877 
0.00655664 0.00677244 0.00742695 0.00854148 0.0101512 0.0123046 0.0150626 0.0184979 0.0226931 0.027739 0.0337328 0.0407754 0.0489686 0.0584117 0.0691981 0.0814121 0.0951242 0.110389 0.127239 0.145685 0.165713 0.187278 0.21031 0.234708 0.260344 0.287065 0.314693 0.343031 0.371867 0.400978 0.430134 0.459106 0.487666 0.515599 0.5427 0.56878 0.593672 0.617227 0.639317 0.65984 0.67871 0.695864 0.711257 0.724856 0.736644 0.746613 0.754761 0.76109 0.765605 0.768312 0.769214 0.768312 0.765605 0.76109 0.754761 0.746613 0.736644 0.724856 0.711257 0.695864 0.67871 0.65984 0.639317 0.617227 0.593672 0.56878 0.5427 0.515599 0.487666 0.459106 0.430134 0.400978 0.371867 0.343031 0.314693 0.287065 0.260344 0.234708 0.21031 0.187278 0.165713 0.145685 0.127239 0.110389 0.0951242 0.0814121 0.0691981 0.0584117 0.0489686 0.0407754 0.0337328 0.027739 0.0226931 0.0184979 0.0150626 0.0123046 0.0101512 0.00854148 0.00742695 0.00677244 
0.0070454 0.00727597 0.00797518 0.00916549 0.0108839 0.0131814 0.0161222 0.0197822 0.0242481 0.0296147 0.0359833 0.0434585 0.0521456 0.0621466 0.0735568 0.0864611 0.10093 0.117015 0.134747 0.154132 0.175146 0.19774 0.221832 0.247311 0.274038 0.301848 0.330549 0.359933 0.389776 0.419844 0.449897 0.479697 0.509012 0.537619 0.565313 0.591905 0.617227 0.641133 0.663504 0.68424 0.703264 0.720523 0.735977 0.749605 0.761398 0.771355 0.779481 0.785787 0.790283 0.792976 0.793873 0.792976 0.790283 0.785787 0.779481 0.771355 0.761398 0.749605 0.735977 0.720523 0.703264 0.68424 0.663504 0.641133 0.617227 0.591905 0.565313 0.537619 0.509012 0.479697 0.449897 0.419844 0.389776 0.359933 0.330549 0.301848 0.274038 0.247311 0.221832 0.19774 0.175146 0.154132 0.134747 0.117015 0.10093 0.0864611 0.0735568 0.0621466 0.0521456 0.0434585 0.0359833 0.0296147 0.0242481 0.0197822 0.0161222 0.0131814 0.0108839 0.00916549 0.00797518 0.00727597 
0.00752884 0.00777391 0.00851703 0.00978172 0.0116068 0.0140456 0.0171653 0.0210453 0.0257757 0.0314554 0.0381894 0.0460858 0.0552529 0.0657952 0.0778096 0.0913814 0.10658 0.123456 0.142035 0.162318 0.184275 0.207848 0.232947 0.259449 0.287204 0.316035 0.345738 0.376094 0.406866 0.437811 0.468679 0.499225 0.529211 0.558412 0.586618 0.613642 0.639317 0.663504 0.686085 0.70697 0.72609 0.743397 0.758864 0.772478 0.784237 0.79415 0.80223 0.808492 0.812952 0.815623 0.816512 0.815623 0.812952 0.808492 0.80223 0.79415 0.784237 0.772478 0.758864 0.743397 0.72609 0.70697 0.686085 0.663504 0.639317 0.613642 0.586618 0.558412 0.529211 0.499225 0.468679 0.437811 0.406866 0.376094 0.345738 0.316035 0.287204 0.259449 0.232947 0.207848 0.184275 0.162318 0.142035 0.123456 0.10658 0.0913814 0.0778096 0.0657952 0.0552529 0.0460858 0.0381894 0.0314554 0.0257757 0.0210453 0.0171653 0.0140456 0.0116068 0.00978172 0.00851703 0.00777391 
