0.00269008 0.00271902 0.00280604 0.00295169 0.00315686 0.00342278 0.00375098 0.00414324 0.00460155 0.00512803 0.00572492 0.00639446 0.00713883 0.00796009 0.00886008 0.00984033 0.010902 0.0120458 0.0132719 0.0145798 0.0159683 0.0174357 0.018979 0.0205949 0.0222788 0.0240255 0.0258287 0.0276813 0.0295753 0.0315017 0.0334511 0.035413 0.0373764 0.0393299 0.0412614 0.0431585 0.0450089 0.0467999 0.048519 0.0501538 0.0516924 0.0531234 0.0544357 0.0556193 0.056665 0.0575644 0.0583104 0.058897 0.0593195 0.0595743 0.0596595 0.0595743 0.0593195 0.058897 0.0583104 0.0575644 0.056665 0.0556193 0.0544357 0.0531234 0.0516924 0.0501538 0.048519 0.0467999 0.0450089 0.0431585 0.0412614 0.0393299 0.0373764 0.035413 0.0334511 0.0315017 0.0295753 0.0276813 0.0258287 0.0240255 0.0222788 0.0205949 0.018979 0.0174357 0.0159683 0.0145798 0.0132719 0.0120458 0.010902 0.00984033 0.00886008 0.00796009 0.00713883 0.00639446 0.00572492 0.00512803 0.00460155 0.00414324 0.00375098 0.00342278 0.00315686 0.00295169 0.00280604 0.00271902 
0.00271902 0.00274825 0.00283613 0.0029832 0.00319037 0.00345889 0.00379029 0.00418634 0.00464907 0.0051806 0.00578319 0.00645908 0.00721047 0.00803943 0.0089478 0.00993712 0.0110086 0.0121628 0.0134 0.0147196 0.0161206 0.0176009 0.0191578 0.0207878 0.0224863 0.024248 0.0260666 0.0279349 0.0298447 0.0317873 0.0337529 0.0357309 0.0377105 0.0396798 0.0416269 0.0435394 0.0454046 0.0472098 0.0489425 0.0505903 0.052141 0.0535831 0.0549056 0.0560984 0.0571522 0.0580586 0.0588104 0.0594015 0.0598272 0.060084 0.0601698 0.060084 0.0598272 0.0594015 0.0588104 0.0580586 0.0571522 0.0560984 0.0549056 0.0535831 0.052141 0.0505903 0.0489425 0.0472098 0.0454046 0.0435394 0.0416269 0.0396798 0.0377105 0.0357309 0.0337529 0.0317873 0.0298447 0.0279349 0.0260666 0.024248 0.0224863 0.0207878 0.0191578 0.0176009 0.0161206 0.0147196 0.0134 0.0121628 0.0110086 0.00993712 0.0089478 0.00803943 0.00721047 0.00645908 0.00578319 0.0051806 0.00464907 0.00418634 0.00379029 0.00345889 0.00319037 0.0029832 0.00283613 0.00274825 
0.00280604 0.00283613 0.00292656 0.00307792 0.00329113 0.00356744 0.00390842 0.00431588 0.00479188 0.00533859 0.00595828 0.00665326 0.00742574 0.00827781 0.00921135 0.0102279 0.0113286 0.0125142 0.0137847 0.0151396 0.0165777 0.0180971 0.0196947 0.021367 0.0231093 0.0249161 0.0267809 0.0286963 0.030654 0.0326448 0.0346589 0.0366856 0.0387134 0.0407305 0.0427245 0.0446827 0.0465924 0.0484404 0.0502139 0.0519003 0.0534873 0.054963 0.0563162 0.0575366 0.0586147 0.0595419 0.0603109 0.0609156 0.061351 0.0616137 0.0617015 0.0616137 0.061351 0.0609156 0.0603109 0.0595419 0.0586147 0.0575366 0.0563162 0.054963 0.0534873 0.0519003 0.0502139 0.0484404 0.0465924 0.0446827 0.0427245 0.0407305 0.0387134 0.0366856 0.0346589 0.0326448 0.030654 0.0286963 0.0267809 0.0249161 0.0231093 0.021367 0.0196947 0.0180971 0.0165777 0.0151396 0.0137847 0.0125142 0.0113286 0.0102279 0.00921135 0.00827781 0.00742574 0.00665326 0.00595828 0.00533859 0.00479188 0.00431588 0.00390842 0.00356744 0.00329113 0.00307792 0.00292656 0.00283613 
0.00295169 0.0029832 0.00307792 0.00323645 0.00345973 0.00374906 0.00410605 0.00453259 0.00503076 0.00560282 0.0062511 0.00697796 0.00778566 0.00867635 0.00965192 0.0107139 0.0118635 0.0131014 0.0144275 0.0158414 0.0173416 0.018926 0.0205916 0.0223345 0.0241498 0.0260318 0.0279736 0.0299676 0.0320051 0.0340765 0.0361715 0.0382791 0.0403874 0.042484 0.0445562 0.0465908 0.0485744 0.0504937 0.0523354 0.0540862 0.0557335 0.0572651 0.0586695 0.0599358 0.0610543 0.0620163 0.062814 0.0634412 0.0638929 0.0641654 0.0642564 0.0641654 0.0638929 0.0634412 0.062814 0.0620163 0.0610543 0.0599358 0.0586695 0.0572651 0.0557335 0.0540862 0.0523354 0.0504937 0.0485744 0.0465908 0.0445562 0.042484 0.0403874 0.0382791 0.0361715 0.0340765 0.0320051 0.0299676 0.0279736 0.0260318 0.0241498 0.0223345 0.0205916 0.018926 0.0173416 0.0158414 0.0144275 0.0131014 0.0118635 0.0107139 0.00965192 0.00867635 0.00778566 0.00697796 0.0062511 0.00560282 0.00503076 0.00453259 0.00410605 0.00374906 0.00345973 0.00323645 0.00307792 0.0029832 
0.00315686 0.00319037 0.00329113 0.00345973 0.00369717 0.0040048 0.0043843 0.00483764 0.00536698 0.00597466 0.0066631 0.00743474 0.00829193 0.00923685 0.0102714 0.0113973 0.0126155 0.0139268 0.015331 0.0168275 0.0184148 0.0200905 0.0218514 0.0236933 0.025611 0.0275984 0.0296482 0.0317523 0.0339015 0.0360858 0.0382942 0.0405151 0.042736 0.044944 0.0471256 0.0492671 0.0513543 0.0533734 0.0553103 0.0571512 0.058883 0.0604928 0.0619686 0.0632992 0.0644743 0.0654848 0.0663228 0.0669815 0.0674559 0.067742 0.0678376 0.067742 0.0674559 0.0669815 0.0663228 0.0654848 0.0644743 0.0632992 0.0619686 0.0604928 0.058883 0.0571512 0.0553103 0.0533734 0.0513543 0.0492671 0.0471256 0.044944 0.042736 0.0405151 0.0382942 0.0360858 0.0339015 0.0317523 0.0296482 0.0275984 0.025611 0.0236933 0.0218514 0.0200905 0.0184148 0.0168275 0.015331 0.0139268 0.0126155 0.0113973 0.0102714 0.00923685 0.00829193 0.00743474 0.0066631 0.00597466 0.00536698 0.00483764 0.0043843 0.0040048 0.00369717 0.00345973 0.00329113 0.00319037 
0.00342278 0.00345889 0.00356744 0.00374906 0.0040048 0.00433609 0.00474468 0.00523264 0.00580225 0.00645594 0.00719626 0.00802574 0.00894681 0.00996174 0.0110725 0.0122807 0.0135875 0.0149934 0.0164983 0.0181014 0.019801 0.0215944 0.0234781 0.0254475 0.0274971 0.0296202 0.031809 0.0340549 0.0363479 0.0386774 0.0410316 0.0433983 0.0457641 0.0481152 0.0504375 0.0527163 0.0549367 0.0570838 0.0591431 0.0610998 0.0629401 0.0646503 0.0662179 0.0676309 0.0688787 0.0699515 0.070841 0.0715402 0.0720437 0.0723474 0.0724489 0.0723474 0.0720437 0.0715402 0.070841 0.0699515 0.0688787 0.0676309 0.0662179 0.0646503 0.0629401 0.0610998 0.0591431 0.0570838 0.0549367 0.0527163 0.0504375 0.0481152 0.0457641 0.0433983 0.0410316 0.0386774 0.0363479 0.0340549 0.031809 0.0296202 0.0274971 0.0254475 0.0234781 0.0215944 0.019801 0.0181014 0.0164983 0.0149934 0.0135875 0.0122807 0.0110725 0.00996174 0.00894681 0.00802574 0.00719626 0.00645594 0.00580225 0.00523264 0.00474468 0.00433609 0.0040048 0.00374906 0.00356744 0.00345889 
0.00375098 0.00379029 0.00390842 0.00410605 0.0043843 0.00474468 0.00518905 0.00571958 0.00633869 0.00704895 0.00785302 0.00875356 0.00975311 0.010854 0.0120583 0.0133677 0.0147831 0.0163052 0.0179336 0.0196674 0.0215046 0.0234422 0.0254764 0.0276021 0.0298132 0.0321025 0.0344615 0.0368807 0.0393497 0.0418567 0.0443894 0.0469342 0.049477 0.0520032 0.0544972 0.0569437 0.0593267 0.0616303 0.0638388 0.0659369 0.0679095 0.0697423 0.0714218 0.0729354 0.0742718 0.0754205 0.0763729 0.0771215 0.0776605 0.0779856 0.0780942 0.0779856 0.0776605 0.0771215 0.0763729 0.0754205 0.0742718 0.0729354 0.0714218 0.0697423 0.0679095 0.0659369 0.0638388 0.0616303 0.0593267 0.0569437 0.0544972 0.0520032 0.049477 0.0469342 0.0443894 0.0418567 0.0393497 0.0368807 0.0344615 0.0321025 0.0298132 0.0276021 0.0254764 0.0234422 0.0215046 0.0196674 0.0179336 0.0163052 0.0147831 0.0133677 0.0120583 0.010854 0.00975311 0.00875356 0.00785302 0.00704895 0.00633869 0.00571958 0.00518905 0.00474468 0.0043843 0.00410605 0.00390842 0.00379029 
0.00414324 0.00418634 0.00431588 0.00453259 0.00483764 0.00523264 0.00571958 0.00630078 0.00697878 0.00775631 0.0086362 0.00962122 0.0107141 0.0119171 0.0132326 0.014662 0.0162065 0.0178665 0.0196415 0.0215303 0.0235307 0.0256393 0.0278518 0.0301626 0.032565 0.035051 0.0376114 0.0402359 0.0429129 0.04563 0.0483734 0.0511288 0.0538809 0.0566136 0.0593106 0.061955 0.0645299 0.0670181 0.0694028 0.0716675 0.0737962 0.0757734 0.0775849 0.0792171 0.0806578 0.0818962 0.0829227 0.0837294 0.0843102 0.0846604 0.0847775 0.0846604 0.0843102 0.0837294 0.0829227 0.0818962 0.0806578 0.0792171 0.0775849 0.0757734 0.0737962 0.0716675 0.0694028 0.0670181 0.0645299 0.061955 0.0593106 0.0566136 0.0538809 0.0511288 0.0483734 0.04563 0.0429129 0.0402359 0.0376114 0.035051 0.032565 0.0301626 0.0278518 0.0256393 0.0235307 0.0215303 0.0196415 0.0178665 0.0162065 0.014662 0.0132326 0.0119171 0.0107141 0.00962122 0.0086362 0.00775631 0.00697878 0.00630078 0.00571958 0.00523264 0.00483764 0.00453259 0.00431588 0.00418634 
0.00460155 0.00464907 0.00479188 0.00503076 0.00536698 0.00580225 0.00633869 0.00697878 0.00772523 0.00858094 0.0095489 0.0106321 0.0118332 0.0131549 0.0145993 0.016168 0.0178621 0.0196819 0.0216268 0.0236952 0.0258846 0.0281911 0.03061 0.0331349 0.0357585 0.0384719 0.041265 0.0441265 0.0470439 0.0500033 0.05299 0.0559883 0.0589816 0.0619525 0.0648833 0.0677558 0.0705516 0.0732524 0.0758399 0.0782964 0.0806046 0.082748 0.0847112 0.0864798 0.0880405 0.0893818 0.0904934 0.091367 0.0919958 0.0923751 0.0925018 0.0923751 0.0919958 0.091367 0.0904934 0.0893818 0.0880405 0.0864798 0.0847112 0.082748 0.0806046 0.0782964 0.0758399 0.0732524 0.0705516 0.0677558 0.0648833 0.0619525 0.0589816 0.0559883 0.05299 0.0500033 0.0470439 0.0441265 0.041265 0.0384719 0.0357585 0.0331349 0.03061 0.0281911 0.0258846 0.0236952 0.0216268 0.0196819 0.0178621 0.016168 0.0145993 0.0131549 0.0118332 0.0106321 0.0095489 0.00858094 0.00772523 0.00697878 0.00633869 0.00580225 0.00536698 0.00503076 0.00479188 0.00464907 
0.00512803 0.0051806 0.00533859 0.00560282 0.00597466 0.00645594 0.00704895 0.00775631 0.00858094 0.00952593 0.0105944 0.0117896 0.0131143 0.0145712 0.0161626 0.0178901 0.0197547 0.0217565 0.0238947 0.0261674 0.0285718 0.0311034 0.0337568 0.036525 0.0393997 0.0423712 0.0454284 0.0485587 0.0517485 0.0549826 0.058245 0.0615183 0.0647846 0.068025 0.0712203 0.0743507 0.0773963 0.0803373 0.0831539 0.085827 0.0883379 0.090669 0.0928035 0.0947259 0.0964221 0.0978794 0.0990871 0.100036 0.100719 0.101131 0.101269 0.101131 0.100719 0.100036 0.0990871 0.0978794 0.0964221 0.0947259 0.0928035 0.090669 0.0883379 0.085827 0.0831539 0.0803373 0.0773963 0.0743507 0.0712203 0.068025 0.0647846 0.0615183 0.058245 0.0549826 0.0517485 0.0485587 0.0454284 0.0423712 0.0393997 0.036525 0.0337568 0.0311034 0.0285718 0.0261674 0.0238947 0.0217565 0.0197547 0.0178901 0.0161626 0.0145712 0.0131143 0.0117896 0.0105944 0.00952593 0.00858094 0.00775631 0.00704895 0.00645594 0.00597466 0.00560282 0.00533859 0.0051806 
0.00572492 0.00578319 0.00595828 0.0062511 0.0066631 0.00719626 0.00785302 0.0086362 0.0095489 0.0105944 0.0117761 0.0130973 0.014561 0.0161701 0.0179268 0.0198327 0.0218888 0.024095 0.0264502 0.0289523 0.0315977 0.0343816 0.0372977 0.0403384 0.0434943 0.0467546 0.0501071 0.053538 0.0570322 0.0605732 0.0641432 0.0677235 0.0712944 0.0748354 0.0783255 0.0817433 0.0850671 0.0882755 0.0913472 0.0942613 0.0969978 0.0995375 0.101862 0.103956 0.105803 0.107389 0.108703 0.109736 0.110479 0.110927 0.111077 0.110927 0.110479 0.109736 0.108703 0.107389 0.105803 0.103956 0.101862 0.0995375 0.0969978 0.0942613 0.0913472 0.0882755 0.0850671 0.0817433 0.0783255 0.0748354 0.0712944 0.0677235 0.0641432 0.0605732 0.0570322 0.053538 0.0501071 0.0467546 0.0434943 0.0403384 0.0372977 0.0343816 0.0315977 0.0289523 0.0264502 0.024095 0.0218888 0.0198327 0.0179268 0.0161701 0.014561 0.0130973 0.0117761 0.0105944 0.0095489 0.0086362 0.00785302 0.00719626 0.0066631 0.0062511 0.00595828 0.00578319 
0.00639446 0.00645908 0.00665326 0.00697796 0.00743474 0.00802574 0.00875356 0.00962122 0.0106321 0.0117896 0.0130973 0.0145587 0.0161772 0.0179554 0.0198959 0.0220001 0.0242689 0.026702 0.0292981 0.0320545 0.0349671 0.0380306 0.0412378 0.0445801 0.0480471 0.0516268 0.0553058 0.0590688 0.0628992 0.0667788 0.0706883 0.0746072 0.0785138 0.082386 0.0862008 0.089935 0.093565 0.0970676 0.10042 0.103599 0.106583 0.109352 0.111886 0.114167 0.116179 0.117907 0.119339 0.120464 0.121273 0.121761 0.121924 0.121761 0.121273 0.120464 0.119339 0.117907 0.116179 0.114167 0.111886 0.109352 0.106583 0.103599 0.10042 0.0970676 0.093565 0.089935 0.0862008 0.082386 0.0785138 0.0746072 0.0706883 0.0667788 0.0628992 0.0590688 0.0553058 0.0516268 0.0480471 0.0445801 0.0412378 0.0380306 0.0349671 0.0320545 0.0292981 0.026702 0.0242689 0.0220001 0.0198959 0.0179554 0.0161772 0.0145587 0.0130973 0.0117896 0.0106321 0.00962122 0.00875356 0.00802574 0.00743474 0.00697796 0.00665326 0.00645908 
0.00713883 0.00721047 0.00742574 0.00778566 0.00829193 0.00894681 0.00975311 0.0107141 0.0118332 0.0131143 0.014561 0.0161772 0.0179661 0.0199308 0.0220736 0.0243961 0.0268989 0.0295815 0.0324423 0.0354781 0.0386843 0.0420546 0.045581 0.0492539 0.0530618 0.0569915 0.0610278 0.0651541 0.069352 0.0736018 0.0778821 0.0821705 0.0864436 0.090677 0.0948458 0.0989247 0.102888 0.106711 0.110369 0.113836 0.11709 0.120108 0.12287 0.125355 0.127546 0.129428 0.130987 0.132211 0.133092 0.133624 0.133801 0.133624 0.133092 0.132211 0.130987 0.129428 0.127546 0.125355 0.12287 0.120108 0.11709 0.113836 0.110369 0.106711 0.102888 0.0989247 0.0948458 0.090677 0.0864436 0.0821705 0.0778821 0.0736018 0.069352 0.0651541 0.0610278 0.0569915 0.0530618 0.0492539 0.045581 0.0420546 0.0386843 0.0354781 0.0324423 0.0295815 0.0268989 0.0243961 0.0220736 0.0199308 0.0179661 0.0161772 0.014561 0.0131143 0.0118332 0.0107141 0.00975311 0.00894681 0.00829193 0.00778566 0.00742574 0.00721047 
0.00796009 0.00803943 0.00827781 0.00867635 0.00923685 0.00996174 0.010854 0.0119171 0.0131549 0.0145712 0.0161701 0.0179554 0.0199308 0.0220992 0.024463 0.0270238 0.029782 0.0327369 0.0358862 0.0392265 0.0427522 0.0464564 0.0503301 0.0543625 0.0585407 0.0628502 0.0672744 0.0717948 0.0763912 0.081042 0.0857238 0.0904123 0.0950817 0.0997056 0.104257 0.108708 0.113032 0.117201 0.121187 0.124965 0.12851 0.131797 0.134803 0.137508 0.139893 0.14194 0.143636 0.144968 0.145926 0.146504 0.146697 0.146504 0.145926 0.144968 0.143636 0.14194 0.139893 0.137508 0.134803 0.131797 0.12851 0.124965 0.121187 0.117201 0.113032 0.108708 0.104257 0.0997056 0.0950817 0.0904123 0.0857238 0.081042 0.0763912 0.0717948 0.0672744 0.0628502 0.0585407 0.0543625 0.0503301 0.0464564 0.0427522 0.0392265 0.0358862 0.0327369 0.029782 0.0270238 0.024463 0.0220992 0.0199308 0.0179554 0.0161701 0.0145712 0.0131549 0.0119171 0.010854 0.00996174 0.00923685 0.00867635 0.00827781 0.00803943 
0.00886008 0.0089478 0.00921135 0.00965192 0.0102714 0.0110725 0.0120583 0.0132326 0.0145993 0.0161626 0.0179268 0.0198959 0.0220736 0.024463 0.0270666 0.0298857 0.0329206 0.0361702 0.0396318 0.0433013 0.0471725 0.0512374 0.0554861 0.0599063 0.064484 0.0692029 0.0740448 0.0789894 0.0840145 0.0890965 0.0942098 0.0993279 0.104423 0.109466 0.114427 0.119278 0.123987 0.128526 0.132865 0.136975 0.140831 0.144404 0.147673 0.150612 0.153203 0.155428 0.15727 0.158716 0.159756 0.160384 0.160593 0.160384 0.159756 0.158716 0.15727 0.155428 0.153203 0.150612 0.147673 0.144404 0.140831 0.136975 0.132865 0.128526 0.123987 0.119278 0.114427 0.109466 0.104423 0.0993279 0.0942098 0.0890965 0.0840145 0.0789894 0.0740448 0.0692029 0.064484 0.0599063 0.0554861 0.0512374 0.0471725 0.0433013 0.0396318 0.0361702 0.0329206 0.0298857 0.0270666 0.024463 0.0220736 0.0198959 0.0179268 0.0161626 0.0145993 0.0132326 0.0120583 0.0110725 0.0102714 0.00965192 0.00921135 0.0089478 
0.00984033 0.00993712 0.0102279 0.0107139 0.0113973 0.0122807 0.0133677 0.014662 0.016168 0.0178901 0.0198327 0.0220001 0.0243961 0.0270238 0.0298857 0.032983 0.0363157 0.0398823 0.0436797 0.047703 0.0519452 0.0563972 0.061048 0.0658839 0.0708895 0.0760467 0.0813355 0.0867336 0.0922168 0.0977592 0.103333 0.108909 0.114458 0.119947 0.125345 0.13062 0.13574 0.140672 0.145385 0.149849 0.154034 0.157913 0.161458 0.164647 0.167457 0.169869 0.171865 0.173433 0.174561 0.175241 0.175468 0.175241 0.174561 0.173433 0.171865 0.169869 0.167457 0.164647 0.161458 0.157913 0.154034 0.149849 0.145385 0.140672 0.13574 0.13062 0.125345 0.119947 0.114458 0.108909 0.103333 0.0977592 0.0922168 0.0867336 0.0813355 0.0760467 0.0708895 0.0658839 0.061048 0.0563972 0.0519452 0.047703 0.0436797 0.0398823 0.0363157 0.032983 0.0298857 0.0270238 0.0243961 0.0220001 0.0198327 0.0178901 0.016168 0.014662 0.0133677 0.0122807 0.0113973 0.0107139 0.0102279 0.00993712 
0.010902 0.0110086 0.0113286 0.0118635 0.0126155 0.0135875 0.0147831 0.0162065 0.0178621 0.0197547 0.0218888 0.0242689 0.0268989 0.029782 0.0329206 0.0363157 0.039967 0.0438727 0.0480289 0.05243 0.0570681 0.0619331 0.0670125 0.0722913 0.0777524 0.0833759 0.0891397 0.0950197 0.100989 0.10702 0.113082 0.119144 0.125173 0.131134 0.136994 0.142718 0.148271 0.153619 0.158728 0.163564 0.168097 0.172297 0.176135 0.179586 0.182626 0.185235 0.187395 0.18909 0.19031 0.191045 0.19129 0.191045 0.19031 0.18909 0.187395 0.185235 0.182626 0.179586 0.176135 0.172297 0.168097 0.163564 0.158728 0.153619 0.148271 0.142718 0.136994 0.131134 0.125173 0.119144 0.113082 0.10702 0.100989 0.0950197 0.0891397 0.0833759 0.0777524 0.0722913 0.0670125 0.0619331 0.0570681 0.05243 0.0480289 0.0438727 0.039967 0.0363157 0.0329206 0.029782 0.0268989 0.0242689 0.0218888 0.0197547 0.0178621 0.0162065 0.0147831 0.0135875 0.0126155 0.0118635 0.0113286 0.0110086 
0.0120458 0.0121628 0.0125142 0.0131014 0.0139268 0.0149934 0.0163052 0.0178665 0.0196819 0.0217565 0.024095 0.026702 0.0295815 0.0327369 0.0361702 0.0398823 0.0438727 0.0481388 0.0526764 0.0574787 0.0625371 0.06784 0.0733737 0.0791216 0.0850648 0.0911814 0.0974475 0.103836 0.110319 0.116866 0.123443 0.130016 0.13655 0.143008 0.149354 0.15555 0.161558 0.167342 0.172865 0.178092 0.18299 0.187526 0.19167 0.195396 0.198677 0.201492 0.203822 0.205651 0.206967 0.20776 0.208025 0.20776 0.206967 0.205651 0.203822 0.201492 0.198677 0.195396 0.19167 0.187526 0.18299 0.178092 0.172865 0.167342 0.161558 0.15555 0.149354 0.143008 0.13655 0.130016 0.123443 0.116866 0.110319 0.103836 0.0974475 0.0911814 0.0850648 0.0791216 0.0733737 0.06784 0.0625371 0.0574787 0.0526764 0.0481388 0.0438727 0.0398823 0.0361702 0.0327369 0.0295815 0.026702 0.024095 0.0217565 0.0196819 0.0178665 0.0163052 0.0149934 0.0139268 0.0131014 0.0125142 0.0121628 
0.0132719 0.0134 0.0137847 0.0144275 0.015331 0.0164983 0.0179336 0.0196415 0.0216268 0.0238947 0.0264502 0.0292981 0.0324423 0.0358862 0.0396318 0.0436797 0.0480289 0.0526764 0.057617 0.0628432 0.0683451 0.0741101 0.0801227 0.0863648 0.0928154 0.0994509 0.106245 0.113168 0.12019 0.127277 0.134394 0.141503 0.148566 0.155544 0.162398 0.169087 0.17557 0.181809 0.187764 0.193399 0.198676 0.203562 0.208025 0.212036 0.215569 0.218599 0.221106 0.223074 0.224489 0.225342 0.225627 0.225342 0.224489 0.223074 0.221106 0.218599 0.215569 0.212036 0.208025 0.203562 0.198676 0.193399 0.187764 0.181809 0.17557 0.169087 0.162398 0.155544 0.148566 0.141503 0.134394 0.127277 0.12019 0.113168 0.106245 0.0994509 0.0928154 0.0863648 0.0801227 0.0741101 0.0683451 0.0628432 0.057617 0.0526764 0.0480289 0.0436797 0.0396318 0.0358862 0.0324423 0.0292981 0.0264502 0.0238947 0.0216268 0.0196415 0.0179336 0.0164983 0.015331 0.0144275 0.0137847 0.0134 
0.0145798 0.0147196 0.0151396 0.0158414 0.0168275 0.0181014 0.0196674 0.0215303 0.0236952 0.0261674 0.0289523 0.0320545 0.0354781 0.0392265 0.0433013 0.047703 0.05243 0.0574787 0.0628432 0.0685149 0.0744828 0.0807326 0.0872475 0.0940074 0.10099 0.108168 0.115514 0.122996 0.130581 0.138232 0.145911 0.153578 0.161192 0.168712 0.176093 0.183294 0.190271 0.196982 0.203385 0.209442 0.215113 0.220362 0.225155 0.229461 0.233253 0.236505 0.239195 0.241306 0.242825 0.24374 0.244045 0.24374 0.242825 0.241306 0.239195 0.236505 0.233253 0.229461 0.225155 0.220362 0.215113 0.209442 0.203385 0.196982 0.190271 0.183294 0.176093 0.168712 0.161192 0.153578 0.145911 0.138232 0.130581 0.122996 0.115514 0.108168 0.10099 0.0940074 0.0872475 0.0807326 0.0744828 0.0685149 0.0628432 0.0574787 0.05243 0.047703 0.0433013 0.0392265 0.0354781 0.0320545 0.0289523 0.0261674 0.0236952 0.0215303 0.0196674 0.0181014 0.0168275 0.0158414 0.0151396 0.0147196 
0.0159683 0.0161206 0.0165777 0.0173416 0.0184148 0.019801 0.0215046 0.0235307 0.0258846 0.0285718 0.0315977 0.0349671 0.0386843 0.0427522 0.0471725 0.0519452 0.0570681 0.0625371 0.0683451 0.0744828 0.0809374 0.0876936 0.0947326 0.102033 0.109569 0.117312 0.125233 0.133296 0.141465 0.149701 0.157964 0.166209 0.174395 0.182474 0.190401 0.198131 0.205618 0.212816 0.219682 0.226174 0.23225 0.237873 0.243005 0.247616 0.251674 0.255154 0.258033 0.260292 0.261916 0.262894 0.263221 0.262894 0.261916 0.260292 0.258033 0.255154 0.251674 0.247616 0.243005 0.237873 0.23225 0.226174 0.219682 0.212816 0.205618 0.198131 0.190401 0.182474 0.174395 0.166209 0.157964 0.149701 0.141465 0.133296 0.125233 0.117312 0.109569 0.102033 0.0947326 0.0876936 0.0809374 0.0744828 0.0683451 0.0625371 0.0570681 0.0519452 0.0471725 0.0427522 0.0386843 0.0349671 0.0315977 0.0285718 0.0258846 0.0235307 0.0215046 0.019801 0.0184148 0.0173416 0.0165777 0.0161206 
0.0174357 0.0176009 0.0180971 0.018926 0.0200905 0.0215944 0.0234422 0.0256393 0.0281911 0.0311034 0.0343816 0.0380306 0.0420546 0.0464564 0.0512374 0.0563972 0.0619331 0.06784 0.0741101 0.0807326 0.0876936 0.0949761 0.102559 0.11042 0.11853 0.126859 0.135374 0.144038 0.152812 0.161653 0.170517 0.17936 0.188133 0.196789 0.205278 0.213552 0.221562 0.229261 0.236602 0.24354 0.250031 0.256037 0.261517 0.266439 0.27077 0.274483 0.277555 0.279964 0.281696 0.28274 0.283089 0.28274 0.281696 0.279964 0.277555 0.274483 0.27077 0.266439 0.261517 0.256037 0.250031 0.24354 0.236602 0.229261 0.221562 0.213552 0.205278 0.196789 0.188133 0.17936 0.170517 0.161653 0.152812 0.144038 0.135374 0.126859 0.11853 0.11042 0.102559 0.0949761 0.0876936 0.0807326 0.0741101 0.06784 0.0619331 0.0563972 0.0512374 0.0464564 0.0420546 0.0380306 0.0343816 0.0311034 0.0281911 0.0256393 0.0234422 0.0215944 0.0200905 0.018926 0.0180971 0.0176009 
0.018979 0.0191578 0.0196947 0.0205916 0.0218514 0.0234781 0.0254764 0.0278518 0.03061 0.0337568 0.0372977 0.0412378 0.045581 0.0503301 0.0554861 0.061048 0.0670125 0.0733737 0.0801227 0.0872475 0.0947326 0.102559 0.110705 0.119144 0.127847 0.136781 0.145908 0.155191 0.164586 0.174048 0.183531 0.192986 0.202362 0.211608 0.220673 0.229504 0.23805 0.24626 0.254085 0.261478 0.268393 0.274788 0.280623 0.285862 0.290471 0.294421 0.297688 0.300251 0.302093 0.303203 0.303574 0.303203 0.302093 0.300251 0.297688 0.294421 0.290471 0.285862 0.280623 0.274788 0.268393 0.261478 0.254085 0.24626 0.23805 0.229504 0.220673 0.211608 0.202362 0.192986 0.183531 0.174048 0.164586 0.155191 0.145908 0.136781 0.127847 0.119144 0.110705 0.102559 0.0947326 0.0872475 0.0801227 0.0733737 0.0670125 0.061048 0.0554861 0.0503301 0.045581 0.0412378 0.0372977 0.0337568 0.03061 0.0278518 0.0254764 0.0234781 0.0218514 0.0205916 0.0196947 0.0191578 
0.0205949 0.0207878 0.021367 0.0223345 0.0236933 0.0254475 0.0276021 0.0301626 0.0331349 0.036525 0.0403384 0.0445801 0.0492539 0.0543625 0.0599063 0.0658839 0.0722913 0.0791216 0.0863648 0.0940074 0.102033 0.11042 0.119144 0.128178 0.13749 0.147043 0.156799 0.166715 0.176746 0.186845 0.19696 0.20704 0.217031 0.22688 0.23653 0.245928 0.255018 0.263748 0.272065 0.279921 0.287266 0.294056 0.30025 0.305809 0.310699 0.31489 0.318355 0.321073 0.323026 0.324203 0.324596 0.324203 0.323026 0.321073 0.318355 0.31489 0.310699 0.305809 0.30025 0.294056 0.287266 0.279921 0.272065 0.263748 0.255018 0.245928 0.23653 0.22688 0.217031 0.20704 0.19696 0.186845 0.176746 0.166715 0.156799 0.147043 0.13749 0.128178 0.119144 0.11042 0.102033 0.0940074 0.0863648 0.0791216 0.0722913 0.0658839 0.0599063 0.0543625 0.0492539 0.0445801 0.0403384 0.036525 0.0331349 0.0301626 0.0276021 0.0254475 0.0236933 0.0223345 0.021367 0.0207878 
0.0222788 0.0224863 0.0231093 0.0241498 0.025611 0.0274971 0.0298132 0.032565 0.0357585 0.0393997 0.0434943 0.0480471 0.0530618 0.0585407 0.064484 0.0708895 0.0777524 0.0850648 0.0928154 0.10099 0.109569 0.11853 0.127847 0.13749 0.147423 0.15761 0.168007 0.178569 0.189249 0.199994 0.210752 0.221468 0.232084 0.242543 0.252788 0.26276 0.272401 0.281657 0.290472 0.298793 0.306573 0.313762 0.320318 0.3262 0.331374 0.335806 0.33947 0.342344 0.344409 0.345654 0.346069 0.345654 0.344409 0.342344 0.33947 0.335806 0.331374 0.3262 0.320318 0.313762 0.306573 0.298793 0.290472 0.281657 0.272401 0.26276 0.252788 0.242543 0.232084 0.221468 0.210752 0.199994 0.189249 0.178569 0.168007 0.15761 0.147423 0.13749 0.127847 0.11853 0.109569 0.10099 0.0928154 0.0850648 0.0777524 0.0708895 0.064484 0.0585407 0.0530618 0.0480471 0.0434943 0.0393997 0.0357585 0.032565 0.0298132 0.0274971 0.025611 0.0241498 0.0231093 0.0224863 
0.0240255 0.024248 0.0249161 0.0260318 0.0275984 0.0296202 0.0321025 0.035051 0.0384719 0.0423712 0.0467546 0.0516268 0.0569915 0.0628502 0.0692029 0.0760467 0.0833759 0.0911814 0.0994509 0.108168 0.117312 0.126859 0.136781 0.147043 0.15761 0.168439 0.179488 0.190706 0.202043 0.213444 0.224853 0.236212 0.247459 0.258535 0.269379 0.27993 0.290126 0.299911 0.309226 0.318017 0.326232 0.333821 0.34074 0.346947 0.352404 0.357079 0.360943 0.363973 0.36615 0.367462 0.3679 0.367462 0.36615 0.363973 0.360943 0.357079 0.352404 0.346947 0.34074 0.333821 0.326232 0.318017 0.309226 0.299911 0.290126 0.27993 0.269379 0.258535 0.247459 0.236212 0.224853 0.213444 0.202043 0.190706 0.179488 0.168439 0.15761 0.147043 0.136781 0.126859 0.117312 0.108168 0.0994509 0.0911814 0.0833759 0.0760467 0.0692029 0.0628502 0.0569915 0.0516268 0.0467546 0.0423712 0.0384719 0.035051 0.0321025 0.0296202 0.0275984 0.0260318 0.0249161 0.024248 
0.0258287 0.0260666 0.0267809 0.0279736 0.0296482 0.031809 0.0344615 0.0376114 0.041265 0.0454284 0.0501071 0.0553058 0.0610278 0.0672744 0.0740448 0.0813355 0.0891397 0.0974475 0.106245 0.115514 0.125233 0.135374 0.145908 0.156799 0.168007 0.179488 0.191194 0.203075 0.215076 0.227138 0.239203 0.251208 0.263091 0.274787 0.286232 0.297363 0.308117 0.318431 0.328247 0.337507 0.346157 0.354147 0.361428 0.367958 0.373698 0.378614 0.382677 0.385862 0.388151 0.38953 0.38999 0.38953 0.388151 0.385862 0.382677 0.378614 0.373698 0.367958 0.361428 0.354147 0.346157 0.337507 0.328247 0.318431 0.308117 0.297363 0.286232 0.274787 0.263091 0.251208 0.239203 0.227138 0.215076 0.203075 0.191194 0.179488 0.168007 0.156799 0.145908 0.135374 0.125233 0.115514 0.106245 0.0974475 0.0891397 0.0813355 0.0740448 0.0672744 0.0610278 0.0553058 0.0501071 0.0454284 0.041265 0.0376114 0.0344615 0.031809 0.0296482 0.0279736 0.0267809 0.0260666 
0.0276813 0.0279349 0.0286963 0.0299676 0.0317523 0.0340549 0.0368807 0.0402359 0.0441265 0.0485587 0.053538 0.0590688 0.0651541 0.0717948 0.0789894 0.0867336 0.0950197 0.103836 0.113168 0.122996 0.133296 0.144038 0.155191 0.166715 0.178569 0.190706 0.203075 0.215622 0.228289 0.241015 0.253737 0.266391 0.278909 0.291225 0.303272 0.314982 0.326291 0.337133 0.347448 0.357175 0.366258 0.374644 0.382285 0.389136 0.395157 0.400313 0.404573 0.407912 0.410311 0.411756 0.412239 0.411756 0.410311 0.407912 0.404573 0.400313 0.395157 0.389136 0.382285 0.374644 0.366258 0.357175 0.347448 0.337133 0.326291 0.314982 0.303272 0.291225 0.278909 0.266391 0.253737 0.241015 0.228289 0.215622 0.203075 0.190706 0.178569 0.166715 0.155191 0.144038 0.133296 0.122996 0.113168 0.103836 0.0950197 0.0867336 0.0789894 0.0717948 0.0651541 0.0590688 0.053538 0.0485587 0.0441265 0.0402359 0.0368807 0.0340549 0.0317523 0.0299676 0.0286963 0.0279349 
0.0295753 0.0298447 0.030654 0.0320051 0.0339015 0.0363479 0.0393497 0.0429129 0.0470439 0.0517485 0.0570322 0.0628992 0.069352 0.0763912 0.0840145 0.0922168 0.100989 0.110319 0.12019 0.130581 0.141465 0.152812 0.164586 0.176746 0.189249 0.202043 0.215076 0.228289 0.241622 0.255011 0.268389 0.281689 0.29484 0.307773 0.320417 0.332703 0.344563 0.355929 0.366738 0.376927 0.386438 0.395218 0.403214 0.410382 0.41668 0.422072 0.426526 0.430017 0.432526 0.434036 0.434541 0.434036 0.432526 0.430017 0.426526 0.422072 0.41668 0.410382 0.403214 0.395218 0.386438 0.376927 0.366738 0.355929 0.344563 0.332703 0.320417 0.307773 0.29484 0.281689 0.268389 0.255011 0.241622 0.228289 0.215076 0.202043 0.189249 0.176746 0.164586 0.152812 0.141465 0.130581 0.12019 0.110319 0.100989 0.0922168 0.0840145 0.0763912 0.069352 0.0628992 0.0570322 0.0517485 0.0470439 0.0429129 0.0393497 0.0363479 0.0339015 0.0320051 0.030654 0.0298447 
0.0315017 0.0317873 0.0326448 0.0340765 0.0360858 0.0386774 0.0418567 0.04563 0.0500033 0.0549826 0.0605732 0.0667788 0.0736018 0.081042 0.0890965 0.0977592 0.10702 0.116866 0.127277 0.138232 0.149701 0.161653 0.174048 0.186845 0.199994 0.213444 0.227138 0.241015 0.255011 0.269059 0.283089 0.297029 0.310808 0.324352 0.337587 0.350442 0.362846 0.374729 0.386024 0.396669 0.406602 0.415768 0.424114 0.431593 0.438163 0.443787 0.448432 0.452072 0.454687 0.456262 0.456788 0.456262 0.454687 0.452072 0.448432 0.443787 0.438163 0.431593 0.424114 0.415768 0.406602 0.396669 0.386024 0.374729 0.362846 0.350442 0.337587 0.324352 0.310808 0.297029 0.283089 0.269059 0.255011 0.241015 0.227138 0.213444 0.199994 0.186845 0.174048 0.161653 0.149701 0.138232 0.127277 0.116866 0.10702 0.0977592 0.0890965 0.081042 0.0736018 0.0667788 0.0605732 0.0549826 0.0500033 0.04563 0.0418567 0.0386774 0.0360858 0.0340765 0.0326448 0.0317873 
0.0334511 0.0337529 0.0346589 0.0361715 0.0382942 0.0410316 0.0443894 0.0483734 0.05299 0.058245 0.0641432 0.0706883 0.0778821 0.0857238 0.0942098 0.103333 0.113082 0.123443 0.134394 0.145911 0.157964 0.170517 0.183531 0.19696 0.210752 0.224853 0.239203 0.253737 0.268389 0.283089 0.297762 0.312335 0.326733 0.340878 0.354696 0.368111 0.381049 0.393439 0.405213 0.416304 0.42665 0.436194 0.444882 0.452666 0.459501 0.465351 0.470182 0.473967 0.476687 0.478324 0.478871 0.478324 0.476687 0.473967 0.470182 0.465351 0.459501 0.452666 0.444882 0.436194 0.42665 0.416304 0.405213 0.393439 0.381049 0.368111 0.354696 0.340878 0.326733 0.312335 0.297762 0.283089 0.268389 0.253737 0.239203 0.224853 0.210752 0.19696 0.183531 0.170517 0.157964 0.145911 0.134394 0.123443 0.113082 0.103333 0.0942098 0.0857238 0.0778821 0.0706883 0.0641432 0.058245 0.05299 0.0483734 0.0443894 0.0410316 0.0382942 0.0361715 0.0346589 0.0337529 
0.035413 0.0357309 0.0366856 0.0382791 0.0405151 0.0433983 0.0469342 0.0511288 0.0559883 0.0615183 0.0677235 0.0746072 0.0821705 0.0904123 0.0993279 0.108909 0.119144 0.130016 0.141503 0.153578 0.166209 0.17936 0.192986 0.20704 0.221468 0.236212 0.251208 0.266391 0.281689 0.297029 0.312335 0.32753 0.342535 0.35727 0.371658 0.385621 0.399082 0.411967 0.424207 0.435733 0.446482 0.456394 0.465414 0.473494 0.480588 0.486657 0.491669 0.495595 0.498416 0.500114 0.500681 0.500114 0.498416 0.495595 0.491669 0.486657 0.480588 0.473494 0.465414 0.456394 0.446482 0.435733 0.424207 0.411967 0.399082 0.385621 0.371658 0.35727 0.342535 0.32753 0.312335 0.297029 0.281689 0.266391 0.251208 0.236212 0.221468 0.20704 0.192986 0.17936 0.166209 0.153578 0.141503 0.130016 0.119144 0.108909 0.0993279 0.0904123 0.0821705 0.0746072 0.0677235 0.0615183 0.0559883 0.0511288 0.0469342 0.0433983 0.0405151 0.0382791 0.0366856 0.0357309 
0.0373764 0.0377105 0.0387134 0.0403874 0.042736 0.0457641 0.049477 0.0538809 0.0589816 0.0647846 0.0712944 0.0785138 0.0864436 0.0950817 0.104423 0.114458 0.125173 0.13655 0.148566 0.161192 0.174395 0.188133 0.202362 0.217031 0.232084 0.247459 0.263091 0.278909 0.29484 0.310808 0.326733 0.342535 0.358132 0.373443 0.388386 0.402882 0.416851 0.430218 0.44291 0.454858 0.465997 0.476266 0.485608 0.493974 0.501317 0.507599 0.512785 0.516848 0.519765 0.521522 0.522109 0.521522 0.519765 0.516848 0.512785 0.507599 0.501317 0.493974 0.485608 0.476266 0.465997 0.454858 0.44291 0.430218 0.416851 0.402882 0.388386 0.373443 0.358132 0.342535 0.326733 0.310808 0.29484 0.278909 0.263091 0.247459 0.232084 0.217031 0.202362 0.188133 0.174395 0.161192 0.148566 0.13655 0.125173 0.114458 0.104423 0.0950817 0.0864436 0.0785138 0.0712944 0.0647846 0.0589816 0.0538809 0.049477 0.0457641 0.042736 0.0403874 0.0387134 0.0377105 
0.0393299 0.0396798 0.0407305 0.042484 0.044944 0.0481152 0.0520032 0.0566136 0.0619525 0.068025 0.0748354 0.082386 0.090677 0.0997056 0.109466 0.119947 0.131134 0.143008 0.155544 0.168712 0.182474 0.196789 0.211608 0.22688 0.242543 0.258535 0.274787 0.291225 0.307773 0.324352 0.340878 0.35727 0.373443 0.389312 0.404793 0.419805 0.434266 0.448098 0.461227 0.473582 0.485097 0.495709 0.505361 0.514002 0.521585 0.528071 0.533425 0.537618 0.540629 0.542442 0.543047 0.542442 0.540629 0.537618 0.533425 0.528071 0.521585 0.514002 0.505361 0.495709 0.485097 0.473582 0.461227 0.448098 0.434266 0.419805 0.404793 0.389312 0.373443 0.35727 0.340878 0.324352 0.307773 0.291225 0.274787 0.258535 0.242543 0.22688 0.211608 0.196789 0.182474 0.168712 0.155544 0.143008 0.131134 0.119947 0.109466 0.0997056 0.090677 0.082386 0.0748354 0.068025 0.0619525 0.0566136 0.0520032 0.0481152 0.044944 0.042484 0.0407305 0.0396798 
0.0412614 0.0416269 0.0427245 0.0445562 0.0471256 0.0504375 0.0544972 0.0593106 0.0648833 0.0712203 0.0783255 0.0862008 0.0948458 0.104257 0.114427 0.125345 0.136994 0.149354 0.162398 0.176093 0.190401 0.205278 0.220673 0.23653 0.252788 0.269379 0.286232 0.303272 0.320417 0.337587 0.354696 0.371658 0.388386 0.404793 0.420793 0.436301 0.451235 0.465514 0.479063 0.491809 0.503684 0.514624 0.524573 0.533477 0.541289 0.54797 0.553484 0.557802 0.560902 0.562769 0.563392 0.562769 0.560902 0.557802 0.553484 0.54797 0.541289 0.533477 0.524573 0.514624 0.503684 0.491809 0.479063 0.465514 0.451235 0.436301 0.420793 0.404793 0.388386 0.371658 0.354696 0.337587 0.320417 0.303272 0.286232 0.269379 0.252788 0.23653 0.220673 0.205278 0.190401 0.176093 0.162398 0.149354 0.136994 0.125345 0.114427 0.104257 0.0948458 0.0862008 0.0783255 0.0712203 0.0648833 0.0593106 0.0544972 0.0504375 0.0471256 0.0445562 0.0427245 0.0416269 
0.0431585 0.0435394 0.0446827 0.0465908 0.0492671 0.0527163 0.0569437 0.061955 0.0677558 0.0743507 0.0817433 0.089935 0.0989247 0.108708 0.119278 0.13062 0.142718 0.15555 0.169087 0.183294 0.198131 0.213552 0.229504 0.245928 0.26276 0.27993 0.297363 0.314982 0.332703 0.350442 0.368111 0.385621 0.402882 0.419805 0.436301 0.452285 0.46767 0.482377 0.496326 0.509444 0.521662 0.532915 0.543146 0.5523 0.56033 0.567196 0.572861 0.577298 0.580483 0.5824 0.58304 0.5824 0.580483 0.577298 0.572861 0.567196 0.56033 0.5523 0.543146 0.532915 0.521662 0.509444 0.496326 0.482377 0.46767 0.452285 0.436301 0.419805 0.402882 0.385621 0.368111 0.350442 0.332703 0.314982 0.297363 0.27993 0.26276 0.245928 0.229504 0.213552 0.198131 0.183294 0.169087 0.15555 0.142718 0.13062 0.119278 0.108708 0.0989247 0.089935 0.0817433 0.0743507 0.0677558 0.061955 0.0569437 0.0527163 0.0492671 0.0465908 0.0446827 0.0435394 
0.0450089 0.0454046 0.0465924 0.0485744 0.0513543 0.0549367 0.0593267 0.0645299 0.0705516 0.0773963 0.0850671 0.093565 0.102888 0.113032 0.123987 0.13574 0.148271 0.161558 0.17557 0.190271 0.205618 0.221562 0.23805 0.255018 0.272401 0.290126 0.308117 0.326291 0.344563 0.362846 0.381049 0.399082 0.416851 0.434266 0.451235 0.46767 0.483485 0.498597 0.512926 0.526396 0.538939 0.550489 0.560986 0.570377 0.578613 0.585653 0.591461 0.596009 0.599274 0.601239 0.601896 0.601239 0.599274 0.596009 0.591461 0.585653 0.578613 0.570377 0.560986 0.550489 0.538939 0.526396 0.512926 0.498597 0.483485 0.46767 0.451235 0.434266 0.416851 0.399082 0.381049 0.362846 0.344563 0.326291 0.308117 0.290126 0.272401 0.255018 0.23805 0.221562 0.205618 0.190271 0.17557 0.161558 0.148271 0.13574 0.123987 0.113032 0.102888 0.093565 0.0850671 0.0773963 0.0705516 0.0645299 0.0593267 0.0549367 0.0513543 0.0485744 0.0465924 0.0454046 
0.0467999 0.0472098 0.0484404 0.0504937 0.0533734 0.0570838 0.0616303 0.0670181 0.0732524 0.0803373 0.0882755 0.0970676 0.106711 0.117201 0.128526 0.140672 0.153619 0.167342 0.181809 0.196982 0.212816 0.229261 0.24626 0.263748 0.281657 0.299911 0.318431 0.337133 0.355929 0.374729 0.393439 0.411967 0.430218 0.448098 0.465514 0.482377 0.498597 0.51409 0.528777 0.54258 0.555428 0.567256 0.578004 0.587616 0.596045 0.603248 0.609191 0.613844 0.617183 0.619193 0.619864 0.619193 0.617183 0.613844 0.609191 0.603248 0.596045 0.587616 0.578004 0.567256 0.555428 0.54258 0.528777 0.51409 0.498597 0.482377 0.465514 0.448098 0.430218 0.411967 0.393439 0.374729 0.355929 0.337133 0.318431 0.299911 0.281657 0.263748 0.24626 0.229261 0.212816 0.196982 0.181809 0.167342 0.153619 0.140672 0.128526 0.117201 0.106711 0.0970676 0.0882755 0.0803373 0.0732524 0.0670181 0.0616303 0.0570838 0.0533734 0.0504937 0.0484404 0.0472098 
0.048519 0.0489425 0.0502139 0.0523354 0.0553103 0.0591431 0.0638388 0.0694028 0.0758399 0.0831539 0.0913472 0.10042 0.110369 0.121187 0.132865 0.145385 0.158728 0.172865 0.187764 0.203385 0.219682 0.236602 0.254085 0.272065 0.290472 0.309226 0.328247 0.347448 0.366738 0.386024 0.405213 0.424207 0.44291 0.461227 0.479063 0.496326 0.512926 0.528777 0.543798 0.557911 0.571045 0.583132 0.594113 0.603932 0.61254 0.619896 0.625964 0.630713 0.634122 0.636174 0.636859 0.636174 0.634122 0.630713 0.625964 0.619896 0.61254 0.603932 0.594113 0.583132 0.571045 0.557911 0.543798 0.528777 0.512926 0.496326 0.479063 0.461227 0.44291 0.424207 0.405213 0.386024 0.366738 0.347448 0.328247 0.309226 0.290472 0.272065 0.254085 0.236602 0.219682 0.203385 0.187764 0.172865 0.158728 0.145385 0.132865 0.121187 0.110369 0.10042 0.0913472 0.0831539 0.0758399 0.0694028 0.0638388 0.0591431 0.0553103 0.0523354 0.0502139 0.0489425 
0.0501538 0.0505903 0.0519003 0.0540862 0.0571512 0.0610998 0.0659369 0.0716675 0.0782964 0.085827 0.0942613 0.103599 0.113836 0.124965 0.136975 0.149849 0.163564 0.178092 0.193399 0.209442 0.226174 0.24354 0.261478 0.279921 0.298793 0.318017 0.337507 0.357175 0.376927 0.396669 0.416304 0.435733 0.454858 0.473582 0.491809 0.509444 0.526396 0.54258 0.557911 0.572312 0.58571 0.598038 0.609234 0.619244 0.628018 0.635515 0.641698 0.646537 0.65001 0.6521 0.652798 0.6521 0.65001 0.646537 0.641698 0.635515 0.628018 0.619244 0.609234 0.598038 0.58571 0.572312 0.557911 0.54258 0.526396 0.509444 0.491809 0.473582 0.454858 0.435733 0.416304 0.396669 0.376927 0.357175 0.337507 0.318017 0.298793 0.279921 0.261478 0.24354 0.226174 0.209442 0.193399 0.178092 0.163564 0.149849 0.136975 0.124965 0.113836 0.103599 0.0942613 0.085827 0.0782964 0.0716675 0.0659369 0.0610998 0.0571512 0.0540862 0.0519003 0.0505903 
0.0516924 0.052141 0.0534873 0.0557335 0.058883 0.0629401 0.0679095 0.0737962 0.0806046 0.0883379 0.0969978 0.106583 0.11709 0.12851 0.140831 0.154034 0.168097 0.18299 0.198676 0.215113 0.23225 0.250031 0.268393 0.287266 0.306573 0.326232 0.346157 0.366258 0.386438 0.406602 0.42665 0.446482 0.465997 0.485097 0.503684 0.521662 0.538939 0.555428 0.571045 0.58571 0.599351 0.611899 0.623293 0.633478 0.642404 0.650029 0.656317 0.661238 0.66477 0.666895 0.667605 0.666895 0.66477 0.661238 0.656317 0.650029 0.642404 0.633478 0.623293 0.611899 0.599351 0.58571 0.571045 0.555428 0.538939 0.521662 0.503684 0.485097 0.465997 0.446482 0.42665 0.406602 0.386438 0.366258 0.346157 0.326232 0.306573 0.287266 0.268393 0.250031 0.23225 0.215113 0.198676 0.18299 0.168097 0.154034 0.140831 0.12851 0.11709 0.106583 0.0969978 0.0883379 0.0806046 0.0737962 0.0679095 0.0629401 0.058883 0.0557335 0.0534873 0.052141 
0.0531234 0.0535831 0.054963 0.0572651 0.0604928 0.0646503 0.0697423 0.0757734 0.082748 0.090669 0.0995375 0.109352 0.120108 0.131797 0.144404 0.157913 0.172297 0.187526 0.203562 0.220362 0.237873 0.256037 0.274788 0.294056 0.313762 0.333821 0.354147 0.374644 0.395218 0.415768 0.436194 0.456394 0.476266 0.495709 0.514624 0.532915 0.550489 0.567256 0.583132 0.598038 0.611899 0.624647 0.636221 0.646564 0.655628 0.66337 0.669753 0.674748 0.678333 0.68049 0.68121 0.68049 0.678333 0.674748 0.669753 0.66337 0.655628 0.646564 0.636221 0.624647 0.611899 0.598038 0.583132 0.567256 0.550489 0.532915 0.514624 0.495709 0.476266 0.456394 0.436194 0.415768 0.395218 0.374644 0.354147 0.333821 0.313762 0.294056 0.274788 0.256037 0.237873 0.220362 0.203562 0.187526 0.172297 0.157913 0.144404 0.131797 0.120108 0.109352 0.0995375 0.090669 0.082748 0.0757734 0.0697423 0.0646503 0.0604928 0.0572651 0.054963 0.0535831 
